 key  value
2105 2059
2059 2104
2104 2192
2192 2366
2366 2522
2522 2604
2604 2742
2742 2661
2661 2607
2607 2711
2711 2787
2787 2928
2928 2736
2736 2860
2860 3007
3007 2820
2820 2987
2987 3092
3092 3293
3293 3298
3298 3369
3369 3591
3591 3415
3415 3496
3496 3491
3491 3581
3581 3467
3467 3388
3388 3291
3291 3370
3370 3585
3585 3638
3638 3809
3809 3870
3870 3892
3892 3783
3783 3744
3744 3692
3692 3817
3817 3821
3821 3815
3815 3836
3836 3937
3937 3999
3999 3911
3911 3811
3811 3907
3907 3904
3904 4035
4035 4134
4134 4215
4215 4247
4247 4398
4398 4387
4387 4482
4482 4633
4633 4465
4465 4449
4449 4485
4485 4623
4623 4754
4754 4752
4752 4788
4788 4990
4990 4962
10280 10216
10216 10171
10171 10107
10107 10073
10073 10007
10007 9930
9930 9869
9869 9764
9764 9698
9698 9682
9682 9614
9614 9541
9541 9482
9482 9431
9431 9352
9352 9297
9297 9240
9240 9174
9174 9129
9129 9046
9046 8994
8994 8957
8957 8891
8891 8837
8837 8778
8778 8733
8733 8637
8637 8616
8616 8506
8506 8460
8460 8415
8415 8396
8396 8349
8349 8323
8323 8305
8305 8261
8261 8183
8183 8147
8147 8132
8132 8043
8043 7907
7907 7870
7870 7803
7803 7835
7835 7873
7873 7932
7932 7816
7816 7753
7753 7797
7797 7828
7828 7813
7813 7806
7806 7742
7742 7669
7669 7605
7605 7708
7708 7740
7740 7788
7788 7800
7800 7719
7719 7575
7575 7612
7612 7511
7511 7414
7414 7477
7477 7315
7315 7198
7198 7244
7244 7105
7105 7101
7101 7022
7022 6936
6936 6898
6898 6922
6922 6827
6827 6810
6810 6741
6741 6678
6678 6643
6643 6568
6568 6543
6543 6490
6490 6442
6442 6348
6348 6387
6387 6503
6503 6391
6391 6354
6354 6233
6233 6135
6135 6092
6092 5964
5964 5892
5892 5916
5916 5858
5858 5794
5794 5610
5610 5696
5696 5552
5552 5436
5436 5345
5345 5286
5286 5205
5205 5095
5095 4990
2055 2230
2230 2440
2440 2587
2587 2785
2785 2922
2922 3021
3021 3183
3183 3324
3324 3433
3433 3528
3528 3724
3724 3814
3814 3925
3925 4049
4049 4181
4181 4125
4125 4336
4336 4418
4418 4483
4483 4584
4584 4713
4713 4876
4876 4962
10295 10254
10254 10167
10167 10112
10112 10058
10058 9975
9975 9947
9947 9866
9866 9777
9777 9746
9746 9669
9669 9601
9601 9513
9513 9461
9461 9391
9391 9349
9349 9310
9310 9248
9248 9145
9145 9125
9125 9015
9015 8947
8947 8845
8845 8797
8797 8733
2053 2016
2016 2101
2101 2202
2202 2291
2291 2534
2534 2626
2626 2784
2784 2901
2901 3181
3181 3412
3412 3603
3603 3761
3761 3768
3768 3913
3913 4034
4034 4182
4182 4236
4236 4354
4354 4537
4537 4613
4613 4614
4614 4666
4666 4741
4741 4883
4883 4898
4898 4962
10293 10223
10223 10157
10157 10136
10136 10066
10066 9988
9988 9918
9918 9833
9833 9797
9797 9716
9716 9638
9638 9567
9567 9528
9528 9477
9477 9401
9401 9375
9375 9285
9285 9198
9198 9167
9167 9136
9136 9070
9070 8969
8969 8910
8910 8869
8869 8825
8825 8757
8757 8716
8716 8697
8697 8662
8662 8611
8611 8551
8551 8528
8528 8471
8471 8440
8440 8410
8410 8385
8385 8363
8363 8318
8318 8284
8284 8261
2048 2045
2045 2068
2068 2254
2254 2191
2191 2259
2259 2281
2281 2374
2374 2353
2353 2310
2310 2356
2356 2511
2511 2493
2493 2408
2408 2402
2402 2548
2548 2765
2765 2917
2917 2909
2909 2910
2910 3023
3023 2998
2998 3116
3116 3208
3208 3320
3320 3256
3256 3261
3261 3411
3411 3487
3487 3332
3332 3148
3148 2992
2992 2844
2844 2838
2838 3065
3065 2980
2980 2896
2896 2965
2965 2923
2923 2767
2767 2724
2724 2756
2756 2732
2732 2604
10288 10235
10235 10191
10191 10113
10113 10043
10043 9983
9983 9917
9917 9868
9868 9788
9788 9752
9752 9671
9671 9619
9619 9506
9506 9479
9479 9390
9390 9328
9328 9278
9278 9247
9247 9159
9159 9081
9081 9060
9060 9001
9001 8928
8928 8875
8875 8813
8813 8763
8763 8716
2060 1996
1996 2135
2135 2227
2227 2256
2256 2065
2065 2257
2257 2216
2216 2290
2290 2312
2312 2504
2504 2576
2576 2478
2478 2631
2631 2412
2412 2526
2526 2389
2389 2469
2469 2580
2580 2672
2672 2762
2762 2940
2940 2804
2804 2937
2937 3077
3077 3076
3076 3219
3219 3164
3164 3122
3122 3234
3234 3309
3309 3373
3373 3465
3465 3582
3582 3508
3508 3665
3665 3821
10300 10316
10316 10212
10212 10085
10085 9993
9993 9884
9884 9786
9786 9665
9665 9607
9607 9500
9500 9391
10298 10217
10217 10169
10169 10098
10098 10048
10048 9966
9966 9913
9913 9786
2056 2230
2067 2135
10244 10183
10183 10127
10127 10070
10070 9984
9984 9945
9945 9857
9857 9789
9789 9730
9730 9658
9658 9567
10243 10183
10242 10198
10198 10116
10116 10074
10074 9998
9998 9947
2078 2211
2211 2310
10255 10153
10153 10142
10142 10065
10065 9989
9989 9896
9896 9835
9835 9766
9766 9717
9717 9688
9688 9581
9581 9533
9533 9468
9468 9405
9405 9324
9324 9310
2076 2264
2264 2313
2313 2452
2452 2627
2627 2700
2700 2858
2858 3000
3000 3130
3130 3327
3327 3442
3442 3603
10252 10149
10149 10092
10092 10063
10063 9978
9978 9940
9940 9850
9850 9794
9794 9710
9710 9652
9652 9565
9565 9534
9534 9442
9442 9418
9418 9375
2074 2130
2130 2146
2146 2137
2137 2266
2266 2254
2073 2126
2126 2240
2240 2250
2250 2388
2388 2414
2414 2608
2608 2724
10263 10147
10147 10086
10086 10066
10262 10200
10200 10118
10118 10040
10040 9980
9980 9888
9888 9844
9844 9799
9799 9748
9748 9685
9685 9599
9599 9562
9562 9486
9486 9417
9417 9329
9329 9300
9300 9232
9232 9145
10260 10166
10166 10098
2275 2484
2484 2449
2449 2646
2646 2725
2725 2694
2694 2575
2575 2771
2771 2823
2823 2743
2743 2718
2718 2618
2618 2506
2506 2513
2513 2653
2653 2496
2496 2467
2467 2651
2651 2767
2274 2285
2285 2457
2457 2510
2510 2446
2446 2529
2529 2462
2462 2312
2287 2493
10270 10215
10215 10183
10269 10209
10209 10153
10267 10219
10219 10147
2282 2484
10266 10174
10174 10117
10117 10065
10265 10186
10186 10106
10106 10053
10053 9963
9963 9902
9902 9877
9877 9781
9781 9712
9712 9675
9675 9595
9595 9517
9517 9494
9494 9407
9407 9370
9370 9285
2295 2456
2456 2673
2673 2754
2754 2944
2944 3057
3057 3125
3125 3376
3376 3603
2294 2299
2299 2303
2303 2421
2421 2332
2332 2396
2396 2427
2427 2611
2611 2431
2431 2310
10469 10448
10448 10387
10387 10280
10468 10432
10432 10384
10384 10278
10278 10216
10466 10410
10410 10367
10367 10295
10479 10405
10405 10370
10370 10299
10299 10243
10478 10435
10435 10357
10357 10274
10274 10228
10228 10145
10145 10092
2301 2174
2174 2294
2300 2257
10477 10430
10430 10344
10344 10316
10476 10406
10406 10341
10341 10274
2298 2308
2308 2324
2324 2550
2550 2484
10473 10423
10423 10358
10358 10212
10487 10395
10395 10365
10365 10317
10317 10214
10214 10145
2245 2325
2325 2453
2453 2673
10486 10405
2243 2328
2328 2410
2410 2557
2557 2454
2454 2556
2556 2733
2733 2951
2951 3069
3069 3151
3151 3241
3241 3318
3318 3478
3478 3553
3553 3659
3659 3761
2242 2305
2305 2452
10481 10448
2255 2299
10492 10427
10427 10349
10349 10295
2251 2073
10488 10392
10392 10388
10388 10276
10276 10226
10226 10161
10161 10097
10097 10081
10081 10014
10014 9929
9929 9826
9826 9780
9780 9711
9711 9649
9649 9607
10439 10338
10338 10276
10436 10370
2258 2308
10433 10382
10382 10322
10322 10263
10446 10335
10335 10301
10301 10253
10253 10195
10195 10132
10132 10107
2269 2395
2395 2367
2367 2454
2268 2355
2355 2324
10445 10371
10371 10296
10296 10257
10257 10201
10201 10139
10139 10075
10075 9983
10443 10342
10342 10282
10282 10210
10210 10197
10197 10113
2215 2321
2321 2405
2405 2654
2654 2695
2695 2700
10455 10446
2212 2353
10452 10421
10421 10333
10333 10305
10305 10228
2210 2372
2372 2514
2514 2430
2430 2679
2679 2802
2802 2927
2927 3128
3128 3268
3268 3380
3380 3526
3526 3656
3656 3738
3738 3963
3963 4001
4001 4163
4163 4234
4234 4381
4381 4490
4490 4619
4619 4709
4709 4876
2209 2258
10450 10427
2208 2268
10449 10427
2221 2383
2383 2523
2523 2664
2664 2615
2615 2901
10462 10400
10400 10316
10461 10392
10460 10439
10458 10404
10404 10359
10359 10275
10275 10266
10457 10435
10456 10418
10418 10357
10407 10383
10383 10287
10287 10249
10249 10199
10199 10121
10121 10035
10035 10003
10003 9930
2229 2347
2347 2479
2479 2430
10403 10365
2226 2192
10402 10388
2224 2202
10415 10351
10351 10278
2238 2354
2354 2497
2497 2661
10414 10372
10372 10313
10313 10232
10232 10164
10164 10112
2236 2105
2235 2339
2339 2509
2509 2479
2234 2303
10409 10361
10361 10272
10272 10234
10234 10165
10165 10092
10408 10430
10422 10353
10353 10307
10307 10242
2179 2374
2190 2379
2379 2424
2424 2496
2189 2305
2188 2235
2184 2310
2199 2295
10374 10304
10304 10226
2196 2059
10368 10311
10311 10242
2207 2204
2204 2384
2384 2525
2525 2617
2617 2741
2741 2851
2851 2831
2831 2840
2840 3067
3067 3145
3145 3248
3248 3473
3473 3427
3427 3505
3505 3639
3639 3796
3796 3735
3735 3684
3684 3806
3806 3904
2206 2274
10377 10358
2918 2969
2969 2965
10391 10338
10390 10306
10306 10255
2915 2855
2855 2682
2682 2845
2845 2986
2986 2836
2836 2983
2983 3153
3153 3058
3058 2992
10399 10368
2925 2845
10396 10383
10393 10365
2935 2951
2933 3043
3043 3048
3048 3159
3159 3264
3264 3136
3136 3326
3326 3466
3466 3575
3575 3637
3637 3718
3718 3645
3645 3766
3766 3949
3949 4007
4007 4027
4027 4177
4177 4238
4238 4430
4430 4465
11109 11105
11105 11104
11104 11101
11101 11098
11098 11097
11097 11091
11091 11089
11089 11086
11086 11084
11084 11081
11081 11077
11077 11074
11074 11066
11066 11063
11063 11062
11062 11054
11054 11052
11052 11048
11048 11044
11044 11041
11041 11036
11036 11032
11032 11027
11027 11022
11022 11020
11020 11014
11014 11011
11011 11004
11004 11000
11000 10978
10978 10980
10980 10975
10975 10970
10970 10965
10965 10946
10946 10941
10941 10938
10938 10916
10916 10902
10902 10891
10891 10876
10876 10893
10893 10887
10887 10839
10839 10817
10817 10765
10765 10719
10719 10690
10690 10638
10638 10578
10578 10546
10546 10466
2929 2917
11119 11124
11124 11703
11703 12088
12088 12384
12384 12474
12474 12536
12536 12631
12631 12672
12672 12687
12687 12666
12666 12689
12689 12669
12669 12606
12606 12652
12652 12604
12604 12523
12523 12447
12447 12381
12381 12389
12389 12342
12342 12345
12345 12271
12271 12194
12194 12200
12200 12147
12147 12078
12078 12127
12127 12012
12012 11994
11994 11903
11903 11872
11872 11915
11915 11876
11876 11859
11859 11773
11773 11864
11864 11836
11836 11777
11777 11783
11783 11733
11733 11650
11650 11600
11600 11657
11657 11738
11738 11779
11779 11714
11714 11752
11752 11652
11652 11654
11654 11599
11599 11572
11572 11516
11516 11477
11477 11495
11495 11425
11425 11406
11406 11390
11390 11422
11422 11489
11489 11519
11519 11545
11545 11595
11595 11569
11569 11571
11571 11524
11524 11505
11505 11463
11463 11431
11431 11400
11400 11395
11395 11378
11378 11318
11318 11293
11293 11268
11268 11265
11265 11244
11244 11236
11236 11225
11225 11213
11213 11195
11195 11187
11187 11173
11173 11164
11164 11158
11158 11160
11160 11157
11157 11152
11152 11149
11149 11147
11147 11144
11144 11141
11141 11137
11137 11134
11134 11131
11131 11127
11127 11116
11116 11114
11114 11109
2942 3049
3049 3170
3170 3245
3245 3465
2941 3011
3011 3166
3166 3310
3310 3368
3368 3539
3539 3362
3362 3583
3583 3713
3713 3798
3798 3922
3922 3994
3994 4100
4100 4223
4223 4360
4360 4458
4458 4554
4554 4446
4446 4540
4540 4572
4572 4686
4686 4684
4684 4796
4796 4823
4823 4981
4981 4828
4828 4883
2939 2823
2938 3010
3010 2966
2966 3069
2936 3071
3071 3198
3198 3247
3247 3455
3455 3441
3441 3522
3522 3696
3696 3507
3507 3592
3592 3572
3572 3636
3636 3549
3549 3343
3343 3186
3186 3015
3015 3008
3008 2956
2956 2886
2886 2753
2753 2916
2916 2769
2769 2880
2880 2837
2837 2690
2690 2678
2678 2611
2883 2774
2774 2709
2709 2645
2645 2493
11123 11057
11057 11119
11121 11128
11128 11129
11129 11118
11118 11111
11111 11108
11108 11104
11120 12081
12081 11645
11645 11647
11647 12088
2893 3087
3087 3097
3097 3121
3121 3328
3328 3247
2891 2809
2809 2867
2867 2720
2720 2709
11132 11131
2890 2803
2803 2804
2903 2989
2989 3010
11076 11073
11073 11069
11069 11067
11067 11065
11065 11060
11060 11055
11055 11049
11049 11048
11075 11069
2911 2782
2782 2890
11072 11034
11034 11009
11009 10982
10982 10990
10990 10951
10951 10920
10920 10897
10897 10887
11087 11081
2908 3051
3051 3100
3100 3335
3335 3439
3439 3537
3537 3659
11085 11083
11083 11080
11080 11076
2904 2844
2854 2954
2954 3144
3144 3318
11094 11089
11093 11645
11092 11086
2849 3066
3066 3140
3140 3023
2862 3082
3082 3009
3009 2974
2974 3172
3172 3007
2861 2880
11102 11099
11099 11097
2856 2740
2740 2759
2759 2779
2779 2795
2795 2822
2822 2912
2912 2756
2871 3036
3036 3089
3089 3122
11096 11090
11090 11089
11047 11043
11043 11040
11040 11035
11035 11029
11029 11026
11026 11024
11024 11016
11016 11013
11013 11006
11006 11002
11002 10998
10998 10980
11046 11044
2869 2851
11045 11040
2868 2710
2710 2611
11042 11036
2864 2718
2877 2982
2982 3121
11053 11051
11051 11044
2875 2883
11050 11048
11061 11058
11058 11055
2819 3089
11059 11052
2817 2933
2816 2818
2818 2901
11056 11050
11071 11069
11070 11063
11068 11062
11064 11065
11015 11012
11012 11002
2834 2923
11010 11005
11005 11001
11001 10998
2833 2750
2750 2819
11008 10988
10988 10959
10959 10929
10929 10897
11023 11020
2846 2893
11021 11017
11017 11011
11019 11014
2842 2937
11018 11012
11031 11027
11030 11022
3044 3149
3149 3182
3182 3350
3350 3248
11028 11023
3041 3011
11025 11020
11039 11037
11037 11032
3054 3096
3096 3309
3050 3077
11033 11029
11246 11231
11231 11205
11205 11190
11190 11180
11180 11167
11167 11157
3068 3043
11242 11204
11204 11172
11172 11163
11163 11157
3012 2998
11262 11235
11235 11217
11217 11198
11198 11192
11192 11180
3020 2891
3030 3098
3098 2957
2957 2946
2946 2990
2990 2983
3028 3143
3143 3027
3027 3023
3026 2867
3038 3085
3085 2973
2973 2917
3037 2883
3035 2994
2994 2855
11220 11193
11193 11169
11169 11156
11156 11153
11153 11149
2979 3015
2978 2837
2984 3065
2996 2875
2993 2842
3004 2978
3001 2893
2950 2765
2959 2838
2952 3169
3169 3015
2967 3115
3115 3097
11143 11138
11138 11134
2975 3050
11136 11132
11150 11147
2972 2864
2971 2993
2970 2849
11146 11143
2968 2957
11145 11140
11140 11136
2663 2592
2592 2786
2786 2871
2660 2806
2806 2705
2705 2742
2657 2743
2656 2557
2668 2808
2808 2771
2667 2791
2791 2850
2850 3000
11162 11155
11155 11152
10854 10820
10820 10763
10763 10736
10736 10673
10673 10639
10639 10564
10564 10539
10539 10502
10502 10425
10425 10356
10356 10306
2676 2618
2675 2647
2647 2419
2419 2281
2674 2548
10850 10816
10816 10773
10773 10711
10711 10697
10697 10614
10614 10560
10560 10531
10531 10481
2687 2562
2562 2580
10861 10816
2684 2938
10856 10798
10798 10765
10871 10889
10889 10881
10881 10868
10868 10872
10872 10876
2629 2755
2755 2935
2628 2594
2594 2772
2772 2674
10867 10603
10603 10868
10866 10871
2625 2467
10865 10812
10812 10778
10778 10735
10735 10689
10689 10631
10631 10581
10581 10518
10518 10501
10501 10448
2624 2687
10879 10894
10894 10907
10907 10902
2638 2780
2780 2885
2885 2997
2997 3103
3103 3319
3319 3250
3250 3362
10878 10891
10875 10876
2633 2700
10874 10893
10873 10878
10823 10763
10822 10746
10746 10721
10721 10676
10676 10638
2644 2750
10819 10766
10766 10730
10730 10674
10674 10615
10615 10567
10567 10527
10527 10476
2655 2429
2429 2408
10828 10801
10801 10761
10761 10718
10718 10671
10671 10652
10652 10588
10588 10549
10549 10487
2650 2723
2723 2869
10827 10801
10825 10876
10824 10766
2598 2563
2563 2521
2521 2287
2597 2689
2689 2893
2596 2475
2475 2421
10836 10779
10779 10659
10659 10638
10835 10824
10833 10798
10832 10822
10847 10808
10808 10755
10755 10706
10706 10690
2605 2766
2766 2936
10846 10811
10811 10777
10777 10737
10737 10664
10664 10616
10616 10570
10570 10512
10512 10487
10845 10792
10792 10756
10756 10730
10844 10842
10842 10823
2603 2719
2719 2942
10843 10812
2600 2567
2567 2653
10840 10847
2613 2651
10786 10754
10754 10711
2622 2768
2768 2854
2621 2657
2620 2678
2619 2718
10806 10776
10776 10710
10710 10695
10695 10614
2565 2652
2652 2596
10800 10742
10742 10705
10705 10671
10813 10754
2572 2781
2781 2898
2898 3054
2571 2694
2570 2675
10809 10763
2578 2703
2703 2894
2894 3071
10762 10735
10774 10736
2789 2567
2788 2786
10772 10703
10703 10678
10678 10621
10621 10572
10572 10521
10521 10505
10505 10432
2799 2905
2905 3091
3091 3146
3146 3328
2797 2780
10983 10980
10979 10976
10976 10988
10977 10973
10973 10969
10969 10949
10949 10944
10944 10939
10939 10936
10936 10922
10922 10902
10991 10992
10992 10956
10956 10923
10923 10907
2814 2933
2813 2796
2796 2807
2807 2945
2945 2866
2866 2728
2728 2731
2731 2782
10989 10951
2811 2877
10986 10988
10985 10956
10984 10962
10962 10926
10926 10897
10999 10980
2757 2862
10997 10980
10996 10951
10995 10956
10994 10955
10955 10926
10993 10962
11007 10992
11003 10983
2775 2740
10950 10928
10928 10951
10948 10941
10947 10953
10953 10930
10930 10904
10904 10893
2770 2690
10945 10941
2783 2765
10958 10967
10967 10949
10957 10927
10927 10894
10954 10951
2777 2838
2726 2720
10966 10948
10964 10923
10963 10926
2722 2903
10961 10953
10960 10919
10919 10927
2734 2682
10974 10912
10912 10917
10917 10898
10898 10879
10972 10970
10971 10970
10968 10965
10918 10901
10901 10876
10915 10902
10914 10902
2737 2849
10913 10902
2751 2858
10925 10907
2748 2743
10924 10920
10935 10914
10934 10915
10933 10937
10937 10917
10932 10903
10903 10884
10884 10882
10882 10871
10943 10938
10942 10938
10940 10913
2699 2647
10885 10892
10892 10883
10883 10887
2707 2548
10880 10893
10895 10882
3431 3540
3540 3507
3430 3256
10900 10905
10905 10892
10899 10891
3424 3415
3438 3525
3525 3494
3494 3648
3648 3605
3605 3698
3698 3838
3838 3665
10911 10896
10896 10908
10908 10928
10909 10883
3436 3262
3262 3126
3126 2978
3435 3449
3449 3467
3434 3595
3595 3605
10906 10889
3447 3472
3472 3357
3357 3202
3202 3199
3199 2976
2976 2912
3446 3237
3237 3213
3213 3037
3445 3507
3444 3411
3440 3368
3454 3261
3453 3493
3493 3502
3502 3557
3557 3539
3451 3236
3236 3154
3154 3026
3450 3298
3448 3270
3270 3123
3123 3205
3205 3187
3187 3092
3399 3328
3396 3328
11635 11507
11507 11437
11437 11363
11363 11304
11304 11242
3405 3237
11586 11526
11526 11574
11574 11542
11542 11551
11551 11528
11528 11518
11518 11531
11531 11474
11474 11496
11496 11477
3421 3379
3379 3541
3541 3472
3417 3367
3367 3260
3260 3107
3107 2996
3366 3508
11602 11614
11614 11654
11601 11689
11689 11687
11687 11727
11727 11722
11722 11803
11803 11741
11741 11669
11669 11636
11636 11672
11672 11698
11698 11674
11674 11622
11622 11553
11553 11569
3360 3178
3178 3135
3135 3065
3374 3473
3372 3362
3371 3431
11608 11561
11561 11574
3381 3491
3378 3440
3385 3285
3285 3328
3334 3234
3330 3437
3437 3438
3329 3336
3336 3332
11582 11492
11492 11381
11381 11322
11322 11275
11275 11250
11250 11220
3339 3291
3351 3205
11525 11553
3345 3438
3352 3385
3558 3589
3589 3641
3641 3619
3619 3696
3555 3573
3573 3495
3495 3511
3511 3487
3567 3517
3517 3497
3497 3369
3566 3619
3563 3673
3673 3558
11751 11800
11800 11849
11849 11844
11844 11760
11760 11803
11748 11684
11684 11595
3571 3379
3569 3567
3568 3476
3476 3336
11758 11734
11734 11671
11671 11643
11643 11580
11580 11505
11757 11802
11802 11767
11767 11724
11724 11649
11649 11621
11621 11580
11756 11653
11653 11644
11644 11587
11587 11540
11540 11491
11491 11426
11426 11395
11755 11648
11648 11672
3578 3378
3523 3383
3383 3351
3534 3396
11774 11819
11819 11829
11829 11767
3533 3367
3532 3396
11772 11782
11782 11854
11854 11923
11923 12009
12009 12013
12013 12146
12146 12041
12041 12000
12000 11993
11993 11935
11935 11979
11979 11995
11995 11887
11887 11829
11769 11840
11840 11794
11794 11744
11744 11690
11690 11655
11655 11747
11747 11654
11715 11685
11685 11610
11610 11571
3538 3447
3536 3455
3551 3405
11726 11739
11739 11732
11732 11748
11731 11738
3489 3590
3590 3569
3488 3727
3727 3224
3224 2540
2540 3228
3228 2542
2542 2538
2538 2536
2536 3230
3230 3229
3229 3453
11742 11682
11682 11628
11628 11636
3510 3385
3504 3496
3519 3563
3516 3405
3515 3472
3463 3289
3289 3185
3185 2991
2991 2874
2874 2732
11702 11119
3458 3536
11711 11687
3475 3382
3382 3572
11662 11582
3485 3289
3483 3532
3175 3023
11668 11742
11665 11597
11597 11559
11559 11602
3180 2986
11676 11682
3177 3117
3117 3339
3190 3299
3299 3265
3265 3388
3196 3453
3193 3153
3158 3316
3316 3366
3155 3115
3163 3244
3244 3326
3161 3081
3081 3112
3112 2993
3160 3346
3346 3118
3118 3143
3109 3238
3238 3143
3113 3250
3124 3330
11300 11312
11312 11271
11271 11283
11283 11311
11311 11305
11305 11273
11273 11263
11263 11252
11252 11256
11256 11232
11232 11234
11234 11218
11218 11223
11223 11236
3120 2959
3133 3278
3278 3435
3131 3215
3215 3193
3078 3070
3070 3184
3184 3009
3072 3053
3053 2866
11313 11057
11323 11288
11288 11300
3088 3198
3303 3406
3406 3559
3559 3690
3690 3717
3717 3805
3805 3659
11284 11647
3297 3144
3325 3247
11501 11498
11498 11473
11473 11524
11497 11455
11455 11442
11442 11387
11387 11373
11373 11335
11335 11311
3271 3378
3267 3214
3214 3142
3142 2969
3266 3440
3279 3168
3168 3005
3005 2868
3277 3092
3287 3215
11461 11476
11476 11450
11450 11405
11405 11429
11429 11411
11411 11385
11385 11359
11359 11334
11334 11301
11301 11270
11270 11246
3280 3278
3292 3293
3239 3285
3232 2538
3253 3267
3252 3175
3251 3323
3323 3163
3249 3449
11438 11380
11380 11366
11366 11329
11329 11306
11306 11272
11272 11245
11245 11240
11240 11226
11226 11211
11211 11194
11194 11175
11175 11165
11165 11160
3258 3168
3257 3142
3207 3166
3204 3303
3201 3291
3200 3256
3222 3488
11394 11403
11403 11448
11448 11397
11397 11354
11354 11390
3231 3980
3980 3981
3981 4099
4099 3859
3859 3856
3856 3225
3225 2536
3227 3230
3226 3196
3940 3819
3819 3654
3654 3551
3938 4088
4088 4084
4084 4111
4111 4182
3955 3803
3803 3674
3674 3654
12143 12022
12022 12004
12004 11891
11891 11952
11952 12021
12021 12051
12051 12090
12090 12193
12193 12153
12153 12098
12098 12146
3966 3732
3732 3549
3910 3765
3765 3807
3807 3750
3750 3696
3909 3848
3848 3770
3770 3636
3908 3982
3982 4124
4124 4326
4326 4371
4371 4518
4518 4408
4408 4509
4509 4442
4442 4520
4520 4656
4656 4747
4747 4818
4818 4833
4833 4840
4840 4698
4698 4742
4742 4622
4622 4551
4551 4591
4591 4674
4674 4690
4690 4732
4732 4878
4878 4965
4965 4873
4873 4887
4887 4754
3919 3744
12156 12042
12042 11973
11973 11942
11942 11912
11912 11848
11848 11865
11865 11789
11789 11793
11793 11876
3914 3817
3926 3756
3756 3644
3644 3516
12101 12143
3924 3846
3846 3891
3891 3845
3845 3826
3826 3910
12099 12043
12043 12143
3920 3891
3878 4046
4046 4005
4005 3978
3978 4044
4044 3922
12126 12141
12141 12204
12204 12174
12174 12121
12121 12153
3883 4072
4072 4101
4101 4214
4214 4150
4150 4004
4004 4000
4000 3951
3951 3751
3751 3628
3628 3533
12123 12142
12142 12066
12066 11998
11998 12051
3882 3822
3822 3636
12122 12140
12140 12163
12163 12099
3881 3770
3890 4012
4012 3992
3992 3878
3903 3996
3996 3909
3901 3942
3942 3983
3983 3996
3899 4079
4079 4002
4002 4143
4143 4235
4235 4261
4261 4185
4185 4285
4285 4362
4362 4479
4479 4609
4609 4719
4719 4734
4734 4787
4787 4842
4842 4976
4976 5066
5066 5027
5027 4895
4895 4793
4793 4893
4893 4966
4966 5017
5017 5174
5174 5080
5080 5116
5116 5301
5301 5285
5285 5265
5265 5109
5109 5253
5253 5364
5364 5464
5464 5396
5396 5455
5455 5337
5337 5224
5224 5187
5187 5054
5054 5068
5068 4986
4986 4985
4985 4788
12074 12066
3896 3826
3844 3833
3833 3733
3733 3916
3916 3939
3939 4051
4051 3876
3876 3824
3824 3893
3893 3985
3985 3888
3888 3973
3973 3995
3995 3982
12085 12081
3854 3852
3852 3229
3853 3852
3850 3224
12089 12024
12024 12142
3863 3787
3787 3654
3858 3230
4068 3894
3894 3764
3764 3576
3576 3432
3432 3290
3290 3037
4066 4172
4172 4253
4253 4407
4407 4273
4273 4165
4165 4000
12049 12089
4082 4123
4123 4129
4129 4268
4268 4404
4404 4522
4522 4460
4460 4466
4466 4503
4503 4479
4081 4126
4126 4251
4251 4193
4193 3996
4094 4023
4023 3940
4093 3884
3884 3857
3857 3899
4038 3969
3969 3910
12287 12206
12206 12140
12284 12259
12259 12240
12240 12354
12354 12242
12242 12263
12263 12231
12231 12232
12232 12267
12267 12174
4042 3926
12230 12203
12203 12163
4052 4066
4048 3983
4056 4038
12247 12166
12166 12101
12245 12163
4013 4141
4141 4318
4318 4294
4294 4446
4011 3881
4008 3946
3946 3693
3693 3610
3610 3477
3477 3430
4021 3863
4020 4048
4030 3880
3880 3914
4025 4139
4139 4334
4334 4335
4335 4435
4435 4504
4504 4666
3975 3878
3972 3992
3979 3823
3823 3699
3699 3844
12170 12242
3993 3882
3687 3511
12180 12184
12184 12089
12179 12210
12210 12231
3702 3624
3624 3572
3709 3714
3714 3595
3707 3701
3701 3647
3647 3767
3767 3769
3769 3798
3705 3677
3677 3857
11894 12003
12003 11988
11988 12070
12070 12153
3653 3802
3802 3878
11893 11892
11892 11967
11967 11952
3650 3841
3841 3761
3662 3589
11899 11870
11870 11799
11799 11708
11708 11699
11699 11640
11640 11578
11578 11558
11558 11544
11544 11488
11488 11428
11428 11385
11898 11910
11910 11893
3657 3591
3667 3636
11842 11758
3622 3725
3725 3616
3616 3826
11862 11835
11835 11795
11795 11743
11743 11692
11692 11637
11637 11566
11566 11575
11575 11510
11510 11461
3630 3641
11868 11893
11815 11782
3634 3532
11810 11794
11818 11854
11816 11764
11764 11750
11750 11686
11686 11616
11616 11639
11639 11598
11598 11562
11562 11527
11527 11470
11470 11465
11465 11429
11831 11837
11837 11827
11827 11757
3588 3432
3586 3505
3599 3451
3597 3417
11780 11726
11791 11796
11796 11800
3612 3849
3849 3981
3611 3612
11801 11720
11720 11793
3827 3945
3945 3769
3781 3802
12020 12058
12058 12099
3788 3687
3784 3901
11974 11989
11989 11914
11914 11825
11825 11807
11807 11784
11784 11799
3797 3790
3790 3791
3791 3874
3874 3840
3840 3957
3957 3888
11982 12001
12001 12011
12011 12022
3746 3892
3758 3920
11938 11934
11934 11835
3719 3781
11956 11892
3715 3670
3670 3496
3726 3511
3723 3436
11908 11829
3730 3946
3729 3573
3728 3732
3742 3896
11917 11898
11916 11980
11980 11973
3736 3972
4454 4424
4424 4394
4394 4286
4286 4237
4237 4353
4353 4338
4338 4388
4388 4253
4453 4399
4399 4268
4462 4378
4378 4526
4526 4392
4392 4305
4305 4146
4146 4094
4461 4349
4349 4331
4331 4101
11931 11998
4470 4526
4468 4351
4351 4307
4307 4151
4151 4059
4059 3900
3900 3800
3800 3621
3621 3516
4467 4402
4402 4393
4393 4251
4475 4546
4546 4382
4382 4296
4296 4093
4473 4677
4677 4692
4692 4803
4803 4816
4816 4836
4836 4688
4688 4759
4759 4659
4659 4600
4600 4673
4673 4609
4419 4536
4536 4395
4395 4423
4423 4277
4277 4347
4347 4541
4541 4458
4428 4549
4549 4617
4617 4561
4561 4552
4552 4596
4596 4781
4781 4871
4871 4838
4838 4908
4908 5031
5031 5092
5092 5049
5049 5171
5171 5048
5048 5181
5181 5231
5231 5232
5232 5143
5143 5175
5175 5242
5242 5196
5196 5172
5172 5004
5004 4962
4427 4293
4293 4175
4175 4023
4426 4408
12665 12598
12598 12556
12556 12572
12572 12451
12451 12391
12391 12361
12361 12265
12265 12237
12237 12185
12185 12105
12105 12036
12036 11995
12664 12621
12621 12578
12578 12529
12529 12556
4436 4399
4433 4561
4447 4515
4515 4451
4451 4521
4521 4622
4445 4337
4337 4436
4391 4303
4303 4160
4160 4008
4406 4260
4260 4110
4110 4011
4405 4257
4257 4189
4189 3982
4414 4409
4409 4311
4311 4105
4105 4093
4412 4467
4355 4300
4300 4166
4166 4059
4364 4283
4283 4105
4361 4433
4375 4370
4370 4316
4316 4338
4374 4402
4368 4239
4239 4102
4102 4081
4376 4293
4582 4607
4607 4460
4581 4559
4559 4388
4578 4784
4784 4698
4577 4552
4576 4454
4587 4512
4512 4355
4586 4526
4585 4462
4598 4532
4532 4406
4595 4628
4628 4501
4501 4393
4593 4664
4664 4735
4735 4581
12783 12774
12774 12746
12746 12691
12691 12641
12641 12530
12530 12607
12607 12629
12629 12670
12670 12685
12685 12612
12612 12542
12542 12461
12461 12412
12412 12367
12367 12365
12365 12354
4606 4691
4691 4593
4605 4525
4525 4375
12776 12789
12789 12721
12721 12685
12790 12743
12743 12789
12788 12819
12819 12810
12810 12768
12768 12783
4544 4522
4567 3852
4566 3852
4565 3852
4575 4635
4635 4486
4486 4640
4640 4543
4543 4674
4570 4571
4571 4889
4889 4567
12758 12776
4517 4561
4524 4382
12764 12695
12695 12665
4533 4624
4624 4734
4530 4394
4528 4427
4542 4578
4539 4453
12713 12716
12716 12754
12754 12833
12833 12772
12772 12687
4481 4355
12735 12774
4493 4651
4651 4720
4720 4689
4689 4844
4844 4747
4492 4461
4491 4628
4489 4376
12729 12665
4499 4348
4348 4244
4244 4166
4497 4653
4653 4517
4508 4370
4192 4172
4207 4240
4240 4399
4206 4052
4203 4271
4271 4419
4201 4135
4135 4053
4053 4197
4197 4322
4322 4410
4410 4411
4411 4542
4213 4239
4209 4115
4115 4330
4330 4377
4377 4552
4222 4086
4086 3894
4221 4179
4179 4105
4161 3993
4173 4042
4183 4186
4186 4233
4233 4332
4332 4176
4176 4289
4289 4380
4380 4486
12358 12288
12288 12287
12355 12230
12366 12379
12379 12468
12468 12500
12500 12370
12370 12412
4188 3983
4128 4056
4140 4021
4147 4229
4229 4251
12334 12247
12329 12284
4103 4066
4098 4122
4122 4294
4097 4081
4096 4056
4108 4335
4114 4267
4267 4255
4255 4433
4127 4097
4121 4337
4324 4151
12308 12425
12425 12329
4343 4240
4302 4278
4278 4229
4309 4127
12495 12559
12559 12504
12504 12442
12442 12420
12420 12425
12508 12495
12455 12504
4274 4426
4281 4337
4280 4161
4224 4309
4243 4140
4242 4428
4241 4273
12429 12426
12426 12366
4967 4879
4879 4882
4882 4923
4923 4907
4907 4855
4855 4909
4909 4865
4865 4685
4685 4663
4663 4586
12438 12442
4963 5015
5015 5206
5206 5109
4961 4944
4944 5048
4975 4880
4880 4762
4762 4590
4590 4512
4974 5016
5016 4982
4982 5002
5002 5164
5164 5229
5229 5148
5148 5275
5275 5355
5355 5397
5397 5432
5432 5560
5560 5460
5460 5591
5591 5482
5482 5578
5578 5416
5416 5346
5346 5499
5499 5371
5371 5307
5307 5394
5394 5404
5404 5336
5336 5452
5452 5566
5566 5438
5438 5522
5522 5435
5435 5423
5423 5364
4968 4813
4813 4687
4687 4598
4980 4790
4790 4861
4861 4706
4706 4636
4636 4581
13155 13189
13189 13140
13140 13168
13168 13139
13139 13110
13110 13197
13197 13184
13184 13146
13146 13106
13106 13144
13144 13072
13072 13050
13050 13099
13099 13010
13010 12958
12958 12914
12914 12932
12932 13004
13004 13012
13012 13031
13031 12988
12988 12929
12929 12841
12841 12820
12820 12719
12719 12655
12655 12579
12579 12589
12589 12520
12520 12577
12577 12471
12471 12408
12408 12299
12299 12267
4988 5040
5040 5011
5011 5126
5126 5133
5133 5031
13163 13108
13108 13087
13087 13019
13019 12997
12997 12922
12922 12852
12852 12812
12812 12745
12745 12663
12663 12683
12683 12630
12630 12528
12528 12499
12499 12421
12421 12340
12340 12238
12238 12162
12162 12103
12103 12023
12023 11989
13161 13154
13154 13076
13076 13016
13016 12986
12986 12997
4984 4893
4935 4895
4934 5034
5034 5109
4931 5008
5008 4977
4977 4914
4914 5028
5028 5152
5152 5027
4943 4990
4941 4833
4940 4841
4841 4702
4702 4586
13180 13159
13159 13121
13121 13191
13191 13165
13165 13129
13129 13101
13101 13063
13063 13064
13064 13065
13065 13116
13116 13189
13178 13213
13213 13219
13219 13224
13224 13188
13188 13134
13134 13192
13192 13110
4936 4909
4951 4806
4806 4700
4700 4630
4630 4512
4950 4863
4863 4783
4783 4849
4849 4905
4905 5071
5071 5019
5019 5079
5079 4913
4913 5045
5045 5010
5010 5070
5070 5004
4946 4800
4800 4751
4751 4578
4957 4916
4916 5012
5012 5056
5056 5159
5159 5156
5156 5238
5238 5340
5340 5361
5361 5466
5466 5469
5469 5458
5458 5354
5354 5249
5249 5121
5121 5232
4956 5029
5029 5064
5064 5051
5051 4980
4955 5003
5003 5109
4954 4980
4953 4811
4811 4910
4910 4948
4948 4838
4903 4791
4791 4757
4757 4650
4650 4528
4902 4924
4924 4890
4890 4808
4808 4904
4904 5047
5047 5207
5207 5298
5298 5321
5321 5398
5398 5313
5313 5287
5287 5346
4900 5033
5033 5020
5020 4924
13138 13159
4896 4809
4809 4683
4683 4671
4671 4510
4510 4342
4342 4117
4117 4008
4911 4846
4846 4954
13148 13087
4919 5038
5038 5186
5186 5008
13092 13080
13080 13091
13091 13052
13052 13012
13088 13013
13013 13010
13102 13127
13127 13063
4925 4935
4922 4840
4921 4817
4817 4791
13097 13053
13053 13057
13057 13054
13054 13033
13033 12965
12965 12995
12995 13035
13035 12994
12994 12896
12896 12969
12969 12939
12939 12973
12973 12937
12937 12891
12891 12805
12805 12791
12791 12846
12846 12796
12796 12733
12733 12704
12704 12725
12725 12668
12668 12659
12659 12586
12586 12552
12552 12464
12464 12561
12561 12530
13111 13129
4869 4919
4868 4757
4867 4962
4877 4946
4874 4851
4851 4775
4775 4783
4872 4819
4819 4742
4894 5019
4892 4799
4799 4764
4764 4587
4891 4851
5090 5060
5060 5131
5131 5155
5155 5166
5166 5280
5280 5354
5102 4567
13085 13020
13020 13089
13089 13120
13120 13093
13093 13038
13038 13050
13082 13084
13084 13026
13026 13096
13096 13110
5110 5142
5142 5174
5108 5208
5208 5106
5106 4565
13283 13235
13235 13205
13205 13183
13183 13136
13136 13081
13081 13022
13022 12970
12970 12943
12943 12859
12859 12804
12804 12755
12755 12683
5104 970
970 968
968 283
283 256
256 237
237 208
208 232
232 244
244 218
218 224
224 205
205 201
201 194
194 209
209 230
230 248
248 251
251 267
267 269
269 272
272 286
286 309
309 288
288 281
281 292
292 314
314 299
299 304
304 344
344 377
377 423
423 428
428 404
404 384
384 427
427 449
449 421
421 406
406 410
410 445
445 448
448 456
456 407
407 490
490 531
531 568
568 584
584 671
671 745
745 855
855 1087
1087 1408
1408 1859
1859 2543
2543 3229
13281 13255
13255 13292
13292 13339
13339 13330
13330 13288
13288 13275
13275 13278
13278 13213
13280 13230
13230 13161
5114 5116
13289 13280
5112 5220
5220 5163
5163 5006
5006 4904
13303 13321
13321 13314
13314 13261
13261 13212
13212 13247
13247 13276
13276 13233
13233 13207
13207 13160
13160 13147
13147 13091
5062 4962
5058 4909
5057 5007
5007 5198
5198 5265
5067 4914
5065 4911
5078 5097
5097 5165
5165 5000
5000 5002
5077 5017
5076 5153
5153 5038
5074 5120
5120 5225
5225 5379
5379 5480
5480 5555
5555 5698
5698 5733
5733 5881
5881 5967
5967 6084
6084 6148
6148 6235
6235 6303
6303 6406
6406 6493
6493 6526
6526 6684
6684 6693
6693 6799
6799 6878
6878 6994
6994 7084
7084 7149
7149 7201
7201 7287
7287 7331
7331 7348
7348 7468
7468 7338
7338 7405
7405 7384
7384 7288
7288 7280
7280 7342
7342 7368
7368 7249
7249 7383
7383 7373
7373 7385
7385 7452
7452 7430
7430 7504
7504 7638
7638 7596
7596 7680
7680 7747
7747 7857
7857 7784
7784 7835
5073 5122
5122 5181
13249 13221
13221 13174
13174 13120
5072 5028
5085 5080
5084 5050
5050 5127
5127 5277
5277 5322
5322 5330
5330 5488
5488 5530
5530 5683
5683 5728
5728 5881
5082 5183
5183 5294
5294 5388
5388 5488
5026 5201
5201 5246
5246 5330
5025 4984
5024 5037
5037 4907
5046 5058
5043 4893
5055 5151
5151 5233
5233 5379
5053 4916
13225 13170
13170 13136
13237 13238
13238 13161
4993 5080
4992 4791
13246 13264
13264 13261
5005 5193
5193 5294
5023 4909
5021 5163
5018 5077
4708 4606
4707 4737
4737 4690
4717 4840
4716 4617
4712 4742
4727 4652
4652 4555
4555 4612
4612 4693
4693 4607
4724 4691
4721 4577
12908 12929
4731 4586
4730 4639
4639 4670
4670 4578
12905 12880
12880 12833
4728 4600
4679 4596
12918 12847
12847 12825
12825 12802
12802 12790
12915 12904
12904 12836
12836 12819
12912 12855
12855 12846
4681 4839
4839 4875
4875 4859
4859 4826
4826 4878
4680 4499
12920 12910
12910 12955
12955 13044
13044 12995
4694 4781
4701 4609
12895 12957
12957 13054
4662 4466
4669 4604
4604 4656
4668 4716
4665 4637
4637 4382
12854 12835
12835 12776
4611 4684
12850 12880
4620 4546
12858 12932
4627 4651
4634 4526
4835 4832
4832 4787
4847 4891
12831 12858
12828 12716
4843 4846
4854 4924
4852 4960
4960 5097
4850 4689
4848 4984
13037 13023
13023 12980
12980 12938
12938 12838
12838 12840
12840 12794
12794 12741
12741 12688
12688 12623
12623 12621
4860 4948
13047 13072
13043 12974
12974 13011
13011 13074
13074 13033
4801 4869
4815 4684
12999 12958
4822 4719
12996 13038
13007 13018
13018 13047
13005 13052
4772 4680
4770 4850
4769 4714
4714 4874
4779 4694
4778 4708
4776 4793
12967 13029
13029 13070
13070 13007
4789 4756
4756 4628
12962 13010
4785 4567
12972 12988
4795 4865
4792 4962
4739 4701
4738 4686
12977 12895
4748 4637
4744 4779
12984 13023
4758 4719
4767 4706
4766 4585
4765 4768
4768 4813
12940 12877
12877 12783
4761 4727
5478 5500
5500 5587
5587 5648
5648 5742
5742 5872
5872 5799
5799 5896
5896 5965
5965 6020
6020 6040
6040 6129
6129 6244
6244 6340
6340 6394
6394 6455
6455 6569
6569 6656
6656 6608
6608 6770
6770 6833
6833 6887
6887 6939
6939 7001
7001 6979
6979 7032
7032 7079
7079 7158
7158 7163
7163 7199
7199 7273
7273 7303
7303 7320
7320 7312
7312 7348
5477 5435
12949 12842
12842 12810
5476 5493
5493 5397
12948 12918
12947 12972
5474 5357
5357 5309
5309 5194
5194 5062
5473 5394
12945 12959
12959 13031
5472 5473
5486 5416
5485 5424
5424 5436
12956 12948
5483 5332
5332 5286
12954 12993
12993 12945
5481 5320
5320 5309
5489 5329
5329 5305
5305 5194
5502 5444
5444 5569
5569 5655
5655 5679
5679 5739
5739 5801
5801 5928
5928 5994
5994 6044
6044 6082
6082 6055
6055 6190
6190 6148
5501 5368
5368 5283
5283 5176
5176 5062
5498 5490
5490 5548
5548 5470
5470 5361
5497 5330
5496 5514
5514 5692
5692 5677
5677 5556
5556 5588
5588 5475
5475 5441
5441 5312
5312 5328
5328 5217
5217 5189
5189 5164
5446 5426
5426 5336
5445 5589
5589 5618
5618 5753
5753 5808
5808 5941
5941 6020
5442 5498
5451 5485
5450 5512
5512 5630
5630 5746
5746 5820
5820 5929
5929 5903
5903 6012
6012 6045
6045 6115
6115 6172
6172 6277
6277 6321
6321 6377
6377 6494
6494 6538
6538 6552
6552 6647
6647 6747
6747 6792
6792 6881
6881 6995
6995 6944
6944 7018
7018 7164
7164 7126
7126 7212
7212 7320
5449 5329
5448 5425
5425 5595
5595 5657
5657 5712
5712 5673
5673 5758
5758 5685
5685 5691
5691 5544
5544 5560
5462 5482
5461 5450
13635 13630
13630 13592
13592 13605
13605 13606
13606 13613
13613 13611
13611 13603
13603 13610
13610 13599
13599 13600
13600 13580
13580 13565
13565 13576
13576 13558
13558 13548
13548 13533
13533 13504
13504 13506
13506 13494
13494 13466
13466 13433
13433 13407
13407 13385
13385 13338
13338 13294
13294 13271
13271 13206
13206 13175
13175 13107
13107 13083
13083 13027
13027 12963
12963 12919
12919 12881
12881 12827
12827 12814
12814 12729
5456 5507
5507 5558
5558 5671
5671 5778
5778 5742
5471 5516
5516 5589
5468 5320
5467 5345
13641 13635
5415 5531
5531 5644
5644 5756
5756 5855
5855 5903
5414 5452
5413 5564
5564 5409
5409 5377
5377 5337
5408 5499
5418 5561
5561 5574
5574 5535
5535 5667
5667 5530
5431 5574
5439 5368
5434 5605
5605 5522
13623 13614
13614 13610
5382 5471
5391 5445
13631 13628
13628 11647
5389 5236
5236 5404
5387 5372
5372 5438
5399 5497
5395 5277
5393 5401
5401 5355
13568 13560
13560 13550
13550 13528
13528 13513
13513 13491
13491 13500
13500 13483
13483 13482
13482 13517
13517 13485
13485 13473
13473 13437
13437 13402
13402 13359
13359 13344
13344 13314
5403 5316
5316 5378
5378 5410
5410 5470
13590 13598
13598 13582
13582 13583
13583 13589
13589 13586
13586 13577
13577 13547
13547 13536
13536 13517
5604 5687
5687 5597
5597 5538
5538 5473
5602 5512
5600 5489
5613 5721
5721 5799
5612 5542
5542 5487
5487 5320
5611 5600
5608 5554
5554 5597
5623 5536
5536 5481
5619 5685
5617 5513
5513 5421
5421 5380
5380 5242
5616 5752
5752 5864
5864 5820
5631 5561
5626 5528
5528 5485
5625 5766
5766 5672
5672 5584
5584 5564
5624 5596
5596 5474
5571 5665
5665 5553
5553 5453
5453 5520
5520 5443
5443 5393
5570 5533
5533 5643
5643 5529
5529 5434
5583 5424
5582 5496
5580 5677
5579 5489
5577 5447
5447 5362
5362 5291
5291 5182
5182 5042
5042 4915
4915 4733
4733 4676
4676 4471
4471 4383
4383 4270
4270 4170
4170 4089
4089 3946
5590 5467
5586 5492
5492 5519
5519 5556
5599 5691
5541 5449
5537 5493
5550 5423
5549 5528
5546 5650
5650 5781
5781 5737
5737 5608
5559 5632
5632 5571
5557 5688
5688 5604
5563 5656
5656 5533
5562 5481
5509 5529
5508 5507
5506 5489
5526 5501
5525 5413
5524 5467
5523 5418
5534 5439
5221 5256
5256 5307
5219 5377
5218 5277
5216 5176
5230 5273
5273 5353
5353 5418
5227 5313
5226 5337
5239 5268
5268 5316
5235 5230
5247 5286
5245 5387
5244 5129
5129 5186
13419 13387
13387 13329
13329 13290
13290 13293
13293 13258
13258 13302
13302 13343
13343 13310
13310 13266
13266 13224
5191 5050
5188 5046
5185 5219
5199 5132
5132 5051
5197 5239
5195 5058
5192 5285
5204 5036
5036 4962
5200 5136
5136 5256
5215 5391
5214 5156
5157 5306
5306 5221
5154 5178
5178 5293
5293 5224
13395 13376
13376 13368
13368 13409
13409 13412
13412 13373
13373 13374
13374 13324
13324 13313
13313 13251
13251 13202
13202 13232
13232 13218
13218 13197
5167 5190
5190 5035
5035 4918
4918 5068
13403 13389
13389 13376
5161 5024
5160 5028
5170 5023
5177 5066
13365 13322
13322 13315
13315 13289
5124 5062
5123 5072
5134 5002
5130 5205
5141 5273
5140 5037
5139 5218
13316 13327
13327 13292
13312 13247
5150 5077
5147 5184
5184 5214
5350 5477
5349 5445
13334 13319
13319 13292
5348 5284
5284 5176
5359 5415
5352 5435
5367 5386
5386 5364
5365 5345
5363 5478
13540 13507
13507 13492
13492 13503
13503 13464
13464 13426
13426 13394
13394 13374
13537 13524
13524 13501
13501 13472
13472 13435
13435 13420
13420 13418
13418 13361
13361 13351
13351 13318
13318 13277
13277 13209
13209 13206
5375 5479
5479 5492
5373 5343
5343 5365
13546 13542
13542 13510
13510 13503
5319 5444
5326 5469
5325 5273
5323 5450
5335 5403
5333 5309
5331 5472
5339 5346
13525 13507
5295 5253
5292 5347
5347 5500
5290 5215
5288 5287
13474 13450
13450 13470
13470 13439
13439 13421
13421 13409
5310 5341
5341 5358
5358 5321
5255 5398
13495 13455
13455 13433
5254 5222
5222 5154
5251 5266
5266 5359
5261 5336
5260 5188
5259 5372
5258 5402
5402 5480
13499 13498
13498 13457
13457 13438
13438 13409
5264 5271
5271 5324
5324 5220
5279 5328
5272 5395
5991 5930
5930 5926
5926 5819
5819 5826
5826 5718
5718 5664
5664 5650
13463 13440
13440 13439
5989 6119
6119 6070
6070 6189
6189 6167
6167 6249
6249 6325
6325 6429
6429 6464
6464 6541
6541 6529
6529 6666
6666 6721
6721 6845
6845 6860
6860 7003
7003 7037
7037 7058
7058 7001
5988 6033
6033 5902
5902 5850
5850 5763
5763 5765
5765 5794
13460 13446
13446 13406
13406 13411
13411 13372
13372 13365
5987 5965
5985 5953
5953 6018
6018 5913
5913 5933
5933 5877
5877 5922
5922 5800
5800 5952
5952 5883
5883 5852
5852 5779
5779 5647
5647 5566
5998 5911
5911 5870
5870 5741
5741 5680
5680 5536
5996 5919
5919 5859
5859 5744
5744 5680
5993 5948
5948 5848
5848 5755
5755 5646
5646 5539
5539 5421
6007 5987
6006 6037
6037 5883
6003 5916
6002 5915
5915 5862
5862 5705
5705 5651
5651 5590
6000 5940
5940 5938
5938 5853
5853 5842
5842 5781
6014 5922
6010 5956
5956 5811
5811 5764
5764 5636
5636 5506
5959 5907
5907 5822
5822 5710
5710 5680
5955 5810
5810 5926
5954 5942
5942 5972
5972 5994
5963 6018
5961 5921
5921 5874
5874 5805
5805 5814
5814 5847
5847 5766
5973 5907
5971 5957
5957 5854
5854 5735
5735 5652
5652 5534
5968 5948
5982 5985
5981 5895
5895 5809
5809 5730
5730 5654
5654 5506
5980 6077
6077 6094
6094 6168
6168 6199
6199 6070
5979 6027
6027 5909
5909 5940
5978 5910
5910 5922
5977 5915
5925 6007
5924 5842
5923 5861
5861 5790
5790 5651
5920 5831
5831 5789
5789 5701
5701 5534
5937 5908
5908 5989
5936 5891
5891 5955
5950 5866
5866 5719
5719 5612
5949 5936
5947 5952
5946 5980
5945 5806
5806 5730
5893 5878
5878 5723
5723 5639
5639 5585
5585 5455
5890 5859
5900 5867
5867 5830
5830 5755
5899 5879
5879 5744
5897 5860
5860 5705
5906 5844
5844 5795
5795 5696
5905 5913
5918 5857
5857 5726
5726 5723
6116 6000
6113 6106
6106 6174
6174 6165
6165 6173
6173 6074
6074 6014
6112 5973
6127 6088
6088 6032
6032 5919
6126 6087
6087 5983
5983 5895
6125 6238
6238 6291
6291 6214
6214 6197
6197 6090
6090 6202
6202 6041
6041 6037
6120 6074
6132 6087
6131 6058
6058 5996
6130 6086
6086 6002
6128 6060
6060 5984
5984 6111
6111 5988
6143 6185
6185 6067
6067 6022
6022 5920
6142 6046
6046 5983
6141 6266
6266 6346
6346 6364
6364 6345
6345 6409
6409 6377
6139 6051
6051 5960
5960 5894
5894 5811
6137 6094
6083 6191
6191 6129
6093 6002
6089 6092
6103 6020
6102 6188
6188 6115
6101 6023
6023 5950
6100 6173
6099 5968
6097 5959
6096 6071
6071 6023
6109 6036
6036 5907
6105 6184
6184 6095
6095 6043
6043 5975
5975 5889
5889 5814
6054 6116
6050 5973
6049 5996
6063 6038
6038 5923
6062 5971
6057 6054
6056 6010
6069 6017
6017 5938
6066 6010
6064 6003
6079 6137
6076 6152
6152 6125
6075 6032
6073 6183
6183 6235
6016 5891
6030 5950
6029 5989
6028 5980
6025 5895
6024 5916
6035 5978
6034 5927
5927 5830
6042 6165
5734 5691
5731 5642
5642 5737
5729 5828
5828 5908
5743 5842
5740 5611
5738 5717
5717 5625
5736 5863
5863 5804
5804 5955
5750 5624
5749 5775
5775 5739
5748 5869
5869 5828
5757 5787
5787 5676
5676 5711
5711 5782
5782 5868
5868 5884
5884 5875
5875 5773
5773 5738
5703 5682
5682 5559
5699 5564
5697 5600
5707 5826
5713 5718
5722 5643
5670 5729
5669 5625
5674 5656
5684 5748
5694 5767
5767 5712
5690 5694
5689 5542
5638 5605
5634 5614
5614 5743
5640 5673
5653 5632
5649 5514
5662 5674
5661 5672
5658 5509
5856 5839
5839 5863
5865 5877
5887 5822
5886 5896
5882 6026
6026 5967
5880 5606
5606 5406
5406 5107
5107 4566
5829 5710
5837 5872
5834 5865
5845 5868
5843 5745
5745 5733
5841 5770
5770 5689
5807 5858
5803 5869
5802 5909
5813 5800
5821 5737
5762 5612
5760 5810
5772 5835
5835 5934
5934 5970
5970 6082
5769 5711
5768 5852
5783 5766
6501 6520
6520 6413
6413 6338
6338 6284
6284 6156
6156 6093
6500 6605
6605 6575
6575 6536
6536 6452
6452 6492
6492 6389
6389 6291
6499 6552
6498 6533
6533 6669
6669 6575
6497 6439
6439 6312
6312 6263
6263 6157
6157 6056
6496 6381
6381 6296
6296 6207
6207 6151
6151 6117
6117 6004
6004 5894
6511 6374
6374 6317
6317 6207
6510 6555
6555 6610
6610 6693
6507 6374
6505 6444
6444 6309
6309 6210
6210 6153
6153 6046
6504 6555
6515 6539
6539 6616
6616 6639
6639 6735
6735 6799
6514 6576
6576 6633
6633 6772
6772 6814
6814 6927
6927 6998
6998 7042
7042 7214
7214 7328
7328 7451
7451 7545
7545 7519
7519 7558
7558 7525
7525 7557
7557 7627
7627 7505
7505 7584
7584 7605
6513 6440
6440 6371
6371 6500
6512 6498
6524 6602
6602 6610
6521 6428
6428 6338
6471 6483
6483 6434
6434 6327
6327 6285
6285 6185
6470 6562
6562 6467
6467 6478
6478 6446
6446 6580
6580 6638
6638 6541
6468 6437
6437 6365
6365 6236
6236 6187
6187 6052
6052 6024
6466 6431
6431 6330
6330 6210
6479 6554
6554 6608
6477 6537
6537 6640
6640 6626
6626 6666
6476 6467
6474 6526
6473 6581
6581 6630
6630 6747
6485 6528
6528 6562
6482 6433
6433 6327
6481 6402
6402 6312
6480 6420
6420 6327
6495 6431
6489 6554
6488 6420
6436 6473
6432 6390
6390 6417
6417 6322
6322 6291
6447 6503
6448 6405
6405 6361
6361 6246
6246 6157
6462 6457
6457 6387
6461 6452
6459 6398
6398 6359
6359 6349
6349 6228
6228 6146
6146 6063
6456 6583
6583 6668
6668 6562
6407 6460
6460 6526
6404 6387
6415 6470
6411 6474
6410 6367
6367 6327
6423 6332
6332 6241
6241 6159
6159 6116
6421 6460
6419 6330
6416 6309
6430 6472
6472 6536
6426 6334
6334 6263
6424 6446
6631 6540
6540 6468
6629 6536
6628 6595
6595 6469
6469 6444
6627 6542
6542 6521
6624 6547
6547 6511
6637 6754
6754 6731
6731 6859
6859 6977
6977 7144
7144 7212
6636 6544
6544 6503
6635 6623
6623 6611
6611 6612
6612 6638
6632 6557
6557 6480
6646 6693
6642 6571
6571 6488
6655 6585
6585 6478
6654 6564
6564 6507
6653 6594
6594 6497
6651 6574
6574 6462
6650 6669
6599 6545
6545 6544
6593 6497
6592 6610
6607 6466
6606 6633
6604 6676
6676 6708
6708 6808
6808 6906
6906 6870
6870 6979
6603 6511
6613 6542
6609 6667
6667 6803
6803 6823
6823 6848
6848 6869
6869 6897
6897 7007
7007 6938
6938 7056
7056 7159
7159 7190
7190 7156
7156 7224
7224 7260
7260 7353
7353 7282
7282 7380
7380 7402
7402 7481
7481 7442
7442 7567
7567 7441
7441 7550
7550 7469
7469 7403
7403 7303
6622 6664
6664 6665
6665 6650
6621 6603
6620 6702
6702 6776
6776 6927
6618 6544
6617 6731
6565 6466
6560 6583
6573 6650
6570 6520
6582 6511
6579 6512
6578 6501
6591 6637
6590 6456
6535 6483
6534 6491
6491 6587
6587 6502
6502 6487
6487 6438
6438 6384
6384 6295
6295 6329
6329 6282
6282 6206
6206 6043
6532 6684
6531 6674
6674 6753
6753 6880
6880 7008
7008 7049
7049 7031
7031 7141
7141 7152
7152 7203
7203 7253
7253 7336
7336 7478
7478 7493
7493 7580
7580 7717
7717 7750
7750 7684
7684 7773
7773 7816
6530 6520
6551 6482
6550 6446
6549 6658
6658 6764
6764 6838
6838 6870
6548 6498
6546 6637
6556 6448
6553 6468
6247 6260
6260 6368
6368 6332
6245 6320
6320 6421
6243 6185
6255 6316
6316 6418
6418 6394
6254 6195
6195 6283
6283 6350
6350 6298
6298 6270
6270 6238
6253 6132
6252 6162
6162 6088
6262 6199
6261 6144
6144 6064
6259 6347
6347 6254
6258 6125
6257 6192
6192 6105
6271 6153
6269 6166
6166 6061
6061 6006
6268 6200
6200 6050
6267 6162
6213 6156
6212 6341
6341 6250
6250 6301
6301 6262
6209 6153
6208 6258
6222 6189
6220 6283
6219 6132
6217 6167
6216 6250
6229 6151
6226 6344
6344 6341
6224 6178
6178 6189
6239 6303
6234 6202
6180 6208
6177 6287
6287 6303
6176 6159
6196 6056
6204 6058
6201 6101
6147 6184
6155 6067
6154 6216
6160 6112
6175 6287
6171 6075
6170 6152
6169 6212
6372 6449
6449 6575
6369 6515
6383 6478
6382 6353
6353 6354
6380 6499
6379 6484
6484 6555
6378 6485
6388 6474
6385 6409
6399 6467
6396 6476
6395 6319
6319 6219
6392 6349
6343 6238
6339 6268
6351 6267
6356 6273
6273 6156
6355 6229
6362 6350
6360 6325
6310 6220
6304 6271
6318 6424
6315 6243
6326 6222
6331 6210
6328 6399
6279 6223
6223 6198
6198 6203
6203 6089
6278 6262
6275 6249
6272 6127
6280 6173
6293 6275
6292 6326
6289 6205
6205 6101
6300 6362
7015 6996
6996 6886
6886 6846
6846 6734
6734 6683
6683 6557
7014 7166
7166 7182
7182 7280
7012 6959
6959 6871
6871 6847
6847 6727
6727 6681
6681 6570
7011 7019
7019 7144
7010 7021
7021 7144
7009 7088
7088 7244
7016 7033
7033 7032
7028 6952
6952 6931
6931 7062
7062 7112
7112 7125
7125 7179
7179 7292
7292 7189
7189 7256
7256 7225
7225 7157
7157 7180
7180 7163
7027 7031
7025 7105
7039 6955
6955 6917
6917 6824
6824 6746
6746 6653
7038 6955
7035 6959
7034 7038
6982 6952
6981 7047
7047 7126
6980 6995
6978 7072
7072 7117
7117 7196
7196 7278
7278 7385
6976 7055
7055 7060
7060 7098
7098 7184
7184 7272
7272 7278
6991 7077
7077 7161
7161 7220
7220 7264
7264 7344
7344 7411
7411 7559
7559 7596
6984 7049
6993 6982
6992 7019
7006 6897
7002 6879
6879 6794
6794 6756
6756 6613
7000 6953
6953 6857
6857 6784
6784 6899
6899 6963
6963 7076
7076 7077
6951 7049
6950 6856
6856 6843
6843 6847
6945 7019
6954 6865
6865 6826
6826 6732
6732 6629
6967 6892
6892 6815
6815 6768
6768 6657
6657 6535
6965 7060
6962 6866
6866 6789
6789 6766
6766 6642
6961 7086
7086 7126
6960 6917
6974 6862
6862 6893
6893 6796
6796 6745
6745 6811
6811 6721
6973 6949
6949 7003
6968 7025
6919 6817
6817 6833
6915 6976
6914 6824
6926 6891
6891 6929
6929 6931
6924 6984
6921 6840
6840 6743
6743 6665
6934 6871
6933 6989
6989 6912
6912 6940
6940 6922
6932 6863
6863 6813
6813 6771
6771 6732
6930 7005
7005 7096
7096 7214
6943 6933
6942 6890
6890 6816
6816 6734
7140 7113
7113 7195
7195 7098
7137 7069
7069 6942
7150 7177
7177 7288
7146 7098
7165 7174
7174 7224
7160 7035
7111 7132
7132 7183
7183 7238
7238 7181
7181 7319
7319 7335
7335 7328
7110 7217
7217 7254
7254 7386
7386 7451
7119 7012
7124 7116
7116 7221
7221 7109
7109 7090
7090 7023
7023 6948
6948 6925
6925 6793
6793 6714
6714 6636
7122 7015
7121 7094
7094 7038
7129 7102
7102 7141
7075 7156
7073 7155
7155 7181
7081 7056
7080 6967
7092 7124
7089 7061
7061 7113
7103 7161
7045 7066
7066 7154
7154 7058
7041 7064
7064 6959
7053 7073
7052 6941
6941 7073
7050 6943
7048 6989
7063 7062
7070 6940
6757 6631
6752 6686
6686 6556
6767 6796
6763 6650
6761 6627
6773 6748
6748 6660
6660 6603
6782 6894
6894 7085
7085 7096
6781 6757
6780 6911
6911 6981
6779 6725
6725 6660
6778 6861
6861 7008
6777 6861
6730 6799
6728 6659
6659 6564
6742 6745
6740 6664
6738 6823
6736 6805
6805 6908
6908 6994
6750 6778
6749 6801
6801 6900
6900 6881
6691 6727
6690 6721
6689 6622
6701 6787
6787 6888
6888 7085
6700 6638
6699 6788
6788 6878
6698 6830
6830 6893
6697 6780
6696 6635
6710 6675
6675 6593
6709 6631
6707 6632
6706 6611
6705 6791
6791 6904
6904 6911
6719 6820
6820 6861
6718 6777
6717 6849
6849 6853
6853 6991
6716 6659
6715 6770
6712 6706
6663 6681
6671 6699
6677 6797
6797 6885
6885 6956
6956 7071
7071 7118
7118 7214
6672 6739
6739 6810
6682 6749
6680 6753
6882 6809
6809 6746
6889 6919
6901 6899
6905 6874
6874 6936
6852 6916
6916 6806
6806 6897
6851 6984
6858 6847
6868 6994
6877 6804
6804 6813
6876 6977
6873 6961
6872 6915
6822 6727
6831 6690
6839 6746
6834 6896
6896 6998
6844 6862
6841 6796
6786 6845
6800 6859
6812 6716
7521 7613
7613 7559
7535 7505
7528 7457
7457 7414
7541 7645
7645 7706
7706 7734
7734 7755
7755 7754
7754 7842
7842 7860
7860 7929
7929 7964
7964 7907
7540 7519
7538 7498
7498 7436
7436 7468
7536 7503
7503 7465
7465 7390
7390 7463
7463 7373
7548 7499
7499 7595
7595 7600
7600 7521
7546 7496
7496 7639
7639 7652
7652 7503
7495 7463
7490 7408
7408 7284
7284 7226
7226 7221
7502 7605
7497 7581
7581 7610
7610 7660
7660 7727
7727 7655
7655 7612
7510 7651
7651 7621
7621 7646
7646 7496
7518 7455
7455 7349
7349 7258
7258 7221
7517 7449
7449 7402
7516 7561
7561 7608
7608 7633
7633 7534
7534 7582
7582 7565
7565 7567
7462 7527
7527 7593
7593 7634
7634 7575
7461 7371
7371 7355
7355 7353
7459 7436
7470 7559
7467 7363
7363 7339
7339 7448
7448 7414
7474 7496
7486 7546
7483 7453
7453 7563
7563 7575
7482 7347
7347 7393
7393 7377
7377 7483
7429 7498
7428 7437
7437 7553
7553 7560
7560 7458
7458 7561
7425 7419
7419 7362
7362 7462
7439 7358
7358 7320
7435 7339
7434 7463
7440 7448
7454 7462
7654 7575
7650 7584
7649 7694
7694 7619
7619 7691
7691 7647
7647 7700
7700 7676
7676 7789
7789 7822
7822 7920
7920 7841
7841 7937
7937 7867
7867 7915
7915 7919
7919 7988
7988 7952
7952 7990
7990 7924
7924 7892
7892 7929
7661 7645
7668 7596
7667 7680
7665 7796
7796 7854
7854 7841
7664 7713
7713 7741
7741 7785
7785 7707
7707 7705
7705 7606
7606 7636
7636 7530
7530 7456
7456 7469
7679 7700
7678 7711
7711 7623
7623 7705
7675 7587
7587 7637
7637 7645
7674 7610
7618 7653
7653 7529
7529 7533
7533 7430
7617 7628
7628 7560
7629 7619
7626 7608
7644 7647
7590 7639
7588 7612
7599 7588
7603 7626
7614 7603
7556 7564
7564 7546
7555 7652
7554 7623
7562 7632
7632 7702
7702 7728
7728 7803
7574 7397
7397 7257
7257 7227
7227 7162
7162 7142
7142 7048
7568 7583
7583 7571
7571 7610
7268 7329
7329 7334
7334 7437
7267 7283
7283 7390
7266 7176
7176 7199
7265 7252
7252 7270
7270 7405
7281 7188
7188 7134
7134 7064
7290 7407
7407 7336
7239 7220
7232 7261
7261 7344
7246 7382
7382 7304
7304 7339
7242 7270
7241 7160
7240 7116
7251 7293
7293 7376
7376 7352
7352 7255
7255 7187
7187 7212
7248 7369
7369 7329
7262 7398
7398 7371
7204 7145
7145 7159
7202 7290
7200 7137
7213 7125
7210 7184
7209 7179
7222 7321
7321 7448
7219 7202
7230 7190
7173 7104
7104 7155
7171 7198
7170 7222
7169 7321
7168 7213
7186 7180
7193 7271
7271 7341
7341 7464
7464 7415
7415 7526
7526 7604
7604 7684
7396 7382
7394 7281
7392 7459
7423 7505
7420 7368
7366 7442
7361 7396
7374 7486
7378 7470
7387 7429
7350 7449
7359 7398
7298 7264
7297 7319
7296 7179
7311 7406
7406 7447
7447 7315
7318 7290
7316 7334
7314 7304
7327 7430
7326 7347
7322 7355
8038 8019
8019 7970
7970 7951
7951 7886
7886 7948
7948 7884
7884 7920
8036 7951
8035 7946
7946 7999
7999 8030
8030 8056
8056 8129
8129 8113
8113 8151
8151 8177
8177 8152
8152 8157
8157 8143
8143 8218
8218 8240
8240 8275
8275 8333
8333 8293
8293 8291
8291 8253
8253 8214
8214 8168
8168 8098
8098 8178
8178 8185
8185 8146
8146 8122
8122 8076
8076 8079
8079 8117
8117 8127
8127 8058
8058 8031
8031 8013
8013 7964
8032 8075
8075 8053
8053 8102
8102 8137
8137 8157
8047 8015
8015 8053
8045 7948
8044 8000
8000 7987
7987 7959
7959 7906
7906 7900
7900 7931
7931 7973
7973 8019
8062 8097
8097 8130
8130 8070
8070 8051
8051 8021
8021 8073
8073 8098
8060 8013
8059 8089
8089 8002
8002 8038
8057 8099
8099 8180
8180 8140
8140 8168
8006 8014
8014 8088
8088 8062
8004 8041
8041 8010
8010 7990
8011 7971
7971 7910
7910 7946
8008 7999
8020 8004
8018 8028
8028 8023
8023 8009
8009 7941
7941 7923
7923 7856
7856 7809
7809 7740
8016 7957
7957 7950
7950 7955
7955 7988
8026 8047
7972 7926
7926 7893
7893 7875
7875 7975
7975 7898
7898 7820
7820 7826
7826 7900
7982 7900
7979 7970
7977 8052
8052 8028
7976 7942
7942 7975
7991 7976
7989 8030
7986 7944
7944 7922
7922 7899
7899 7808
7808 7856
7984 8002
7998 7977
7997 7909
7909 7853
7853 7893
7995 7891
7891 7810
7810 7788
7994 8008
7947 7880
7880 7916
7916 7940
7940 7899
7945 7973
7958 8037
8037 8066
8066 8076
7956 7978
7978 8034
8034 8016
7961 7904
7904 7956
7960 7935
7935 7810
8165 8129
8162 8151
8161 8117
8160 8145
8145 8186
8186 8222
8222 8214
8174 8135
8135 8129
8172 8190
8190 8202
8202 8196
8196 8145
8171 8113
8182 8216
8216 8177
8181 8209
8209 8219
8219 8184
8184 8206
8206 8192
8192 8232
8232 8148
8148 8166
8166 8224
8224 8170
8170 8223
8223 8153
8153 8139
8139 8212
8212 8208
8208 8171
8188 8198
8198 8141
8141 8147
8187 8143
8131 8160
8128 8126
8126 8142
8142 8150
8150 8097
8138 8072
8072 8103
8103 8148
8149 8141
8144 8127
8159 8220
8220 8245
8245 8204
8204 8161
8155 8123
8123 8060
8111 8165
8109 8084
8084 8135
8108 8150
8105 8159
8104 8102
8119 8080
8080 8084
8112 8117
8121 8169
8169 8153
8071 8065
8065 8048
8048 8020
8069 8036
8078 8058
8090 8109
7783 7664
7778 7742
7798 7792
7792 7829
7829 7903
7903 7874
7874 7951
7794 7708
7801 7874
7751 7810
7749 7770
7770 7851
7851 7921
7921 7866
7866 7842
7748 7705
7744 7665
7759 7817
7817 7785
7758 7764
7764 7744
7752 7737
7737 7688
7688 7618
7766 7761
7761 7752
7762 7868
7868 7811
7811 7744
7775 7759
7769 7778
7768 7736
7736 7767
7767 7820
7716 7649
7715 7629
7712 7650
7725 7661
7724 7751
7721 7775
7733 7856
7731 7768
7730 7801
7685 7692
7692 7630
7630 7494
7494 7553
7682 7660
7690 7669
7699 7668
7698 7652
7709 7691
7917 7909
7927 7801
7934 7947
7872 7809
7885 7817
7894 7845
7845 7797
7889 7950
7902 7937
7897 7828
7855 7808
7850 7828
7848 7829
7863 7853
7858 7889
7864 7822
7815 7817
7814 7851
7812 7753
7823 7789
7818 7771
7771 7721
7831 7815
7838 7909
7837 7775
7833 7792
359 393
393 407
358 428
357 364
364 407
356 392
392 428
355 371
371 406
353 288
352 367
367 407
366 434
434 474
474 493
493 516
516 528
528 532
532 510
510 479
479 476
476 491
491 513
513 498
498 466
466 428
365 410
362 405
405 451
451 450
450 470
470 510
373 425
425 418
418 409
409 392
8549 8499
8499 8476
8476 8459
8459 8417
8417 8374
8374 8355
8355 8338
8338 8302
8302 8261
372 402
402 448
8548 8497
8497 8468
8468 8446
8446 8423
8423 8384
8384 8342
8342 8324
8324 8273
8273 8266
8266 8195
8195 8144
8547 8491
8491 8517
8517 8474
8474 8473
8473 8478
8478 8485
8485 8489
8489 8449
8449 8430
8430 8416
8416 8395
8395 8368
8368 8308
8308 8326
8326 8290
8290 8265
8265 8207
8207 8204
370 416
416 471
471 506
506 531
8546 8515
8515 8526
8526 8472
8472 8433
8433 8413
8413 8391
8391 8357
8357 8310
8310 8289
8289 8281
8281 8235
8235 8198
369 401
401 471
383 401
8559 8561
8561 8507
8507 8486
8486 8467
8467 8432
8432 8466
8466 8448
8448 8442
8442 8473
382 337
337 373
381 373
8558 8461
8461 8460
380 440
440 477
477 446
446 437
437 414
414 407
379 384
378 428
8553 8559
376 440
8552 8543
8543 8509
8509 8466
327 389
389 394
394 409
8567 8518
8518 8473
326 372
8566 8510
8510 8490
8490 8430
324 398
398 405
8564 8525
8525 8485
8563 8533
8533 8510
8562 8528
321 292
320 326
8560 8528
335 382
8575 8564
334 391
391 414
8574 8508
8508 8528
8573 8500
8500 8476
332 387
387 438
438 440
8572 8602
8602 8590
8590 8646
8646 8615
8615 8644
8644 8575
8571 8589
8589 8540
8540 8513
8513 8525
330 393
8570 8496
8496 8477
8477 8457
8457 8406
8406 8380
8380 8348
8348 8330
8330 8278
8278 8245
329 379
328 292
8569 8499
343 376
341 337
340 369
8516 8467
336 303
303 305
305 327
8512 8470
8470 8443
8443 8417
351 367
350 380
8527 8484
8484 8445
8445 8409
8409 8378
8378 8349
348 300
300 343
8523 8463
8463 8450
8450 8412
8412 8397
8397 8355
346 384
8522 8507
8520 8509
295 345
345 392
8535 8502
8502 8553
294 332
8534 8526
8532 8512
290 300
289 357
8530 8495
8495 8460
8529 8471
302 352
301 346
298 352
8539 8519
8519 8460
297 301
8537 8498
8498 8464
8464 8445
8536 8587
8587 8653
8653 8605
8605 8572
311 328
8487 8486
310 334
308 330
307 352
306 325
325 365
8483 8451
8451 8409
8482 8466
8481 8439
8439 8405
8405 8382
8382 8347
8347 8326
8480 8442
319 301
318 351
316 288
8492 8481
315 350
312 355
8488 8472
263 268
268 269
259 255
255 243
243 219
219 194
266 259
8505 8510
264 231
231 209
279 307
8455 8432
278 313
313 297
8454 8440
8452 8485
287 359
8462 8471
284 293
293 347
347 388
388 459
459 501
501 530
530 559
559 574
574 590
590 606
606 652
652 855
8458 8449
280 312
487 500
500 493
486 523
523 548
548 576
576 590
485 523
484 514
514 508
508 511
511 521
521 547
547 526
526 516
481 428
8465 8502
480 479
8479 8487
494 523
8475 8447
8447 8412
488 516
503 498
8678 8751
8751 8693
8693 8690
8690 8753
8753 8726
8726 8681
8681 8646
8677 8645
8645 8617
8617 8612
8612 8533
8676 8624
8624 8616
499 531
8674 8641
8641 8610
8610 8574
8673 8648
8648 8611
8687 8650
8650 8587
8686 8692
8692 8631
8631 8588
8588 8566
8685 8641
8684 8620
8620 8613
8613 8562
507 532
8682 8713
8713 8663
8663 8635
8635 8641
505 466
8680 8661
8661 8596
8596 8549
454 502
502 483
483 453
453 505
8695 8651
8651 8606
8606 8539
8694 8639
8639 8591
8591 8532
452 485
8689 8647
8647 8606
8688 8662
463 457
457 474
8703 8629
8629 8596
462 481
461 486
8699 8631
458 418
8698 8625
8625 8590
8696 8644
468 488
8643 8600
8600 8548
465 503
464 499
8640 8704
8704 8681
8655 8612
8654 8598
8598 8568
8568 8519
8652 8578
8578 8570
475 491
473 485
8649 8610
472 506
422 476
419 373
8660 8687
417 461
8671 8687
430 474
8669 8623
8623 8674
8668 8653
8667 8624
8666 8627
8627 8589
424 404
8664 8632
8632 8606
436 411
411 470
435 471
432 427
447 437
8622 8646
8621 8611
443 432
441 449
390 387
8630 8640
386 415
415 450
8626 8653
385 415
397 379
396 411
395 422
8583 8561
8581 8532
8580 8562
403 438
8579 8569
413 425
8584 8546
8599 8568
8594 8602
8592 8569
8604 8615
8603 8534
8292 8274
8274 8228
8228 8288
8288 8230
8230 8277
8277 8258
8258 8218
8303 8301
8301 8231
8231 8298
8298 8293
8299 8272
8272 8236
8236 8244
8244 8216
8297 8234
8234 8197
8197 8155
8296 8277
8311 8286
8286 8326
8309 8333
8306 8274
8304 8303
8317 8322
8322 8275
8316 8304
8315 8311
8314 8288
8313 8314
8312 8296
8260 8235
8259 8236
8271 8225
8225 8227
8227 8193
8193 8239
8239 8267
8267 8208
8269 8191
8191 8166
8268 8255
8255 8221
8221 8147
8264 8258
8276 8299
8283 8288
8233 8254
8254 8291
8243 8240
8252 8265
8251 8163
8163 8096
8096 8132
8248 8210
8210 8187
8194 8152
8205 8262
8262 8253
8203 8218
8200 8244
227 246
246 247
247 250
250 263
8211 8212
233 224
8422 8394
8394 8419
8419 8375
8375 8400
8400 8388
8388 8362
8362 8361
8361 8328
8328 8350
8350 8311
8421 8397
8418 8434
8434 8478
241 243
240 210
210 209
8431 8428
8428 8438
8438 8455
254 231
253 264
8429 8444
8444 8448
8427 8400
8426 8449
8425 8422
8437 8458
196 187
187 190
190 191
191 203
203 184
184 205
8435 8423
192 205
204 190
202 185
185 167
167 156
156 161
161 175
175 184
8441 8486
215 218
214 201
8390 8343
8343 8335
8335 8310
213 215
8389 8370
8370 8395
8387 8344
8344 8327
8327 8281
8386 8367
8367 8312
8398 8386
221 208
8392 8364
8364 8339
8339 8316
8407 8372
8372 8369
8369 8351
8351 8367
8404 8392
8403 8416
8402 8383
8383 8377
8377 8356
8356 8321
8321 8317
160 167
8401 8378
173 194
171 191
8411 8389
170 156
169 171
8408 8410
183 201
8358 8350
8354 8333
177 203
8353 8341
8341 8306
8352 8309
8366 8317
189 209
8365 8332
8332 8291
188 194
186 194
8371 8388
8381 8375
8379 8361
8376 8394
8325 8280
8280 8256
8256 8285
8285 8229
8229 8241
8241 8185
147 153
153 154
154 184
144 156
8320 8306
871 911
911 907
907 922
922 933
933 937
937 1028
1028 1067
1067 1126
1126 1118
1118 1131
1131 1183
1183 1220
1220 1273
1273 1390
1390 1548
1548 1598
1598 1653
1653 1717
1717 1801
1801 2031
2031 2172
2172 2360
2360 2518
2518 2644
870 933
868 920
920 877
877 832
832 863
863 910
910 951
951 964
964 999
999 991
991 985
985 955
955 905
905 875
875 828
828 812
812 788
788 802
802 778
778 758
758 724
724 714
714 705
705 697
697 693
693 672
672 682
682 635
635 761
761 772
772 797
797 811
811 836
836 860
860 929
929 966
966 981
981 1019
1019 1016
1016 1103
1103 1156
1156 1204
1204 1296
1296 1342
1342 1476
1476 1444
1444 1430
1430 1484
1484 1548
8340 8322
867 890
890 878
878 892
892 919
919 960
960 1000
1000 1022
1022 1045
1045 1033
1033 1058
1058 1074
1074 1032
1032 975
975 985
866 915
915 940
940 982
982 1026
1026 1050
1050 1146
1146 1162
1162 1217
1217 1294
1294 1352
1352 1479
1479 1534
1534 1608
1608 1731
1731 1898
1898 2078
865 905
864 846
846 812
8336 8329
8329 8272
876 837
837 836
874 909
909 905
8346 8316
873 911
8345 8323
872 874
887 890
9063 9006
9006 8912
8912 8882
8882 8834
8834 8784
8784 8724
8724 8664
886 898
898 962
962 987
987 1014
1014 1081
1081 1100
1100 1165
1165 1223
1223 1326
1326 1353
1353 1458
1458 1554
1554 1594
1594 1731
885 863
9061 8984
8984 8914
8914 8863
8863 8818
8818 8771
8771 8737
8737 8685
883 906
906 946
946 991
9059 9067
9067 9011
9011 8931
8931 8938
8938 8872
8872 8814
8814 8899
8899 8926
8926 8999
8999 9027
9027 9055
9055 8964
8964 8948
8948 8860
8860 8806
8806 8787
8787 8788
8788 8726
881 877
9057 8980
8980 8959
8959 8859
8859 8822
8822 8761
8761 8740
8740 8694
880 864
9056 8983
8983 8941
8941 8895
8895 8836
8836 8805
8805 8783
8783 8756
8756 8773
8773 8729
8729 8677
895 875
893 928
928 936
936 959
959 947
947 989
989 996
996 963
963 1003
1003 1016
9069 8990
8990 8937
8937 8905
8905 8850
8850 8778
891 860
9066 9028
9028 8985
8985 8946
8946 8866
8866 8808
8808 8774
8774 8718
8718 8713
889 949
949 930
930 894
894 947
9065 8998
8998 8942
8942 8903
8903 8847
8847 8758
8758 8735
8735 8692
888 919
9064 9008
9008 8945
8945 8878
8878 8829
8829 8767
8767 8724
839 879
879 944
944 998
998 1014
9079 9065
838 846
9078 9193
9193 9133
9133 9027
9077 9041
9041 9005
9005 8925
8925 8894
8894 8818
9076 9107
9107 9133
9075 8988
8988 8916
8916 8877
8877 8817
8817 8794
8794 8740
9074 8990
833 820
820 837
9073 8984
847 870
9087 9070
845 883
844 875
843 844
842 832
840 879
9080 9040
9040 8975
8975 8942
9031 9049
9049 8962
8962 8933
8933 8942
854 1091
1091 1418
1418 1851
1851 2537
2537 2543
853 1087
9029 8971
8971 8960
8960 8884
8884 8837
9025 8969
9039 8990
862 867
9038 9012
9012 8956
8956 8854
8854 8832
8832 8789
8789 8724
9037 8970
8970 8934
8934 8882
859 857
857 1087
9035 9133
9034 8973
8973 8911
8911 8897
8897 8823
8823 8855
8855 8954
8954 8893
8893 8940
8940 8896
8896 8948
9033 8992
8992 8923
8923 8944
8944 8909
8909 8898
8898 8824
8824 8773
9032 8980
807 828
806 824
824 937
805 827
827 834
834 877
804 807
803 743
743 853
9042 8986
8986 8912
801 823
823 826
826 873
800 812
815 812
813 893
9054 8972
8972 8947
9053 9006
9052 9072
9072 9019
9019 9078
809 842
9050 9027
9048 8979
8979 8973
821 845
8997 8956
8996 8999
819 839
818 832
8995 8972
816 860
831 879
830 837
9007 9019
829 882
882 916
916 964
9002 8961
8961 8888
8888 8850
825 887
9000 9016
9016 9067
775 814
814 835
835 883
9014 9005
9013 8964
771 774
774 757
757 734
734 730
730 705
9010 8909
9009 8917
8917 8858
8858 8841
8841 8776
8776 8713
768 790
790 810
810 830
9023 8966
8966 8937
9022 8970
781 816
9021 9009
9020 8963
8963 9010
779 775
777 748
748 735
735 706
706 704
704 705
9018 8947
776 784
784 788
9017 8886
8886 8865
8865 8908
8908 8939
8939 8887
8887 8919
8919 8935
8935 8924
8924 8852
8852 8889
8889 8830
8830 8902
8902 8828
8828 8897
8967 9055
789 777
8965 9035
787 778
786 821
785 878
799 814
796 816
795 808
808 831
793 820
792 790
8982 8914
997 934
934 960
995 1033
994 955
8978 8934
993 983
983 1028
8977 9011
992 1027
1027 1078
1078 1132
1132 1154
1154 1222
1222 1308
1308 1352
8976 8927
8927 8881
8881 8817
1007 1010
1010 1141
1141 1152
1152 1228
1228 1289
1289 1357
1357 1472
1472 1529
1529 1596
1596 1743
1743 1793
1793 1952
1952 2013
2013 2078
8991 8985
1006 935
935 905
1005 976
976 1004
1004 1029
1029 991
8989 8943
8943 8926
8987 8959
1002 935
1001 1014
1015 1055
1055 1115
1115 1064
1064 1059
1059 1058
9191 9122
9122 9037
9190 9121
9121 9022
1013 999
1012 985
9188 9107
9186 9099
9099 9038
1009 1155
1155 1247
1247 1319
1319 1381
1381 1423
1423 1577
1577 1593
1593 1716
1716 1788
1788 1915
1915 2022
2022 2057
2057 2220
2220 2358
2358 2448
2448 2552
2552 2802
1008 1053
1053 1200
1200 1258
1258 1267
1267 1372
1372 1441
1441 1528
1528 1653
9184 9097
9097 9023
1023 1006
1021 1015
1020 1081
9196 9188
9195 9095
9095 9043
9043 9015
1017 994
9192 9091
9091 9063
967 1141
9207 9192
9206 9144
9144 9165
9165 9116
9116 9028
965 954
954 904
904 865
9205 9142
9142 9100
9100 9042
9203 9166
9166 9118
9118 9049
9201 9190
9200 9175
9175 9151
9151 9109
9109 9054
9215 9192
974 1049
1049 1110
1110 1215
1215 1323
1323 1341
1341 1357
9214 9157
9157 9130
9130 9032
973 1416
1416 1408
972 1413
1413 1853
1853 1855
1855 2544
2544 3232
9213 9161
9161 9096
9096 9188
9212 9151
9211 9220
9220 9152
9152 9134
9134 9033
9210 9169
9169 9093
9093 9077
9209 9273
9273 9216
9216 9244
9244 9188
9208 9266
9266 9296
9296 9199
9199 9209
9158 9136
980 1024
1024 1050
979 995
9155 9161
978 1024
9154 9089
9089 9039
977 1000
9153 9166
988 1026
986 1015
9162 9170
9170 9171
9171 9132
9132 9155
984 989
9160 9155
9172 9100
943 980
9183 9130
942 1001
941 955
9182 9126
9126 9041
9181 9126
9180 9101
9101 9073
9179 9120
9120 9070
938 910
9178 9152
9176 9080
950 951
948 988
9124 9171
9123 9132
945 995
9135 9162
958 986
956 945
9131 9055
953 978
952 997
9128 9025
9143 9117
9117 9023
902 929
901 950
9141 9081
900 940
9140 9169
899 841
841 812
9139 9129
897 962
9137 9116
896 919
9149 9079
908 926
926 892
918 965
9094 9067
917 945
9092 9113
9113 9096
9090 9029
913 961
961 983
912 864
9103 9031
9102 9063
925 938
924 923
923 904
921 953
9111 9061
614 652
9110 9134
612 656
656 743
9108 9039
609 652
9104 9103
623 634
634 637
637 662
662 679
679 691
691 714
621 624
624 644
644 634
620 625
625 631
631 673
673 685
685 708
708 733
733 775
619 627
627 642
642 662
618 631
9114 9021
616 650
650 747
747 853
9112 9022
8807 8767
630 637
629 634
8804 8791
8791 8715
8715 8698
8803 8775
8775 8738
8738 8712
8712 8668
626 632
632 637
8802 8871
8871 8803
8801 8739
8739 8673
639 635
8815 8893
638 637
8812 8794
8811 8779
8779 8730
8730 8694
633 629
8809 8789
582 564
564 543
543 546
546 545
545 558
558 532
8821 8771
8819 8786
8786 8751
578 596
596 606
8816 8819
8831 8756
8827 8778
8826 8758
585 614
598 582
597 582
8772 8746
8746 8667
595 609
8770 8722
8722 8676
592 606
8768 8710
8710 8701
8701 8651
8781 8708
8708 8699
604 650
8780 8791
602 618
601 621
551 578
550 539
539 532
544 521
8799 8712
557 546
8796 8823
555 578
553 574
8793 8774
552 581
581 628
628 651
651 745
8792 8740
8743 8673
565 564
8741 8701
563 546
561 581
8736 8729
8749 8686
8748 8796
571 584
570 592
8745 8689
518 516
517 552
8755 8802
512 477
527 561
8766 8723
8723 8676
8765 8731
8731 8685
524 530
8764 8714
8714 8674
520 552
8760 8758
8711 8736
8709 8787
8707 8796
529 548
542 532
540 532
538 502
8727 8687
737 857
8734 8680
749 718
718 735
8732 8695
744 853
8728 8776
8932 8903
8930 8949
8949 8931
8929 8876
8876 8835
8835 8793
767 719
719 696
696 676
676 672
766 781
765 720
720 721
721 726
726 702
702 735
764 775
762 769
769 793
8936 8894
8951 8905
710 766
8950 8859
709 726
707 733
8958 8904
8904 8896
717 764
715 795
8955 8856
8856 8833
8833 8764
713 725
725 779
8953 8943
712 691
8952 8890
8890 8807
727 766
8901 8811
8900 8807
723 753
753 772
731 697
729 719
728 701
701 692
692 683
683 688
688 699
699 706
678 679
8918 8878
677 704
675 695
695 714
674 684
684 672
8913 8879
8879 8759
8759 8797
687 717
686 707
8922 8864
8864 8848
8848 8770
681 659
659 662
8921 8873
8873 8860
680 682
694 710
8870 8848
8868 8902
690 711
711 752
752 799
8867 8935
689 635
703 718
700 687
698 688
8874 8839
8839 8750
8750 8733
647 747
8885 8939
8883 8824
641 640
640 635
8880 8805
663 635
661 663
660 679
658 617
617 600
600 580
580 549
549 564
657 744
670 674
669 693
668 661
8844 8760
667 684
8842 8771
665 659
664 672
8840 8804
8853 8818
1380 1489
1489 1523
1523 1594
8851 8915
8915 8924
8849 8770
8862 8826
1389 1347
1347 1438
1438 1513
1513 1560
1560 1478
1478 1461
1461 1340
1340 1427
1427 1476
1388 1442
1442 1523
8857 8898
9575 9554
9554 9477
9574 9538
9538 9596
9596 9539
9539 9613
9613 9573
9573 9503
9503 9588
9588 9505
9505 9472
9472 9393
9393 9383
9383 9455
9455 9422
9422 9347
9347 9261
9261 9213
1396 1455
1455 1522
1522 1558
1558 1495
1495 1378
1378 1340
9572 9521
9521 9497
9497 9404
9404 9334
9334 9317
9317 9212
1394 1496
1496 1534
9570 9544
9544 9481
9481 9415
9415 9342
9342 9316
9316 9245
9245 9154
1406 1096
1096 1415
1415 1855
9582 9531
9531 9461
9580 9536
9536 9493
9493 9412
9412 9354
9354 9272
9272 9205
1403 1479
9579 9510
9510 9471
9471 9412
9578 9591
9591 9523
9523 9501
9501 9419
9419 9388
9388 9377
9377 9308
9308 9253
9253 9182
9577 9540
9540 9480
9480 9407
1351 1312
1312 1355
1355 1478
9590 9521
1349 1203
1203 1172
1172 1080
1080 994
1348 1451
1451 1556
1556 1618
1618 1513
9584 9536
9598 9528
9597 9555
9555 9461
9594 9516
9516 9451
9451 9433
9433 9377
9593 9552
9552 9457
9457 9394
9394 9352
9550 9475
9475 9388
9549 9448
9448 9440
9440 9395
9395 9348
9348 9291
9291 9250
9250 9163
9163 9131
1370 1442
9559 9457
9557 9444
9444 9381
9381 9357
9357 9294
9294 9206
9556 9441
9441 9439
9439 9365
9365 9267
9267 9237
9237 9139
1313 1371
1371 1479
9566 9529
9529 9530
9530 9608
9608 9596
9563 9509
9509 9484
9484 9416
9416 9356
9356 9286
9286 9203
9561 9495
9495 9414
9414 9381
1333 1380
1332 1353
9508 9492
9492 9391
9507 9562
1339 1462
1462 1555
1555 1591
1591 1731
9515 9474
9474 9530
9512 9444
9527 9585
9585 9514
9514 9483
9483 9413
9413 9368
9368 9341
9341 9306
9306 9224
9224 9166
9526 9456
9456 9403
9403 9331
9331 9297
1285 1219
1219 1282
1282 1351
9525 9499
9499 9390
9524 9456
9522 9467
9467 9455
9520 9442
9535 9449
9449 9400
9400 9336
9336 9280
9280 9229
9229 9247
1301 1203
9476 9458
9458 9410
9410 9374
9374 9268
9268 9244
9487 9473
9473 9453
9453 9420
9420 9344
9344 9337
9337 9289
9289 9208
1309 1243
1243 1113
1113 1054
1054 1006
9485 9418
1304 1401
1401 1563
1563 1708
1708 1800
1800 1801
1508 1651
1651 1736
1736 1731
9489 9538
9488 9539
9502 9470
9470 9382
9382 9370
9498 9387
9387 9483
9496 9412
9699 9665
1521 1616
1616 1700
1700 1690
1690 1779
1779 1898
1535 1640
1640 1641
1641 1692
1692 1831
1831 1874
1874 2045
1530 1509
1509 1516
1516 1609
1609 1699
1699 1771
1771 1773
1773 1951
1951 2008
2008 2039
2039 2081
2081 2193
2193 2312
9707 9654
9654 9592
9592 9537
9537 9450
9450 9426
9426 9341
9704 9673
9673 9584
9714 9649
1486 1482
1482 1508
9726 9666
9666 9572
9725 9626
9626 9580
9724 9627
9627 9601
9723 9656
9656 9570
9721 9643
9643 9617
9617 9526
1480 1554
1494 1337
1337 1484
9670 9572
1493 1496
9668 9591
9667 9594
9679 9671
9676 9614
1498 1620
1620 1666
1666 1821
1821 1919
1919 1976
1976 2107
2107 2210
9674 9619
1447 1476
9683 9610
9610 9557
9680 9597
9693 9641
9641 9593
9636 9603
9603 9550
1471 1355
9647 9578
9644 9609
9609 9526
9642 9624
9624 9512
9640 9608
1412 1851
1411 1852
1852 2538
1409 1848
1848 2542
9662 9584
9661 9653
9653 9640
9660 9622
9622 9513
1419 1493
9657 9715
9715 9646
9646 9654
9604 9542
9542 9476
9600 9619
9615 9525
9611 9549
9621 9520
1124 1058
9620 9541
1123 1167
1167 1248
1248 1308
1120 1151
1151 1264
1264 1297
1297 1385
1385 1482
1135 1086
1086 1012
1134 1176
1176 1266
1266 1324
1324 1370
9630 9566
9628 9571
9571 9519
9519 9458
1143 1194
1194 1253
1253 1317
1317 1441
1142 1017
9319 9243
9243 9165
1137 1175
1175 1223
9313 9254
9254 9159
1136 1195
1195 1232
1232 1322
1322 1360
1360 1486
9312 9281
9281 9220
1150 1220
9326 9277
9277 9236
9236 9185
9185 9145
9325 9338
9338 9344
1147 1263
1263 1319
1145 1074
9321 9377
9320 9368
1094 1418
9335 9311
9311 9227
9227 9151
1093 1087
9333 9307
9307 9249
9249 9179
1092 1411
1090 1092
9330 9293
9293 9240
1088 1096
1102 1158
1158 1217
1099 1166
1166 1234
1234 1312
9340 9348
9339 9307
1098 1087
1111 1072
1072 1029
9287 9231
9231 9182
1109 1198
1198 1288
1288 1364
1364 1464
1464 1563
1107 1159
1159 1225
1225 1275
1275 1361
1361 1481
1481 1566
1566 1639
1639 1753
1753 1759
1759 1878
1878 1990
1990 2083
2083 2219
2219 2340
2340 2516
2516 2630
2630 2721
2721 2848
2848 3016
3016 3132
3132 3315
3315 3384
3384 3584
3584 3685
3685 3837
3837 3934
3934 4001
9282 9201
1104 1173
1173 1234
1119 1124
9295 9239
9239 9190
1117 1173
9292 9308
9288 9214
1063 1064
9303 9245
1061 1102
9299 9198
9298 9240
1057 1129
1129 1151
1071 1117
1066 1123
9304 9233
9233 9158
1079 1117
1077 1122
1122 1182
1182 1226
1226 1372
1076 1125
1125 1171
1171 1226
1075 1102
1073 1132
9263 9376
9376 9273
1084 1034
1034 1002
9259 9225
9225 9170
9258 9199
9257 9140
1030 1061
9271 9241
9241 9176
9270 9247
9269 9243
1025 1022
9265 9205
9264 9242
9242 9193
1038 981
1037 1061
9274 9201
1047 1010
9222 9184
9221 9184
1044 1079
1043 1081
9219 9234
9234 9150
9150 9156
9156 9084
9084 9058
9058 9004
9004 9000
1042 1013
9217 9158
1052 1011
1011 1003
9226 9208
1048 1142
1255 1303
1303 1352
1251 1219
9235 9183
1262 1313
1257 1326
9447 9415
9446 9432
9432 9346
9346 9319
9445 9434
9434 9361
9361 9293
1265 1276
1276 1403
9460 9430
9430 9346
1218 1324
9459 9383
9469 9488
9466 9406
9406 9364
9364 9313
1224 1179
1179 1172
9465 9486
1237 1283
1283 1400
1400 1470
1470 1528
9411 9354
9423 9330
9421 9413
9429 9358
9358 9299
9427 9438
9438 9402
9402 9462
9462 9487
1186 1119
1185 1195
9425 9334
9424 9337
9436 9371
9371 9313
9435 9354
1207 1289
1202 1203
9379 9319
9378 9396
9396 9384
9384 9473
1214 1234
9386 9372
9372 9274
1209 1294
9399 9355
9355 9385
9385 9410
9397 9387
1153 1124
9392 9345
9345 9285
1163 1219
1161 1223
1160 1231
1231 1288
1170 1248
1181 1145
1178 1111
1177 1214
9353 9308
1894 1773
9366 9274
9363 9355
9362 9281
1888 1971
1971 2094
2094 2194
2194 2394
2394 2679
9360 9357
1902 1940
1940 1874
9373 9274
9369 9363
1896 1772
1772 1771
1911 2022
1910 1919
1908 2016
1905 1997
1997 2060
1904 1999
1999 2097
2097 2115
2115 2259
10095 10041
10041 9985
9985 9898
9898 9872
9872 9769
9769 9737
9737 9644
1917 1987
1987 1996
10093 10058
1912 1968
1968 2096
2096 2264
1863 1952
10088 10053
10103 10054
10054 9976
9976 9893
9893 9871
9871 9784
9784 9749
9749 9643
10102 10060
10060 9979
9979 9896
1861 1732
1732 1715
1715 1801
1860 2536
10101 10071
10071 9963
10099 10026
10026 9956
9956 9929
1858 2536
1857 2545
2545 2540
1856 1857
1871 1989
1989 2111
2111 2199
10111 10067
10067 9994
9994 9909
9909 9839
9839 9788
10109 10048
10108 10041
1866 1981
1981 2093
2093 2328
1879 2040
2040 2212
10055 9966
1873 1935
1935 1966
1966 2089
2089 2179
10050 9960
9960 9918
10062 9962
9962 9947
1884 1883
1883 1979
1979 2051
2051 2153
2153 2228
2228 2362
2362 2364
2364 2461
2461 2663
1881 1989
10056 9979
10069 9984
10068 9961
9961 9946
9946 9826
1824 1876
1876 2049
2049 2094
1839 1725
1725 1767
1767 1692
1838 1876
10079 9976
1836 1908
1835 1821
1833 1839
10022 9957
9957 9932
9932 9909
1844 1699
10018 10330
10330 10603
10017 10330
10016 9913
10029 10007
1799 1828
1828 1889
1889 1985
1985 2157
2157 2161
2161 2364
1798 1879
10038 10011
10011 9909
1796 1863
10036 9992
9992 9898
10034 9959
9959 9907
9907 9853
9853 9819
9819 9698
10033 9979
10032 9963
1806 1687
1687 1796
1803 1919
1815 1762
1762 1690
1814 1871
9991 9886
9886 9861
9861 9774
9774 9736
9736 9667
1813 1871
9986 9950
9950 9835
1809 1945
1945 1968
1808 1945
1823 1731
1822 1933
1933 1960
1960 2086
2086 2264
2023 2159
2159 2096
10004 9917
10015 10330
2030 2106
2106 2187
2187 2329
2329 2438
2438 2665
2665 2798
2798 2832
2832 3061
3061 3179
3179 3348
3348 3387
3387 3501
3501 3652
3652 3753
3753 3974
3974 4092
4092 4219
4219 4228
4228 4422
4422 4558
4558 4573
4573 4705
4705 4876
2038 2104
2032 2048
10208 10166
2046 2115
10222 10182
10182 10116
2044 2131
2131 2181
2181 2394
2042 2120
2120 2261
2261 2338
2338 2430
10218 10174
2041 2043
2043 2065
1991 2086
10229 10160
10160 10106
10224 10205
10205 10086
10238 10182
1994 2087
2087 2221
2005 2098
2098 2199
2004 2123
2123 2194
2002 2128
2128 2188
10178 10130
10130 10038
10176 10085
2014 1997
10190 10120
10120 10063
2009 2131
10184 10097
1959 2126
1958 2121
2121 2173
2173 2327
2327 2277
2277 2530
2530 2509
1957 1887
1887 2043
1955 2139
2139 2308
1954 1898
1953 2126
1967 1939
1939 1948
1948 1970
1970 2077
2077 2214
2214 2293
2293 2294
10206 10161
10204 10108
1961 2114
2114 2235
10151 10117
1973 1940
10150 10134
10134 10073
1972 2013
10158 10095
1924 1994
1923 1908
10162 10103
1920 2023
1934 2036
2036 2145
2145 2163
2163 2350
2350 2415
2415 2622
10175 10109
1930 2002
10170 10119
10119 10033
1943 2026
2026 2052
2052 2025
2025 2015
2015 2099
2099 2195
2195 2323
2323 2399
2399 2389
10122 10054
1944 1994
1634 1722
1722 1761
1761 1838
10143 10063
1642 1608
1655 1516
1654 1640
9831 9793
9793 9732
9732 9674
9830 9818
9818 9737
1652 1683
1683 1699
9827 9757
9757 9725
1648 1808
9838 9764
1660 1522
9836 9758
9758 9747
9747 9677
9677 9564
9564 9546
9546 9499
1657 1815
9846 9778
9778 9736
1604 1657
9855 9813
9813 9741
9741 9670
9852 9802
9802 9726
1610 1782
1782 1897
1897 2039
9851 9880
9880 9768
9768 9774
9848 9797
9798 9730
9795 9740
9740 9663
9663 9621
1630 1538
1538 1476
9807 9744
9744 9642
9806 9723
9805 9734
9734 9647
1627 1747
1747 1773
9801 9724
9812 9733
9733 9668
9811 9753
9753 9669
1569 1467
1467 1459
1459 1309
9808 9717
1583 1595
1595 1714
1714 1835
1582 1634
9822 9787
9787 9711
9821 9763
9763 9714
9772 9732
1540 1534
1537 1641
1536 1498
9776 9699
9735 9660
1557 1661
1661 1690
9742 9636
1766 1779
1765 1935
9750 9752
1764 1761
1763 1981
1760 1881
9755 9716
9754 10015
1768 1830
1830 1801
1783 1715
1776 2040
9953 9939
9939 9893
9952 9902
9964 9920
9920 9853
1786 1704
1704 1765
9971 9914
9914 9866
1729 1814
9970 9937
9937 9833
1728 1625
1625 1509
1742 1725
1740 1768
1751 1773
1748 1731
1746 1842
1842 1924
9923 9831
9922 9858
9858 9801
1745 1814
9934 9866
9933 9833
1756 1917
1755 1763
9931 9888
1754 1763
1703 1808
9943 9851
9951 9980
9895 9821
9894 9880
1723 1773
1669 1836
9908 9836
9904 9869
9919 9850
1677 1616
9916 9826
1674 1789
1789 1930
1672 1821
9863 9811
9862 9776
1693 1736
9870 9797
1688 1838
2404 2303
2403 2402
9874 9808
2401 2326
2326 2578
2400 2638
2413 2667
9885 10327
10327 10603
2409 2483
2483 2484
9881 9805
2422 2455
2455 2660
10599 10539
10595 10581
10594 10552
10552 10457
10593 10552
10607 10868
10604 10871
10602 10508
10508 10400
10612 10581
10611 10571
10571 10534
10534 10500
10500 10432
2370 2452
10610 10508
10609 10873
10608 10609
2382 2465
2465 2618
10622 10567
2381 2422
2391 2505
2505 2650
10561 10549
2398 2455
2397 2258
2393 2481
2481 2506
10569 10550
10550 10496
10496 10403
2341 2521
10580 10534
10579 10518
2337 2477
2477 2396
2351 2164
2164 2349
2349 2354
10576 10507
10507 10496
10590 10513
10513 10478
2345 2291
2344 2417
2417 2566
2566 2692
2692 2848
10528 10476
2365 2250
2311 2506
10551 10500
10548 10457
2307 2388
2318 2498
2498 2603
2316 2513
10556 10604
10499 10397
10397 10332
10332 10315
10315 10229
10498 10403
2320 2508
2508 2585
2585 2799
2335 2300
2334 2528
2528 2366
10510 10508
2333 2429
10506 10391
2533 2282
2532 2465
10516 10455
10514 10481
2541 1857
2539 2545
2546 2765
10722 10674
10720 10736
10734 10673
10733 10658
10658 10629
10629 10593
10732 10657
10657 10649
10649 10561
2555 2511
2553 2674
10743 10718
2501 2571
2500 2568
2568 2713
2713 3015
10745 10711
10744 10722
2517 2606
2606 2686
2686 2821
2821 3063
3063 3195
3195 3300
3300 3419
3419 3596
3596 3683
3683 3792
3792 3967
3967 4043
4043 4169
4169 4234
2512 2501
10702 10689
10701 10682
10682 10630
10630 10580
10699 10615
2471 2575
2470 2615
2466 2674
2464 2454
10716 10657
2487 2667
2486 2431
2485 2532
10656 10602
2492 2605
10669 10676
2491 2668
2439 2572
2436 2310
10687 10629
10686 10630
10685 10640
10640 10590
10684 10612
2443 2404
2442 2356
2451 2605
10636 10572
2459 2410
10642 10567
10641 10576
2144 2224
2158 2102
2102 2231
2231 2124
2124 2217
2217 2301
10655 10610
10654 10591
10591 10517
10517 10491
10491 10414
2155 2219
2166 2334
10340 10293
2162 2365
10337 10296
10336 10279
10279 10265
2170 2367
10346 10298
2169 2284
2284 2439
2168 2317
2317 2223
2223 2231
2119 2238
2118 2065
2113 2078
2112 2258
10364 10305
10362 10322
2134 2400
10309 10222
2132 2164
10318 10252
10326 10609
2084 1967
10324 10252
10321 10226
2095 2229
10328 10603
2110 2397
