pt_graph landings
2010 0
2406 0
1110 0
1833 0
2713 0
1742 0
2605 0
2559 0
1909 0
1010 0
1049 0
2952 0
1535 0
1215 0
1948 0
1537 0
2401 0
2558 0
1466 0
2280 0
2495 0
1277 0
1047 0
1970 0
2943 0
1271 0
1967 0
2317 0
1350 0
1956 0
2811 0
2899 0
1185 0
1839 0
1939 0
1018 0
2967 0
1553 0
1152 0
1795 0
2681 0
2168 0
2482 0
2846 0
3088 0
1927 0
2260 0
2693 0
2390 0
839 0
990 0
1725 0
2573 0
2703 0
2033 0
2578 0
1051 0
2894 0
2084 0
1323 0
2568 0
2799 0
1785 0
2158 0
2979 0
2936 0
2373 0
1580 0
2223 0
1641 0
1941 0
2585 0
2151 0
1453 0
2766 0
1726 0
2805 0
3091 0
1937 0
2623 0
2320 0
2077 0
2217 0
1449 0
3087 0
2198 0
1624 0
2877 0
1975 0
2982 0
2420 0
2905 0
2963 0
1062 0
1398 0
2934 0
2247 0
2271 0
2689 0
1654 0
1846 0
967 0
3001 0
2747 0
974 0
2314 0
1995 0
1962 0
1767 0
1875 0
2378 0
1678 0
2451 0
2304 0
1136 0
2102 0
1720 0
2124 0
2508 0
2492 0
2246 0
2893 0
2551 0
1007 0
2352 0
1031 0
2326 0
3015 0
1141 0
3008 0
2368 0
2591 0
1228 0
3071 0
2231 0
1572 0
2500 0
2091 0
2426 0
2428 0
1359 0
1428 0
1647 0
3075 0
1640 0
2147 0
2919 0
4412 0
4150 0
3371 0
3155 0
4102 0
3328 0
4109 0
4241 0
4011 0
3875 0
3673 0
3343 0
3458 0
4128 0
3616 0
3969 0
3883 0
4081 0
4406 0
4058 0
4280 0
3909 0
3848 0
4251 0
3186 0
3239 0
4097 0
3558 0
3891 0
3563 0
3560 0
3826 0
4629 0
3662 0
4467 0
3983 0
4091 0
4598 0
3549 0
4260 0
4004 0
3499 0
3423 0
4305 0
4628 0
3592 0
4309 0
4214 0
3696 0
4217 0
4388 0
3285 0
4188 0
3352 0
4687 0
4454 0
3619 0
3510 0
4052 0
3622 0
3624 0
3460 0
3635 0
3284 0
4731 0
3924 0
4368 0
3382 0
4484 0
3385 0
3966 0
4375 0
3479 0
4378 0
3881 0
3758 0
4501 0
4767 0
3636 0
4645 0
4096 0
4393 0
4774 0
3784 0
3507 0
3431 0
4791 0
4020 0
3794 0
4799 0
3702 0
3722 0
3169 0
4685 0
4126 0
3725 0
4817 0
3534 0
3532 0
3455 0
4349 0
3536 0
4724 0
3953 0
3281 0
3846 0
3847 0
4861 0
4273 0
4865 0
4374 0
4879 0
4492 0
4882 0
4634 0
3877 0
4903 0
3882 0
4644 0
3770 0
4911 0
4192 0
4193 0
3325 0
4206 0
4790 0
3896 0
4407 0
4531 0
3342 0
4936 0
3910 0
3519 0
4806 0
4559 0
4954 0
4576 0
4967 0
4237 0
4461 0
3942 0
3097 0
4846 0
3845 0
4595 0
4980 0
4992 0
3641 0
5005 0
4616 0
3115 0
5023 0
5024 0
5026 0
5029 0
3121 0
4636 0
5037 0
4768 0
3572 0
5046 0
5050 0
5051 0
4649 0
4650 0
5058 0
4663 0
5064 0
5065 0
5074 0
3441 0
5084 0
3807 0
3615 0
4032 0
4038 0
4691 0
4700 0
4702 0
3728 0
5127 0
4056 0
5132 0
3634 0
5140 0
5141 0
3742 0
4735 0
3198 0
4370 0
5170 0
4072 0
4756 0
5183 0
5188 0
5191 0
5193 0
4766 0
5199 0
3993 0
3765 0
4772 0
5215 0
5218 0
4101 0
4402 0
4103 0
5235 0
3247 0
5246 0
4110 0
5251 0
3445 0
5258 0
5260 0
3810 0
3812 0
4127 0
5272 0
5273 0
5277 0
4462 0
5290 0
5139 0
5294 0
3540 0
5319 0
5322 0
5323 0
5325 0
5330 0
4489 0
4161 0
5349 0
5353 0
4892 0
5359 0
5363 0
4172 0
5201 0
4909 0
5388 0
5391 0
5395 0
4921 0
3589 0
5415 0
5418 0
4530 0
4213 0
5430 0
5431 0
5444 0
4940 0
3920 0
4951 0
5456 0
4956 0
5461 0
4232 0
5478 0
4239 0
5488 0
4144 0
3630 0
5500 0
5502 0
5507 0
5508 0
5512 0
5516 0
5523 0
4278 0
5531 0
5535 0
3396 0
3399 0
5558 0
5561 0
4907 0
5567 0
4297 0
5569 0
5574 0
3146 0
5055 0
5589 0
5602 0
5613 0
5616 0
5618 0
5082 0
5630 0
5631 0
4316 0
5637 0
5644 0
5648 0
4331 0
5120 0
5663 0
5667 0
5670 0
5671 0
5679 0
4353 0
5684 0
4363 0
4066 0
5721 0
5161 0
5729 0
3475 0
5739 0
5742 0
4376 0
5746 0
5748 0
3483 0
5752 0
5753 0
5756 0
5772 0
4392 0
5775 0
4394 0
5230 0
5778 0
5784 0
5798 0
5799 0
5801 0
5803 0
5808 0
5815 0
5818 0
5820 0
5266 0
3522 0
5837 0
4455 0
4459 0
4841 0
5864 0
5869 0
5872 0
4855 0
4470 0
5886 0
5896 0
5903 0
5908 0
5912 0
5925 0
4491 0
5929 0
5931 0
3566 0
5937 0
4500 0
5942 0
5946 0
5951 0
4508 0
5965 0
5399 0
4923 0
4525 0
4526 0
4528 0
5976 0
5980 0
5987 0
5989 0
5445 0
3917 0
4224 0
6007 0
6008 0
6009 0
6011 0
6012 0
6020 0
4586 0
6028 0
5497 0
4593 0
6031 0
3843 0
4384 0
4605 0
4253 0
4606 0
4369 0
4868 0
5347 0
4757 0
4706 0
4165 0
4286 0
3667 0
4292 0
4680 0
5382 0
3996 0
4302 0
5587 0
4202 0
4778 0
4789 0
3822 0
4664 0
3901 0
4310 0
3903 0
5941 0
5450 0
4063 0
4424 0
5828 0
5655 0
4440 0
4048 0
3732 0
5855 0
4708 0
4843 0
4229 0
4147 0
4532 0
4026 0
4765 0
3750 0
5954 0
4813 0
5292 0
5195 0
4968 0
4581 0
4975 0
4585 0
5774 0
5749 0
5471 0
4795 0
6029 0
4338 0
6119 0
6077 0
7346 0
6418 0
6188 0
6070 0
7248 0
6623 0
6191 0
7985 0
6429 0
6040 0
6079 0
6114 0
6255 0
6154 0
6580 0
6590 0
7204 0
6475 0
6212 0
6528 0
6085 0
6305 0
6137 0
7611 0
6938 0
6168 0
7685 0
7877 0
7843 0
6123 0
6655 0
6326 0
6456 0
6638 0
6224 0
6340 0
6048 0
6344 0
6189 0
6102 0
6318 0
6767 0
6216 0
6325 0
6478 0
6182 0
6083 0
7484 0
6141 0
6378 0
6609 0
6103 0
6275 0
6974 0
6698 0
6360 0
6244 0
6178 0
6249 0
6250 0
6841 0
6844 0
7268 0
6848 0
6415 0
6751 0
7760 0
6424 0
6386 0
6916 0
6550 0
7641 0
6039 0
6328 0
6222 0
6712 0
6094 0
6467 0
6464 0
6383 0
6583 0
6862 0
6199 0
6477 0
6700 0
6869 0
6806 0
8027 0
6301 0
7547 0
7939 0
6262 0
6852 0
7491 0
6585 0
6476 0
7081 0
6278 0
6129 0
7847 0
6293 0
6217 0
6562 0
6485 0
6537 0
6045 0
6470 0
6316 0
6169 0
6266 0
7576 0
6667 0
6668 0
7696 0
6373 0
6399 0
6560 0
6226 0
6341 0
6167 0
6696 0
7745 0
7369 0
8063 0
6803 0
6893 0
6600 0
6401 0
6897 0
6292 0
6396 0
6611 0
7943 0
6612 0
7570 0
6635 0
6706 0
6830 0
6523 0
6726 0
6446 0
7087 0
8072 0
6823 0
8033 0
7007 0
7006 0
7475 0
6738 0
8201 2
8138 2
8167 2
8192 2
8238 2
8189 2
8103 2
8094 2
8156 2
982 0
2113 0
1020 0
832 0
2137 0
886 0
877 0
975 0
979 0
842 0
2078 0
920 0
2546 0
1005 0
829 0
1124 0
1102 0
1024 0
1309 0
2773 0
926 0
976 0
1815 0
1523 0
840 0
2645 0
1063 0
843 0
1151 0
1710 0
2956 0
2790 0
834 0
1004 0
865 0
2048 0
1552 0
1289 0
906 0
1665 0
1966 0
1165 0
1798 0
2563 0
1055 0
1032 0
1045 0
2611 0
915 0
2548 0
1197 0
1006 0
1146 0
1532 0
2555 0
2281 0
1153 0
1123 0
1054 0
1802 0
2953 0
2259 0
835 0
1243 0
1266 0
2266 0
978 0
980 0
2254 0
1619 0
924 0
2710 0
943 0
2739 0
1176 0
1565 0
890 0
1075 0
1664 0
2294 0
1508 0
1064 0
1482 0
845 0
1027 0
831 0
1043 0
1690 0
1083 0
874 0
1308 0
2770 0
919 0
1902 0
1700 0
1313 0
910 0
882 0
1013 0
883 0
885 0
2089 0
3025 0
1113 0
1161 0
2337 0
1021 0
1022 0
1480 0
1255 0
2032 0
1486 0
1743 0
1170 0
2211 0
1224 0
992 0
1762 0
863 0
904 0
1874 0
948 0
3032 0
1078 0
909 0
914 0
954 0
872 0
2310 0
2924 0
1604 0
1898 0
2074 0
827 0
1793 0
1904 0
1796 0
2867 0
2868 0
1621 0
2875 0
2880 0
1207 0
1326 0
2570 0
2882 0
2191 0
2421 0
1642 0
2888 0
2809 0
2115 0
1276 0
1403 0
942 0
1175 0
1569 0
1074 0
2837 0
1431 0
2443 0
1673 0
1232 0
1585 0
2916 0
2146 0
953 0
1597 0
3085 0
1001 0
956 0
2929 0
1370 0
1145 0
1371 0
2699 0
1999 0
962 0
1257 0
965 0
1105 0
2950 0
1015 0
2714 0
1472 0
2726 0
1115 0
1265 0
1823 0
1120 0
1119 0
1734 0
1167 0
2973 0
985 0
940 0
2594 0
1863 0
944 0
1496 0
2511 0
1766 0
1132 0
2299 0
868 0
999 0
1520 0
1082 0
2234 0
1188 0
2996 0
1524 0
1365 0
2861 0
960 0
879 0
2553 0
881 0
1534 0
2404 0
1540 0
1541 0
1385 0
2097 0
1544 0
3026 0
888 0
2341 0
2883 0
1555 0
1332 0
2353 0
1736 0
1025 0
2356 0
1489 0
1429 0
1562 0
991 0
2595 0
2596 0
1033 0
1179 0
1879 0
908 0
1037 0
1591 0
1042 0
1521 0
1684 0
1776 0
2857 0
2466 0
1529 0
3005 0
2396 0
2620 0
921 0
1616 0
2255 0
1380 0
2408 0
1709 0
2179 0
1057 0
1632 0
2419 0
1059 0
1475 0
1061 0
2647 0
2891 0
1557 0
938 0
1066 0
941 0
1030 0
1952 0
3060 0
2436 0
1661 0
2675 0
2445 0
946 0
2678 0
2521 0
1677 0
1972 0
1596 0
1297 0
1357 0
2690 0
2068 0
917 0
1608 0
1248 0
825 0
2475 0
2477 0
1373 0
2709 0
1256 0
1012 0
2565 0
1467 0
1111 0
2486 0
977 0
1935 0
1264 0
2493 0
1479 0
1731 0
1333 0
3037 0
1339 0
2431 0
1748 0
1954 0
862 0
1129 0
2293 0
2214 0
1500 0
2753 0
1181 0
2765 0
2303 0
952 0
2609 0
1973 0
1779 0
1687 0
1599 0
2859 0
2774 0
1786 0
878 0
1792 0
1086 0
1612 0
2783 0
2628 0
923 0
1154 0
2792 0
1158 0
1806 0
1324 0
1058 0
1554 0
1162 0
1831 0
1218 0
2652 0
2655 0
2040 0
1172 0
898 0
2130 0
901 0
1072 0
2045 0
2598 0
1178 0
1434 0
1352 0
1353 0
951 0
2683 0
1517 0
1303 0
2769 0
1242 0
1360 0
916 0
1693 0
918 0
1195 0
2425 0
1462 0
1704 0
964 0
1222 0
925 0
1931 0
1209 0
2184 0
2333 0
1493 0
2886 0
934 0
1459 0
892 0
1394 0
997 0
1000 0
2429 0
1419 0
2212 0
1223 0
2046 0
1100 0
945 0
2442 0
1330 0
866 0
950 0
1294 0
995 0
1594 0
1040 0
1186 0
1262 0
955 0
900 0
3004 0
1458 0
1765 0
1391 0
1050 0
1014 0
1873 0
1651 0
1322 0
987 0
1128 0
2720 0
887 0
1940 0
1388 0
1692 0
3006 0
1026 0
988 0
1135 0
1442 0
1069 0
2978 0
1657 0
1127 0
1073 0
2374 0
1081 0
2332 0
3020 0
998 0
2013 0
958 0
1029 0
2174 0
2696 0
2427 0
897 0
1457 0
1134 0
2287 0
867 0
986 0
1341 0
2301 0
1137 0
896 0
1290 0
1217 0
3524 0
4587 0
4216 0
5530 0
3588 0
5555 0
3951 0
4059 0
5030 0
3114 0
3894 0
5882 0
3173 0
3723 0
5128 0
3160 0
3599 0
5243 0
5318 0
3644 0
4906 0
5158 0
3958 0
4042 0
3956 0
3756 0
4830 0
4166 0
3209 0
4933 0
3107 0
3764 0
3110 0
4574 0
4000 0
5969 0
5225 0
3674 0
6026 0
5745 0
3154 0
4930 0
4794 0
3405 0
5635 0
3197 0
4068 0
4324 0
3262 0
3521 0
4512 0
3240 0
3787 0
3095 0
5480 0
4351 0
4021 0
4146 0
3367 0
5568 0
4151 0
3955 0
3551 0
5270 0
5928 0
3359 0
3654 0
3755 0
4495 0
3126 0
3307 0
5379 0
5881 0
4771 0
3236 0
5776 0
3772 0
3152 0
4648 0
5967 0
4403 0
3597 0
5429 0
4929 0
3436 0
5088 0
3168 0
5454 0
6005 0
5994 0
3926 0
5113 0
5846 0
3533 0
4348 0
3621 0
3279 0
4590 0
5683 0
4355 0
5698 0
5151 0
4998 0
5014 0
5013 0
3290 0
3863 0
5180 0
5551 0
4630 0
3663 0
5032 0
4385 0
4175 0
3314 0
3237 0
3417 0
3576 0
5402 0
3451 0
5972 0
4307 0
4926 0
3432 0
5250 0
4939 0
4314 0
4119 0
6001 0
5091 0
4041 0
5835 0
5733 0
3940 0
4820 0
4880 0
4243 0
4140 0
4244 0
4468 0
4729 0
4506 0
5702 0
3642 0
3751 0
5575 0
4749 0
5342 0
5970 0
4762 0
4764 0
3213 0
4499 0
4293 0
4682 0
4300 0
5203 0
3260 0
4157 0
5459 0
5233 0
3935 0
5777 0
3900 0
5428 0
3481 0
3516 0
5495 0
4805 0
4222 0
5565 0
3446 0
5728 0
5843 0
5966 0
5659 0
4969 0
4825 0
3469 0
4971 0
4086 0
3258 0
4427 0
5252 0
5381 0
3819 0
5934 0
5119 0
5356 0
5622 0
3628 0
4094 0
4173 0
3803 0
4481 0
4023 0
3800 0
6194 0
6421 0
6158 0
6232 0
6552 0
6436 0
6225 0
6640 0
6068 0
6307 0
6539 0
6118 0
6494 0
6230 0
6441 0
6364 0
6239 0
6661 0
6409 0
6639 0
6684 0
6306 0
6379 0
6115 0
6474 0
6493 0
6357 0
6242 0
6837 0
6320 0
6335 0
6377 0
6604 0
6150 0
6749 0
6646 0
6059 0
6055 0
6352 0
6175 0
6288 0
6770 0
7458 0
6450 0
6084 0
6044 0
6747 0
6791 0
6792 0
6690 0
6581 0
6541 0
6764 0
6073 0
6802 0
6591 0
6705 0
6221 0
6676 0
6337 0
6715 0
6489 0
7987 0
6817 0
6473 0
6800 0
6801 0
6517 0
6626 0
7084 0
6479 0
6251 0
7984 0
6183 0
6845 0
6532 0
6308 0
6190 0
6759 0
6388 0
6546 0
6549 0
7112 0
6867 0
7459 0
6745 0
6788 0
8015 0
6873 0
6569 0
6876 0
7534 0
6860 0
6881 0
6887 0
6889 0
6891 0
6592 0
6455 0
6602 0
6900 0
6608 0
6256 0
6610 0
6499 0
6878 0
6617 0
6735 0
6394 0
6919 0
6838 0
6484 0
6526 0
6303 0
7174 0
7565 0
7567 0
6647 0
6859 0
8047 0
6658 0
6944 0
6321 0
6949 0
6952 0
6555 0
7582 0
6961 0
8056 0
7403 0
7758 0
6693 0
6973 0
6697 0
7597 0
6699 0
8064 0
6979 0
6980 0
6708 0
6376 0
7608 0
7224 0
7429 0
6380 0
6994 0
6911 0
8035 0
6833 0
6736 0
8038 0
6406 0
6637 0
7626 0
7010 0
7011 0
6411 0
6754 0
7798 0
7019 0
7021 0
7636 0
8090 0
7028 0
7032 0
6671 0
7037 0
7045 0
7047 0
6460 0
6795 0
6796 0
6799 0
7820 0
7056 0
7058 0
7826 0
7979 0
7062 0
7063 0
7066 0
6148 0
6811 0
7295 0
7075 0
7838 0
6995 0
7079 0
7001 0
7671 0
7309 0
6177 0
7501 0
6179 0
7679 0
7316 0
6186 0
7320 0
6538 0
7853 0
7691 0
7692 0
7517 0
8008 0
7334 0
6080 0
6218 0
7123 0
7125 0
7126 0
7705 0
8057 0
7707 0
7143 0
6235 0
6237 0
7711 0
7149 0
7713 0
6245 0
7154 0
7156 0
7157 0
7158 0
7159 0
7722 0
6504 0
7163 0
6277 0
6287 0
7730 0
7168 0
6926 0
6929 0
6931 0
7380 0
7175 0
7176 0
7741 0
7449 0
6314 0
6656 0
7748 0
7392 0
7186 0
7187 0
7189 0
7190 0
7402 0
7756 0
7461 0
7647 0
7199 0
6345 0
6346 0
7207 0
7209 0
7765 0
6363 0
7213 0
6369 0
6981 0
6982 0
8069 0
7225 0
7775 0
7228 0
7230 0
6731 0
7783 0
7785 0
7787 0
7439 0
6742 0
7791 0
7792 0
6407 0
7628 0
7016 0
7322 0
7255 0
7256 0
7801 0
7259 0
7260 0
7262 0
6780 0
7265 0
7266 0
7966 0
7865 0
6082 0
7817 0
7273 0
7973 0
7469 0
7282 0
6589 0
6121 0
7829 0
6805 0
7292 0
6486 0
7834 0
7293 0
7296 0
7488 0
7666 0
7303 0
6831 0
6515 0
7893 0
7498 0
7312 0
6524 0
7848 0
8001 0
6529 0
7506 0
8044 0
8005 0
8006 0
7329 0
7331 0
7179 0
7694 0
7861 0
6554 0
7863 0
6870 0
6682 0
8014 0
7970 0
7348 0
7350 0
7351 0
7352 0
7417 0
7355 0
7356 0
7542 0
7358 0
7359 0
7882 0
7885 0
6904 0
7366 0
7367 0
6908 0
6616 0
7371 0
7437 0
7438 0
6630 0
7376 0
7900 0
7736 0
7901 0
7903 0
7251 0
7630 0
7387 0
7906 0
7910 0
7456 0
6666 0
7914 0
8092 0
7398 0
8054 0
7644 0
8055 0
7917 0
7409 0
7412 0
7201 0
7926 0
7976 0
6977 0
7930 0
7422 0
7933 0
7768 0
8067 0
7833 0
6721 0
6992 0
6993 0
7942 0
6385 0
7436 0
7994 0
8036 0
7620 0
7623 0
7441 0
7442 0
7446 0
8002 0
7095 0
7510 0
7018 0
7633 0
8088 0
7516 0
7959 0
8091 0
8011 0
7033 0
6786 0
7643 0
7715 0
6808 0
7466 0
7972 0
7054 0
7649 0
7144 0
7538 0
7287 0
7878 0
7879 0
7982 0
7657 0
8040 0
8082 0
7720 0
7664 0
7302 0
7494 0
6510 0
7164 0
7619 0
6172 0
7997 0
7999 0
8000 0
7862 0
7831 0
7738 0
8084 0
7852 0
6939 0
8007 0
7180 0
8089 0
6945 0
7913 0
6868 0
7523 0
7544 0
7625 0
8029 0
7771 0
7530 0
8019 0
8059 0
8061 0
8062 0
7710 0
7353 0
7212 0
7543 0
7561 0
7656 0
7716 0
7481 0
7721 0
6906 0
8032 0
7554 0
8075 0
7670 0
7003 0
7731 0
7560 0
8053 0
8080 0
7678 0
7980 0
8026 0
7815 0
7629 0
7818 0
8087 0
7909 0
7631 0
7875 0
7709 0
7603 0
7963 0
7767 0
8039 0
7931 0
7428 0
6969 0
7614 0
7617 0
7975 0
7927 0
7165 0
7946 0
7086 0
7553 0
7846 0
7898 0
7996 0
7945 0
7837 0
7971 0
7868 0
7762 0
7552 0
7145 0
7991 0
7777 0
7840 0
7114 0
8030 0
7550 0
7606 0
6730 0
7874 0
7989 0
7759 0
8173 2
8116 2
8128 2
8115 2
8516 2
8669 2
8258 2
8212 2
8232 2
8650 2
8114 2
8623 2
8627 2
8172 2
8646 2
8194 2
8372 2
8126 2
8299 2
8429 2
8570 2
8130 2
8404 2
8727 2
8223 2
8237 2
8645 2
8466 2
8426 2
8165 2
8531 2
8271 2
8587 2
8402 2
8489 2
8170 2
8590 2
8106 2
8479 2
8174 2
8480 2
8749 2
8369 2
8151 2
8113 2
8329 2
8756 2
8102 2
8143 2
8160 2
8293 2
8321 2
8236 2
8594 2
8663 2
8425 2
8715 2
8298 2
8211 2
8259 2
8346 2
8671 2
8216 2
8775 2
8306 2
8561 2
8478 2
8352 2
8097 2
8272 2
8482 2
8356 2
8686 2
8316 2
8142 2
8187 2
8104 2
8362 2
8392 2
8191 2
8644 2
8366 2
8367 2
8751 2
8371 2
8240 2
8805 2
8504 2
8505 2
8653 2
8419 2
8793 2
8377 2
8208 2
8121 2
8340 2
8124 2
8383 2
8819 2
8821 2
8668 2
8386 2
8824 2
8388 2
8826 2
8575 2
8525 2
8831 2
8353 2
8224 2
8682 2
8139 2
8182 2
8787 2
8444 2
8230 2
8841 2
8276 2
8277 2
8643 2
8847 2
8148 2
8543 2
8802 2
8152 2
8411 2
8153 2
8806 2
8244 2
8858 2
8375 2
8660 2
8862 2
8379 2
8422 2
8816 2
8296 2
8424 2
8871 2
8873 2
8427 2
8428 2
8876 2
8304 2
8431 2
8218 2
8880 2
8434 2
8267 2
8269 2
8312 2
8583 2
8836 2
8398 2
8442 2
8840 2
8895 2
8896 2
8320 2
8899 2
8190 2
8449 2
8903 2
8283 2
8698 2
8196 2
8600 2
8455 2
8458 2
8914 2
8418 2
8292 2
8202 2
8711 2
8764 2
8339 2
8465 2
8614 2
8210 2
8928 2
8617 2
8932 2
8773 2
8474 2
8936 2
8432 2
8940 2
8626 2
8942 2
8943 2
8630 2
8631 2
8946 2
8736 2
8948 2
8317 2
8486 2
8231 2
8954 2
8955 2
8490 2
8491 2
8492 2
8108 2
8452 2
8803 2
8804 2
8963 2
8964 2
8502 2
8967 2
8860 2
8248 2
8507 2
8119 2
8815 2
8510 2
8381 2
8514 2
8982 2
8983 2
8984 2
8517 2
8518 2
8129 2
8520 2
8131 2
8991 2
8992 2
8393 2
8394 2
8996 2
8137 2
8998 2
8999 2
9001 2
8533 2
9005 2
8535 2
8844 2
8145 2
9010 2
8407 2
8696 2
8109 2
8853 2
8547 2
9020 2
8288 2
8704 2
8552 2
8969 2
8157 2
8559 2
8863 2
9031 2
8295 2
8162 2
9035 2
8566 2
8567 2
8166 2
9040 2
9041 2
8169 2
8572 2
8171 2
9049 2
9050 2
8578 2
8437 2
8438 2
9055 2
9056 2
8441 2
9060 2
9061 2
8588 2
8589 2
8898 2
9066 2
8448 2
8593 2
9073 2
9014 2
8193 2
9077 2
9079 2
9080 2
9081 2
8602 2
8708 2
8200 2
8605 2
9093 2
8203 2
8923 2
8205 2
8926 2
8467 2
8615 2
9103 2
9104 2
9107 2
8473 2
8622 2
9110 2
9111 2
8941 2
9114 2
9116 2
8944 2
9118 2
9120 2
8225 2
8227 2
8101 2
9126 2
8487 2
9128 2
8640 2
8233 2
9131 2
9133 2
9134 2
9136 2
9137 2
8111 2
9140 2
9141 2
8243 2
8652 2
9144 2
8247 2
8655 2
9149 2
8509 2
9152 2
9153 2
8818 2
8254 2
9158 2
9159 2
9163 2
9165 2
9166 2
9167 2
9169 2
8264 2
8677 2
8678 2
9176 2
8681 2
9179 2
9180 2
9181 2
9182 2
8687 2
8274 2
8275 2
8690 2
8692 2
8693 2
8279 2
8540 2
9193 2
8150 2
9198 2
8699 2
9021 2
9203 2
9204 2
8553 2
9206 2
8709 2
9210 2
9211 2
8866 2
8713 2
8714 2
9217 2
9220 2
8718 2
8301 2
9224 2
8303 2
9229 2
9231 2
8728 2
9233 2
8309 2
8176 2
8177 2
9238 2
8313 2
8314 2
9241 2
9243 2
8738 2
9247 2
9065 2
9249 2
9250 2
8322 2
9253 2
9254 2
9257 2
9262 2
8753 2
8755 2
9269 2
9270 2
8758 2
8332 2
8333 2
9275 2
8336 2
9278 2
9280 2
9281 2
9101 2
9285 2
9286 2
9287 2
9288 2
9292 2
8774 2
9294 2
8776 2
8625 2
8351 2
9299 2
8781 2
8354 2
9304 2
9306 2
8786 2
9308 2
8788 2
8638 2
8791 2
9312 2
9313 2
8364 2
8365 2
9319 2
8799 2
9013 2
8904 2
8962 2
8239 2
8855 2
8856 2
8808 2
9025 2
8376 2
9147 2
9028 2
8921 2
8975 2
9033 2
8513 2
8564 2
8783 2
8666 2
8929 2
8823 2
8933 2
8571 2
8726 2
8522 2
8604 2
8729 2
8833 2
9178 2
8835 2
8909 2
8735 2
8400 2
8228 2
8894 2
9271 2
8536 2
9009 2
8917 2
8760 2
9070 2
8612 2
8563 2
8925 2
8597 2
8712 2
8893 2
8857 2
8985 2
8485 2
9027 2
8883 2
8341 2
8780 2
8958 2
8771 2
8135 2
9360 0
9957 0
9959 0
9381 0
9401 0
9414 0
9358 0
9379 0
9406 0
9357 0
9321 0
9953 0
10067 0
9991 0
9368 0
9353 0
9371 0
10011 0
10638 0
10639 0
10066 0
9444 0
10090 0
9429 0
9663 0
9978 0
9328 0
9390 0
9454 0
10654 0
10101 0
9333 0
10103 0
9442 0
9336 0
10529 0
9470 0
10532 0
10071 0
9413 0
9479 0
9480 0
10612 0
9416 0
9356 0
9485 0
10684 0
10122 0
10127 0
9494 0
9495 0
9388 0
9996 0
9432 0
10139 0
9501 0
10078 0
9577 0
10145 0
10147 0
10149 0
9511 0
9512 0
9382 0
9516 0
9346 0
10580 0
9451 0
9523 0
9742 0
9525 0
10719 0
9528 0
10721 0
9466 0
10591 0
9535 0
9341 0
10136 0
9477 0
10178 0
9546 0
9550 0
10737 0
10615 0
10187 0
10190 0
9557 0
9988 0
9560 0
9561 0
9517 0
9364 0
9565 0
9567 0
10201 0
10204 0
9575 0
9793 0
9578 0
9375 0
9377 0
10211 0
10773 0
9584 0
10028 0
9520 0
10777 0
9594 0
9595 0
10780 0
9598 0
9400 0
9600 0
9963 0
9534 0
10792 0
10234 0
9540 0
9345 0
10054 0
9616 0
10806 0
9619 0
10244 0
9621 0
9418 0
9419 0
9626 0
10252 0
9426 0
9636 0
9638 0
10257 0
10820 0
9433 0
9647 0
10265 0
9651 0
9652 0
10832 0
9658 0
9659 0
10274 0
9446 0
10456 0
9591 0
10278 0
9667 0
9668 0
10281 0
10282 0
9460 0
9673 0
10043 0
10045 0
10293 0
9677 0
10671 0
10053 0
10299 0
10861 0
9686 0
9909 0
10678 0
9696 0
10486 0
9917 0
9702 0
9704 0
9710 0
10315 0
10689 0
10317 0
9499 0
10498 0
10322 0
9502 0
10324 0
9725 0
10333 0
9727 0
10336 0
9730 0
9732 0
10340 0
9736 0
10342 0
9954 0
10514 0
10516 0
9745 0
10351 0
9747 0
10521 0
9675 0
9750 0
9752 0
10730 0
9755 0
9757 0
9758 0
10362 0
10539 0
9765 0
10365 0
9983 0
9772 0
9774 0
10371 0
10550 0
9778 0
10552 0
9564 0
9784 0
10383 0
10384 0
9788 0
9789 0
10004 0
9794 0
9795 0
9797 0
9798 0
10396 0
10397 0
10214 0
10215 0
10032 0
10403 0
10034 0
9816 0
10406 0
10407 0
10587 0
10722 0
10589 0
9827 0
9829 0
9407 0
9831 0
9833 0
10599 0
9836 0
10611 0
9839 0
9843 0
10246 0
9624 0
9848 0
9850 0
10253 0
10435 0
10436 0
9857 0
10629 0
10822 0
9861 0
10445 0
10446 0
10448 0
9868 0
10828 0
9870 0
9871 0
9872 0
10092 0
9877 0
9880 0
10459 0
9886 0
10652 0
9893 0
9671 0
10658 0
10409 0
9898 0
9900 0
9902 0
10475 0
9905 0
9906 0
10478 0
9908 0
10676 0
10305 0
10485 0
9484 0
10120 0
9918 0
9919 0
10686 0
10130 0
9712 0
10496 0
9716 0
10691 0
9932 0
9933 0
10501 0
9937 0
9939 0
9940 0
9945 0
10705 0
10509 0
10572 0
9320 0
9952 0
10513 0
9740 0
10162 0
10716 0
10518 0
9960 0
10720 0
10041 0
10527 0
10528 0
10357 0
9970 0
10732 0
10533 0
9976 0
10735 0
10183 0
10544 0
9554 0
9984 0
9985 0
10549 0
10745 0
10551 0
10196 0
9362 0
10558 0
9994 0
10560 0
10561 0
9370 0
10205 0
10765 0
10567 0
10013 0
10570 0
10022 0
10642 0
10455 0
10576 0
10216 0
10579 0
10778 0
10219 0
9392 0
10038 0
10224 0
10288 0
10228 0
10590 0
10229 0
10049 0
10050 0
10595 0
9615 0
10803 0
10301 0
10243 0
10614 0
10429 0
10063 0
10617 0
10620 0
10621 0
10622 0
10069 0
9430 0
10819 0
10630 0
10631 0
10075 0
10636 0
9436 0
10267 0
10702 0
10086 0
10088 0
10706 0
10571 0
10839 0
9449 0
9450 0
10649 0
10280 0
10844 0
10657 0
10287 0
10352 0
10104 0
10106 0
10107 0
10108 0
9679 0
9475 0
10673 0
10113 0
10534 0
10481 0
10364 0
10809 0
10742 0
10487 0
10685 0
10744 0
10195 0
10132 0
9923 0
10690 0
10318 0
10695 0
10697 0
10143 0
9506 0
10701 0
10766 0
10703 0
10507 0
10772 0
10836 0
10157 0
10158 0
10160 0
10711 0
10279 0
10581 0
10165 0
10718 0
10781 0
10786 0
10588 0
10171 0
10725 0
10798 0
10531 0
10733 0
10734 0
10801 0
10479 0
10865 0
10736 0
10808 0
10743 0
10191 0
10249 0
10815 0
10746 0
10197 0
10754 0
10199 0
10756 0
10761 0
10762 0
10824 0
10564 0
10079 0
10505 0
10210 0
10272 0
10337 0
10641 0
10774 0
10840 0
10776 0
10095 0
10842 0
10405 0
10223 0
9894 0
10846 0
9674 0
9603 0
10854 0
10856 0
9610 0
10800 0
10421 0
10361 0
10235 0
10674 0
10500 0
10827 0
10812 0
10248 0
10370 0
10432 0
10816 0
10817 0
10818 0
10438 0
10382 0
9860 0
10263 0
10843 0
10845 0
10332 0
10502 0
10270 0
10393 0
10395 0
10640 0
10643 0
10341 0
10841 0
10710 0
10096 0
10499 0
10387 0
10036 0
10186 0
10682 0
10291 0
10468 0
10469 0
10669 0
10476 0
10859 0
10111 0
10755 0
10709 0
9846 0
10698 0
10763 0
10687 0
10688 0
10548 0
10433 0
10594 0
10296 0
9781 0
10070 0
10823 0
10848 0
10335 0
10443 0
10452 0
9992 0
10835 0
10847 0
10512 0
10616 0
10813 0
10593 0
10699 0
10360 0
10457 0
10811 0
10748 0
10833 0
10850 0
10415 0
10814 0
10664 0
10569 0
10418 0
2501 0
2324 0
2409 0
2484 0
2449 0
2625 0
2481 0
880 0
895 0
3012 0
2734 0
2777 0
2972 0
2725 0
2251 0
884 0
3028 0
828 0
935 0
2268 0
2275 0
2646 0
2743 0
994 0
844 0
2915 0
2496 0
2849 0
841 0
875 0
864 0
2162 0
2491 0
2600 0
2621 0
2939 0
2397 0
2946 0
2483 0
2073 0
1002 0
1142 0
2571 0
2618 0
2485 0
3027 0
2190 0
2112 0
2970 0
3035 0
2110 0
2355 0
912 0
2549 0
2465 0
957 0
2727 0
1349 0
2836 0
2838 0
2512 0
2513 0
2986 0
2845 0
2250 0
2856 0
2258 0
2992 0
2994 0
905 0
2771 0
2619 0
2775 0
2864 0
2550 0
2471 0
2653 0
2968 0
1023 0
2282 0
2632 0
2789 0
2311 0
2957 0
1017 0
838 0
3066 0
2959 0
2575 0
2983 0
2984 0
2844 0
1084 0
2657 0
2126 0
927 0
1955 0
903 0
2748 0
2614 0
1034 0
1048 0
2931 0
2969 0
2808 0
2379 0
2382 0
2139 0
1301 0
2533 0
2393 0
2998 0
2668 0
2316 0
2676 0
2424 0
2896 0
1202 0
1331 0
1080 0
2718 0
2308 0
2567 0
2823 0
2694 0
2925 0
1959 0
2240 0
2532 0
2910 0
2904 0
3030 0
846 0
2740 0
3023 0
2365 0
869 0
1203 0
2298 0
2980 0
2909 0
2208 0
2307 0
2918 0
2855 0
2682 0
2209 0
3065 0
2506 0
2737 0
3058 0
1953 0
2990 0
899 0
2917 0
2759 0
7867 0
8045 0
6563 0
7385 0
7384 0
8017 0
7060 0
7140 0
7921 0
8058 0
7178 0
7757 0
7814 0
6758 0
8048 0
7957 0
7264 0
7288 0
7915 0
7529 0
7486 0
7072 0
7249 0
7327 0
7665 0
8010 0
7587 0
7113 0
7752 0
7289 0
7621 0
7196 0
7902 0
7953 0
7503 0
7098 0
7687 0
7688 0
7280 0
7858 0
7184 0
6775 0
7749 0
7695 0
7342 0
7267 0
6963 0
7646 0
7700 0
7129 0
7706 0
6857 0
7854 0
7474 0
7061 0
6978 0
7978 0
7357 0
7191 0
7564 0
7426 0
7770 0
7663 0
6723 0
7161 0
7924 0
6518 0
7637 0
8037 0
7844 0
7948 0
7220 0
7698 0
7789 0
7737 0
8043 0
7383 0
7177 0
7905 0
7744 0
7103 0
7693 0
7182 0
8051 0
7961 0
7089 0
7754 0
6872 0
7195 0
7405 0
6965 0
8020 0
7055 0
7761 0
7652 0
7653 0
7541 0
8065 0
6784 0
6991 0
7661 0
7546 0
7886 0
6722 0
8071 0
7368 0
7841 0
7373 0
7496 0
7166 0
7495 0
8025 0
8079 0
7675 0
7951 0
7952 0
7796 0
7954 0
7452 0
7956 0
7958 0
8049 0
7929 0
7912 0
7860 0
7338 0
7811 0
7965 0
7463 0
7969 0
7049 0
7272 0
7533 0
7278 0
7651 0
7232 0
7210 0
7146 0
7150 0
7223 0
7884 0
6807 0
7485 0
7836 0
7076 0
7298 0
7434 0
7307 0
7536 0
7892 0
7372 0
7242 0
7676 0
7734 0
8041 0
8081 0
7344 0
7851 0
8004 0
7252 0
7955 0
6825 0
7823 0
7390 0
8050 0
7639 0
7117 0
8013 0
7699 0
6899 0
7866 0
7920 0
7548 0
8060 0
7270 0
6915 0
7283 0
8022 0
7420 0
7424 0
8066 0
7881 0
7008 0
6901 0
8031 0
7904 0
7888 0
7988 0
7590 0
7000 0
7239 0
7556 0
8077 0
8078 0
7950 0
7755 0
7919 0
8083 0
7465 0
7014 0
8003 0
8073 0
7595 0
7764 0
6976 0
8076 0
7640 0
6953 0
7766 0
7964 0
8070 0
7937 0
8016 0
7555 0
7990 0
8074 0
7842 0
7374 0
8012 0
8024 0
7830 0
7822 0
7473 0
7645 0
7864 0
7499 0
7460 0
8021 0
7468 0
7077 0
7725 0
8034 0
7889 0
7521 0
7618 0
7697 0
7600 0
7430 0
8105 1
8256 1
8685 1
9129 1
8141 1
8112 1
8548 1
8132 1
8537 1
8508 1
8107 1
8500 1
8496 1
8665 1
8164 1
8988 1
8568 1
8966 1
8952 1
9038 1
8186 1
8573 1
8574 1
8133 1
9051 1
8323 1
8355 1
8178 1
8098 1
8180 1
8328 1
8183 1
8534 1
8245 1
8319 1
8188 1
8146 1
8147 1
8976 1
8149 1
8546 1
8767 1
8195 1
8616 1
8197 1
8168 1
8519 1
8215 1
8348 1
8159 1
8420 1
8220 1
8579 1
8123 1
8096 1
9102 1
8632 1
8099 1
8635 1
8951 1
9127 1
8639 1
8217 1
9112 1
8234 1
8235 1
8136 1
8801 1
8481 1
8498 1
8649 1
8241 1
8651 1
8199 1
8374 1
8792 1
8641 1
8812 1
8249 1
8495 1
8252 1
8253 1
8382 1
8125 1
8384 1
8213 1
8986 1
8260 1
8261 1
8606 1
8676 1
8265 1
8266 1
8222 1
8268 1
8529 1
8270 1
8397 1
8140 1
8273 1
8688 1
8689 1
8262 1
9187 1
8278 1
8694 1
8280 1
8281 1
9018 1
8410 1
8284 1
8549 1
8154 1
9143 1
8289 1
9186 1
8654 1
8710 1
8560 1
8251 1
9214 1
9215 1
8297 1
8716 1
9221 1
8385 1
8302 1
8724 1
9043 1
8305 1
9232 1
8433 1
8730 1
8310 1
8580 1
8733 1
8179 1
9240 1
8585 1
8737 1
8185 1
8318 1
8445 1
8741 1
8743 1
8745 1
8901 1
8324 1
8282 1
8598 1
8327 1
8454 1
8912 1
8198 1
8331 1
8290 1
8291 1
8335 1
8610 1
8338 1
8765 1
8207 1
8613 1
8342 1
8343 1
8722 1
8345 1
8214 1
8347 1
9109 1
8349 1
8350 1
8779 1
8221 1
9300 1
8629 1
9303 1
8785 1
8357 1
8358 1
8229 1
8360 1
8361 1
8488 1
8363 1
8794 1
8797 1
8957 1
8959 1
8368 1
8648 1
8370 1
8499 1
8286 1
9142 1
8373 1
8117 1
8811 1
8971 1
8378 1
8120 1
8380 1
8817 1
8980 1
9157 1
8515 1
8667 1
8127 1
8387 1
8825 1
8389 1
8390 1
8391 1
9174 1
8527 1
8832 1
8528 1
8396 1
8530 1
8315 1
8839 1
8401 1
9184 1
8403 1
8144 1
8405 1
8406 1
8848 1
8408 1
8409 1
9015 1
8854 1
8285 1
9267 1
8551 1
8416 1
8417 1
8558 1
8158 1
8763 1
8421 1
8161 1
8423 1
8870 1
9037 1
8468 1
8874 1
8875 1
8723 1
8430 1
8878 1
8879 1
8476 1
8881 1
8435 1
8311 1
8884 1
8439 1
8440 1
8483 1
8891 1
9245 1
9063 1
9064 1
8446 1
8447 1
8900 1
9252 1
8450 1
9075 1
8326 1
8453 1
8599 1
8647 1
8457 1
9087 1
8459 1
9274 1
8461 1
8809 1
8463 1
8464 1
8766 1
8122 1
8927 1
8512 1
8770 1
8471 1
8620 1
8934 1
9293 1
8475 1
8990 1
8477 1
9298 1
8134 1
8995 1
9117 1
8784 1
8684 1
8484 1
8359 1
8637 1
8789 1
9311 1
8842 1
8956 1
9316 1
9317 1
8695 1
8960 1
8110 1
8961 1
9200 1
8701 1
8703 1
8155 1
8807 1
8506 1
9207 1
8972 1
8661 1
8662 1
9032 1
8664 1
9282 1
8255 1
9039 1
8822 1
8772 1
8987 1
8673 1
9046 1
8523 1
8829 1
9235 1
9053 1
8680 1
8997 1
9239 1
8584 1
8532 1
9002 1
8443 1
9185 1
8740 1
9008 1
8538 1
8539 1
8746 1
8849 1
8697 1
9195 1
9265 1
8910 1
8601 1
8330 1
9023 1
8859 1
9091 1
8761 1
9029 1
8294 1
9097 1
8163 1
8978 1
8768 1
9099 1
8569 1
9222 1
9042 1
8877 1
9310 1
8624 1
8308 1
9297 1
9175 1
9054 1
8581 1
8945 1
9121 1
9057 1
9125 1
9309 1
8739 1
9090 1
8591 1
8592 1
9069 1
9191 1
8325 1
8596 1
8850 1
9139 1
8905 1
8412 1
8413 1
8603 1
9108 1
8246 1
8970 1
9095 1
8204 1
9151 1
8562 1
8869 1
9154 1
8834 1
8344 1
8470 1
8621 1
8950 1
8633 1
8674 1
8778 1
8827 1
8845 1
8526 1
8994 1
8395 1
8451 1
9122 1
9307 1
9183 1
8415 1
8706 1
9205 1
9130 1
9190 1
8813 1
9012 1
9192 1
8750 1
9100 1
8497 1
8734 1
8890 1
8947 1
9227 1
8757 1
8759 1
8918 1
8937 1
8864 1
8611 1
9212 1
9237 1
8888 1
9074 1
9272 1
9172 1
8837 1
8472 1
8731 1
8732 1
9145 1
9277 1
9201 1
9022 1
8882 1
9236 1
8460 1
8922 1
9006 1
8913 1
9248 1
8462 1
9295 1
9089 1
8916 1
9699 0
9533 0
9579 0
9769 0
9844 0
9531 0
9698 0
10164 0
9415 0
10349 0
9748 0
9482 0
10353 0
9950 0
9334 0
10307 0
9329 0
9787 0
9405 0
10306 0
9869 0
9441 0
9693 0
9946 0
9802 0
9447 0
9920 0
9714 0
9979 0
9617 0
10344 0
9391 0
9597 0
9526 0
9821 0
10408 0
9749 0
10356 0
9536 0
9808 0
9806 0
9524 0
10321 0
9352 0
9764 0
10425 0
9766 0
9417 0
10368 0
10311 0
9922 0
10314 0
9780 0
9853 0
9855 0
9813 0
10439 0
9644 0
9372 0
10388 0
9863 0
10391 0
10392 0
10450 0
9386 0
10338 0
9735 0
10093 0
9838 0
9741 0
9811 0
9888 0
9456 0
10462 0
9895 0
9461 0
9826 0
10410 0
9753 0
10358 0
9342 0
9643 0
9685 0
10055 0
10423 0
9481 0
9913 0
9914 0
9916 0
9486 0
10313 0
10372 0
9852 0
9711 0
9496 0
9717 0
9930 0
9931 0
9721 0
9723 0
9724 0
9439 0
9656 0
10506 0
9513 0
9582 0
9801 0
10510 0
10400 0
9389 0
9521 0
9326 0
10346 0
10517 0
9746 0
9331 0
9961 0
9962 0
9607 0
10473 0
9471 0
10359 0
9835 0
9907 0
9763 0
9349 0
9552 0
9980 0
10367 0
10546 0
9777 0
10491 0
10492 0
10374 0
10377 0
9929 0
9993 0
9786 0
9366 0
9998 0
10003 0
10007 0
9726 0
9373 0
9728 0
10508 0
9662 0
10026 0
10029 0
10578 0
9593 0
10033 0
10404 0
10035 0
9818 0
9819 0
10040 0
9822 0
9335 0
9339 0
9966 0
9830 0
9971 0
9975 0
10422 0
10602 0
10056 0
10427 0
10060 0
10430 0
10488 0
9776 0
9359 0
9425 0
10068 0
10624 0
9858 0
9431 0
10073 0
10074 0
9862 0
9435 0
10566 0
10449 0
10085 0
10014 0
9947 0
9445 0
9874 0
10644 0
10458 0
9884 0
10460 0
10461 0
10099 0
9457 0
10466 0
9896 0
9403 0
10414 0
10048 0
9904 0
9680 0
9411 0
10112 0
9688 0
10304 0
10117 0
10118 0
10119 0
10309 0
10121 0
9492 0
9493 0
10493 0
10316 0
10134 0
9497 0
10138 0
9500 0
10142 0
9934 0
9866 0
9507 0
9508 0
9510 0
9799 0
10151 0
10153 0
9951 0
9737 0
9324 0
10161 0
9956 0
10717 0
9330 0
10166 0
10167 0
10169 0
10170 0
9468 0
10174 0
10175 0
10477 0
9541 0
9544 0
10182 0
10543 0
10184 0
9354 0
9555 0
9556 0
9986 0
9559 0
9989 0
9361 0
9562 0
10198 0
9365 0
10200 0
9570 0
9572 0
10390 0
10206 0
10208 0
10209 0
10150 0
9581 0
10212 0
10399 0
9590 0
10402 0
10217 0
10218 0
10779 0
10222 0
9394 0
9599 0
10226 0
9601 0
9964 0
10232 0
9609 0
10176 0
9614 0
9412 0
10238 0
10242 0
10058 0
9620 0
10062 0
9622 0
10065 0
9423 0
9627 0
9633 0
10254 0
10255 0
9641 0
10260 0
10262 0
9434 0
9649 0
10266 0
10081 0
10269 0
9580 0
10454 0
9660 0
10275 0
10276 0
9665 0
9666 0
10097 0
10098 0
9669 0
9670 0
10102 0
10659 0
9465 0
9404 0
9676 0
10295 0
10109 0
10298 0
9682 0
10300 0
10116 0
3108 0
3705 0
3361 0
3123 0
4311 0
3948 0
3486 0
3344 0
4014 0
3480 0
3448 0
4283 0
3737 0
3185 0
3868 0
4313 0
3263 0
3187 0
4149 0
3199 0
4017 0
3206 0
3754 0
3590 0
3306 0
3569 0
3871 0
3274 0
3172 0
3706 0
3762 0
3686 0
3292 0
3119 0
3785 0
4105 0
3688 0
4665 0
3795 0
4414 0
3383 0
3489 0
4475 0
4120 0
3450 0
3682 0
3503 0
3823 0
3269 0
3184 0
3293 0
3106 0
3102 0
4382 0
4364 0
3710 0
4546 0
3864 0
3523 0
3289 0
4620 0
4164 0
3752 0
3452 0
3979 0
3759 0
4409 0
3311 0
3747 0
4093 0
3165 0
4070 0
3886 0
4524 0
3620 0
4211 0
4016 0
3156 0
3463 0
3461 0
3601 0
3221 0
3351 0
4221 0
3322 0
4225 0
4748 0
3202 0
3929 0
3205 0
3965 0
3429 0
3567 0
3277 0
3835 0
3954 0
4179 0
3607 0
4296 0
4090 0
3677 0
3389 0
3092 0
3485 0
3884 0
3273 0
3304 0
3471 0
4112 0
3517 0
3912 0
4069 0
3861 0
4132 0
3270 0
4637 0
7799 0
7425 0
7850 0
7505 0
7800 0
7941 0
7682 0
7512 0
7855 0
7579 0
7708 0
7396 0
7753 0
7361 0
7935 0
7483 0
7528 0
7986 0
7648 0
7887 0
7872 0
7515 0
7457 0
7828 0
7712 0
7169 0
7880 0
7719 0
7502 0
8028 0
7382 0
7363 0
7742 0
7326 0
8046 0
7571 0
7808 0
7897 0
7751 0
7578 0
8052 0
7916 0
7563 0
7583 0
7584 0
7347 0
7922 0
7923 0
7535 0
7419 0
8009 0
7599 0
7655 0
7601 0
7222 0
7934 0
8068 0
7362 0
7774 0
7940 0
7612 0
7669 0
7856 0
7977 0
7311 0
7845 0
7558 0
7245 0
7377 0
7247 0
7794 0
7740 0
7797 0
7568 0
8086 0
7453 0
7497 0
7575 0
7960 0
7809 0
7810 0
8093 0
7812 0
7813 0
7462 0
7527 0
7406 0
7467 0
7650 0
7454 0
7593 0
7540 0
8023 0
7947 0
7654 0
7423 0
7482 0
7769 0
7660 0
7610 0
7321 0
7778 0
7414 0
7944 0
7724 0
7557 0
7519 0
7674 0
7314 0
7733 0
7849 0
8042 0
7605 0
7294 0
7388 0
7690 0
7511 0
7806 0
7340 0
7995 0
7726 0
7393 0
7899 0
7339 0
7581 0
7627 0
7891 0
7634 0
8018 0
7448 0
7727 0
7440 0
7718 0
7170 0
7525 0
8085 0
7782 0
7788 0
7588 0
7246 0
7304 0
7435 0
1382 0
1800 0
1200 0
1605 0
1076 0
2051 0
1122 0
2728 0
1740 0
1711 0
1213 0
1717 0
2389 0
1143 0
1109 0
1675 0
1231 0
1372 0
1125 0
2562 0
1315 0
2416 0
1783 0
1077 0
2136 0
1269 0
1267 0
1484 0
2731 0
1834 0
2011 0
2988 0
1258 0
1241 0
3056 0
1157 0
1985 0
1899 0
1288 0
1286 0
1400 0
1182 0
1053 0
2172 0
1463 0
2153 0
1212 0
1889 0
2148 0
1805 0
1550 0
1528 0
2161 0
1253 0
1199 0
2782 0
1273 0
1732 0
2031 0
1715 0
1106 0
1386 0
1304 0
1226 0
1548 0
1390 0
2911 0
2213 0
1829 0
1008 0
1885 0
2138 0
2283 0
1221 0
1653 0
2064 0
1364 0
1563 0
2364 0
1144 0
1191 0
2515 0
1441 0
1198 0
1314 0
2866 0
1598 0
1240 0
1918 0
2019 0
1160 0
1194 0
2180 0
1193 0
1691 0
2469 0
1121 0
1830 0
1317 0
1464 0
2176 0
2659 0
1401 0
2672 0
1470 0
2362 0
1768 0
1697 0
2580 0
1171 0
2386 0
2228 0
1402 0
2437 0
1861 0
2028 0
2157 0
2852 0
1893 0
1708 0
1949 0
2687 0
1801 0
2450 0
1775 0
3059 0
6865 0
7100 0
7022 0
6877 0
6943 0
6940 0
7142 0
7244 0
6968 0
7009 0
7088 0
6689 0
6933 0
7101 0
7099 0
6936 0
6863 0
7227 0
7574 0
7397 0
7105 0
7025 0
7171 0
7068 0
6932 0
7048 0
6989 0
7198 0
7447 0
6740 0
7257 0
7332 0
7477 0
6840 0
7236 0
7151 0
7315 0
6804 0
7070 0
6954 0
6813 0
7092 0
6921 0
7162 0
7413 0
6874 0
7082 0
6905 0
7050 0
