pt_graph landings
9681 173
10087 173
9782 173
9824 173
9997 173
9691 173
9589 173
9935 173
9697 173
9897 173
9864 173
9775 173
10080 173
4127 0
3636 0
3239 0
3784 0
4768 0
4229 0
4260 0
4576 0
4253 0
6007 0
4790 0
4907 0
4817 0
3812 0
4861 0
5567 0
4147 0
4096 0
4616 0
3822 0
3499 0
4501 0
4091 0
4846 0
4217 0
4789 0
3847 0
5989 0
4581 0
4903 0
5980 0
4954 0
4103 0
3924 0
4440 0
4353 0
3758 0
5277 0
3903 0
5671 0
4150 0
3641 0
4980 0
4992 0
3115 0
4956 0
3725 0
3845 0
3826 0
3479 0
3624 0
3732 0
3983 0
4384 0
5191 0
4297 0
4392 0
4774 0
4102 0
4402 0
3843 0
4374 0
3896 0
4378 0
4532 0
4109 0
5065 0
4940 0
4224 0
3917 0
3616 0
3722 0
4126 0
4585 0
5391 0
3728 0
4110 0
4843 0
5273 0
3536 0
3281 0
4063 0
5292 0
4066 0
3848 0
4161 0
4454 0
4128 0
5323 0
3563 0
3875 0
4172 0
3881 0
5349 0
3883 0
3765 0
3996 0
5046 0
4778 0
3328 0
5215 0
5775 0
5058 0
5395 0
3794 0
4214 0
5415 0
3909 0
5430 0
4685 0
3807 0
3810 0
3352 0
5450 0
4232 0
4968 0
4144 0
4241 0
5471 0
3630 0
4855 0
5290 0
3371 0
5294 0
5500 0
5322 0
3558 0
3560 0
4280 0
3969 0
5024 0
4765 0
3662 0
5531 0
4292 0
5937 0
4645 0
3770 0
5201 0
4097 0
4394 0
4206 0
4791 0
5587 0
4309 0
4020 0
5064 0
5616 0
3342 0
3910 0
5431 0
5444 0
4038 0
4331 0
5644 0
4338 0
3534 0
4052 0
4058 0
5127 0
5670 0
3634 0
5139 0
4251 0
5684 0
5502 0
5319 0
4868 0
4757 0
4756 0
4375 0
4081 0
5742 0
4766 0
4767 0
5748 0
5193 0
5561 0
3673 0
5756 0
3891 0
5574 0
3589 0
5218 0
3507 0
4795 0
4407 0
5235 0
4026 0
5082 0
5084 0
5251 0
3519 0
5818 0
5260 0
5828 0
5655 0
3532 0
4461 0
4462 0
6020 0
5132 0
5869 0
4470 0
3846 0
3285 0
4273 0
5896 0
4865 0
4489 0
4491 0
4882 0
4892 0
3877 0
5931 0
5353 0
3882 0
4772 0
5199 0
4508 0
4393 0
5772 0
4101 0
5388 0
4526 0
3592 0
3901 0
4531 0
5976 0
4936 0
5418 0
5987 0
4559 0
3615 0
3920 0
4700 0
5456 0
6009 0
4586 0
3622 0
5667 0
4467 0
4595 0
4598 0
3635 0
4605 0
4606 0
5005 0
5508 0
4278 0
5516 0
5523 0
3399 0
5029 0
4636 0
3483 0
5037 0
3993 0
5558 0
5752 0
4004 0
4921 0
4923 0
3423 0
4663 0
4664 0
4310 0
5613 0
3696 0
4680 0
3702 0
3445 0
5631 0
4687 0
3169 0
5258 0
4702 0
4048 0
4706 0
4349 0
5272 0
4724 0
3460 0
4731 0
5140 0
3742 0
4368 0
3198 0
4370 0
4072 0
5161 0
5170 0
4376 0
4165 0
5739 0
5347 0
5188 0
5746 0
5195 0
4909 0
5749 0
5753 0
4650 0
4202 0
5774 0
3325 0
5230 0
5778 0
4799 0
4412 0
5801 0
4806 0
5803 0
4424 0
4813 0
5445 0
5820 0
3522 0
5266 0
4841 0
4239 0
3097 0
5855 0
4975 0
5864 0
5872 0
3540 0
3549 0
4369 0
5886 0
4484 0
4879 0
4492 0
5023 0
3566 0
3121 0
5183 0
4500 0
3667 0
4644 0
4911 0
4188 0
4193 0
5051 0
5965 0
5055 0
4011 0
4530 0
4213 0
3431 0
3343 0
5074 0
3441 0
4316 0
4951 0
4691 0
5637 0
3619 0
5648 0
3942 0
4708 0
4056 0
4593 0
3458 0
5488 0
3953 0
5497 0
6031 0
3284 0
3382 0
5507 0
4628 0
3966 0
5903 0
4286 0
5925 0
5929 0
5535 0
5799 0
4388 0
5359 0
5363 0
3572 0
4192 0
5569 0
5954 0
4525 0
5602 0
3155 0
3247 0
3510 0
3186 0
5798 0
5246 0
4032 0
5808 0
5815 0
5721 0
4967 0
4455 0
4459 0
5837 0
3455 0
5478 0
5330 0
5679 0
4363 0
5141 0
4735 0
5942 0
3146 0
3475 0
5729 0
3385 0
5912 0
4634 0
3396 0
5461 0
6012 0
5618 0
6028 0
6029 0
5630 0
4406 0
5382 0
4649 0
4305 0
5026 0
5399 0
4528 0
5325 0
5908 0
4237 0
5784 0
3750 0
5663 0
5951 0
5941 0
6011 0
4302 0
5589 0
5120 0
4629 0
5512 0
5946 0
5050 0
6008 0
9251 0
8201 0
9219 0
8843 0
8192 0
9004 0
8915 0
9263 0
8138 0
8777 0
9146 0
8911 0
8156 0
9314 0
9096 0
8189 0
9273 0
9068 0
8977 0
9246 0
9290 0
9162 0
9119 0
9011 0
8830 0
9196 0
9284 0
9199 0
9226 0
9098 0
9084 0
9301 0
9259 0
8949 0
9177 0
8938 0
9072 0
8628 0
9223 0
8744 0
8619 0
9155 0
9225 0
9318 0
9052 0
9067 0
8868 0
8238 0
9264 0
9135 0
9059 0
8691 0
9048 0
9123 0
9000 0
8851 0
9034 0
9202 0
8717 0
9019 0
9289 0
8979 0
9058 0
9160 0
9161 0
9194 0
8953 0
9283 0
8103 0
9094 0
8989 0
9244 0
9216 0
8790 0
9132 0
8754 0
8814 0
8679 0
9266 0
9150 0
9296 0
9228 0
8618 0
9213 0
9170 0
8748 0
9258 0
9156 0
8993 0
9279 0
8828 0
8796 0
8257 0
9209 0
8762 0
9268 0
9124 0
8167 0
8707 0
8931 0
9113 0
8852 0
9208 0
9305 0
8725 0
9302 0
8930 0
9016 0
9092 0
8861 0
8872 0
8094 0
9255 0
9171 0
8973 0
8902 0
8924 0
9148 0
9261 0
8897 0
9030 0
8889 0
9260 0
9234 0
9007 0
8935 0
10791 77
10221 77
10389 77
9878 77
10573 77
9613 77
10348 77
10465 77
9376 77
10490 77
9700 77
10155 77
9631 77
9632 77
9834 77
9630 77
9889 77
10140 77
10128 77
10758 77
9715 77
9399 77
10519 77
10005 77
9369 77
10027 77
9739 77
9903 77
10030 77
9743 77
10236 77
10072 77
10261 77
10084 77
9629 77
9467 77
9347 77
10504 77
10251 77
10207 77
9640 77
9340 77
10137 77
9767 77
10179 77
10057 77
9440 77
9396 77
10129 77
9635 77
9325 77
9645 77
9519 77
10739 77
9803 77
9410 77
9653 77
9573 77
10152 77
9332 77
9453 77
9990 77
10240 77
9867 77
9678 77
9489 77
9397 77
9611 77
10826 77
9464 77
9958 77
10124 77
10126 77
10740 77
9713 77
10559 77
9588 77
10441 77
9355 77
9941 77
10286 77
10094 77
9928 77
9804 77
9847 77
10345 77
10474 77
9974 77
10185 77
9646 77
9936 77
9856 77
9637 77
9926 77
10852 77
9409 77
9327 77
10233 77
10110 77
9738 77
9987 77
10447 77
10860 77
9703 77
10064 77
9448 77
9815 77
10411 77
10453 77
9463 77
9709 77
9343 77
9586 77
9876 77
10250 77
10788 77
9879 77
10467 77
9760 77
9832 77
9719 77
9393 77
9761 77
9518 77
9887 77
10667 77
10668 77
10670 77
10100 77
9810 77
9402 77
10144 77
10707 77
10105 77
9527 77
10231 77
9859 77
9408 77
9530 77
9532 77
10681 77
10154 77
10114 77
10115 77
9458 77
10675 77
10285 77
10646 77
9912 77
9542 77
9790 77
9751 77
9875 77
10830 77
10555 77
9796 77
10292 77
10006 77
10565 77
9718 77
10256 77
10173 77
10052 77
10838 77
10424 77
10712 77
9438 77
10181 77
10141 77
9892 77
10059 77
10061 77
9689 77
10021 77
9690 77
10189 77
9901 77
9942 77
10192 77
9944 77
10858 77
9574 77
9783 77
9823 77
10495 77
9378 77
10645 77
10547 77
9707 77
10203 77
9955 77
9791 77
10553 77
10083 77
10001 77
10002 77
9469 77
9587 77
9965 77
9883 77
10051 77
10751 77
9720 77
9474 77
9722 77
10471 77
10220 77
9973 77
10802 77
9809 77
10225 77
9729 77
10227 77
10851 77
10764 77
9982 77
10355 77
10634 77
9612 77
10771 77
9491 77
10538 77
9455 77
10775 77
9949 77
10076 77
10077 77
9706 77
10497 77
9623 77
9380 77
10738 77
10082 77
10000 77
9424 77
10044 77
10787 77
10789 77
10089 77
10463 77
9841 77
10008 77
10009 77
10258 77
10012 77
10385 77
9395 77
10386 77
9437 77
9602 77
10520 77
10804 77
10431 77
9771 77
10268 77
9650 77
10680 77
10024 77
10273 77
10677 77
10401 77
10728 77
9655 77
9657 77
9865 77
10494 77
10241 77
9498 77
9911 77
10037 77
9664 77
9543 77
10650 77
10042 77
9585 77
10503 77
9428 77
10046 77
10378 77
10380 77
9882 77
9800 77
9553 77
10297 77
9927 77
9969 77
10177 77
10302 77
9478 77
9890 77
10715 77
10713 77
9977 77
9687 77
9323 77
9814 77
10188 77
10312 77
10584 77
10853 77
10444 77
10635 77
9820 77
9452 77
10729 77
10592 77
10821 77
10159 77
10451 77
9338 77
10325 77
10598 77
10413 77
9462 77
9384 77
9792 77
9385 77
9344 77
10375 77
10376 77
10172 77
10339 77
10091 77
9842 77
9596 77
10135 77
10470 77
9476 77
10799 77
9398 77
9849 77
10623 77
9522 77
10350 77
10483 77
9731 77
10230 77
9487 77
10767 77
9367 77
9490 77
10679 77
9654 77
10237 77
10637 77
10363 77
9825 77
10862 77
9785 77
9910 77
10366 77
10245 77
9583 77
9999 77
9915 77
9503 77
10289 77
10373 77
10168 77
9427 77
9840 77
9634 77
9925 77
9759 77
10133 77
10837 77
9762 77
10666 77
9558 77
10568 77
10665 77
10264 77
10347 77
10625 77
10020 77
10807 77
10146 77
10023 77
10148 77
10025 77
9817 77
10585 77
10727 77
10857 77
10540 77
10156 77
10239 77
9618 77
9701 77
10323 77
10283 77
10284 77
9337 77
10163 77
9504 77
10412 77
9505 77
9548 77
9545 77
10700 77
10379 77
9924 77
10131 77
9551 77
10749 77
10795 77
9968 77
10426 77
9639 77
10618 77
9473 77
10303 77
10193 77
9374 77
10434 77
9938 77
10849 77
10310 77
10440 77
9569 77
9608 77
10770 77
9571 77
9695 77
10194 77
9628 77
9383 77
9661 77
10545 77
10731 77
10202 77
9705 77
10782 77
10785 77
10692 77
10783 77
10693 77
10653 77
10757 77
10442 77
10831 77
9348 77
10294 77
9472 77
10660 77
10794 77
10662 77
9845 77
10343 77
10259 77
10784 77
10726 77
10123 77
10628 77
10759 77
10482 77
9854 77
10723 77
9981 77
9488 77
9529 77
10647 77
9568 77
9515 77
10829 77
10277 77
9538 77
10319 77
9948 77
10596 77
10648 77
9459 77
9539 77
9422 77
10381 77
9420 77
10511 77
9756 77
10790 77
10562 77
10416 77
10834 77
10271 77
10797 77
10420 77
9773 77
10753 77
10523 77
10796 77
9648 77
10247 77
10597 77
10522 77
10398 77
10308 77
10750 77
10354 77
10417 77
10010 77
10419 77
10541 77
10864 77
9576 77
10810 77
9363 77
9549 77
10752 77
10863 77
9566 77
10704 77
9547 77
9322 77
10626 77
10583 77
9604 77
10290 77
9605 77
10047 77
10760 77
10672 77
10931 12360
10886 12360
10921 12360
10877 12360
10981 12360
10950 12360
10908 12360
10911 12360
10910 12360
10888 12360
10952 12360
10896 12360
10982 12360
11038 1543
11034 1543
11009 1543
1520 10
1385 10
921 10
3005 10
1931 10
1388 10
2563 10
2097 10
1815 10
2078 10
1591 10
1037 10
1621 10
1776 10
2303 10
1111 10
1863 10
2867 10
879 10
1371 10
881 10
2443 10
1380 10
2475 10
2255 10
1806 10
1154 10
842 10
1557 10
2548 10
1373 10
1736 10
940 10
827 10
2174 10
1224 10
2332 10
1952 10
1333 10
918 10
1102 10
1673 10
2214 10
2493 10
2054 10
998 10
1521 10
2521 10
926 10
2404 10
1022 10
865 10
1677 10
1120 10
1005 10
1700 10
2137 10
1146 10
2924 10
2620 10
925 10
2696 10
1743 10
2179 10
1057 10
1555 10
2048 10
1021 10
1162 10
1534 10
2792 10
1167 10
1734 10
1170 10
1565 10
2861 10
835 10
886 10
1075 10
882 10
2429 10
1665 10
2294 10
2595 10
1585 10
1879 10
1135 10
1137 10
1523 10
1562 10
3026 10
887 10
1158 10
1370 10
1360 10
2611 10
1902 10
920 10
1796 10
923 10
1467 10
2857 10
2929 10
1015 10
1055 10
2431 10
1935 10
890 10
2337 10
980 10
1119 10
2486 10
1024 10
2032 10
938 10
1030 10
1403 10
1223 10
1898 10
2046 10
2655 10
1765 10
1434 10
1074 10
946 10
1966 10
2374 10
1594 10
2753 10
1004 10
2068 10
2408 10
2310 10
915 10
1693 10
1458 10
825 10
2466 10
1616 10
1709 10
2859 10
1710 10
924 10
2403 10
2477 10
2707 10
2709 10
2628 10
1394 10
1554 10
892 10
2341 10
979 10
2353 10
3020 10
2883 10
1124 10
2040 10
3025 10
1664 10
2287 10
2211 10
862 10
1289 10
2973 10
995 10
2511 10
1294 10
999 10
1524 10
1779 10
1303 10
1001 10
874 10
2985 10
1786 10
1793 10
1145 10
1313 10
2770 10
1704 10
1541 10
2254 10
965 10
1802 10
1014 10
3085 10
1326 10
2333 10
2783 10
1064 10
1480 10
1165 10
2720 10
982 10
2647 10
1027 10
1341 10
2356 10
1129 10
1172 10
2130 10
2809 10
3032 10
1181 10
2596 10
1353 10
908 10
2978 10
1000 10
2299 10
2301 10
2609 10
1045 10
1365 10
2683 10
1608 10
917 10
1904 10
919 10
1619 10
1050 10
831 10
1544 10
1054 10
832 10
834 10
1058 10
1264 10
1161 10
1020 10
2565 10
2419 10
1831 10
2570 10
1026 10
1419 10
845 10
2882 10
1175 10
2652 10
1429 10
1073 10
2436 10
2212 10
1232 10
944 10
1078 10
1352 10
1297 10
1186 10
1043 10
1082 10
956 10
1243 10
914 10
1086 10
958 10
2690 10
1100 10
1999 10
962 10
1013 10
2402 10
1256 10
885 10
2555 10
1262 10
3004 10
1632 10
2714 10
2191 10
1731 10
1479 10
2880 10
2950 10
1276 10
1025 10
2281 10
1493 10
988 10
1128 10
1127 10
2045 10
863 10
2293 10
1290 10
867 10
1134 10
3038 10
1973 10
1687 10
872 10
1604 10
1599 10
955 10
2234 10
1529 10
2074 10
1532 10
2546 10
2769 10
2921 10
1105 10
1322 10
2926 10
2773 10
2699 10
2013 10
2089 10
888 10
840 10
2875 10
1330 10
1482 10
1332 10
2108 10
2421 10
2113 10
2115 10
1029 10
2886 10
901 10
1032 10
1033 10
1178 10
1179 10
3037 10
1963 10
2442 10
1517 10
868 10
1596 10
1684 10
1690 10
3060 10
1188 10
1242 10
1457 10
916 10
1612 10
2396 10
1195 10
1255 10
1257 10
1540 10
829 10
2774 10
1798 10
975 10
1209 10
1823 10
1115 10
2184 10
2790 10
934 10
1066 10
1217 10
843 10
1123 10
1954 10
1748 10
1657 10
2888 10
1072 10
1431 10
945 10
1508 10
2739 10
866 10
910 10
1040 10
1081 10
997 10
1042 10
954 10
1083 10
2678 10
1309 10
960 10
1459 10
1462 10
2765 10
2772 10
1153 10
964 10
883 10
2553 10
898 10
1324 10
1265 10
977 10
3006 10
1266 10
1061 10
2266 10
1642 10
1442 10
2645 10
1486 10
2726 10
952 10
1496 10
986 10
900 10
1762 10
1500 10
2594 10
906 10
1766 10
1874 10
951 10
909 10
2146 10
1151 10
2837 10
1597 10
953 10
2916 10
877 10
1792 10
878 10
1063 10
2710 10
1132 10
2996 10
1012 10
3024 10
985 10
1069 10
1472 10
1552 10
1391 10
1940 10
978 10
991 10
1006 10
992 10
904 10
1651 10
950 10
2674 10
948 10
942 10
2427 10
1873 10
1176 10
2891 10
1197 10
1113 10
1059 10
897 10
2445 10
2675 10
2953 10
1692 10
1357 10
987 10
1475 10
2598 10
1248 10
2868 10
1339 10
1222 10
1218 10
1489 10
1308 10
1207 10
2259 10
976 10
1569 10
941 10
2956 10
1972 10
1661 10
943 10
896 10
2425 10
8615 158
8176 158
8668 158
8614 158
8567 158
8844 158
8212 158
8244 158
8130 158
8566 158
8128 158
8276 158
8449 158
8666 158
8210 158
8166 158
8660 158
8424 158
8304 158
8518 158
8516 158
8984 158
8191 158
8187 158
8264 158
8866 158
8487 158
8121 158
8237 158
8643 158
8109 158
8756 158
8129 158
8502 158
8115 158
8758 158
8617 158
8444 158
8944 158
8671 158
8174 158
8575 158
8561 158
8296 158
8240 158
8111 158
8893 158
8426 158
8398 158
8142 158
8943 158
8230 158
8489 158
8277 158
8233 158
8322 158
8366 158
8465 158
8564 158
8583 158
8113 158
8925 158
8504 158
8102 158
8836 158
8914 158
8119 158
8507 158
8933 158
8653 158
8594 158
9055 158
8152 158
8982 158
9027 158
8940 158
8941 158
8517 158
8571 158
8522 158
8520 158
8946 158
8578 158
8509 158
8510 158
8341 158
9040 158
8909 158
8728 158
8954 158
8955 158
8533 158
8535 158
8823 158
8536 158
8490 158
8108 158
8492 158
8482 158
8923 158
8644 158
8153 158
8788 158
8928 158
9061 158
8553 158
8698 158
8699 158
8559 158
8293 158
8704 158
8963 158
8708 158
9025 158
8514 158
8983 158
8711 158
8712 158
9077 158
9078 158
8572 158
8172 158
8306 158
8627 158
9118 158
8269 158
8677 158
8313 158
8996 158
8727 158
8587 158
8999 158
9140 158
8589 158
8590 158
8687 158
9005 158
8540 158
8736 158
8597 158
8965 158
9010 158
8926 158
8114 158
9013 158
8157 158
8880 158
8604 158
8605 158
8749 158
9020 158
9021 158
8612 158
9120 158
8709 158
9163 158
9028 158
9166 158
8714 158
9126 158
8474 158
9033 158
8623 158
8991 158
8480 158
8438 158
9133 158
9178 158
9041 158
8228 158
8630 158
8631 158
8774 158
9049 158
9050 158
8362 158
8638 158
8871 158
8640 158
8781 158
9056 158
9193 158
8645 158
8696 158
9060 158
8602 158
8929 158
8505 158
9065 158
8793 158
9203 158
9204 158
8655 158
8466 158
8755 158
9073 158
8663 158
8803 158
9076 158
8805 158
8806 158
9079 158
8669 158
9081 158
8393 158
8626 158
8353 158
8394 158
8678 158
8531 158
9093 158
8681 158
8400 158
8143 158
8958 158
8686 158
8824 158
8236 158
8826 158
8690 158
8151 158
8692 158
8547 158
8646 158
8969 158
9198 158
8835 158
9242 158
9243 158
8418 158
8292 158
8840 158
8841 158
8422 158
9249 158
9250 158
8425 158
8847 158
8427 158
8428 158
8429 158
8715 158
8431 158
8432 158
8992 158
8135 158
8437 158
8857 158
8858 158
8726 158
8860 158
9137 158
8442 158
8863 158
9270 158
9271 158
8190 158
9144 158
8593 158
9275 158
9147 158
9009 158
8452 158
8876 158
9281 158
9152 158
9153 158
8458 158
9285 158
9286 158
9287 158
8883 158
8751 158
8753 158
9291 158
9292 158
8467 158
9294 158
8894 158
8895 158
8760 158
8473 158
8898 158
8218 158
8718 158
8309 158
9176 158
8479 158
8904 158
9179 158
8356 158
9181 158
8773 158
8485 158
8486 158
9312 158
9313 158
8104 158
8365 158
8780 158
8921 158
9319 158
8783 158
8367 158
8239 158
8786 158
8787 158
8243 158
8372 158
8116 158
8932 158
8247 158
8248 158
8377 158
9070 158
8513 158
8254 158
8124 158
8802 158
8804 158
8942 158
8258 158
8259 158
8808 158
8131 158
8525 158
8948 158
9220 158
8267 158
8177 158
8137 158
8816 158
8818 158
8271 158
8682 158
8275 158
9229 158
9141 158
8145 158
8404 158
8962 158
8964 158
9103 158
8693 158
8967 158
8283 158
9110 158
8833 158
8552 158
8288 158
8332 158
8419 158
8160 158
9114 158
9247 158
8162 158
8563 158
8208 158
8165 158
8211 158
8985 158
8570 158
8169 158
8170 158
8171 158
9128 158
8434 158
9131 158
8856 158
8352 158
8312 158
9134 158
8441 158
8182 158
8998 158
8588 158
9001 158
8231 158
8320 158
8735 158
8321 158
8364 158
8106 158
8193 158
9280 158
9149 158
8455 158
8600 158
9014 158
8200 158
8650 158
8652 158
8202 158
8203 158
8336 158
8205 158
8339 158
8799 158
8381 158
8298 158
8126 158
8896 158
9031 158
8346 158
8899 158
9035 158
8764 158
8351 158
8625 158
8392 158
8223 158
8097 158
8225 158
8227 158
9182 158
8819 158
8775 158
8274 158
8232 158
8917 158
8491 158
9101 158
8148 158
8407 158
8150 158
8369 158
9238 158
8411 158
8371 158
9111 158
9241 158
8303 158
8376 158
8375 158
9066 158
9288 158
8936 158
8295 158
8340 158
9206 158
9165 158
9210 158
9211 158
8386 158
8317 158
9080 158
8853 158
9217 158
8855 158
8478 158
9262 158
8815 158
8224 158
8139 158
9224 158
8729 158
8821 158
9254 158
8776 158
9231 158
9116 158
8448 158
8791 158
9188 158
8738 158
8831 158
9107 158
8196 158
8299 158
8329 158
8316 158
8301 158
8975 158
8622 158
9158 158
9299 158
9159 158
8903 158
8379 158
8194 158
8771 158
8314 158
8713 158
9167 158
8101 158
8216 158
9257 158
8173 158
9306 158
9278 158
8279 158
9304 158
8333 158
9169 158
8543 158
9308 158
9233 158
8388 158
8402 158
9269 158
8383 158
9180 158
9104 158
8354 158
8873 158
8862 158
8272 158
9136 158
9253 158
9836 258
9401 258
10859 258
9744 258
9716 258
10263 258
9742 258
9358 258
10534 258
9345 258
9494 258
9495 258
9414 258
9784 258
9419 258
10533 258
10136 258
10487 258
9400 258
9426 258
9387 258
10746 258
9755 258
9336 258
9732 258
10676 258
10066 258
10636 258
9341 258
10813 258
10518 258
10111 258
10571 258
10572 258
9320 258
9321 258
9390 258
9499 258
10850 258
10564 258
9368 258
10678 258
9477 258
10711 258
10165 258
10445 258
10446 258
9454 258
10196 258
10643 258
10438 258
10595 258
9446 258
10187 258
10079 258
10725 258
9450 258
10570 258
10456 258
9466 258
9833 258
9346 258
10086 258
10688 258
9512 258
9540 258
9350 258
9554 258
10550 258
9872 258
9598 258
10621 258
9479 258
9600 258
10671 258
9442 258
9470 258
10527 258
10580 258
10104 258
10631 258
10581 258
10516 258
9983 258
9984 258
10772 258
10639 258
9371 258
9616 258
10776 258
10777 258
9619 258
9992 258
9460 258
10781 258
9610 258
10204 258
9710 258
9750 258
9506 258
10505 258
9877 258
9509 258
10004 258
10612 258
10614 258
9757 258
9353 258
10455 258
9638 258
10798 258
9517 258
10514 258
9765 258
10801 258
10803 258
9443 258
10436 258
9364 258
10808 258
10809 258
10022 258
9651 258
9652 258
10149 258
10814 258
10815 258
9413 258
10817 258
9658 258
9659 258
10820 258
10034 258
10822 258
9663 258
10824 258
10038 258
9626 258
9667 258
9668 258
10043 258
9918 258
9795 258
9550 258
9388 258
10792 258
9675 258
9433 258
9356 258
10567 258
9679 258
10840 258
10841 258
10842 258
9683 258
10716 258
10845 258
9686 258
9647 258
10848 258
10063 258
10719 258
9939 258
9940 258
9694 258
9696 258
10315 258
10590 258
10071 258
10195 258
10861 258
10594 258
9702 258
10199 258
9704 258
10865 258
9828 258
9829 258
9708 258
9831 258
10457 258
9957 258
9712 258
9960 258
10210 258
10088 258
9839 258
9594 258
9677 258
10469 258
10468 258
9475 258
10095 258
10096 258
9357 258
9725 258
9727 258
9360 258
10847 258
9362 258
9730 258
10481 258
10229 258
9733 258
9734 258
10108 258
9736 258
10773 258
9861 258
9615 258
9740 258
9375 258
10642 258
9991 258
9377 258
9745 258
9502 258
9747 258
9381 258
10122 258
10502 258
10248 258
9752 258
10127 258
10558 258
10252 258
10130 258
9881 258
10215 258
10512 258
10257 258
10513 258
10011 258
9886 258
10800 258
10139 258
9520 258
9891 258
9768 258
10143 258
9770 258
10145 258
9406 258
10147 258
9774 258
9900 258
10812 258
9902 258
9778 258
10539 258
9781 258
9906 258
10279 258
10157 258
10158 258
9418 258
10160 258
9788 258
9789 258
10549 258
10551 258
10552 258
9793 258
9794 258
10459 258
10701 258
9797 258
9798 258
10561 258
9432 258
10050 258
10709 258
10299 258
9436 258
9805 258
10301 258
9807 258
9933 258
10183 258
10576 258
9564 258
9812 258
10186 258
10579 258
9567 258
9816 258
10854 258
10069 258
10070 258
10589 258
10317 258
10591 258
9333 258
10593 258
10322 258
10734 258
9827 258
10737 258
9954 258
10599 258
10246 258
10742 258
10786 258
9959 258
10654 258
10335 258
10211 258
9963 258
10090 258
9592 258
10092 258
9967 258
10342 258
10219 258
9846 258
10756 258
9848 258
10475 258
9850 258
10479 258
9483 258
9484 258
10228 258
10763 258
10766 258
9857 258
10107 258
10357 258
9370 258
9860 258
10235 258
10640 258
10641 258
10774 258
10360 258
10365 258
9868 258
9379 258
9870 258
9871 258
10162 258
10652 258
10288 258
10249 258
10699 258
9919 258
9672 258
9511 258
10507 258
9758 258
9636 258
9392 258
10664 258
10382 258
10384 258
9516 258
9642 258
10387 258
9684 258
10265 258
9893 258
9525 258
10674 258
10395 258
10270 258
9898 258
10811 258
10532 258
10531 258
10274 258
10682 258
9535 258
9905 258
10032 258
9908 258
9909 258
10282 258
10690 258
10691 258
10548 258
9584 258
10287 258
10205 258
9917 258
10415 258
10332 258
10333 258
10293 258
9923 258
10705 258
10296 258
10560 258
10835 258
10053 258
9557 258
10710 258
10429 258
10569 258
10223 258
9563 258
10305 258
10846 258
10720 258
9937 258
9444 258
10718 258
10722 258
10191 258
10587 258
9328 258
9945 258
10588 258
9988 258
10197 258
9577 258
10075 258
9578 258
10736 258
10078 258
9953 258
9624 258
10371 258
9382 258
10501 258
10500 258
9546 258
9671 258
9591 258
9673 258
10214 258
10748 258
9595 258
10615 258
9843 258
10754 258
9970 258
10620 258
10013 258
10816 258
9480 258
9851 258
10761 258
9978 258
10352 258
9485 258
10630 258
10106 258
9407 258
10486 258
9985 258
9943 258
10695 258
10403 258
10362 258
10278 258
10406 258
10364 258
9621 258
9994 258
9996 258
10452 258
10324 258
10041 258
10827 258
10178 258
10697 258
10828 258
10291 258
10745 258
9880 258
10509 258
10132 258
10336 258
10383 258
10706 258
10054 258
10839 258
10721 258
10856 258
9932 258
10669 258
10806 258
9523 258
10393 258
10267 258
10396 258
10397 258
10765 258
10272 258
9449 258
10649 258
10370 258
10443 258
10638 258
9575 258
10318 258
10407 258
10544 258
10036 258
10823 258
10780 258
10120 258
10499 258
10617 258
10755 258
10498 258
10243 258
10743 258
10045 258
9674 258
10049 258
10836 258
10253 258
9430 258
10340 258
10341 258
10485 258
9421 258
10216 258
10622 258
10432 258
10433 258
10101 258
10435 258
10103 258
9565 258
10528 258
10529 258
10067 258
10244 258
10616 258
9501 258
9451 258
10028 258
10113 258
9534 258
10730 258
10448 258
10733 258
10201 258
10409 258
10735 258
9528 258
10190 258
9772 258
10744 258
10611 258
10698 258
10224 258
10833 258
9514 258
10658 258
10421 258
10819 258
10521 258
10684 258
10629 258
9606 258
10478 258
10476 258
9894 258
10818 258
10778 258
10762 258
10418 258
9416 258
9537 258
10361 258
10686 258
10687 258
9429 258
10496 258
9952 258
10844 258
10732 258
10171 258
9561 258
10689 258
10703 258
9976 258
10657 258
10673 258
10281 258
10832 258
9603 258
10405 258
9560 258
10351 258
10234 258
10843 258
10337 258
10685 258
10702 258
10280 258
10920 35623
10926 35623
10924 35623
10984 35623
10887 35623
10892 35623
10989 35623
10885 35623
10951 35623
10928 35623
10996 35623
10897 35623
10900 35623
10990 35623
10883 35623
10954 35623
10963 35623
10905 35623
10955 35623
10909 35623
11072 13554
11258 239404
11257 239404
11701 239404
11646 239404
8188 28
8246 28
8289 28
8136 28
8107 28
8648 28
8519 28
8877 28
8146 28
9099 28
8110 28
9006 28
8416 28
8842 28
8229 28
8207 28
8495 28
8417 28
8105 28
8285 28
8127 28
8415 28
8676 28
8459 28
8733 28
8235 28
8361 28
8870 28
8222 28
8616 28
8641 28
8972 28
8099 28
8141 28
8665 28
8603 28
8186 28
8445 28
8637 28
8722 28
8252 28
9190 28
9317 28
8154 28
9043 28
8453 28
8498 28
8500 28
8927 28
8370 28
8649 28
8560 28
9054 28
8765 28
8294 28
8251 28
8710 28
8499 28
9121 28
8468 28
8470 28
8664 28
8260 28
9127 28
8132 28
8405 28
9145 28
8134 28
8133 28
8268 28
8343 28
9307 28
8529 28
8483 28
8913 28
9311 28
9310 28
8633 28
9097 28
8934 28
9316 28
8538 28
8149 28
8255 28
8112 28
8497 28
8548 28
8694 28
8549 28
8551 28
8971 28
9112 28
8959 28
9117 28
8508 28
8161 28
8562 28
8890 28
8937 28
8891 28
9122 28
8848 28
8385 28
9212 28
8667 28
8261 28
8389 28
8574 28
9130 28
8813 28
8179 28
9091 28
8439 28
8859 28
8358 28
8956 28
9139 28
8864 28
8318 28
9002 28
8537 28
8734 28
8869 28
8922 28
8496 28
8966 28
8598 28
8328 28
8197 28
8601 28
8198 28
9015 28
8703 28
8120 28
8976 28
8610 28
8611 28
8164 28
8980 28
8661 28
9293 28
8757 28
9029 28
8986 28
8987 28
8262 28
8475 28
8220 28
9174 28
8624 28
8527 28
8580 28
8768 28
8770 28
8680 28
8772 28
9046 28
8632 28
9184 28
8635 28
8916 28
8234 28
8918 28
9053 28
8363 28
8195 28
9057 28
8785 28
8241 28
8647 28
8413 28
8373 28
8460 28
8839 28
8792 28
8249 28
8794 28
8123 28
8613 28
8423 28
8125 28
8515 28
8384 28
8472 28
8256 28
8387 28
8945 28
8807 28
8523 28
8265 28
8526 28
9089 28
8528 28
9222 28
8629 28
8397 28
8532 28
8534 28
8144 28
8822 28
8401 28
8403 28
8688 28
8539 28
9102 28
9192 28
8281 28
8282 28
8410 28
8695 28
8743 28
8697 28
8155 28
8461 28
8158 28
8291 28
8420 28
8706 28
9248 28
8888 28
9023 28
8845 28
8568 28
9075 28
8302 28
8850 28
8988 28
8573 28
9129 28
8990 28
8308 28
8178 28
8724 28
8581 28
8995 28
8584 28
8183 28
9267 28
8730 28
8185 28
8319 28
8592 28
8447 28
8639 28
8323 28
8596 28
8451 28
8326 28
8454 28
8741 28
9195 28
8330 28
8745 28
8746 28
9018 28
8204 28
8750 28
8338 28
9022 28
8512 28
9207 28
8662 28
9074 28
9295 28
8759 28
8215 28
9298 28
8621 28
8217 28
8476 28
9175 28
9038 28
9039 28
9090 28
8481 28
8355 28
8910 28
8357 28
8359 28
8685 28
9185 28
9051 28
8778 28
8825 28
8779 28
8147 28
8546 28
8784 28
9236 28
8368 28
8832 28
9109 28
8834 28
9064 28
8651 28
8506 28
9201 28
8159 28
9069 28
8978 28
8163 28
8122 28
8253 28
8382 28
9252 28
8849 28
8168 28
8620 28
8305 28
9214 28
8811 28
8674 28
9087 28
8579 28
8951 28
8140 28
8530 28
8817 28
8396 28
8443 28
8684 28
8273 28
9095 28
8591 28
8689 28
9274 28
8737 28
8829 28
8874 28
9237 28
8599 28
9282 28
8457 28
8286 28
8199 28
8837 28
9245 28
8462 28
8421 28
8464 28
8884 28
8994 28
8797 28
8297 28
8342 28
8471 28
8345 28
9125 28
9032 28
8716 28
9172 28
8433 28
8310 28
8767 28
9008 28
8311 28
8440 28
8997 28
8585 28
8912 28
8957 28
8731 28
9143 28
8732 28
9187 28
9186 28
8278 28
8812 28
9191 28
8875 28
8408 28
9108 28
9239 28
8879 28
9063 28
8881 28
9157 28
8117 28
8463 28
8654 28
9272 28
8950 28
8266 28
8801 28
9205 28
8484 28
8569 28
9297 28
8214 28
8763 28
9300 28
8477 28
8766 28
8335 28
8827 28
8280 28
8905 28
9042 28
8740 28
8180 28
8315 28
9183 28
8488 28
8360 28
8960 28
8961 28
8673 28
8854 28
8723 28
8324 28
8739 28
8270 28
9012 28
8970 28
9240 28
8245 28
8374 28
8701 28
8290 28
8446 28
9100 28
9232 28
8435 28
8380 28
9277 28
8096 28
8098 28
9309 28
8344 28
8430 28
8558 28
8947 28
8606 28
8349 28
9037 28
8450 28
8952 28
8378 28
9265 28
8409 28
8327 28
9227 28
9154 28
8761 28
9142 28
8347 28
9200 28
8809 28
9303 28
8406 28
8391 28
8348 28
8395 28
8325 28
8878 28
8412 28
8789 28
8882 28
8221 28
8901 28
9235 28
8390 28
8331 28
9151 28
9215 28
9221 28
8350 28
8900 28
8213 28
8284 28
10462 54
9769 54
10392 54
10198 54
10266 54
9644 54
10404 54
10016 54
10306 54
9811 54
10461 54
9962 54
9808 54
10142 54
9766 54
9439 54
9866 54
10238 54
10184 54
9746 54
10029 54
9838 54
9986 54
10112 54
10182 54
9372 54
10073 54
9334 54
10153 54
10060 54
10119 54
9929 54
10578 54
9862 54
9714 54
10208 54
10222 54
9415 54
9754 54
10506 54
10610 54
10085 54
10117 54
10242 54
10055 54
9993 54
9835 54
9465 54
9726 54
9780 54
10430 54
10346 54
10099 54
9361 54
9852 54
9391 54
10659 54
9787 54
10176 54
10081 54
9777 54
9373 54
10151 54
9737 54
10359 54
9331 54
10492 54
9989 54
10102 54
10035 54
10200 54
9721 54
10093 54
9913 54
9830 54
9711 54
10209 54
9916 54
10607 54
9342 54
9389 54
10116 54
9717 54
9471 54
9526 54
10040 54
9884 54
9435 54
9724 54
10098 54
10097 54
10262 54
10388 54
9643 54
9521 54
10390 54
10391 54
10779 54
9801 54
9366 54
9326 54
10026 54
10109 54
10400 54
10275 54
9493 54
9656 54
9412 54
9617 54
9497 54
9620 54
9365 54
9869 54
9622 54
9665 54
9956 54
10458 54
10868 54
10166 54
9753 54
9468 54
9590 54
10212 54
9633 54
9786 54
9352 54
9676 54
10566 54
10427 54
10056 54
10517 54
9931 54
9682 54
10058 54
9441 54
10717 54
10307 54
10175 54
10269 54
9649 54
10439 54
9858 54
9776 54
10068 54
9819 54
9904 54
9946 54
9822 54
9699 54
10074 54
9660 54
9335 54
9662 54
10161 54
10454 54
9339 54
10206 54
9749 54
9627 54
10167 54
10655 54
10656 54
9961 54
10377 54
10007 54
9802 54
9966 54
10466 54
9556 54
9723 54
9680 54
9971 54
10014 54
10473 54
9601 54
9359 54
10226 54
10062 54
9813 54
10065 54
9855 54
10311 54
10356 54
9735 54
10358 54
9531 54
9614 54
9863 54
9533 54
9907 54
9741 54
9496 54
10408 54
10118 54
10367 54
9748 54
9461 54
10164 54
10414 54
10872 54
9508 54
10460 54
9507 54
10170 54
9964 54
9349 54
9510 54
10510 54
9354 54
10300 54
10344 54
9888 54
9930 54
9641 54
9599 54
9934 54
9685 54
10477 54
9896 54
9980 54
9524 54
9486 54
9405 54
10399 54
10150 54
9818 54
9330 54
9411 54
9698 54
9947 54
10033 54
9536 54
9456 54
9951 54
10410 54
9582 54
10825 54
10121 54
10602 54
9423 54
9669 54
9386 54
9920 54
10003 54
10508 54
10254 54
9434 54
9431 54
10174 54
9764 54
10138 54
10217 54
9597 54
9806 54
9559 54
10491 54
9481 54
9562 54
9728 54
9403 54
9324 54
10309 54
9607 54
9693 54
9570 54
9609 54
10313 54
9572 54
9425 54
10402 54
9670 54
9826 54
10493 54
9417 54
9579 54
10546 54
9580 54
9541 54
9998 54
9874 54
9544 54
10488 54
10374 54
9821 54
10169 54
9922 54
10048 54
10423 54
9593 54
9555 54
10298 54
9394 54
9763 54
10260 54
10328 54
10276 54
9329 54
9975 54
10624 54
9688 54
9979 54
10353 54
10450 54
10368 54
10232 54
9914 54
9666 54
10543 54
10372 54
9950 54
9492 54
10255 54
9457 54
10134 54
10644 54
9500 54
9844 54
10316 54
10425 54
9895 54
10314 54
10304 54
9404 54
9447 54
9445 54
10321 54
9581 54
10422 54
10218 54
10449 54
10295 54
10349 54
9482 54
9552 54
9853 54
9513 54
10338 54
9799 54
10947 10676
10878 10676
10949 10676
10918 10676
10988 10676
10915 10676
10930 10676
10876 10676
10875 10676
10969 10676
10975 10676
10959 10676
10904 10676
10874 10676
10979 10676
10939 10676
10942 10676
10941 10676
10970 10676
10968 10676
10929 10676
10971 10676
10945 10676
10944 10676
10973 10676
10972 10676
10938 10676
10977 10676
10893 10676
10922 10676
10966 10676
10967 10676
10940 10676
10953 10676
10913 10676
10999 10676
10916 10676
10943 10676
10980 10676
10948 10676
10936 10676
10891 10676
10994 10676
10965 10676
10880 10676
10997 10676
10899 10676
10914 10676
10902 10676
10986 10676
10901 10676
10962 10676
10946 10676
10976 10676
10961 10676
10934 10676
10993 10676
10935 10676
11008 44981
11001 44981
11122 247873
12086 15275
3480 18
3092 18
3277 18
3710 18
3954 18
3567 18
3517 18
3274 18
4120 18
3102 18
4221 18
4090 18
4382 18
3948 18
3785 18
3221 18
3172 18
3108 18
4132 18
3452 18
3871 18
4546 18
3762 18
4225 18
3344 18
3485 18
4093 18
3705 18
3351 18
3273 18
4149 18
4017 18
3569 18
3304 18
3187 18
3737 18
3461 18
3489 18
4112 18
3165 18
3864 18
3620 18
3389 18
3292 18
3270 18
3607 18
4665 18
3759 18
4311 18
4637 18
4313 18
3706 18
3884 18
3311 18
3205 18
4211 18
3119 18
3206 18
3156 18
3106 18
3601 18
3361 18
3912 18
3185 18
4296 18
4364 18
3383 18
3471 18
3450 18
3929 18
3688 18
3263 18
3306 18
3979 18
3293 18
4283 18
4409 18
4414 18
3795 18
3835 18
3463 18
4748 18
3752 18
4016 18
3868 18
3686 18
4105 18
3486 18
3503 18
3123 18
3322 18
4524 18
3202 18
4014 18
3965 18
3184 18
3429 18
3523 18
3823 18
3289 18
3448 18
3754 18
4069 18
3682 18
4164 18
3269 18
4179 18
4620 18
3199 18
3861 18
4070 18
3590 18
3677 18
4475 18
3886 18
3747 18
10873 1118
10603 1118
10017 1118
10018 1118
10871 1118
10327 1118
10015 1118
10608 1118
10609 1118
10866 1118
10326 1118
10330 1118
10867 1118
9885 1118
10019 1118
10604 1118
10331 1118
10919 6984
10985 6984
10906 6984
10925 6984
10895 6984
10927 6984
10917 6984
10884 6984
10991 6984
10907 6984
10958 6984
10960 6984
10882 6984
10923 6984
10964 6984
10978 6984
10998 6984
11000 6984
10956 6984
10894 6984
10881 6984
10898 6984
10879 6984
10983 6984
10992 6984
10957 6984
10889 6984
10995 6984
11063 540
11042 540
11031 540
11003 540
11071 540
11033 540
11021 540
11067 540
11022 540
11044 540
11056 540
11002 540
11004 540
11076 540
11058 540
11020 540
11046 540
11011 540
11060 540
11054 540
11025 540
11051 540
11055 540
11069 540
11032 540
11070 540
11074 540
11073 540
11006 540
11062 540
11024 540
11066 540
11013 540
11014 540
11041 540
11030 540
11043 540
11027 540
11015 540
11016 540
11045 540
11019 540
11075 540
11012 540
11010 540
11050 540
11052 540
11078 540
11029 540
11028 540
11082 540
11026 540
11065 540
11059 540
11005 540
11061 540
11036 540
11023 540
11064 540
11053 540
11068 540
11040 540
11081 540
11039 540
11079 540
11018 540
11049 540
11017 540
11037 540
11035 540
11048 540
11080 540
11047 540
11077 540
11085 4238
11102 4238
11086 4238
11113 4238
11087 4238
11097 4238
11118 4238
11106 4238
11099 4238
11108 4238
11110 4238
11083 4238
11098 4238
11111 4238
11095 4238
11092 4238
11112 4238
11104 4238
11103 4238
11094 4238
11091 4238
11096 4238
11105 4238
11090 4238
11100 4238
11084 4238
11107 4238
11089 4238
11101 4238
11088 4238
11109 4238
1221 9
1949 9
2180 9
1708 9
2515 9
1171 9
1198 9
1122 9
2011 9
1157 9
1717 9
2172 9
1732 9
2157 9
1740 9
1314 9
1390 9
2672 9
1653 9
2469 9
1364 9
2153 9
1160 9
1805 9
1834 9
1372 9
1464 9
1199 9
1382 9
1548 9
1106 9
1386 9
2389 9
2866 9
1697 9
1783 9
2136 9
1315 9
1121 9
1231 9
1273 9
1401 9
2064 9
2364 9
1800 9
3059 9
2731 9
1829 9
1053 9
2028 9
1441 9
1768 9
2852 9
1182 9
1775 9
2176 9
1889 9
1304 9
1317 9
1605 9
1985 9
1077 9
2051 9
1253 9
2988 9
1213 9
1194 9
1463 9
1470 9
1109 9
1801 9
2148 9
1563 9
2562 9
1240 9
2161 9
2031 9
1267 9
2213 9
1143 9
1402 9
1008 9
2416 9
1484 9
2138 9
2450 9
1286 9
1550 9
1288 9
1226 9
1675 9
1200 9
1269 9
1212 9
2362 9
1528 9
1885 9
2386 9
2687 9
1193 9
1191 9
2437 9
1076 9
1899 9
1400 9
1715 9
2283 9
1830 9
1918 9
1258 9
1598 9
1241 9
1861 9
1144 9
1711 9
3056 9
2782 9
1125 9
2728 9
2911 9
2659 9
1691 9
2019 9
2580 9
2228 9
1893 9
7413 320
7088 320
6940 320
7009 320
7257 320
7142 320
6954 320
6989 320
7227 320
7574 320
6968 320
7236 320
6936 320
6905 320
7162 320
6932 320
7332 320
7105 320
7082 320
7068 320
7099 320
6865 320
7244 320
7101 320
7100 320
7447 320
7198 320
6933 320
6943 320
6804 320
6689 320
7477 320
7050 320
6813 320
6863 320
7315 320
6874 320
6740 320
7025 320
6877 320
7022 320
7048 320
6921 320
7070 320
7171 320
7151 320
7092 320
7397 320
6840 320
11117 744
11131 744
11141 744
11130 744
11148 744
11142 744
11149 744
11132 744
11147 744
11138 744
11144 744
11129 744
11128 744
11146 744
11125 744
11116 744
11114 744
11139 744
11135 744
11137 744
11126 744
11127 744
11145 744
11140 744
11143 744
11136 744
11121 744
11133 744
11134 744
11159 384
11158 384
11204 384
11290 384
11381 384
11173 384
11160 384
11174 384
11306 384
11153 384
11322 384
11194 384
11162 384
11239 384
11200 384
11156 384
11183 384
11150 384
11766 384
11172 384
11638 384
11198 384
11697 384
11351 384
11152 384
11418 384
11875 384
11223 384
11320 384
11950 384
11171 384
11326 384
11327 384
11417 384
11228 384
11419 384
11190 384
11220 384
11281 384
11182 384
11427 384
11771 384
11154 384
11266 384
11238 384
11445 384
11588 384
11730 384
11778 384
11688 384
11231 384
11192 384
11193 384
11279 384
11248 384
11881 384
11250 384
11882 384
11169 384
11464 384
11465 384
11309 384
11310 384
11161 384
11219 384
11233 384
11521 384
11179 384
11221 384
11475 384
11181 384
11664 384
11226 384
11529 384
11186 384
11188 384
11230 384
11277 384
11165 384
11191 384
11627 384
11866 384
11490 384
11157 384
11444 384
11343 384
11199 384
11729 384
11873 384
11346 384
11189 384
11177 384
11246 384
11355 384
11206 384
11208 384
11167 384
11357 384
11359 384
11932 384
11363 384
11512 384
11656 384
11203 384
11485 384
11370 384
11178 384
11943 384
11707 384
11663 384
11375 384
11429 384
11900 384
11184 384
11667 384
11187 384
11330 384
11811 384
11385 384
11673 384
11814 384
11770 384
11393 384
11286 384
11197 384
11821 384
11681 384
11345 384
11201 384
11399 384
11401 384
11500 384
11205 384
11457 384
11247 384
11834 384
11209 384
11410 384
11411 384
11414 384
11253 384
11212 384
11560 384
11606 384
11217 384
11260 384
11218 384
11262 384
11317 384
11319 384
11428 384
11896 384
11225 384
11617 384
11272 384
11809 384
11670 384
11275 384
11276 384
11437 384
11151 384
11582 384
11439 384
11584 384
11679 384
11155 384
11340 384
11494 384
11589 384
11447 384
11544 384
11294 384
11594 384
11550 384
11164 384
11405 384
11166 384
11302 384
11168 384
11304 384
11170 384
11839 384
11307 384
11214 384
11746 384
11175 384
11314 384
11611 384
11565 384
11944 384
11180 384
11753 384
11265 384
11379 384
11759 384
11185 384
11620 384
11905 384
11624 384
11625 384
11626 384
11486 384
11334 384
11488 384
11630 384
11195 384
11285 384
11492 384
11635 384
11240 384
11823 384
11242 384
11547 384
11404 384
11352 384
11298 384
11456 384
11356 384
11507 384
11210 384
11211 384
11788 384
11213 384
11985 384
11366 384
11515 384
11658 384
11797 384
11990 384
11706 384
11662 384
11236 384
11538 384
11710 384
11268 384
11270 384
11808 384
11530 384
11532 384
11717 384
11533 384
11719 384
11278 384
11234 384
11693 384
11555 384
11338 384
11443 384
11398 384
11291 384
11885 384
11328 384
11546 384
11259 384
11245 384
11503 384
11863 384
11297 384
11391 384
11695 384
11838 384
11556 384
11361 384
11918 384
11790 384
11421 384
11383 384
11704 384
11469 384
11975 384
11845 384
11301 384
11585 384
11817 384
11224 384
11634 384
11509 384
11163 384
11434 384
11623 384
11718 384
11889 384
11244 384
11508 384
11570 384
11961 384
11737 384
11954 384
11713 384
11235 384
11176 384
11369 384
11249 384
11329 384
11576 384
11913 384
11216 384
11484 384
11480 384
12027 42001
12018 42001
12038 42001
12157 42001
12047 42001
12145 42001
12037 42001
12117 42001
12118 42001
12100 42001
12065 42001
12060 42001
12208 42001
13627 215489
11123 97
11202 356
11986 356
11616 356
11378 356
11303 356
11263 356
11592 356
11274 356
11324 356
11293 356
11376 356
11613 356
11499 356
11644 356
11640 356
11227 356
11708 356
11380 356
11583 356
11502 356
11479 356
11760 356
11467 356
11552 356
11628 356
11722 356
11567 356
11446 356
11256 356
11727 356
11476 356
11590 356
11607 356
11732 356
11636 356
11264 356
11612 356
11299 356
11784 356
11506 356
11755 356
11397 356
11604 356
11698 356
11843 356
11637 356
11296 356
11675 356
11332 356
11676 356
11660 356
11661 356
11374 356
11587 356
11305 356
11666 356
11805 356
11806 356
11365 356
11215 356
11639 356
11384 356
11372 356
11487 356
11390 356
11629 356
11222 356
11803 356
11726 356
11396 356
11682 356
11776 356
11400 356
11347 356
11243 356
11232 356
11598 356
11354 356
11692 356
11407 356
11680 356
11837 356
11741 356
11742 356
11415 356
11699 356
11745 356
11844 356
11780 356
11750 356
11705 356
11425 356
11426 356
11358 356
11851 356
11757 356
11430 356
11431 356
11273 356
11669 356
11672 356
11435 356
11436 356
11386 356
11438 356
11721 356
11850 356
11237 356
11395 356
11869 356
11870 356
11871 356
11292 356
11448 356
11450 356
11452 356
11207 356
11691 356
11878 356
11459 356
11880 356
11739 356
11462 356
11252 356
11884 356
11605 356
11935 356
11888 356
11311 356
11371 356
11470 356
11471 356
11318 356
11895 356
11754 356
11897 356
11477 356
11478 356
11902 356
11433 356
11763 356
11482 356
11331 356
11907 356
11333 356
11911 356
11440 356
11282 356
11491 356
11633 356
11774 356
11344 356
11495 356
11496 356
11922 356
11348 356
11924 356
11641 356
11504 356
11505 356
11979 356
11648 356
11787 356
11463 356
11510 356
11511 356
11841 356
11513 356
11368 356
11941 356
11516 356
11798 356
11799 356
11522 356
11946 356
11524 356
11804 356
11527 356
11953 356
11668 356
11382 356
11229 356
11957 356
11812 356
11534 356
11535 356
11335 356
11336 356
11540 356
11965 356
11541 356
11822 356
11241 356
11686 356
11826 356
11827 356
11403 356
11831 356
11977 356
11406 356
11735 356
11409 356
11981 356
11251 356
11557 356
11558 356
11432 356
11575 356
11716 356
11562 356
11261 356
11992 356
11993 356
11566 356
11995 356
11568 356
11852 356
12000 356
11573 356
11578 356
11580 356
11461 356
11577 356
12164 2697
12091 2697
12041 2697
12080 2697
12079 2697
12093 2697
12323 2697
12032 2697
12175 2697
12029 2697
12039 2697
12243 2697
12077 2697
12237 2697
12217 2697
12341 2697
12378 2697
12191 2697
12036 2697
12282 2697
12057 2697
12026 2697
12361 2697
12094 2697
12105 2697
12185 2697
12056 2697
12115 2697
12035 2697
12265 2697
12146 2697
12132 2697
12376 2697
12133 2697
13621 432235
12818 149
12102 149
12296 149
12062 149
12231 149
12442 149
12329 149
12701 149
12050 149
12266 149
12392 149
12134 149
12051 149
12408 149
12927 149
12350 149
12098 149
12219 149
12654 149
12355 149
12165 149
12339 149
12292 149
12764 149
12397 149
12288 149
12379 149
12242 149
12726 149
12790 149
12309 149
12971 149
12972 149
12854 149
12229 149
12166 149
12609 149
12441 149
12187 149
12289 149
12267 149
12446 149
12022 149
12021 149
12814 149
12988 149
12578 149
12089 149
12583 149
12321 149
12284 149
12092 149
12563 149
12598 149
12653 149
12210 149
12889 149
12158 149
12163 149
12954 149
12776 149
12835 149
12759 149
12607 149
12299 149
12945 149
12380 149
12614 149
12425 149
12240 149
12789 149
12429 149
12126 149
12066 149
12501 149
12230 149
12623 149
12858 149
12072 149
12802 149
12074 149
12020 149
12980 149
12983 149
12811 149
12272 149
12142 149
12579 149
12643 149
12581 149
12820 149
12090 149
12589 149
12468 149
12947 149
12825 149
12827 149
12471 149
12290 149
12660 149
12293 149
12358 149
12664 149
12106 149
12232 149
12840 149
12786 149
12612 149
12304 149
12120 149
12121 149
12308 149
12245 149
12794 149
12373 149
12502 149
12128 149
12740 149
12503 149
12860 149
12685 149
12263 149
12867 149
12691 149
12140 149
12334 149
12388 149
12143 149
12517 149
12455 149
12758 149
12881 149
12464 149
12287 149
12824 149
12710 149
12349 149
12529 149
12530 149
12161 149
12043 149
12405 149
12406 149
12537 149
12900 149
12540 149
12365 149
12670 149
12366 149
12545 149
12367 149
12913 149
12122 149
12311 149
12247 149
12316 149
12182 149
12259 149
12013 149
12561 149
12741 149
12928 149
12929 149
12931 149
12076 149
12932 149
12449 149
12197 149
12391 149
12337 149
12938 149
12394 149
12204 149
12206 149
12153 149
12596 149
12467 149
12401 149
12711 149
12215 149
12099 149
12714 149
12101 149
12048 149
12780 149
12412 149
12054 149
12542 149
12236 149
12908 149
12426 149
12058 149
12493 149
12430 149
12064 149
12372 149
12798 149
12621 149
12438 149
12801 149
12627 149
12262 149
12979 149
12508 149
12868 149
12984 149
12512 149
12141 149
12336 149
12695 149
12641 149
12461 149
12520 149
12034 149
12648 149
12466 149
12347 149
12526 149
13041 149
12655 149
12354 149
12495 149
12717 149
12477 149
12838 149
12839 149
12481 149
12420 149
12170 149
12055 149
12845 149
12190 149
12550 149
12914 149
12024 149
12676 149
12500 149
12677 149
12684 149
12184 149
12504 149
12346 149
12326 149
12743 149
12709 149
12871 149
12193 149
12403 149
12577 149
12753 149
12698 149
12662 149
12167 149
12721 149
12841 149
12885 149
12742 149
12174 149
12546 149
12138 149
12729 149
12370 149
12044 149
12556 149
12180 149
12559 149
12070 149
12071 149
12610 149
12706 149
12629 149
12688 149
12178 149
12179 149
12541 149
12123 149
12665 149
12203 149
12107 149
12049 149
12543 149
12551 149
12719 149
12752 149
12183 149
12325 149
12617 149
12560 147
12016 147
12012 147
12566 147
13135 147
12568 147
12751 147
12574 147
12025 147
13141 147
13144 147
13146 147
12202 147
12015 147
12587 147
12017 147
12763 147
13165 147
13167 147
12599 147
12042 147
12601 147
12603 147
12604 147
12605 147
12606 147
12409 147
12782 147
13182 147
12611 147
13185 147
13188 147
12615 147
12616 147
13192 147
12619 147
12620 147
13199 147
12069 147
12624 147
12625 147
13212 147
12073 147
13216 147
12075 147
12633 147
13220 147
12078 147
12639 147
13224 147
12084 147
13229 147
12277 147
12645 147
13233 147
13234 147
12650 147
12652 147
12096 147
12097 147
13243 147
12659 147
13247 147
12661 147
13249 147
13250 147
13251 147
12666 147
12110 147
12669 147
13258 147
13260 147
13261 147
12673 147
12674 147
12675 147
13266 147
12127 147
12680 147
12129 147
12682 147
12319 147
13286 147
12136 147
12137 147
12689 147
12139 147
13293 147
12694 147
13303 147
13305 147
12144 147
13309 147
12703 147
12147 147
12149 147
12151 147
12152 147
12886 147
12156 147
13323 147
13324 147
12715 147
12892 147
13330 147
13101 147
13335 147
13337 147
12168 147
12723 147
12171 147
12725 147
13349 147
12176 147
12177 147
12733 147
12734 147
12735 147
12736 147
12737 147
12739 147
13376 147
13377 147
12188 147
12189 147
12746 147
12748 147
13137 147
12194 147
12196 147
13409 147
12198 147
12200 147
12393 147
12586 147
12761 147
13157 147
12942 147
12209 147
12769 147
12211 147
12212 147
12773 147
12774 147
12955 147
12777 147
12778 147
13178 147
12960 147
12233 147
12235 147
12785 147
12965 147
12788 147
12428 147
12968 147
12791 147
12246 147
12796 147
12252 147
12253 147
12255 147
12440 147
12260 147
12805 147
12807 147
12808 147
12810 147
12447 147
12271 147
13223 147
12454 147
12275 147
12994 147
12279 147
12281 147
12821 147
12465 147
12286 147
13010 147
12888 147
13013 147
12831 147
12291 147
12475 147
13021 147
12294 147
12479 147
12297 147
12298 147
12486 147
12842 147
12844 147
12306 147
12307 147
12847 147
12494 147
12849 147
12313 147
12851 147
13269 147
12318 147
13055 147
13056 147
12862 147
12866 147
13062 147
12327 147
12510 147
12330 147
12513 147
12876 147
12877 147
12879 147
13306 147
12342 147
12344 147
12345 147
12523 147
12524 147
12768 147
13093 147
12890 147
12891 147
12532 147
12356 147
12893 147
12896 147
12360 147
13106 147
12362 147
12363 147
13111 147
13112 147
12912 147
12368 147
12369 147
12915 147
12371 147
12918 147
12557 147
12374 147
12924 147
12926 147
13130 147
13379 147
13134 147
12381 147
13394 147
12386 147
12933 147
12389 147
12937 147
12757 147
13416 147
12940 147
12395 147
12396 147
12522 147
12399 147
13239 147
12948 147
12402 147
12950 147
12404 147
13174 147
12956 147
13177 147
12836 147
12958 147
12413 147
12962 147
12423 147
12964 147
12966 147
13189 147
12967 147
12969 147
13194 147
13197 147
12433 147
12436 147
12975 147
13211 147
12976 147
12628 147
12444 147
12445 147
13219 147
13063 147
12448 147
12813 147
12515 147
12991 147
12817 147
12995 147
12996 147
12999 147
13156 147
13009 147
13317 147
13092 147
13321 147
13017 147
13018 147
12832 147
13248 147
13024 147
13102 147
12480 147
13033 147
12668 147
12487 147
12488 147
12489 147
12490 147
13042 147
13264 147
13044 147
12498 147
13050 147
13371 147
12681 147
13278 147
13129 147
12505 147
12506 147
13288 147
12509 147
12930 147
13065 147
13302 147
13140 147
12516 147
12699 147
13412 147
13082 147
12521 147
12704 147
12707 147
13236 147
12946 147
13089 147
13095 147
12531 147
13096 147
12534 147
13099 147
13268 147
12538 147
12898 147
13109 147
13110 147
12724 147
13346 147
13113 147
13114 147
13116 147
12552 147
12554 147
13120 147
13227 147
13122 147
13127 147
12800 147
13275 147
13314 147
13384 147
13390 147
13290 147
13400 147
13139 147
12985 147
12934 147
13176 147
13072 147
12939 147
13155 147
12760 147
12783 147
12884 147
13088 147
13313 147
13168 147
12600 147
13173 147
13172 147
13368 147
13370 147
13202 147
13026 147
13253 147
12923 147
13184 147
13038 147
13039 147
13040 147
12846 147
12731 147
13265 147
13069 147
13070 147
12990 147
13210 147
12855 147
12819 147
12941 147
13213 147
13218 147
13287 147
13339 147
13221 147
12873 147
13366 147
13020 147
13118 147
13047 147
13232 147
13104 147
12722 147
12882 147
13007 147
13343 147
13084 147
12770 147
13246 147
13401 147
13357 147
13119 147
13035 147
13373 147
13374 147
12904 147
13355 147
12784 147
13060 147
13404 147
12973 147
13064 147
12949 147
13310 147
13254 147
13029 147
12916 147
13085 147
12961 147
12687 147
13342 147
12974 451
12718 451
12716 451
12848 451
12637 451
13159 451
12359 451
12799 451
12880 451
12473 451
12816 451
12895 451
12634 451
12957 451
13151 451
12828 451
12644 451
12772 451
13255 451
13097 451
12353 451
12476 451
13191 451
13053 451
12833 451
12977 451
12317 451
13057 451
13011 451
13240 451
12570 451
13292 451
12692 451
12273 451
12432 451
12518 451
12458 451
13231 451
12462 451
12978 451
12822 451
13316 451
12671 451
13319 451
13241 451
12713 451
12474 451
13327 451
13329 451
12536 451
13334 451
13179 451
13281 451
12301 451
12905 451
12400 451
12910 451
12672 451
13262 451
13043 451
12431 451
12850 451
12920 451
13121 451
13054 451
13180 451
12377 451
12564 451
13132 451
12631 451
12567 451
12384 451
13138 451
12875 451
12640 451
12754 451
13073 451
13074 451
12647 451
12594 451
