stock  init_proprecru_per_szgroup
0 0
0 0
0 0
0 0
0 0
0 0
0 0
0 0
0 0
0 0
0 0
0 0
0 0
0 0
1 0
1 0
1 0
1 0
1 0
1 0
1 0
1 0
1 0
1 0
1 0
1 0
1 0
1 0
2 1
2 0
2 0
2 0
2 0
2 0
2 0
2 0
2 0
2 0
2 0
2 0
2 0
2 0
3 1
3 0
3 0
3 0
3 0
3 0
3 0
3 0
3 0
3 0
3 0
3 0
3 0
3 0
4 0
4 0.0907
4 0.8946
4 0.0147
4 0
4 0
4 0
4 0
4 0
4 0
4 0
4 0
4 0
4 0
5 1
5 0
5 0
5 0
5 0
5 0
5 0
5 0
5 0
5 0
5 0
5 0
5 0
5 0
6 1
6 0
6 0
6 0
6 0
6 0
6 0
6 0
6 0
6 0
6 0
6 0
6 0
6 0
7 1
7 0
7 0
7 0
7 0
7 0
7 0
7 0
7 0
7 0
7 0
7 0
7 0
7 0
8 0.0001
8 0.0006
8 0.004
8 0.0157
8 0.0521
8 0.1266
8 0.2158
8 0.2593
8 0.201
8 0.0955
8 0.0252
8 0.004
8 0.0001
8 0
9 0.0012
9 0.0086
9 0.0471
9 0.1629
9 0.3103
9 0.3048
9 0.137
9 0.0264
9 0.0017
9 0
9 0
9 0
9 0
9 0
10 0.0071
10 0.0512
10 0.2409
10 0.4128
10 0.2452
10 0.0408
10 0.002
10 0
10 0
10 0
10 0
10 0
10 0
10 0
11 0
11 0.0003
11 0.0034
11 0.02655
11 0.09525
11 0.19995
11 0.23665
11 0.2186
11 0.1632
11 0.05135
11 0.0047
11 0.00005
11 0
11 0
12 1
12 0
12 0
12 0
12 0
12 0
12 0
12 0
12 0
12 0
12 0
12 0
12 0
12 0
13 0.0016
13 0.0237
13 0.212
13 0.5041
13 0.2448
13 0.0138
13 0
13 0
13 0
13 0
13 0
13 0
13 0
13 0
14 0
14 0
14 0
14 0
14 0
14 0
14 0
14 0
14 0
14 0
14 0
14 0
14 0
14 0
15 0.0059
15 0.036
15 0.1306
15 0.3014
15 0.3285
15 0.1598
15 0.0349
15 0.0028
15 0.0001
15 0
15 0
15 0
15 0
15 0
16 1
16 0
16 0
16 0
16 0
16 0
16 0
16 0
16 0
16 0
16 0
16 0
16 0
16 0
17 1
17 0
17 0
17 0
17 0
17 0
17 0
17 0
17 0
17 0
17 0
17 0
17 0
17 0
18 0
18 0
18 0
18 0
18 0
18 0
18 0
18 0
18 0
18 0
18 0
18 0
18 0
18 0
19 0
19 0
19 0
19 0
19 0
19 0
19 0
19 0
19 0
19 0
19 0
19 0
19 0
19 0
20 0
20 0
20 0
20 0
20 0
20 0
20 0
20 0
20 0
20 0
20 0
20 0
20 0
20 0
21 0
21 0
21 0
21 0
21 0
21 0
21 0
21 0
21 0
21 0
21 0
21 0
21 0
21 0
22 0.0234
22 0.3168
22 0.5801
22 0.0794
22 0.0003
22 0
22 0
22 0
22 0
22 0
22 0
22 0
22 0
22 0
23 0
23 0
23 0
23 0.0003
23 0.0177
23 0.226
23 0.3387
23 0.405
23 0.0123
23 0
23 0
23 0
23 0
23 0
24 0
24 0
24 0
24 0
24 0
24 0
24 0
24 0
24 0
24 0
24 0
24 0
24 0
24 0
25 0
25 0
25 0.0056
25 0.2243
25 0.7102
25 0.0599
25 0
25 0
25 0
25 0
25 0
25 0
25 0
25 0
26 0
26 0
26 0
26 0
26 0
26 0
26 0
26 0
26 0
26 0
26 0
26 0
26 0
26 0
27 0
27 0
27 0
27 0
27 0
27 0
27 0
27 0
27 0
27 0
27 0
27 0
27 0
27 0
28 0
28 0
28 0
28 0
28 0
28 0
28 0
28 0
28 0
28 0
28 0
28 0
28 0
28 0
29 0
29 0
29 0
29 0
29 0
29 0
29 0
29 0
29 0
29 0
29 0
29 0
29 0
29 0
30 0
30 0
30 0
30 0
30 0
30 0
30 0
30 0
30 0
30 0
30 0
30 0
30 0
30 0