pt_graph cpue_kghour
255 0
255 0
255 0
255 0
255 0
255 0
255 0
255 0
255 13
255 0
255 0
255 0
255 2
255 0
255 0
255 0
255 0
255 0
255 9
255 0
255 0
255 0
255 224
255 0
255 0
255 0
255 0
255 0
255 0
255 0
255 0
279 0
279 0
279 0
279 0
279 0
279 0
279 0
279 0
279 13
279 0
279 0
279 0
279 4
279 0
279 0
279 0
279 0
279 0
279 51
279 0
279 0
279 0
279 122
279 0
279 0
279 0
279 0
279 0
279 0
279 0
279 0
298 0
298 0
298 0
298 0
298 0
298 0
298 0
298 0
298 18
298 0
298 0
298 0
298 2
298 0
298 0
298 0
298 0
298 0
298 31
298 0
298 0
298 0
298 159
298 0
298 0
298 0
298 0
298 0
298 0
298 0
298 0
307 0
307 0
307 0
307 0
307 0
307 0
307 0
307 0
307 9
307 0
307 0
307 0
307 0
307 0
307 0
307 0
307 0
307 0
307 69
307 0
307 0
307 0
307 51
307 0
307 0
307 0
307 0
307 0
307 0
307 0
307 0
340 0
340 0
340 0
340 0
340 0
340 0
340 0
340 0
340 284
340 0
340 0
340 0
340 74
340 0
340 0
340 4
340 0
340 0
340 8
340 0
340 0
340 0
340 116
340 0
340 0
340 0
340 0
340 0
340 0
340 0
340 0
357 0
357 0
357 0
357 0
357 0
357 0
357 0
357 0
357 24
357 0
357 0
357 0
357 3
357 0
357 0
357 0
357 0
357 0
357 40
357 0
357 0
357 0
357 221
357 0
357 0
357 0
357 0
357 0
357 0
357 0
357 0
369 0
369 0
369 0
369 0
369 0
369 0
369 0
369 0
369 314
369 0
369 0
369 0
369 60
369 0
369 0
369 10
369 0
369 0
369 154
369 0
369 0
369 0
369 202
369 0
369 0
369 0
369 0
369 0
369 0
369 0
369 0
416 0
416 0
416 0
416 0
416 0
416 0
416 0
416 0
416 32
416 0
416 0
416 0
416 30
416 0
416 0
416 0
416 0
416 0
416 0
416 0
416 17
416 0
416 0
416 105
416 0
416 0
416 0
416 0
416 0
416 0
416 0
471 0
471 0
471 0
471 0
471 0
471 0
471 0
471 0
471 3
471 0
471 0
471 0
471 35
471 0
471 0
471 0
471 0
471 0
471 0
471 0
471 14
471 0
471 0
471 102
471 0
471 0
471 0
471 0
471 0
471 0
471 0
486 0
486 0
486 0
486 0
486 0
486 0
486 0
486 0
486 12
486 0
486 0
486 0
486 41
486 0
486 0
486 0
486 0
486 0
486 0
486 0
486 18
486 0
486 0
486 115
486 0
486 0
486 0
486 0
486 0
486 0
486 0
494 0
494 0
494 0
494 0
494 0
494 0
494 0
494 0
494 23
494 0
494 0
494 0
494 36
494 0
494 0
494 0
494 0
494 0
494 0
494 0
494 8
494 0
494 0
494 132
494 0
494 0
494 0
494 0
494 0
494 0
494 0
523 0
523 0
523 0
523 0
523 0
523 0
523 0
523 0
523 8
523 0
523 0
523 0
523 21
523 0
523 0
523 0
523 0
523 0
523 0
523 0
523 16
523 0
523 0
523 185
523 0
523 0
523 0
523 0
523 0
523 0
523 0
527 0
527 0
527 0
527 0
527 0
527 0
527 0
527 0
527 13
527 0
527 0
527 0
527 47
527 0
527 0
527 0
527 0
527 0
527 0
527 0
527 19
527 0
527 0
527 105
527 0
527 0
527 0
527 0
527 0
527 0
527 0
531 0
531 0
531 0
531 0
531 0
531 0
531 0
531 0
531 0
531 0
531 0
531 0
531 37
531 0
531 0
531 0
531 0
531 0
531 0
531 0
531 9
531 0
531 0
531 60
531 0
531 0
531 0
531 0
531 0
531 0
531 0
548 0
548 0
548 0
548 0
548 0
548 0
548 0
548 0
548 18
548 0
548 0
548 0
548 28
548 0
548 0
548 0
548 0
548 0
548 0
548 0
548 12
548 0
548 0
548 156
548 0
548 0
548 0
548 0
548 0
548 0
548 0
551 0
551 0
551 0
551 0
551 0
551 0
551 0
551 0
551 13
551 0
551 0
551 0
551 30
551 0
551 0
551 0
551 0
551 0
551 0
551 0
551 10
551 0
551 0
551 160
551 0
551 0
551 0
551 0
551 0
551 0
551 0
576 0
576 0
576 0
576 0
576 0
576 0
576 0
576 0
576 0
576 0
576 0
576 0
576 26
576 0
576 0
576 0
576 0
576 0
576 0
576 0
576 9
576 0
576 0
576 173
576 0
576 0
576 0
576 0
576 0
576 0
576 0
578 0
578 0
578 0
578 0
578 0
578 0
578 0
578 0
578 8
578 0
578 0
578 0
578 5
578 0
578 0
578 0
578 0
578 0
578 0
578 0
578 10
578 0
578 0
578 161
578 0
578 0
578 0
578 0
578 0
578 0
578 0
745 0
745 0
745 0
745 0
745 0
745 0
745 0
745 0
745 0
745 0
745 0
745 0
745 44
745 0
745 0
745 0
745 0
745 0
745 0
745 0
745 14
745 0
745 0
745 74
745 0
745 0
745 0
745 0
745 0
745 0
745 0
6772 0
6772 0
6772 0
6772 0
6772 0
6772 0
6772 0
6772 0
6772 0
6772 0
6772 1181
6772 0
6772 0
6772 0
6772 37
6772 0
6772 0
6772 0
6772 0
6772 0
6772 0
6772 255
6772 0
6772 0
6772 0
6772 0
6772 0
6772 24
6772 0
6772 0
6772 0
8288 0
8288 0
8288 0
8288 0
8288 0
8288 0
8288 0
8288 0
8288 0
8288 0
8288 618
8288 0
8288 0
8288 0
8288 6
8288 0
8288 0
8288 0
8288 0
8288 0
8288 0
8288 0
8288 0
8288 0
8288 0
8288 0
8288 0
8288 0
8288 0
8288 0
8288 0
8312 0
8312 0
8312 0
8312 0
8312 0
8312 0
8312 0
8312 0
8312 0
8312 0
8312 352
8312 0
8312 0
8312 0
8312 0
8312 0
8312 0
8312 0
8312 0
8312 0
8312 0
8312 0
8312 0
8312 0
8312 0
8312 0
8312 0
8312 5
8312 0
8312 0
8312 0
8314 0
8314 0
8314 0
8314 0
8314 0
8314 0
8314 0
8314 0
8314 0
8314 0
8314 309
8314 0
8314 0
8314 0
8314 0
8314 0
8314 0
8314 0
8314 0
8314 0
8314 0
8314 0
8314 0
8314 0
8314 0
8314 0
8314 0
8314 0
8314 0
8314 0
8314 0
8316 0
8316 0
8316 0
8316 0
8316 0
8316 0
8316 0
8316 0
8316 0
8316 0
8316 137
8316 0
8316 0
8316 0
8316 0
8316 0
8316 0
8316 0
8316 0
8316 0
8316 0
8316 0
8316 0
8316 0
8316 0
8316 0
8316 0
8316 0
8316 0
8316 0
8316 0
8333 0
8333 0
8333 0
8333 0
8333 0
8333 0
8333 0
8333 0
8333 0
8333 0
8333 137
8333 0
8333 0
8333 0
8333 0
8333 0
8333 0
8333 0
8333 0
8333 0
8333 0
8333 0
8333 0
8333 0
8333 0
8333 0
8333 0
8333 0
8333 0
8333 0
8333 0
8339 0
8339 0
8339 0
8339 0
8339 0
8339 0
8339 0
8339 0
8339 0
8339 0
8339 463
8339 0
8339 0
8339 0
8339 3
8339 0
8339 0
8339 0
8339 0
8339 0
8339 0
8339 0
8339 0
8339 0
8339 0
8339 0
8339 0
8339 0
8339 0
8339 0
8339 0
8340 0
8340 0
8340 0
8340 0
8340 0
8340 0
8340 0
8340 0
8340 0
8340 0
8340 490
8340 0
8340 0
8340 0
8340 0
8340 0
8340 0
8340 0
8340 0
8340 0
8340 0
8340 0
8340 0
8340 0
8340 0
8340 0
8340 0
8340 0
8340 0
8340 0
8340 0
8346 0
8346 0
8346 0
8346 0
8346 0
8346 0
8346 0
8346 0
8346 0
8346 0
8346 330
8346 0
8346 0
8346 0
8346 0
8346 0
8346 0
8346 0
8346 0
8346 0
8346 0
8346 0
8346 0
8346 0
8346 0
8346 0
8346 0
8346 2
8346 0
8346 0
8346 0
8356 0
8356 0
8356 0
8356 0
8356 0
8356 0
8356 0
8356 0
8356 0
8356 0
8356 490
8356 0
8356 0
8356 0
8356 0
8356 0
8356 0
8356 0
8356 0
8356 0
8356 0
8356 0
8356 0
8356 0
8356 0
8356 0
8356 0
8356 0
8356 0
8356 0
8356 0
8366 0
8366 0
8366 0
8366 0
8366 0
8366 0
8366 0
8366 0
8366 0
8366 0
8366 309
8366 0
8366 0
8366 0
8366 0
8366 0
8366 0
8366 0
8366 0
8366 0
8366 0
8366 0
8366 0
8366 0
8366 0
8366 0
8366 0
8366 0
8366 0
8366 0
8366 0
8367 0
8367 0
8367 0
8367 0
8367 0
8367 0
8367 0
8367 0
8367 0
8367 0
8367 352
8367 0
8367 0
8367 0
8367 0
8367 0
8367 0
8367 0
8367 0
8367 0
8367 0
8367 0
8367 0
8367 0
8367 0
8367 0
8367 0
8367 5
8367 0
8367 0
8367 0
8375 0
8375 0
8375 0
8375 0
8375 0
8375 0
8375 0
8375 0
8375 0
8375 0
8375 137
8375 0
8375 0
8375 0
8375 0
8375 0
8375 0
8375 0
8375 0
8375 0
8375 0
8375 0
8375 0
8375 0
8375 0
8375 0
8375 0
8375 0
8375 0
8375 0
8375 0
8377 0
8377 0
8377 0
8377 0
8377 0
8377 0
8377 0
8377 0
8377 0
8377 0
8377 137
8377 0
8377 0
8377 0
8377 0
8377 0
8377 0
8377 0
8377 0
8377 0
8377 0
8377 0
8377 0
8377 0
8377 0
8377 0
8377 0
8377 0
8377 0
8377 0
8377 0
8379 0
8379 0
8379 0
8379 0
8379 0
8379 0
8379 0
8379 0
8379 0
8379 0
8379 137
8379 0
8379 0
8379 0
8379 0
8379 0
8379 0
8379 0
8379 0
8379 0
8379 0
8379 0
8379 0
8379 0
8379 0
8379 0
8379 0
8379 0
8379 0
8379 0
8379 0
8383 0
8383 0
8383 0
8383 0
8383 0
8383 0
8383 0
8383 0
8383 0
8383 0
8383 364
8383 0
8383 0
8383 0
8383 2
8383 0
8383 0
8383 0
8383 0
8383 0
8383 0
8383 0
8383 0
8383 0
8383 0
8383 0
8383 0
8383 0
8383 0
8383 0
8383 0
8388 0
8388 0
8388 0
8388 0
8388 0
8388 0
8388 0
8388 0
8388 0
8388 0
8388 133
8388 0
8388 0
8388 0
8388 0
8388 0
8388 0
8388 0
8388 0
8388 0
8388 0
8388 0
8388 0
8388 0
8388 0
8388 0
8388 0
8388 0
8388 0
8388 0
8388 0
8407 0
8407 0
8407 0
8407 0
8407 0
8407 0
8407 0
8407 0
8407 0
8407 0
8407 426
8407 0
8407 0
8407 0
8407 2
8407 0
8407 0
8407 0
8407 0
8407 0
8407 0
8407 0
8407 0
8407 0
8407 0
8407 0
8407 0
8407 2
8407 0
8407 0
8407 0
8419 0
8419 0
8419 0
8419 0
8419 0
8419 0
8419 0
8419 0
8419 0
8419 0
8419 490
8419 0
8419 0
8419 0
8419 0
8419 0
8419 0
8419 0
8419 0
8419 0
8419 0
8419 0
8419 0
8419 0
8419 0
8419 0
8419 0
8419 0
8419 0
8419 0
8419 0
8425 0
8425 0
8425 0
8425 0
8425 0
8425 0
8425 0
8425 0
8425 0
8425 0
8425 299
8425 0
8425 0
8425 0
8425 0
8425 0
8425 0
8425 0
8425 0
8425 0
8425 0
8425 0
8425 0
8425 0
8425 0
8425 0
8425 0
8425 0
8425 0
8425 0
8425 0
8432 0
8432 0
8432 0
8432 0
8432 0
8432 0
8432 0
8432 0
8432 0
8432 0
8432 618
8432 0
8432 0
8432 0
8432 6
8432 0
8432 0
8432 0
8432 0
8432 0
8432 0
8432 0
8432 0
8432 0
8432 0
8432 0
8432 0
8432 0
8432 0
8432 0
8432 0
8434 0
8434 0
8434 0
8434 0
8434 0
8434 0
8434 0
8434 0
8434 0
8434 0
8434 137
8434 0
8434 0
8434 0
8434 0
8434 0
8434 0
8434 0
8434 0
8434 0
8434 0
8434 0
8434 0
8434 0
8434 0
8434 0
8434 0
8434 0
8434 0
8434 0
8434 0
8448 0
8448 0
8448 0
8448 0
8448 0
8448 0
8448 0
8448 0
8448 0
8448 0
8448 137
8448 0
8448 0
8448 0
8448 0
8448 0
8448 0
8448 0
8448 0
8448 0
8448 0
8448 0
8448 0
8448 0
8448 0
8448 0
8448 0
8448 0
8448 0
8448 0
8448 0
8455 0
8455 0
8455 0
8455 0
8455 0
8455 0
8455 0
8455 0
8455 0
8455 0
8455 257
8455 0
8455 0
8455 0
8455 0
8455 0
8455 0
8455 0
8455 0
8455 0
8455 0
8455 0
8455 0
8455 0
8455 0
8455 0
8455 0
8455 0
8455 0
8455 0
8455 0
8458 0
8458 0
8458 0
8458 0
8458 0
8458 0
8458 0
8458 0
8458 0
8458 0
8458 137
8458 0
8458 0
8458 0
8458 0
8458 0
8458 0
8458 0
8458 0
8458 0
8458 0
8458 0
8458 0
8458 0
8458 0
8458 0
8458 0
8458 0
8458 0
8458 0
8458 0
8466 0
8466 0
8466 0
8466 0
8466 0
8466 0
8466 0
8466 0
8466 0
8466 0
8466 377
8466 0
8466 0
8466 0
8466 0
8466 0
8466 0
8466 0
8466 0
8466 0
8466 0
8466 0
8466 0
8466 0
8466 0
8466 0
8466 0
8466 0
8466 0
8466 0
8466 0
8509 0
8509 0
8509 0
8509 0
8509 0
8509 0
8509 0
8509 0
8509 0
8509 0
8509 377
8509 0
8509 0
8509 0
8509 0
8509 0
8509 0
8509 0
8509 0
8509 0
8509 0
8509 0
8509 0
8509 0
8509 0
8509 0
8509 0
8509 0
8509 0
8509 0
8509 0
8518 0
8518 0
8518 0
8518 0
8518 0
8518 0
8518 0
8518 0
8518 0
8518 0
8518 137
8518 0
8518 0
8518 0
8518 0
8518 0
8518 0
8518 0
8518 0
8518 0
8518 0
8518 0
8518 0
8518 0
8518 0
8518 0
8518 0
8518 0
8518 0
8518 0
8518 0
8520 0
8520 0
8520 0
8520 0
8520 0
8520 0
8520 0
8520 0
8520 0
8520 0
8520 276
8520 0
8520 0
8520 0
8520 12
8520 0
8520 0
8520 0
8520 0
8520 0
8520 0
8520 0
8520 0
8520 0
8520 11
8520 0
8520 0
8520 1
8520 0
8520 0
8520 0
8525 0
8525 0
8525 0
8525 0
8525 0
8525 0
8525 0
8525 0
8525 0
8525 0
8525 137
8525 0
8525 0
8525 0
8525 0
8525 0
8525 0
8525 0
8525 0
8525 0
8525 0
8525 0
8525 0
8525 0
8525 0
8525 0
8525 0
8525 0
8525 0
8525 0
8525 0
8543 0
8543 0
8543 0
8543 0
8543 0
8543 0
8543 0
8543 0
8543 0
8543 0
8543 104
8543 0
8543 0
8543 0
8543 8
8543 0
8543 0
8543 0
8543 0
8543 0
8543 0
8543 0
8543 0
8543 0
8543 8
8543 0
8543 0
8543 1
8543 0
8543 0
8543 0
8552 0
8552 0
8552 0
8552 0
8552 0
8552 0
8552 0
8552 0
8552 0
8552 0
8552 618
8552 0
8552 0
8552 0
8552 6
8552 0
8552 0
8552 0
8552 0
8552 0
8552 0
8552 0
8552 0
8552 0
8552 0
8552 0
8552 0
8552 0
8552 0
8552 0
8552 0
8578 0
8578 0
8578 0
8578 0
8578 0
8578 0
8578 0
8578 0
8578 0
8578 0
8578 137
8578 0
8578 0
8578 0
8578 0
8578 0
8578 0
8578 0
8578 0
8578 0
8578 0
8578 0
8578 0
8578 0
8578 0
8578 0
8578 0
8578 0
8578 0
8578 0
8578 0
8579 0
8579 0
8579 0
8579 0
8579 0
8579 0
8579 0
8579 0
8579 0
8579 0
8579 224
8579 0
8579 0
8579 0
8579 0
8579 0
8579 0
8579 0
8579 0
8579 0
8579 0
8579 0
8579 0
8579 0
8579 314
8579 0
8579 0
8579 0
8579 0
8579 0
8579 0
8590 0
8590 0
8590 0
8590 0
8590 0
8590 0
8590 0
8590 0
8590 0
8590 0
8590 364
8590 0
8590 0
8590 0
8590 0
8590 0
8590 0
8590 0
8590 0
8590 0
8590 0
8590 0
8590 0
8590 0
8590 0
8590 0
8590 0
8590 2
8590 0
8590 0
8590 0
8615 0
8615 0
8615 0
8615 0
8615 0
8615 0
8615 0
8615 0
8615 0
8615 0
8615 377
8615 0
8615 0
8615 0
8615 0
8615 0
8615 0
8615 0
8615 0
8615 0
8615 0
8615 0
8615 0
8615 0
8615 0
8615 0
8615 0
8615 0
8615 0
8615 0
8615 0
8617 0
8617 0
8617 0
8617 0
8617 0
8617 0
8617 0
8617 0
8617 0
8617 0
8617 490
8617 0
8617 0
8617 0
8617 0
8617 0
8617 0
8617 0
8617 0
8617 0
8617 0
8617 0
8617 0
8617 0
8617 0
8617 0
8617 0
8617 0
8617 0
8617 0
8617 0
8625 0
8625 0
8625 0
8625 0
8625 0
8625 0
8625 0
8625 0
8625 0
8625 0
8625 174
8625 0
8625 0
8625 0
8625 24
8625 0
8625 0
8625 0
8625 0
8625 0
8625 0
8625 0
8625 0
8625 0
8625 23
8625 0
8625 0
8625 2
8625 0
8625 0
8625 0
8631 0
8631 0
8631 0
8631 0
8631 0
8631 0
8631 0
8631 0
8631 0
8631 0
8631 137
8631 0
8631 0
8631 0
8631 0
8631 0
8631 0
8631 0
8631 0
8631 0
8631 0
8631 0
8631 0
8631 0
8631 0
8631 0
8631 0
8631 0
8631 0
8631 0
8631 0
8645 0
8645 0
8645 0
8645 0
8645 0
8645 0
8645 0
8645 0
8645 0
8645 0
8645 137
8645 0
8645 0
8645 0
8645 0
8645 0
8645 0
8645 0
8645 0
8645 0
8645 0
8645 0
8645 0
8645 0
8645 0
8645 0
8645 0
8645 0
8645 0
8645 0
8645 0
8646 0
8646 0
8646 0
8646 0
8646 0
8646 0
8646 0
8646 0
8646 0
8646 0
8646 377
8646 0
8646 0
8646 0
8646 0
8646 0
8646 0
8646 0
8646 0
8646 0
8646 0
8646 0
8646 0
8646 0
8646 0
8646 0
8646 0
8646 0
8646 0
8646 0
8646 0
8686 0
8686 0
8686 0
8686 0
8686 0
8686 0
8686 0
8686 0
8686 0
8686 0
8686 137
8686 0
8686 0
8686 0
8686 0
8686 0
8686 0
8686 0
8686 0
8686 0
8686 0
8686 0
8686 0
8686 0
8686 0
8686 0
8686 0
8686 0
8686 0
8686 0
8686 0
8696 0
8696 0
8696 0
8696 0
8696 0
8696 0
8696 0
8696 0
8696 0
8696 0
8696 377
8696 0
8696 0
8696 0
8696 0
8696 0
8696 0
8696 0
8696 0
8696 0
8696 0
8696 0
8696 0
8696 0
8696 0
8696 0
8696 0
8696 0
8696 0
8696 0
8696 0
8704 0
8704 0
8704 0
8704 0
8704 0
8704 0
8704 0
8704 0
8704 0
8704 0
8704 174
8704 0
8704 0
8704 0
8704 24
8704 0
8704 0
8704 0
8704 0
8704 0
8704 0
8704 0
8704 0
8704 0
8704 23
8704 0
8704 0
8704 2
8704 0
8704 0
8704 0
8753 0
8753 0
8753 0
8753 0
8753 0
8753 0
8753 0
8753 0
8753 0
8753 0
8753 174
8753 0
8753 0
8753 0
8753 24
8753 0
8753 0
8753 0
8753 0
8753 0
8753 0
8753 0
8753 0
8753 0
8753 23
8753 0
8753 0
8753 2
8753 0
8753 0
8753 0
8756 0
8756 0
8756 0
8756 0
8756 0
8756 0
8756 0
8756 0
8756 0
8756 0
8756 87
8756 0
8756 0
8756 0
8756 12
8756 0
8756 0
8756 0
8756 0
8756 0
8756 0
8756 0
8756 0
8756 0
8756 11
8756 0
8756 0
8756 1
8756 0
8756 0
8756 0
8809 0
8809 0
8809 0
8809 0
8809 0
8809 0
8809 0
8809 0
8809 0
8809 0
8809 224
8809 0
8809 0
8809 0
8809 0
8809 0
8809 0
8809 0
8809 0
8809 0
8809 0
8809 0
8809 0
8809 0
8809 314
8809 0
8809 0
8809 0
8809 0
8809 0
8809 0
8918 0
8918 0
8918 0
8918 0
8918 0
8918 0
8918 0
8918 0
8918 0
8918 0
8918 224
8918 0
8918 0
8918 0
8918 0
8918 0
8918 0
8918 0
8918 0
8918 0
8918 0
8918 0
8918 0
8918 0
8918 314
8918 0
8918 0
8918 0
8918 0
8918 0
8918 0
9139 0
9139 0
9139 0
9139 0
9139 0
9139 0
9139 0
9139 0
9139 0
9139 0
9139 224
9139 0
9139 0
9139 0
9139 0
9139 0
9139 0
9139 0
9139 0
9139 0
9139 0
9139 0
9139 0
9139 0
9139 314
9139 0
9139 0
9139 0
9139 0
9139 0
9139 0
10365 0
10365 0
10365 0
10365 0
10365 0
10365 0
10365 0
10365 0
10365 0
10365 0
10365 107
10365 0
10365 0
10365 0
10365 0
10365 0
10365 0
10365 0
10365 0
10365 0
10365 0
10365 0
10365 0
10365 0
10365 26
10365 0
10365 0
10365 0
10365 0
10365 0
10365 0
10414 0
10414 0
10414 0
10414 0
10414 0
10414 0
10414 0
10414 0
10414 0
10414 0
10414 1166
10414 0
10414 0
10414 0
10414 58
10414 0
10414 0
10414 0
10414 0
10414 0
10414 0
10414 0
10414 0
10414 0
10414 0
10414 0
10414 0
10414 13
10414 0
10414 0
10414 0
10452 0
10452 0
10452 0
10452 0
10452 0
10452 0
10452 0
10452 0
10452 0
10452 0
10452 107
10452 0
10452 0
10452 0
10452 0
10452 0
10452 0
10452 0
10452 0
10452 0
10452 0
10452 0
10452 0
10452 0
10452 26
10452 0
10452 0
10452 0
10452 0
10452 0
10452 0
10593 0
10593 0
10593 0
10593 0
10593 0
10593 0
10593 0
10593 0
10593 0
10593 0
10593 107
10593 0
10593 0
10593 0
10593 0
10593 0
10593 0
10593 0
10593 0
10593 0
10593 0
10593 0
10593 0
10593 0
10593 26
10593 0
10593 0
10593 0
10593 0
10593 0
10593 0
10685 0
10685 0
10685 0
10685 0
10685 0
10685 0
10685 0
10685 0
10685 0
10685 0
10685 107
10685 0
10685 0
10685 0
10685 0
10685 0
10685 0
10685 0
10685 0
10685 0
10685 0
10685 0
10685 0
10685 0
10685 26
10685 0
10685 0
10685 0
10685 0
10685 0
10685 0
10756 0
10756 0
10756 0
10756 0
10756 0
10756 0
10756 0
10756 0
10756 0
10756 0
10756 187
10756 0
10756 0
10756 0
10756 0
10756 0
10756 0
10756 0
10756 0
10756 0
10756 0
10756 0
10756 0
10756 0
10756 13
10756 0
10756 0
10756 0
10756 0
10756 0
10756 0
10762 0
10762 0
10762 0
10762 0
10762 0
10762 0
10762 0
10762 0
10762 0
10762 0
10762 147
10762 0
10762 0
10762 0
10762 0
10762 0
10762 0
10762 0
10762 0
10762 0
10762 0
10762 0
10762 0
10762 0
10762 20
10762 0
10762 0
10762 0
10762 0
10762 0
10762 0
10766 0
10766 0
10766 0
10766 0
10766 0
10766 0
10766 0
10766 0
10766 0
10766 0
10766 187
10766 0
10766 0
10766 0
10766 0
10766 0
10766 0
10766 0
10766 0
10766 0
10766 0
10766 0
10766 0
10766 0
10766 13
10766 0
10766 0
10766 0
10766 0
10766 0
10766 0
10773 0
10773 0
10773 0
10773 0
10773 0
10773 0
10773 0
10773 0
10773 0
10773 0
10773 187
10773 0
10773 0
10773 0
10773 0
10773 0
10773 0
10773 0
10773 0
10773 0
10773 0
10773 0
10773 0
10773 0
10773 13
10773 0
10773 0
10773 0
10773 0
10773 0
10773 0
10776 0
10776 0
10776 0
10776 0
10776 0
10776 0
10776 0
10776 0
10776 0
10776 0
10776 107
10776 0
10776 0
10776 0
10776 0
10776 0
10776 0
10776 0
10776 0
10776 0
10776 0
10776 0
10776 0
10776 0
10776 26
10776 0
10776 0
10776 0
10776 0
10776 0
10776 0
10778 0
10778 0
10778 0
10778 0
10778 0
10778 0
10778 0
10778 0
10778 0
10778 0
10778 187
10778 0
10778 0
10778 0
10778 0
10778 0
10778 0
10778 0
10778 0
10778 0
10778 0
10778 0
10778 0
10778 0
10778 13
10778 0
10778 0
10778 0
10778 0
10778 0
10778 0
10792 0
10792 0
10792 0
10792 0
10792 0
10792 0
10792 0
10792 0
10792 0
10792 0
10792 187
10792 0
10792 0
10792 0
10792 0
10792 0
10792 0
10792 0
10792 0
10792 0
10792 0
10792 0
10792 0
10792 0
10792 13
10792 0
10792 0
10792 0
10792 0
10792 0
10792 0
10824 0
10824 0
10824 0
10824 0
10824 0
10824 0
10824 0
10824 0
10824 0
10824 0
10824 107
10824 0
10824 0
10824 0
10824 0
10824 0
10824 0
10824 0
10824 0
10824 0
10824 0
10824 0
10824 0
10824 0
10824 26
10824 0
10824 0
10824 0
10824 0
10824 0
10824 0
10835 0
10835 0
10835 0
10835 0
10835 0
10835 0
10835 0
10835 0
10835 0
10835 0
10835 187
10835 0
10835 0
10835 0
10835 0
10835 0
10835 0
10835 0
10835 0
10835 0
10835 0
10835 0
10835 0
10835 0
10835 13
10835 0
10835 0
10835 0
10835 0
10835 0
10835 0
10840 0
10840 0
10840 0
10840 0
10840 0
10840 0
10840 0
10840 0
10840 0
10840 0
10840 136
10840 0
10840 0
10840 0
10840 0
10840 0
10840 0
10840 0
10840 0
10840 0
10840 0
10840 0
10840 0
10840 0
10840 9
10840 0
10840 0
10840 0
10840 0
10840 0
10840 0
10843 0
10843 0
10843 0
10843 0
10843 0
10843 0
10843 0
10843 0
10843 0
10843 0
10843 147
10843 0
10843 0
10843 0
10843 0
10843 0
10843 0
10843 0
10843 0
10843 0
10843 0
10843 0
10843 0
10843 0
10843 6
10843 0
10843 0
10843 0
10843 0
10843 0
10843 0
10844 0
10844 0
10844 0
10844 0
10844 0
10844 0
10844 0
10844 0
10844 0
10844 0
10844 136
10844 0
10844 0
10844 0
10844 0
10844 0
10844 0
10844 0
10844 0
10844 0
10844 0
10844 0
10844 0
10844 0
10844 9
10844 0
10844 0
10844 0
10844 0
10844 0
10844 0
10850 0
10850 0
10850 0
10850 0
10850 0
10850 0
10850 0
10850 0
10850 0
10850 0
10850 138
10850 0
10850 0
10850 0
10850 0
10850 0
10850 0
10850 0
10850 0
10850 0
10850 0
10850 0
10850 0
10850 0
10850 7
10850 0
10850 0
10850 0
10850 0
10850 0
10850 0
10861 0
10861 0
10861 0
10861 0
10861 0
10861 0
10861 0
10861 0
10861 0
10861 0
10861 115
10861 0
10861 0
10861 0
10861 0
10861 0
10861 0
10861 0
10861 0
10861 0
10861 0
10861 0
10861 0
10861 0
10861 0
10861 0
10861 0
10861 0
10861 0
10861 0
10861 0
10865 0
10865 0
10865 0
10865 0
10865 0
10865 0
10865 0
10865 0
10865 0
10865 0
10865 127
10865 0
10865 0
10865 0
10865 0
10865 0
10865 0
10865 0
10865 0
10865 0
10865 0
10865 0
10865 0
10865 0
10865 2
10865 0
10865 0
10865 0
10865 0
10865 0
10865 0
10883 0
10883 0
10883 0
10883 0
10883 0
10883 0
10883 0
10883 0
10883 0
10883 0
10883 0
10883 440
10883 0
10883 0
10883 0
10883 0
10883 0
10883 0
10883 0
10883 0
10883 0
10883 15
10883 0
10883 0
10883 4
10883 0
10883 0
10883 0
10883 0
10883 0
10883 0
10892 0
10892 0
10892 0
10892 0
10892 0
10892 0
10892 0
10892 0
10892 0
10892 0
10892 0
10892 131
10892 0
10892 0
10892 0
10892 0
10892 0
10892 0
10892 0
10892 0
10892 0
10892 0
10892 0
10892 0
10892 3
10892 0
10892 0
10892 0
10892 0
10892 0
10892 0
10909 0
10909 0
10909 0
10909 0
10909 0
10909 0
10909 0
10909 0
10909 0
10909 0
10909 0
10909 826
10909 0
10909 0
10909 0
10909 0
10909 0
10909 0
10909 0
10909 0
10909 0
10909 33
10909 0
10909 0
10909 0
10909 0
10909 0
10909 0
10909 0
10909 0
10909 0
11122 0
11122 0
11122 0
11122 0
11122 0
11122 0
11122 0
11122 0
11122 0
11122 0
11122 0
11122 737
11122 0
11122 0
11122 0
11122 0
11122 0
11122 0
11122 0
11122 0
11122 0
11122 0
11122 0
11122 0
11122 0
11122 0
11122 0
11122 0
11122 0
11122 0
11122 0
12086 0
12086 0
12086 0
12086 0
12086 0
12086 0
12086 0
12086 0
12086 0
12086 0
12086 0
12086 554
12086 0
12086 0
12086 0
12086 0
12086 0
12086 0
12086 0
12086 0
12086 0
12086 0
12086 0
12086 0
12086 0
12086 0
12086 0
12086 2
12086 0
12086 0
12086 0
