pt_graph scale
853 0
853 31
853 0
853 0
853 0
853 0
853 0
853 0
853 0
853 0
853 0
853 0
853 0
853 0
853 0
853 0
853 0
853 0
853 0
853 0
853 0
853 0
853 0
853 2
853 0
853 0
853 0
853 0
853 0
853 0
853 0
857 0
857 2
857 0
857 0
857 0
857 0
857 0
857 0
857 0
857 0
857 0
857 0
857 0
857 0
857 0
857 0
857 0
857 0
857 0
857 0
857 0
857 0
857 0
857 1
857 0
857 0
857 0
857 0
857 0
857 0
857 0
1703 0
1703 1
1703 0
1703 0
1703 0
1703 0
1703 0
1703 0
1703 0
1703 0
1703 0
1703 0
1703 0
1703 0
1703 0
1703 0
1703 0
1703 0
1703 0
1703 0
1703 0
1703 0
1703 0
1703 0
1703 0
1703 0
1703 0
1703 0
1703 0
1703 0
1703 0
2111 0
2111 1
2111 0
2111 0
2111 0
2111 0
2111 0
2111 0
2111 0
2111 0
2111 0
2111 0
2111 0
2111 0
2111 0
2111 0
2111 0
2111 0
2111 0
2111 0
2111 0
2111 0
2111 0
2111 0
2111 0
2111 0
2111 0
2111 0
2111 0
2111 0
2111 0
2144 0
2144 1
2144 0
2144 0
2144 0
2144 0
2144 0
2144 0
2144 0
2144 0
2144 0
2144 0
2144 0
2144 0
2144 0
2144 0
2144 0
2144 0
2144 0
2144 0
2144 0
2144 0
2144 0
2144 0
2144 0
2144 0
2144 0
2144 0
2144 0
2144 0
2144 0
2224 0
2224 14
2224 0
2224 0
2224 0
2224 0
2224 0
2224 0
2224 0
2224 0
2224 0
2224 0
2224 0
2224 0
2224 0
2224 0
2224 0
2224 0
2224 0
2224 0
2224 0
2224 0
2224 0
2224 0
2224 0
2224 0
2224 0
2224 0
2224 0
2224 0
2224 0
2452 0
2452 1
2452 0
2452 0
2452 0
2452 0
2452 0
2452 0
2452 0
2452 0
2452 0
2452 0
2452 0
2452 0
2452 0
2452 0
2452 0
2452 0
2452 0
2452 0
2452 0
2452 0
2452 0
2452 0
2452 0
2452 0
2452 0
2452 0
2452 0
2452 0
2452 0
2456 0
2456 14
2456 0
2456 0
2456 0
2456 0
2456 0
2456 0
2456 0
2456 0
2456 0
2456 0
2456 0
2456 0
2456 0
2456 0
2456 0
2456 0
2456 0
2456 0
2456 0
2456 0
2456 0
2456 0
2456 0
2456 0
2456 0
2456 0
2456 0
2456 0
2456 0
2459 0
2459 1
2459 0
2459 0
2459 0
2459 0
2459 0
2459 0
2459 0
2459 0
2459 0
2459 0
2459 0
2459 0
2459 0
2459 0
2459 0
2459 0
2459 0
2459 0
2459 0
2459 0
2459 0
2459 0
2459 0
2459 0
2459 0
2459 0
2459 0
2459 0
2459 0
2556 0
2556 1
2556 0
2556 0
2556 0
2556 0
2556 0
2556 0
2556 0
2556 0
2556 0
2556 0
2556 0
2556 0
2556 0
2556 0
2556 0
2556 0
2556 0
2556 0
2556 0
2556 0
2556 0
2556 0
2556 0
2556 0
2556 0
2556 0
2556 0
2556 0
2556 0
2667 0
2667 14
2667 0
2667 0
2667 0
2667 0
2667 0
2667 0
2667 0
2667 0
2667 0
2667 0
2667 0
2667 0
2667 0
2667 0
2667 0
2667 0
2667 0
2667 0
2667 0
2667 0
2667 0
2667 0
2667 0
2667 0
2667 0
2667 0
2667 0
2667 0
2667 0
2684 0
2684 1
2684 0
2684 0
2684 0
2684 0
2684 0
2684 0
2684 0
2684 0
2684 0
2684 0
2684 0
2684 0
2684 0
2684 0
2684 0
2684 0
2684 0
2684 0
2684 0
2684 0
2684 0
2684 0
2684 0
2684 0
2684 0
2684 0
2684 0
2684 0
2684 0
2695 0
2695 1
2695 0
2695 0
2695 0
2695 0
2695 0
2695 0
2695 0
2695 0
2695 0
2695 0
2695 0
2695 0
2695 0
2695 0
2695 0
2695 0
2695 0
2695 0
2695 0
2695 0
2695 0
2695 0
2695 0
2695 0
2695 0
2695 0
2695 0
2695 0
2695 0
2780 0
2780 1
2780 0
2780 0
2780 0
2780 0
2780 0
2780 0
2780 0
2780 0
2780 0
2780 0
2780 0
2780 0
2780 0
2780 0
2780 0
2780 0
2780 0
2780 0
2780 0
2780 0
2780 0
2780 0
2780 0
2780 0
2780 0
2780 0
2780 0
2780 0
2780 0
2954 0
2954 0
2954 0
2954 0
2954 0
2954 0
2954 0
2954 0
2954 0
2954 0
2954 0
2954 0
2954 0
2954 0
2954 0
2954 0
2954 0
2954 0
2954 0
2954 0
2954 0
2954 0
2954 0
2954 0
2954 0
2954 0
2954 0
2954 0
2954 0
2954 0
2954 0
3226 0
3226 332
3226 0
3226 0
3226 0
3226 0
3226 0
3226 0
3226 0
3226 0
3226 0
3226 0
3226 0
3226 0
3226 0
3226 0
3226 0
3226 0
3226 0
3226 0
3226 0
3226 0
3226 0
3226 0
3226 0
3226 0
3226 0
3226 0
3226 0
3226 0
3226 0
3229 0
3229 58
3229 0
3229 0
3229 0
3229 0
3229 0
3229 0
3229 0
3229 0
3229 0
3229 0
3229 0
3229 0
3229 0
3229 0
3229 0
3229 0
3229 0
3229 0
3229 0
3229 0
3229 0
3229 0
3229 0
3229 0
3229 0
3229 0
3229 0
3229 0
3229 0
3230 0
3230 0
3230 0
3230 0
3230 0
3230 0
3230 0
3230 0
3230 0
3230 0
3230 0
3230 0
3230 0
3230 0
3230 0
3230 0
3230 0
3230 0
3230 0
3230 0
3230 0
3230 0
3230 0
3230 0
3230 0
3230 0
3230 0
3230 0
3230 0
3230 0
3230 0
3241 0
3241 0
3241 0
3241 0
3241 0
3241 0
3241 0
3241 0
3241 0
3241 0
3241 0
3241 0
3241 0
3241 0
3241 0
3241 0
3241 0
3241 0
3241 0
3241 0
3241 0
3241 0
3241 0
3241 0
3241 0
3241 0
3241 0
3241 0
3241 0
3241 0
3241 0
3271 0
3271 1
3271 0
3271 0
3271 0
3271 0
3271 0
3271 0
3271 0
3271 0
3271 0
3271 0
3271 0
3271 0
3271 0
3271 0
3271 0
3271 0
3271 0
3271 0
3271 0
3271 0
3271 0
3271 0
3271 0
3271 0
3271 0
3271 0
3271 0
3271 0
3271 0
3453 0
3453 185
3453 0
3453 0
3453 0
3453 0
3453 0
3453 0
3453 0
3453 15
3453 0
3453 0
3453 0
3453 0
3453 0
3453 0
3453 0
3453 0
3453 0
3453 0
3453 0
3453 0
3453 0
3453 2
3453 0
3453 0
3453 0
3453 0
3453 0
3453 0
3453 0
3578 0
3578 14
3578 0
3578 0
3578 0
3578 0
3578 0
3578 0
3578 0
3578 0
3578 0
3578 0
3578 0
3578 0
3578 0
3578 0
3578 0
3578 0
3578 0
3578 0
3578 0
3578 0
3578 0
3578 0
3578 0
3578 0
3578 0
3578 0
3578 0
3578 0
3578 0
3583 0
3583 0
3583 0
3583 0
3583 0
3583 0
3583 0
3583 0
3583 0
3583 0
3583 0
3583 0
3583 0
3583 0
3583 0
3583 0
3583 0
3583 0
3583 0
3583 0
3583 0
3583 0
3583 0
3583 0
3583 0
3583 0
3583 0
3583 0
3583 0
3583 0
3583 0
3603 0
3603 1
3603 0
3603 0
3603 0
3603 0
3603 0
3603 0
3603 0
3603 0
3603 0
3603 0
3603 0
3603 0
3603 0
3603 0
3603 0
3603 0
3603 0
3603 0
3603 0
3603 0
3603 0
3603 0
3603 0
3603 0
3603 0
3603 0
3603 0
3603 0
3603 0
3719 0
3719 118
3719 0
3719 0
3719 0
3719 0
3719 0
3719 0
3719 0
3719 1
3719 0
3719 0
3719 0
3719 0
3719 0
3719 0
3719 0
3719 0
3719 0
3719 0
3719 0
3719 0
3719 0
3719 0
3719 0
3719 0
3719 0
3719 0
3719 0
3719 0
3719 0
3736 0
3736 0
3736 0
3736 0
3736 0
3736 0
3736 0
3736 0
3736 0
3736 0
3736 0
3736 0
3736 0
3736 0
3736 0
3736 0
3736 0
3736 0
3736 0
3736 0
3736 0
3736 0
3736 0
3736 0
3736 0
3736 0
3736 0
3736 0
3736 0
3736 0
3736 0
3767 0
3767 0
3767 0
3767 0
3767 0
3767 0
3767 0
3767 0
3767 0
3767 0
3767 0
3767 0
3767 0
3767 0
3767 0
3767 0
3767 0
3767 0
3767 0
3767 0
3767 0
3767 0
3767 0
3767 0
3767 0
3767 0
3767 0
3767 0
3767 0
3767 0
3767 0
3827 0
3827 0
3827 0
3827 0
3827 0
3827 0
3827 0
3827 0
3827 0
3827 0
3827 0
3827 0
3827 0
3827 0
3827 0
3827 0
3827 0
3827 0
3827 0
3827 0
3827 0
3827 0
3827 0
3827 0
3827 0
3827 0
3827 0
3827 0
3827 0
3827 0
3827 0
3852 0
3852 14
3852 0
3852 0
3852 0
3852 0
3852 0
3852 0
3852 10
3852 0
3852 0
3852 0
3852 0
3852 0
3852 0
3852 0
3852 0
3852 0
3852 0
3852 0
3852 0
3852 0
3852 0
3852 1
3852 0
3852 0
3852 0
3852 0
3852 0
3852 0
3852 0
3853 0
3853 1
3853 0
3853 0
3853 0
3853 0
3853 0
3853 0
3853 0
3853 0
3853 0
3853 0
3853 0
3853 0
3853 0
3853 0
3853 0
3853 0
3853 0
3853 0
3853 0
3853 0
3853 0
3853 0
3853 0
3853 0
3853 0
3853 0
3853 0
3853 0
3853 0
3854 0
3854 20
3854 0
3854 0
3854 0
3854 0
3854 0
3854 0
3854 10
3854 0
3854 0
3854 0
3854 0
3854 0
3854 0
3854 0
3854 0
3854 0
3854 0
3854 0
3854 0
3854 0
3854 0
3854 1
3854 0
3854 0
3854 0
3854 0
3854 0
3854 0
3854 0
3878 0
3878 0
3878 0
3878 0
3878 0
3878 0
3878 0
3878 0
3878 0
3878 0
3878 0
3878 0
3878 0
3878 0
3878 0
3878 0
3878 0
3878 0
3878 0
3878 0
3878 0
3878 0
3878 0
3878 0
3878 0
3878 0
3878 0
3878 0
3878 0
3878 0
3878 0
3890 0
3890 1
3890 0
3890 0
3890 0
3890 0
3890 0
3890 0
3890 0
3890 0
3890 0
3890 0
3890 0
3890 0
3890 0
3890 0
3890 0
3890 0
3890 0
3890 0
3890 0
3890 0
3890 0
3890 0
3890 0
3890 0
3890 0
3890 0
3890 0
3890 0
3890 0
4242 0
4242 0
4242 0
4242 0
4242 0
4242 0
4242 0
4242 0
4242 0
4242 0
4242 0
4242 0
4242 0
4242 0
4242 0
4242 0
4242 0
4242 0
4242 0
4242 0
4242 0
4242 0
4242 0
4242 0
4242 0
4242 0
4242 0
4242 0
4242 0
4242 0
4242 0
5337 0
5337 0
5337 0
5337 0
5337 0
5337 0
5337 0
5337 0
5337 0
5337 0
5337 0
5337 0
5337 0
5337 0
5337 0
5337 0
5337 0
5337 0
5337 0
5337 0
5337 0
5337 0
5337 0
5337 0
5337 0
5337 0
5337 0
5337 0
5337 0
5337 0
5337 0
5348 0
5348 276
5348 0
5348 0
5348 0
5348 0
5348 0
5348 0
5348 0
5348 0
5348 0
5348 0
5348 0
5348 0
5348 0
5348 0
5348 0
5348 0
5348 0
5348 0
5348 0
5348 0
5348 0
5348 1
5348 0
5348 0
5348 0
5348 0
5348 0
5348 0
5348 0
5396 0
5396 4
5396 0
5396 0
5396 0
5396 0
5396 0
5396 0
5396 0
5396 0
5396 0
5396 0
5396 0
5396 0
5396 0
5396 0
5396 0
5396 0
5396 0
5396 0
5396 0
5396 0
5396 0
5396 0
5396 0
5396 0
5396 0
5396 0
5396 0
5396 0
5396 0
5409 0
5409 0
5409 0
5409 0
5409 0
5409 0
5409 0
5409 0
5409 0
5409 0
5409 0
5409 0
5409 0
5409 0
5409 0
5409 0
5409 0
5409 0
5409 0
5409 0
5409 0
5409 0
5409 0
5409 0
5409 0
5409 0
5409 0
5409 0
5409 0
5409 0
5409 0
5424 0
5424 3
5424 0
5424 0
5424 0
5424 0
5424 0
5424 0
5424 0
5424 0
5424 0
5424 0
5424 0
5424 0
5424 0
5424 0
5424 0
5424 0
5424 0
5424 0
5424 0
5424 0
5424 0
5424 0
5424 0
5424 0
5424 0
5424 0
5424 0
5424 0
5424 0
5436 0
5436 4
5436 0
5436 0
5436 0
5436 0
5436 0
5436 0
5436 0
5436 0
5436 0
5436 0
5436 0
5436 0
5436 0
5436 0
5436 0
5436 0
5436 0
5436 0
5436 0
5436 0
5436 0
5436 0
5436 0
5436 0
5436 0
5436 0
5436 0
5436 0
5436 0
5449 0
5449 3
5449 0
5449 0
5449 0
5449 0
5449 0
5449 0
5449 0
5449 0
5449 0
5449 0
5449 0
5449 0
5449 0
5449 0
5449 0
5449 0
5449 0
5449 0
5449 0
5449 0
5449 0
5449 0
5449 0
5449 0
5449 0
5449 0
5449 0
5449 0
5449 0
5474 0
5474 33
5474 0
5474 0
5474 0
5474 0
5474 0
5474 0
5474 0
5474 0
5474 0
5474 0
5474 0
5474 0
5474 0
5474 0
5474 0
5474 0
5474 0
5474 0
5474 0
5474 0
5474 0
5474 0
5474 0
5474 0
5474 0
5474 0
5474 0
5474 0
5474 0
5485 0
5485 3
5485 0
5485 0
5485 0
5485 0
5485 0
5485 0
5485 0
5485 0
5485 0
5485 0
5485 0
5485 0
5485 0
5485 0
5485 0
5485 0
5485 0
5485 0
5485 0
5485 0
5485 0
5485 0
5485 0
5485 0
5485 0
5485 0
5485 0
5485 0
5485 0
5489 0
5489 3
5489 0
5489 0
5489 0
5489 0
5489 0
5489 0
5489 0
5489 0
5489 0
5489 0
5489 0
5489 0
5489 0
5489 0
5489 0
5489 0
5489 0
5489 0
5489 0
5489 0
5489 0
5489 0
5489 0
5489 0
5489 0
5489 0
5489 0
5489 0
5489 0
5506 0
5506 1
5506 0
5506 0
5506 0
5506 0
5506 0
5506 0
5506 0
5506 0
5506 0
5506 0
5506 0
5506 0
5506 0
5506 0
5506 0
5506 0
5506 0
5506 0
5506 0
5506 0
5506 0
5506 0
5506 0
5506 0
5506 0
5506 0
5506 0
5506 0
5506 0
5524 0
5524 4
5524 0
5524 0
5524 0
5524 0
5524 0
5524 0
5524 0
5524 0
5524 0
5524 0
5524 0
5524 0
5524 0
5524 0
5524 0
5524 0
5524 0
5524 0
5524 0
5524 0
5524 0
5524 0
5524 0
5524 0
5524 0
5524 0
5524 0
5524 0
5524 0
5526 0
5526 0
5526 0
5526 0
5526 0
5526 0
5526 0
5526 0
5526 0
5526 0
5526 0
5526 0
5526 0
5526 0
5526 0
5526 0
5526 0
5526 0
5526 0
5526 0
5526 0
5526 0
5526 0
5526 0
5526 0
5526 0
5526 0
5526 0
5526 0
5526 0
5526 0
5528 0
5528 4
5528 0
5528 0
5528 0
5528 0
5528 0
5528 0
5528 0
5528 0
5528 0
5528 0
5528 0
5528 0
5528 0
5528 0
5528 0
5528 0
5528 0
5528 0
5528 0
5528 0
5528 0
5528 0
5528 0
5528 0
5528 0
5528 0
5528 0
5528 0
5528 0
5549 0
5549 1
5549 0
5549 0
5549 0
5549 0
5549 0
5549 0
5549 0
5549 0
5549 0
5549 0
5549 0
5549 0
5549 0
5549 0
5549 0
5549 0
5549 0
5549 0
5549 0
5549 0
5549 0
5549 0
5549 0
5549 0
5549 0
5549 0
5549 0
5549 0
5549 0
5552 0
5552 1
5552 0
5552 0
5552 0
5552 0
5552 0
5552 0
5552 0
5552 0
5552 0
5552 0
5552 0
5552 0
5552 0
5552 0
5552 0
5552 0
5552 0
5552 0
5552 0
5552 0
5552 0
5552 0
5552 0
5552 0
5552 0
5552 0
5552 0
5552 0
5552 0
5579 0
5579 11
5579 0
5579 0
5579 0
5579 0
5579 0
5579 0
5579 0
5579 0
5579 0
5579 0
5579 0
5579 0
5579 0
5579 0
5579 0
5579 0
5579 0
5579 0
5579 0
5579 0
5579 0
5579 0
5579 0
5579 0
5579 0
5579 0
5579 0
5579 0
5579 0
5596 0
5596 3
5596 0
5596 0
5596 0
5596 0
5596 0
5596 0
5596 0
5596 0
5596 0
5596 0
5596 0
5596 0
5596 0
5596 0
5596 0
5596 0
5596 0
5596 0
5596 0
5596 0
5596 0
5596 0
5596 0
5596 0
5596 0
5596 0
5596 0
5596 0
5596 0
5600 0
5600 1
5600 0
5600 0
5600 0
5600 0
5600 0
5600 0
5600 0
5600 0
5600 0
5600 0
5600 0
5600 0
5600 0
5600 0
5600 0
5600 0
5600 0
5600 0
5600 0
5600 0
5600 0
5600 0
5600 0
5600 0
5600 0
5600 0
5600 0
5600 0
5600 0
5611 0
5611 64
5611 0
5611 0
5611 0
5611 0
5611 0
5611 0
5611 0
5611 0
5611 0
5611 0
5611 0
5611 0
5611 0
5611 0
5611 0
5611 0
5611 0
5611 0
5611 0
5611 0
5611 0
5611 0
5611 0
5611 0
5611 0
5611 0
5611 0
5611 0
5611 0
5624 0
5624 33
5624 0
5624 0
5624 0
5624 0
5624 0
5624 0
5624 0
5624 0
5624 0
5624 0
5624 0
5624 0
5624 0
5624 0
5624 0
5624 0
5624 0
5624 0
5624 0
5624 0
5624 0
5624 0
5624 0
5624 0
5624 0
5624 0
5624 0
5624 0
5624 0
5626 0
5626 1
5626 0
5626 0
5626 0
5626 0
5626 0
5626 0
5626 0
5626 0
5626 0
5626 0
5626 0
5626 0
5626 0
5626 0
5626 0
5626 0
5626 0
5626 0
5626 0
5626 0
5626 0
5626 0
5626 0
5626 0
5626 0
5626 0
5626 0
5626 0
5626 0
5651 0
5651 1
5651 0
5651 0
5651 0
5651 0
5651 0
5651 0
5651 0
5651 0
5651 0
5651 0
5651 0
5651 0
5651 0
5651 0
5651 0
5651 0
5651 0
5651 0
5651 0
5651 0
5651 0
5651 0
5651 0
5651 0
5651 0
5651 0
5651 0
5651 0
5651 0
5680 0
5680 33
5680 0
5680 0
5680 0
5680 0
5680 0
5680 0
5680 0
5680 0
5680 0
5680 0
5680 0
5680 0
5680 0
5680 0
5680 0
5680 0
5680 0
5680 0
5680 0
5680 0
5680 0
5680 0
5680 0
5680 0
5680 0
5680 0
5680 0
5680 0
5680 0
5696 0
5696 0
5696 0
5696 0
5696 0
5696 0
5696 0
5696 0
5696 0
5696 0
5696 0
5696 0
5696 0
5696 0
5696 0
5696 0
5696 0
5696 0
5696 0
5696 0
5696 0
5696 0
5696 0
5696 0
5696 0
5696 0
5696 0
5696 0
5696 0
5696 0
5696 0
5697 0
5697 1
5697 0
5697 0
5697 0
5697 0
5697 0
5697 0
5697 0
5697 0
5697 0
5697 0
5697 0
5697 0
5697 0
5697 0
5697 0
5697 0
5697 0
5697 0
5697 0
5697 0
5697 0
5697 0
5697 0
5697 0
5697 0
5697 0
5697 0
5697 0
5697 0
5790 0
5790 1
5790 0
5790 0
5790 0
5790 0
5790 0
5790 0
5790 0
5790 0
5790 0
5790 0
5790 0
5790 0
5790 0
5790 0
5790 0
5790 0
5790 0
5790 0
5790 0
5790 0
5790 0
5790 0
5790 0
5790 0
5790 0
5790 0
5790 0
5790 0
5790 0
5860 0
5860 1
5860 0
5860 0
5860 0
5860 0
5860 0
5860 0
5860 0
5860 0
5860 0
5860 0
5860 0
5860 0
5860 0
5860 0
5860 0
5860 0
5860 0
5860 0
5860 0
5860 0
5860 0
5860 0
5860 0
5860 0
5860 0
5860 0
5860 0
5860 0
5860 0
6128 0
6128 1
6128 0
6128 0
6128 0
6128 0
6128 0
6128 0
6128 0
6128 0
6128 0
6128 0
6128 0
6128 0
6128 0
6128 0
6128 0
6128 0
6128 0
6128 0
6128 0
6128 0
6128 0
6128 0
6128 0
6128 0
6128 0
6128 0
6128 0
6128 0
6128 0
6130 0
6130 1
6130 0
6130 0
6130 0
6130 0
6130 0
6130 0
6130 0
6130 0
6130 0
6130 0
6130 0
6130 0
6130 0
6130 0
6130 0
6130 0
6130 0
6130 0
6130 0
6130 0
6130 0
6130 0
6130 0
6130 0
6130 0
6130 0
6130 0
6130 0
6130 0
6156 0
6156 1
6156 0
6156 0
6156 0
6156 0
6156 0
6156 0
6156 0
6156 0
6156 0
6156 0
6156 0
6156 0
6156 0
6156 0
6156 0
6156 0
6156 0
6156 0
6156 0
6156 0
6156 0
6156 0
6156 0
6156 0
6156 0
6156 0
6156 0
6156 0
6156 0
6228 0
6228 1
6228 0
6228 0
6228 0
6228 0
6228 0
6228 0
6228 0
6228 0
6228 0
6228 0
6228 0
6228 0
6228 0
6228 0
6228 0
6228 0
6228 0
6228 0
6228 0
6228 0
6228 0
6228 0
6228 0
6228 0
6228 0
6228 0
6228 0
6228 0
6228 0
6315 0
6315 1
6315 0
6315 0
6315 0
6315 0
6315 0
6315 0
6315 0
6315 0
6315 0
6315 0
6315 0
6315 0
6315 0
6315 0
6315 0
6315 0
6315 0
6315 0
6315 0
6315 0
6315 0
6315 0
6315 0
6315 0
6315 0
6315 0
6315 0
6315 0
6315 0
6327 0
6327 0
6327 0
6327 0
6327 0
6327 0
6327 0
6327 0
6327 0
6327 0
6327 0
6327 0
6327 0
6327 0
6327 0
6327 0
6327 0
6327 0
6327 0
6327 0
6327 0
6327 0
6327 0
6327 0
6327 0
6327 0
6327 0
6327 0
6327 0
6327 0
6327 0
6338 0
6338 1
6338 0
6338 0
6338 0
6338 0
6338 0
6338 0
6338 0
6338 0
6338 0
6338 0
6338 0
6338 0
6338 0
6338 0
6338 0
6338 0
6338 0
6338 0
6338 0
6338 0
6338 0
6338 0
6338 0
6338 0
6338 0
6338 0
6338 0
6338 0
6338 0
6349 0
6349 4
6349 0
6349 0
6349 0
6349 0
6349 0
6349 0
6349 0
6349 0
6349 0
6349 0
6349 0
6349 0
6349 0
6349 0
6349 0
6349 0
6349 0
6349 0
6349 0
6349 0
6349 0
6349 0
6349 0
6349 0
6349 0
6349 0
6349 0
6349 0
6349 0
6354 0
6354 1
6354 0
6354 0
6354 0
6354 0
6354 0
6354 0
6354 0
6354 0
6354 0
6354 0
6354 0
6354 0
6354 0
6354 0
6354 0
6354 0
6354 0
6354 0
6354 0
6354 0
6354 0
6354 0
6354 0
6354 0
6354 0
6354 0
6354 0
6354 0
6354 0
6356 0
6356 1
6356 0
6356 0
6356 0
6356 0
6356 0
6356 0
6356 0
6356 0
6356 0
6356 0
6356 0
6356 0
6356 0
6356 0
6356 0
6356 0
6356 0
6356 0
6356 0
6356 0
6356 0
6356 0
6356 0
6356 0
6356 0
6356 0
6356 0
6356 0
6356 0
6359 0
6359 0
6359 0
6359 0
6359 0
6359 0
6359 0
6359 0
6359 0
6359 0
6359 0
6359 0
6359 0
6359 0
6359 0
6359 0
6359 0
6359 0
6359 0
6359 0
6359 0
6359 0
6359 0
6359 0
6359 0
6359 0
6359 0
6359 0
6359 0
6359 0
6359 0
6365 0
6365 1
6365 0
6365 0
6365 0
6365 0
6365 0
6365 0
6365 0
6365 0
6365 0
6365 0
6365 0
6365 0
6365 0
6365 0
6365 0
6365 0
6365 0
6365 0
6365 0
6365 0
6365 0
6365 0
6365 0
6365 0
6365 0
6365 0
6365 0
6365 0
6365 0
6367 0
6367 1
6367 0
6367 0
6367 0
6367 0
6367 0
6367 0
6367 0
6367 0
6367 0
6367 0
6367 0
6367 0
6367 0
6367 0
6367 0
6367 0
6367 0
6367 0
6367 0
6367 0
6367 0
6367 0
6367 0
6367 0
6367 0
6367 0
6367 0
6367 0
6367 0
6392 0
6392 1
6392 0
6392 0
6392 0
6392 0
6392 0
6392 0
6392 0
6392 0
6392 0
6392 0
6392 0
6392 0
6392 0
6392 0
6392 0
6392 0
6392 0
6392 0
6392 0
6392 0
6392 0
6392 0
6392 0
6392 0
6392 0
6392 0
6392 0
6392 0
6392 0
6398 0
6398 0
6398 0
6398 0
6398 0
6398 0
6398 0
6398 0
6398 0
6398 0
6398 0
6398 0
6398 0
6398 0
6398 0
6398 0
6398 0
6398 0
6398 0
6398 0
6398 0
6398 0
6398 0
6398 0
6398 0
6398 0
6398 0
6398 0
6398 0
6398 0
6398 0
6410 0
6410 0
6410 0
6410 0
6410 0
6410 0
6410 0
6410 0
6410 0
6410 0
6410 0
6410 0
6410 0
6410 0
6410 0
6410 0
6410 0
6410 0
6410 0
6410 0
6410 0
6410 0
6410 0
6410 0
6410 0
6410 0
6410 0
6410 0
6410 0
6410 0
6410 0
6413 0
6413 0
6413 0
6413 0
6413 0
6413 0
6413 0
6413 0
6413 0
6413 0
6413 0
6413 0
6413 0
6413 0
6413 0
6413 0
6413 0
6413 0
6413 0
6413 0
6413 0
6413 0
6413 0
6413 0
6413 0
6413 0
6413 0
6413 0
6413 0
6413 0
6413 0
6420 0
6420 1
6420 0
6420 0
6420 0
6420 0
6420 0
6420 0
6420 0
6420 0
6420 0
6420 0
6420 0
6420 0
6420 0
6420 0
6420 0
6420 0
6420 0
6420 0
6420 0
6420 0
6420 0
6420 0
6420 0
6420 0
6420 0
6420 0
6420 0
6420 0
6420 0
6428 0
6428 0
6428 0
6428 0
6428 0
6428 0
6428 0
6428 0
6428 0
6428 0
6428 0
6428 0
6428 0
6428 0
6428 0
6428 0
6428 0
6428 0
6428 0
6428 0
6428 0
6428 0
6428 0
6428 0
6428 0
6428 0
6428 0
6428 0
6428 0
6428 0
6428 0
6433 0
6433 1
6433 0
6433 0
6433 0
6433 0
6433 0
6433 0
6433 0
6433 0
6433 0
6433 0
6433 0
6433 0
6433 0
6433 0
6433 0
6433 0
6433 0
6433 0
6433 0
6433 0
6433 0
6433 0
6433 0
6433 0
6433 0
6433 0
6433 0
6433 0
6433 0
6434 0
6434 1
6434 0
6434 0
6434 0
6434 0
6434 0
6434 0
6434 0
6434 0
6434 0
6434 0
6434 0
6434 0
6434 0
6434 0
6434 0
6434 0
6434 0
6434 0
6434 0
6434 0
6434 0
6434 0
6434 0
6434 0
6434 0
6434 0
6434 0
6434 0
6434 0
6437 0
6437 0
6437 0
6437 0
6437 0
6437 0
6437 0
6437 0
6437 0
6437 0
6437 0
6437 0
6437 0
6437 0
6437 0
6437 0
6437 0
6437 0
6437 0
6437 0
6437 0
6437 0
6437 0
6437 0
6437 0
6437 0
6437 0
6437 0
6437 0
6437 0
6437 0
6459 0
6459 0
6459 0
6459 0
6459 0
6459 0
6459 0
6459 0
6459 0
6459 0
6459 0
6459 0
6459 0
6459 0
6459 0
6459 0
6459 0
6459 0
6459 0
6459 0
6459 0
6459 0
6459 0
6459 0
6459 0
6459 0
6459 0
6459 0
6459 0
6459 0
6459 0
6468 0
6468 1
6468 0
6468 0
6468 0
6468 0
6468 0
6468 0
6468 0
6468 0
6468 0
6468 0
6468 0
6468 0
6468 0
6468 0
6468 0
6468 0
6468 0
6468 0
6468 0
6468 0
6468 0
6468 0
6468 0
6468 0
6468 0
6468 0
6468 0
6468 0
6468 0
6471 0
6471 1
6471 0
6471 0
6471 0
6471 0
6471 0
6471 0
6471 0
6471 0
6471 0
6471 0
6471 0
6471 0
6471 0
6471 0
6471 0
6471 0
6471 0
6471 0
6471 0
6471 0
6471 0
6471 0
6471 0
6471 0
6471 0
6471 0
6471 0
6471 0
6471 0
6480 0
6480 1
6480 0
6480 0
6480 0
6480 0
6480 0
6480 0
6480 0
6480 0
6480 0
6480 0
6480 0
6480 0
6480 0
6480 0
6480 0
6480 0
6480 0
6480 0
6480 0
6480 0
6480 0
6480 0
6480 0
6480 0
6480 0
6480 0
6480 0
6480 0
6480 0
6482 0
6482 0
6482 0
6482 0
6482 0
6482 0
6482 0
6482 0
6482 0
6482 0
6482 0
6482 0
6482 0
6482 0
6482 0
6482 0
6482 0
6482 0
6482 0
6482 0
6482 0
6482 0
6482 0
6482 0
6482 0
6482 0
6482 0
6482 0
6482 0
6482 0
6482 0
6483 0
6483 1
6483 0
6483 0
6483 0
6483 0
6483 0
6483 0
6483 0
6483 0
6483 0
6483 0
6483 0
6483 0
6483 0
6483 0
6483 0
6483 0
6483 0
6483 0
6483 0
6483 0
6483 0
6483 0
6483 0
6483 0
6483 0
6483 0
6483 0
6483 0
6483 0
6497 0
6497 1
6497 0
6497 0
6497 0
6497 0
6497 0
6497 0
6497 0
6497 0
6497 0
6497 0
6497 0
6497 0
6497 0
6497 0
6497 0
6497 0
6497 0
6497 0
6497 0
6497 0
6497 0
6497 0
6497 0
6497 0
6497 0
6497 0
6497 0
6497 0
6497 0
6501 0
6501 1
6501 0
6501 0
6501 0
6501 0
6501 0
6501 0
6501 0
6501 0
6501 0
6501 0
6501 0
6501 0
6501 0
6501 0
6501 0
6501 0
6501 0
6501 0
6501 0
6501 0
6501 0
6501 0
6501 0
6501 0
6501 0
6501 0
6501 0
6501 0
6501 0
6520 0
6520 1
6520 0
6520 0
6520 0
6520 0
6520 0
6520 0
6520 0
6520 0
6520 0
6520 0
6520 0
6520 0
6520 0
6520 0
6520 0
6520 0
6520 0
6520 0
6520 0
6520 0
6520 0
6520 0
6520 0
6520 0
6520 0
6520 0
6520 0
6520 0
6520 0
6521 0
6521 0
6521 0
6521 0
6521 0
6521 0
6521 0
6521 0
6521 0
6521 0
6521 0
6521 0
6521 0
6521 0
6521 0
6521 0
6521 0
6521 0
6521 0
6521 0
6521 0
6521 0
6521 0
6521 0
6521 0
6521 0
6521 0
6521 0
6521 0
6521 0
6521 0
6530 0
6530 1
6530 0
6530 0
6530 0
6530 0
6530 0
6530 0
6530 0
6530 0
6530 0
6530 0
6530 0
6530 0
6530 0
6530 0
6530 0
6530 0
6530 0
6530 0
6530 0
6530 0
6530 0
6530 0
6530 0
6530 0
6530 0
6530 0
6530 0
6530 0
6530 0
6535 0
6535 0
6535 0
6535 0
6535 0
6535 0
6535 0
6535 0
6535 0
6535 0
6535 0
6535 0
6535 0
6535 0
6535 0
6535 0
6535 0
6535 0
6535 0
6535 0
6535 0
6535 0
6535 0
6535 0
6535 0
6535 0
6535 0
6535 0
6535 0
6535 0
6535 0
6540 0
6540 0
6540 0
6540 0
6540 0
6540 0
6540 0
6540 0
6540 0
6540 0
6540 0
6540 0
6540 0
6540 0
6540 0
6540 0
6540 0
6540 0
6540 0
6540 0
6540 0
6540 0
6540 0
6540 0
6540 0
6540 0
6540 0
6540 0
6540 0
6540 0
6540 0
6542 0
6542 0
6542 0
6542 0
6542 0
6542 0
6542 0
6542 0
6542 0
6542 0
6542 0
6542 0
6542 0
6542 0
6542 0
6542 0
6542 0
6542 0
6542 0
6542 0
6542 0
6542 0
6542 0
6542 0
6542 0
6542 0
6542 0
6542 0
6542 0
6542 0
6542 0
6553 0
6553 1
6553 0
6553 0
6553 0
6553 0
6553 0
6553 0
6553 0
6553 0
6553 0
6553 0
6553 0
6553 0
6553 0
6553 0
6553 0
6553 0
6553 0
6553 0
6553 0
6553 0
6553 0
6553 0
6553 0
6553 0
6553 0
6553 0
6553 0
6553 0
6553 0
6570 0
6570 1
6570 0
6570 0
6570 0
6570 0
6570 0
6570 0
6570 0
6570 0
6570 0
6570 0
6570 0
6570 0
6570 0
6570 0
6570 0
6570 0
6570 0
6570 0
6570 0
6570 0
6570 0
6570 0
6570 0
6570 0
6570 0
6570 0
6570 0
6570 0
6570 0
6578 0
6578 0
6578 0
6578 0
6578 0
6578 0
6578 0
6578 0
6578 0
6578 0
6578 0
6578 0
6578 0
6578 0
6578 0
6578 0
6578 0
6578 0
6578 0
6578 0
6578 0
6578 0
6578 0
6578 0
6578 0
6578 0
6578 0
6578 0
6578 0
6578 0
6578 0
6613 0
6613 0
6613 0
6613 0
6613 0
6613 0
6613 0
6613 0
6613 0
6613 0
6613 0
6613 0
6613 0
6613 0
6613 0
6613 0
6613 0
6613 0
6613 0
6613 0
6613 0
6613 0
6613 0
6613 0
6613 0
6613 0
6613 0
6613 0
6613 0
6613 0
6613 0
6618 0
6618 0
6618 0
6618 0
6618 0
6618 0
6618 0
6618 0
6618 0
6618 0
6618 0
6618 0
6618 0
6618 0
6618 0
6618 0
6618 0
6618 0
6618 0
6618 0
6618 0
6618 0
6618 0
6618 0
6618 0
6618 0
6618 0
6618 0
6618 0
6618 0
6618 0
6627 0
6627 1
6627 0
6627 0
6627 0
6627 0
6627 0
6627 0
6627 0
6627 0
6627 0
6627 0
6627 0
6627 0
6627 0
6627 0
6627 0
6627 0
6627 0
6627 0
6627 0
6627 0
6627 0
6627 0
6627 0
6627 0
6627 0
6627 0
6627 0
6627 0
6627 0
6632 0
6632 0
6632 0
6632 0
6632 0
6632 0
6632 0
6632 0
6632 0
6632 0
6632 0
6632 0
6632 0
6632 0
6632 0
6632 0
6632 0
6632 0
6632 0
6632 0
6632 0
6632 0
6632 0
6632 0
6632 0
6632 0
6632 0
6632 0
6632 0
6632 0
6632 0
6642 0
6642 1
6642 0
6642 0
6642 0
6642 0
6642 0
6642 0
6642 0
6642 0
6642 0
6642 0
6642 0
6642 0
6642 0
6642 0
6642 0
6642 0
6642 0
6642 0
6642 0
6642 0
6642 0
6642 0
6642 0
6642 0
6642 0
6642 0
6642 0
6642 0
6642 0
6657 0
6657 0
6657 0
6657 0
6657 0
6657 0
6657 0
6657 0
6657 0
6657 0
6657 0
6657 0
6657 0
6657 0
6657 0
6657 0
6657 0
6657 0
6657 0
6657 0
6657 0
6657 0
6657 0
6657 0
6657 0
6657 0
6657 0
6657 0
6657 0
6657 0
6657 0
6663 0
6663 2
6663 0
6663 0
6663 0
6663 0
6663 0
6663 0
6663 0
6663 0
6663 0
6663 0
6663 0
6663 0
6663 0
6663 0
6663 0
6663 0
6663 0
6663 0
6663 0
6663 0
6663 0
6663 0
6663 0
6663 0
6663 0
6663 0
6663 0
6663 0
6663 0
6675 0
6675 1
6675 0
6675 0
6675 0
6675 0
6675 0
6675 0
6675 0
6675 0
6675 0
6675 0
6675 0
6675 0
6675 0
6675 0
6675 0
6675 0
6675 0
6675 0
6675 0
6675 0
6675 0
6675 0
6675 0
6675 0
6675 0
6675 0
6675 0
6675 0
6675 0
6681 0
6681 0
6681 0
6681 0
6681 0
6681 0
6681 0
6681 0
6681 0
6681 0
6681 0
6681 0
6681 0
6681 0
6681 0
6681 0
6681 0
6681 0
6681 0
6681 0
6681 0
6681 0
6681 0
6681 0
6681 0
6681 0
6681 0
6681 0
6681 0
6681 0
6681 0
6683 0
6683 0
6683 0
6683 0
6683 0
6683 0
6683 0
6683 0
6683 0
6683 0
6683 0
6683 0
6683 0
6683 0
6683 0
6683 0
6683 0
6683 0
6683 0
6683 0
6683 0
6683 0
6683 0
6683 0
6683 0
6683 0
6683 0
6683 0
6683 0
6683 0
6683 0
6691 0
6691 0
6691 0
6691 0
6691 0
6691 0
6691 0
6691 0
6691 0
6691 0
6691 0
6691 0
6691 0
6691 0
6691 0
6691 0
6691 0
6691 0
6691 0
6691 0
6691 0
6691 0
6691 0
6691 0
6691 0
6691 0
6691 0
6691 0
6691 0
6691 0
6691 0
6734 0
6734 0
6734 0
6734 0
6734 0
6734 0
6734 0
6734 0
6734 0
6734 0
6734 0
6734 0
6734 0
6734 0
6734 0
6734 0
6734 0
6734 0
6734 0
6734 0
6734 0
6734 0
6734 0
6734 0
6734 0
6734 0
6734 0
6734 0
6734 0
6734 0
6734 0
6740 0
6740 0
6740 0
6740 0
6740 0
6740 0
6740 0
6740 0
6740 0
6740 0
6740 0
6740 0
6740 0
6740 0
6740 0
6740 0
6740 0
6740 0
6740 0
6740 0
6740 0
6740 0
6740 0
6740 0
6740 53
6740 0
6740 0
6740 0
6740 0
6740 0
6740 0
6746 0
6746 0
6746 0
6746 0
6746 0
6746 0
6746 0
6746 0
6746 0
6746 0
6746 0
6746 0
6746 0
6746 0
6746 0
6746 0
6746 0
6746 0
6746 0
6746 0
6746 0
6746 0
6746 0
6746 0
6746 0
6746 0
6746 0
6746 0
6746 0
6746 0
6746 0
6756 0
6756 1
6756 0
6756 0
6756 0
6756 0
6756 0
6756 0
6756 0
6756 0
6756 0
6756 0
6756 0
6756 0
6756 0
6756 0
6756 0
6756 0
6756 0
6756 0
6756 0
6756 0
6756 0
6756 0
6756 0
6756 0
6756 0
6756 0
6756 0
6756 0
6756 0
6757 0
6757 1
6757 0
6757 0
6757 0
6757 0
6757 0
6757 0
6757 0
6757 0
6757 0
6757 0
6757 0
6757 0
6757 0
6757 0
6757 0
6757 0
6757 0
6757 0
6757 0
6757 0
6757 0
6757 0
6757 0
6757 0
6757 0
6757 0
6757 0
6757 0
6757 0
6761 0
6761 1
6761 0
6761 0
6761 0
6761 0
6761 0
6761 0
6761 0
6761 0
6761 0
6761 0
6761 0
6761 0
6761 0
6761 0
6761 0
6761 0
6761 0
6761 0
6761 0
6761 0
6761 0
6761 0
6761 0
6761 0
6761 0
6761 0
6761 0
6761 0
6761 0
6766 0
6766 1
6766 0
6766 0
6766 0
6766 0
6766 0
6766 0
6766 0
6766 0
6766 0
6766 0
6766 0
6766 0
6766 0
6766 0
6766 0
6766 0
6766 0
6766 0
6766 0
6766 0
6766 0
6766 0
6766 0
6766 0
6766 0
6766 0
6766 0
6766 0
6766 0
6768 0
6768 0
6768 0
6768 0
6768 0
6768 0
6768 0
6768 0
6768 0
6768 0
6768 0
6768 0
6768 0
6768 0
6768 0
6768 0
6768 0
6768 0
6768 0
6768 0
6768 0
6768 0
6768 0
6768 0
6768 0
6768 0
6768 0
6768 0
6768 0
6768 0
6768 0
6789 0
6789 0
6789 0
6789 0
6789 0
6789 0
6789 0
6789 0
6789 0
6789 0
6789 0
6789 0
6789 0
6789 0
6789 0
6789 0
6789 0
6789 0
6789 0
6789 0
6789 0
6789 0
6789 0
6789 0
6789 0
6789 0
6789 0
6789 0
6789 0
6789 0
6789 0
6812 0
6812 1
6812 0
6812 0
6812 0
6812 0
6812 0
6812 0
6812 0
6812 0
6812 0
6812 0
6812 0
6812 0
6812 0
6812 0
6812 0
6812 0
6812 0
6812 0
6812 0
6812 0
6812 0
6812 0
6812 0
6812 0
6812 0
6812 0
6812 0
6812 0
6812 0
6815 0
6815 0
6815 0
6815 0
6815 0
6815 0
6815 0
6815 0
6815 0
6815 0
6815 0
6815 0
6815 0
6815 0
6815 0
6815 0
6815 0
6815 0
6815 0
6815 0
6815 0
6815 0
6815 0
6815 0
6815 0
6815 0
6815 0
6815 0
6815 0
6815 0
6815 0
6816 0
6816 0
6816 0
6816 0
6816 0
6816 0
6816 0
6816 0
6816 0
6816 0
6816 0
6816 0
6816 0
6816 0
6816 0
6816 0
6816 0
6816 0
6816 0
6816 0
6816 0
6816 0
6816 0
6816 0
6816 0
6816 0
6816 0
6816 0
6816 0
6816 0
6816 0
6822 0
6822 0
6822 0
6822 0
6822 0
6822 0
6822 0
6822 0
6822 0
6822 0
6822 0
6822 0
6822 0
6822 0
6822 0
6822 0
6822 0
6822 0
6822 0
6822 0
6822 0
6822 0
6822 0
6822 0
6822 0
6822 0
6822 0
6822 0
6822 0
6822 0
6822 0
6824 0
6824 0
6824 0
6824 0
6824 0
6824 0
6824 0
6824 0
6824 0
6824 0
6824 0
6824 0
6824 0
6824 0
6824 0
6824 0
6824 0
6824 0
6824 0
6824 0
6824 0
6824 0
6824 0
6824 0
6824 0
6824 0
6824 0
6824 0
6824 0
6824 0
6824 0
6843 0
6843 0
6843 0
6843 0
6843 0
6843 0
6843 0
6843 0
6843 0
6843 0
6843 0
6843 0
6843 0
6843 0
6843 0
6843 0
6843 0
6843 0
6843 0
6843 0
6843 0
6843 0
6843 0
6843 0
6843 0
6843 0
6843 0
6843 0
6843 0
6843 0
6843 0
6846 0
6846 0
6846 0
6846 0
6846 0
6846 0
6846 0
6846 0
6846 0
6846 0
6846 0
6846 0
6846 0
6846 0
6846 0
6846 0
6846 0
6846 0
6846 0
6846 0
6846 0
6846 0
6846 0
6846 0
6846 0
6846 0
6846 0
6846 0
6846 0
6846 0
6846 0
6847 0
6847 0
6847 0
6847 0
6847 0
6847 0
6847 0
6847 0
6847 0
6847 0
6847 0
6847 0
6847 0
6847 0
6847 0
6847 0
6847 0
6847 0
6847 0
6847 0
6847 0
6847 0
6847 0
6847 0
6847 0
6847 0
6847 0
6847 0
6847 0
6847 0
6847 0
6866 0
6866 0
6866 0
6866 0
6866 0
6866 0
6866 0
6866 0
6866 0
6866 0
6866 0
6866 0
6866 0
6866 0
6866 0
6866 0
6866 0
6866 0
6866 0
6866 0
6866 0
6866 0
6866 0
6866 0
6866 0
6866 0
6866 0
6866 0
6866 0
6866 0
6866 0
6871 0
6871 0
6871 0
6871 0
6871 0
6871 0
6871 0
6871 0
6871 0
6871 0
6871 0
6871 0
6871 0
6871 0
6871 0
6871 0
6871 0
6871 0
6871 0
6871 0
6871 0
6871 0
6871 0
6871 0
6871 0
6871 0
6871 0
6871 0
6871 0
6871 0
6871 0
6879 0
6879 0
6879 0
6879 0
6879 0
6879 0
6879 0
6879 0
6879 0
6879 0
6879 0
6879 0
6879 0
6879 0
6879 0
6879 0
6879 0
6879 0
6879 0
6879 0
6879 0
6879 0
6879 0
6879 0
6879 0
6879 0
6879 0
6879 0
6879 0
6879 0
6879 0
6886 0
6886 0
6886 0
6886 0
6886 0
6886 0
6886 0
6886 0
6886 0
6886 0
6886 0
6886 0
6886 0
6886 0
6886 0
6886 0
6886 0
6886 0
6886 0
6886 0
6886 0
6886 0
6886 0
6886 0
6886 0
6886 0
6886 0
6886 0
6886 0
6886 0
6886 0
6890 0
6890 0
6890 0
6890 0
6890 0
6890 0
6890 0
6890 0
6890 0
6890 0
6890 0
6890 0
6890 0
6890 0
6890 0
6890 0
6890 0
6890 0
6890 0
6890 0
6890 0
6890 0
6890 0
6890 0
6890 0
6890 0
6890 0
6890 0
6890 0
6890 0
6890 0
6892 0
6892 0
6892 0
6892 0
6892 0
6892 0
6892 0
6892 0
6892 0
6892 0
6892 0
6892 0
6892 0
6892 0
6892 0
6892 0
6892 0
6892 0
6892 0
6892 0
6892 0
6892 0
6892 0
6892 0
6892 0
6892 0
6892 0
6892 0
6892 0
6892 0
6892 0
6934 0
6934 0
6934 0
6934 0
6934 0
6934 0
6934 0
6934 0
6934 0
6934 0
6934 0
6934 0
6934 0
6934 0
6934 0
6934 0
6934 0
6934 0
6934 0
6934 0
6934 0
6934 0
6934 0
6934 0
6934 0
6934 0
6934 0
6934 0
6934 0
6934 0
6934 0
6959 0
6959 0
6959 0
6959 0
6959 0
6959 0
6959 0
6959 0
6959 0
6959 0
6959 0
6959 0
6959 0
6959 0
6959 0
6959 0
6959 0
6959 0
6959 0
6959 0
6959 0
6959 0
6959 0
6959 0
6959 0
6959 0
6959 0
6959 0
6959 0
6959 0
6959 0
6996 0
6996 1
6996 0
6996 0
6996 0
6996 0
6996 0
6996 0
6996 0
6996 0
6996 0
6996 0
6996 0
6996 0
6996 0
6996 0
6996 0
6996 0
6996 0
6996 0
6996 0
6996 0
6996 0
6996 0
6996 0
6996 0
6996 0
6996 0
6996 0
6996 0
6996 0
7002 0
7002 0
7002 0
7002 0
7002 0
7002 0
7002 0
7002 0
7002 0
7002 0
7002 0
7002 0
7002 0
7002 0
7002 0
7002 0
7002 0
7002 0
7002 0
7002 0
7002 0
7002 0
7002 0
7002 0
7002 0
7002 0
7002 0
7002 0
7002 0
7002 0
7002 0
7035 0
7035 1
7035 0
7035 0
7035 0
7035 0
7035 0
7035 0
7035 0
7035 0
7035 0
7035 0
7035 0
7035 0
7035 0
7035 0
7035 0
7035 0
7035 0
7035 0
7035 0
7035 0
7035 0
7035 0
7035 0
7035 0
7035 0
7035 0
7035 0
7035 0
7035 0
7041 0
7041 437
7041 0
7041 0
7041 0
7041 0
7041 0
7041 0
7041 0
7041 0
7041 0
7041 0
7041 0
7041 0
7041 0
7041 0
7041 0
7041 0
7041 0
7041 0
7041 0
7041 0
7041 0
7041 1
7041 0
7041 0
7041 0
7041 0
7041 0
7041 0
7041 0
7080 0
7080 1
7080 0
7080 0
7080 0
7080 0
7080 0
7080 0
7080 0
7080 0
7080 0
7080 0
7080 0
7080 0
7080 0
7080 0
7080 0
7080 0
7080 0
7080 0
7080 0
7080 0
7080 0
7080 0
7080 0
7080 0
7080 0
7080 0
7080 0
7080 0
7080 0
