pt_graph cpue_kghour
853 0
853 23
853 0
853 0
853 0
853 0
853 0
853 0
853 0
853 0
853 0
853 0
853 0
853 0
853 0
853 0
853 0
853 0
853 0
853 0
853 0
853 0
853 0
853 18
853 0
853 0
853 0
853 0
853 0
853 0
853 0
857 0
857 35
857 0
857 0
857 0
857 0
857 0
857 0
857 0
857 0
857 0
857 0
857 0
857 0
857 0
857 0
857 0
857 0
857 0
857 0
857 0
857 0
857 0
857 27
857 0
857 0
857 0
857 0
857 0
857 0
857 0
1703 0
1703 20
1703 0
1703 0
1703 0
1703 0
1703 0
1703 0
1703 0
1703 0
1703 0
1703 0
1703 0
1703 0
1703 0
1703 0
1703 0
1703 0
1703 0
1703 0
1703 0
1703 0
1703 0
1703 0
1703 0
1703 0
1703 0
1703 0
1703 0
1703 0
1703 0
2111 0
2111 20
2111 0
2111 0
2111 0
2111 0
2111 0
2111 0
2111 0
2111 0
2111 0
2111 0
2111 0
2111 0
2111 0
2111 0
2111 0
2111 0
2111 0
2111 0
2111 0
2111 0
2111 0
2111 0
2111 0
2111 0
2111 0
2111 0
2111 0
2111 0
2111 0
2144 0
2144 20
2144 0
2144 0
2144 0
2144 0
2144 0
2144 0
2144 0
2144 0
2144 0
2144 0
2144 0
2144 0
2144 0
2144 0
2144 0
2144 0
2144 0
2144 0
2144 0
2144 0
2144 0
2144 0
2144 0
2144 0
2144 0
2144 0
2144 0
2144 0
2144 0
2224 0
2224 39
2224 0
2224 0
2224 0
2224 0
2224 0
2224 0
2224 0
2224 0
2224 0
2224 0
2224 0
2224 0
2224 0
2224 0
2224 0
2224 0
2224 0
2224 0
2224 0
2224 0
2224 0
2224 0
2224 0
2224 0
2224 0
2224 0
2224 0
2224 0
2224 0
2452 0
2452 17
2452 0
2452 0
2452 0
2452 0
2452 0
2452 0
2452 0
2452 0
2452 0
2452 0
2452 0
2452 0
2452 0
2452 0
2452 0
2452 0
2452 0
2452 0
2452 0
2452 0
2452 0
2452 1
2452 0
2452 0
2452 0
2452 0
2452 0
2452 0
2452 0
2456 0
2456 39
2456 0
2456 0
2456 0
2456 0
2456 0
2456 0
2456 0
2456 0
2456 0
2456 0
2456 0
2456 0
2456 0
2456 0
2456 0
2456 0
2456 0
2456 0
2456 0
2456 0
2456 0
2456 0
2456 0
2456 0
2456 0
2456 0
2456 0
2456 0
2456 0
2459 0
2459 20
2459 0
2459 0
2459 0
2459 0
2459 0
2459 0
2459 0
2459 0
2459 0
2459 0
2459 0
2459 0
2459 0
2459 0
2459 0
2459 0
2459 0
2459 0
2459 0
2459 0
2459 0
2459 0
2459 0
2459 0
2459 0
2459 0
2459 0
2459 0
2459 0
2556 0
2556 17
2556 0
2556 0
2556 0
2556 0
2556 0
2556 0
2556 0
2556 0
2556 0
2556 0
2556 0
2556 0
2556 0
2556 0
2556 0
2556 0
2556 0
2556 0
2556 0
2556 0
2556 0
2556 1
2556 0
2556 0
2556 0
2556 0
2556 0
2556 0
2556 0
2667 0
2667 39
2667 0
2667 0
2667 0
2667 0
2667 0
2667 0
2667 0
2667 0
2667 0
2667 0
2667 0
2667 0
2667 0
2667 0
2667 0
2667 0
2667 0
2667 0
2667 0
2667 0
2667 0
2667 0
2667 0
2667 0
2667 0
2667 0
2667 0
2667 0
2667 0
2684 0
2684 17
2684 0
2684 0
2684 0
2684 0
2684 0
2684 0
2684 0
2684 0
2684 0
2684 0
2684 0
2684 0
2684 0
2684 0
2684 0
2684 0
2684 0
2684 0
2684 0
2684 0
2684 0
2684 1
2684 0
2684 0
2684 0
2684 0
2684 0
2684 0
2684 0
2695 0
2695 17
2695 0
2695 0
2695 0
2695 0
2695 0
2695 0
2695 0
2695 0
2695 0
2695 0
2695 0
2695 0
2695 0
2695 0
2695 0
2695 0
2695 0
2695 0
2695 0
2695 0
2695 0
2695 1
2695 0
2695 0
2695 0
2695 0
2695 0
2695 0
2695 0
2780 0
2780 17
2780 0
2780 0
2780 0
2780 0
2780 0
2780 0
2780 0
2780 0
2780 0
2780 0
2780 0
2780 0
2780 0
2780 0
2780 0
2780 0
2780 0
2780 0
2780 0
2780 0
2780 0
2780 1
2780 0
2780 0
2780 0
2780 0
2780 0
2780 0
2780 0
2954 0
2954 14
2954 0
2954 0
2954 0
2954 0
2954 0
2954 0
2954 0
2954 0
2954 0
2954 0
2954 0
2954 0
2954 0
2954 0
2954 0
2954 0
2954 0
2954 0
2954 0
2954 0
2954 0
2954 1
2954 0
2954 0
2954 0
2954 0
2954 0
2954 0
2954 0
3226 0
3226 167
3226 0
3226 0
3226 0
3226 0
3226 0
3226 0
3226 2
3226 0
3226 0
3226 0
3226 0
3226 0
3226 0
3226 0
3226 0
3226 0
3226 0
3226 0
3226 0
3226 0
3226 0
3226 3
3226 0
3226 0
3226 0
3226 0
3226 0
3226 0
3226 0
3229 0
3229 69
3229 0
3229 0
3229 0
3229 0
3229 0
3229 0
3229 0
3229 0
3229 0
3229 0
3229 0
3229 0
3229 0
3229 0
3229 0
3229 0
3229 0
3229 0
3229 0
3229 0
3229 0
3229 0
3229 0
3229 0
3229 0
3229 0
3229 0
3229 0
3229 0
3230 0
3230 14
3230 0
3230 0
3230 0
3230 0
3230 0
3230 0
3230 0
3230 0
3230 0
3230 0
3230 0
3230 0
3230 0
3230 0
3230 0
3230 0
3230 0
3230 0
3230 0
3230 0
3230 0
3230 0
3230 0
3230 0
3230 0
3230 0
3230 0
3230 0
3230 0
3241 0
3241 14
3241 0
3241 0
3241 0
3241 0
3241 0
3241 0
3241 0
3241 0
3241 0
3241 0
3241 0
3241 0
3241 0
3241 0
3241 0
3241 0
3241 0
3241 0
3241 0
3241 0
3241 0
3241 1
3241 0
3241 0
3241 0
3241 0
3241 0
3241 0
3241 0
3271 0
3271 18
3271 0
3271 0
3271 0
3271 0
3271 0
3271 0
3271 0
3271 0
3271 0
3271 0
3271 0
3271 0
3271 0
3271 0
3271 0
3271 0
3271 0
3271 0
3271 0
3271 0
3271 0
3271 0
3271 0
3271 0
3271 0
3271 0
3271 0
3271 0
3271 0
3453 0
3453 92
3453 0
3453 0
3453 0
3453 0
3453 0
3453 0
3453 0
3453 7
3453 0
3453 0
3453 0
3453 0
3453 0
3453 0
3453 0
3453 0
3453 0
3453 0
3453 0
3453 0
3453 0
3453 3
3453 0
3453 0
3453 0
3453 0
3453 0
3453 0
3453 0
3578 0
3578 35
3578 0
3578 0
3578 0
3578 0
3578 0
3578 0
3578 0
3578 0
3578 0
3578 0
3578 0
3578 0
3578 0
3578 0
3578 0
3578 0
3578 0
3578 0
3578 0
3578 0
3578 0
3578 0
3578 0
3578 0
3578 0
3578 0
3578 0
3578 0
3578 0
3583 0
3583 14
3583 0
3583 0
3583 0
3583 0
3583 0
3583 0
3583 0
3583 0
3583 0
3583 0
3583 0
3583 0
3583 0
3583 0
3583 0
3583 0
3583 0
3583 0
3583 0
3583 0
3583 0
3583 1
3583 0
3583 0
3583 0
3583 0
3583 0
3583 0
3583 0
3603 0
3603 25
3603 0
3603 0
3603 0
3603 0
3603 0
3603 0
3603 0
3603 0
3603 0
3603 0
3603 0
3603 0
3603 0
3603 0
3603 0
3603 0
3603 0
3603 0
3603 0
3603 0
3603 0
3603 1
3603 0
3603 0
3603 0
3603 0
3603 0
3603 0
3603 0
3719 0
3719 63
3719 0
3719 0
3719 0
3719 0
3719 0
3719 0
3719 0
3719 10
3719 0
3719 0
3719 0
3719 0
3719 0
3719 0
3719 0
3719 0
3719 0
3719 0
3719 0
3719 0
3719 0
3719 3
3719 0
3719 0
3719 0
3719 0
3719 0
3719 0
3719 0
3736 0
3736 11
3736 0
3736 0
3736 0
3736 0
3736 0
3736 0
3736 0
3736 0
3736 0
3736 0
3736 0
3736 0
3736 0
3736 0
3736 0
3736 0
3736 0
3736 0
3736 0
3736 0
3736 0
3736 0
3736 0
3736 0
3736 0
3736 0
3736 0
3736 0
3736 0
3767 0
3767 14
3767 0
3767 0
3767 0
3767 0
3767 0
3767 0
3767 0
3767 0
3767 0
3767 0
3767 0
3767 0
3767 0
3767 0
3767 0
3767 0
3767 0
3767 0
3767 0
3767 0
3767 0
3767 1
3767 0
3767 0
3767 0
3767 0
3767 0
3767 0
3767 0
3827 0
3827 14
3827 0
3827 0
3827 0
3827 0
3827 0
3827 0
3827 0
3827 0
3827 0
3827 0
3827 0
3827 0
3827 0
3827 0
3827 0
3827 0
3827 0
3827 0
3827 0
3827 0
3827 0
3827 1
3827 0
3827 0
3827 0
3827 0
3827 0
3827 0
3827 0
3852 0
3852 28
3852 0
3852 0
3852 0
3852 0
3852 0
3852 0
3852 1
3852 0
3852 0
3852 0
3852 0
3852 0
3852 0
3852 0
3852 0
3852 0
3852 0
3852 0
3852 0
3852 0
3852 0
3852 1
3852 0
3852 0
3852 0
3852 0
3852 0
3852 0
3852 0
3853 0
3853 18
3853 0
3853 0
3853 0
3853 0
3853 0
3853 0
3853 0
3853 0
3853 0
3853 0
3853 0
3853 0
3853 0
3853 0
3853 0
3853 0
3853 0
3853 0
3853 0
3853 0
3853 0
3853 0
3853 0
3853 0
3853 0
3853 0
3853 0
3853 0
3853 0
3854 0
3854 33
3854 0
3854 0
3854 0
3854 0
3854 0
3854 0
3854 2
3854 0
3854 0
3854 0
3854 0
3854 0
3854 0
3854 0
3854 0
3854 0
3854 0
3854 0
3854 0
3854 0
3854 0
3854 1
3854 0
3854 0
3854 0
3854 0
3854 0
3854 0
3854 0
3878 0
3878 14
3878 0
3878 0
3878 0
3878 0
3878 0
3878 0
3878 0
3878 0
3878 0
3878 0
3878 0
3878 0
3878 0
3878 0
3878 0
3878 0
3878 0
3878 0
3878 0
3878 0
3878 0
3878 1
3878 0
3878 0
3878 0
3878 0
3878 0
3878 0
3878 0
3890 0
3890 21
3890 0
3890 0
3890 0
3890 0
3890 0
3890 0
3890 0
3890 0
3890 0
3890 0
3890 0
3890 0
3890 0
3890 0
3890 0
3890 0
3890 0
3890 0
3890 0
3890 0
3890 0
3890 0
3890 0
3890 0
3890 0
3890 0
3890 0
3890 0
3890 0
4242 0
4242 18
4242 0
4242 0
4242 0
4242 0
4242 0
4242 0
4242 0
4242 0
4242 0
4242 0
4242 0
4242 0
4242 0
4242 0
4242 0
4242 0
4242 0
4242 0
4242 0
4242 0
4242 0
4242 0
4242 0
4242 0
4242 0
4242 0
4242 0
4242 0
4242 0
5337 0
5337 5
5337 0
5337 0
5337 0
5337 0
5337 0
5337 0
5337 0
5337 0
5337 0
5337 0
5337 0
5337 0
5337 0
5337 0
5337 0
5337 0
5337 0
5337 0
5337 0
5337 0
5337 0
5337 0
5337 0
5337 0
5337 0
5337 0
5337 0
5337 0
5337 0
5348 0
5348 285
5348 0
5348 0
5348 0
5348 0
5348 0
5348 0
5348 0
5348 0
5348 0
5348 0
5348 0
5348 0
5348 0
5348 0
5348 0
5348 0
5348 0
5348 0
5348 2
5348 0
5348 0
5348 17
5348 0
5348 0
5348 0
5348 0
5348 0
5348 0
5348 0
5396 0
5396 12
5396 0
5396 0
5396 0
5396 0
5396 0
5396 0
5396 0
5396 0
5396 0
5396 0
5396 0
5396 0
5396 0
5396 0
5396 0
5396 0
5396 0
5396 0
5396 0
5396 0
5396 0
5396 0
5396 0
5396 0
5396 0
5396 0
5396 0
5396 0
5396 0
5409 0
5409 5
5409 0
5409 0
5409 0
5409 0
5409 0
5409 0
5409 0
5409 0
5409 0
5409 0
5409 0
5409 0
5409 0
5409 0
5409 0
5409 0
5409 0
5409 0
5409 0
5409 0
5409 0
5409 0
5409 0
5409 0
5409 0
5409 0
5409 0
5409 0
5409 0
5424 0
5424 9
5424 0
5424 0
5424 0
5424 0
5424 0
5424 0
5424 0
5424 0
5424 0
5424 0
5424 0
5424 0
5424 0
5424 0
5424 0
5424 0
5424 0
5424 0
5424 0
5424 0
5424 0
5424 0
5424 0
5424 0
5424 0
5424 0
5424 0
5424 0
5424 0
5436 0
5436 11
5436 0
5436 0
5436 0
5436 0
5436 0
5436 0
5436 0
5436 0
5436 0
5436 0
5436 0
5436 0
5436 0
5436 0
5436 0
5436 0
5436 0
5436 0
5436 0
5436 0
5436 0
5436 0
5436 0
5436 0
5436 0
5436 0
5436 0
5436 0
5436 0
5449 0
5449 33
5449 0
5449 0
5449 0
5449 0
5449 0
5449 0
5449 0
5449 0
5449 0
5449 0
5449 0
5449 0
5449 0
5449 0
5449 0
5449 0
5449 0
5449 0
5449 0
5449 0
5449 0
5449 1
5449 0
5449 0
5449 0
5449 0
5449 0
5449 0
5449 0
5474 0
5474 49
5474 0
5474 0
5474 0
5474 0
5474 0
5474 0
5474 0
5474 0
5474 0
5474 0
5474 0
5474 0
5474 0
5474 0
5474 0
5474 0
5474 0
5474 0
5474 0
5474 0
5474 0
5474 0
5474 0
5474 0
5474 0
5474 0
5474 0
5474 0
5474 0
5485 0
5485 10
5485 0
5485 0
5485 0
5485 0
5485 0
5485 0
5485 0
5485 0
5485 0
5485 0
5485 0
5485 0
5485 0
5485 0
5485 0
5485 0
5485 0
5485 0
5485 0
5485 0
5485 0
5485 0
5485 0
5485 0
5485 0
5485 0
5485 0
5485 0
5485 0
5489 0
5489 33
5489 0
5489 0
5489 0
5489 0
5489 0
5489 0
5489 0
5489 0
5489 0
5489 0
5489 0
5489 0
5489 0
5489 0
5489 0
5489 0
5489 0
5489 0
5489 0
5489 0
5489 0
5489 1
5489 0
5489 0
5489 0
5489 0
5489 0
5489 0
5489 0
5506 0
5506 19
5506 0
5506 0
5506 0
5506 0
5506 0
5506 0
5506 0
5506 0
5506 0
5506 0
5506 0
5506 0
5506 0
5506 0
5506 0
5506 0
5506 0
5506 0
5506 0
5506 0
5506 0
5506 1
5506 0
5506 0
5506 0
5506 0
5506 0
5506 0
5506 0
5524 0
5524 11
5524 0
5524 0
5524 0
5524 0
5524 0
5524 0
5524 0
5524 0
5524 0
5524 0
5524 0
5524 0
5524 0
5524 0
5524 0
5524 0
5524 0
5524 0
5524 0
5524 0
5524 0
5524 0
5524 0
5524 0
5524 0
5524 0
5524 0
5524 0
5524 0
5526 0
5526 5
5526 0
5526 0
5526 0
5526 0
5526 0
5526 0
5526 0
5526 0
5526 0
5526 0
5526 0
5526 0
5526 0
5526 0
5526 0
5526 0
5526 0
5526 0
5526 0
5526 0
5526 0
5526 0
5526 0
5526 0
5526 0
5526 0
5526 0
5526 0
5526 0
5528 0
5528 12
5528 0
5528 0
5528 0
5528 0
5528 0
5528 0
5528 0
5528 0
5528 0
5528 0
5528 0
5528 0
5528 0
5528 0
5528 0
5528 0
5528 0
5528 0
5528 0
5528 0
5528 0
5528 0
5528 0
5528 0
5528 0
5528 0
5528 0
5528 0
5528 0
5549 0
5549 19
5549 0
5549 0
5549 0
5549 0
5549 0
5549 0
5549 0
5549 0
5549 0
5549 0
5549 0
5549 0
5549 0
5549 0
5549 0
5549 0
5549 0
5549 0
5549 0
5549 0
5549 0
5549 1
5549 0
5549 0
5549 0
5549 0
5549 0
5549 0
5549 0
5552 0
5552 19
5552 0
5552 0
5552 0
5552 0
5552 0
5552 0
5552 0
5552 0
5552 0
5552 0
5552 0
5552 0
5552 0
5552 0
5552 0
5552 0
5552 0
5552 0
5552 0
5552 0
5552 0
5552 1
5552 0
5552 0
5552 0
5552 0
5552 0
5552 0
5552 0
5579 0
5579 25
5579 0
5579 0
5579 0
5579 0
5579 0
5579 0
5579 0
5579 0
5579 0
5579 0
5579 0
5579 0
5579 0
5579 0
5579 0
5579 0
5579 0
5579 0
5579 0
5579 0
5579 0
5579 1
5579 0
5579 0
5579 0
5579 0
5579 0
5579 0
5579 0
5596 0
5596 31
5596 0
5596 0
5596 0
5596 0
5596 0
5596 0
5596 0
5596 0
5596 0
5596 0
5596 0
5596 0
5596 0
5596 0
5596 0
5596 0
5596 0
5596 0
5596 0
5596 0
5596 0
5596 1
5596 0
5596 0
5596 0
5596 0
5596 0
5596 0
5596 0
5600 0
5600 25
5600 0
5600 0
5600 0
5600 0
5600 0
5600 0
5600 0
5600 0
5600 0
5600 0
5600 0
5600 0
5600 0
5600 0
5600 0
5600 0
5600 0
5600 0
5600 0
5600 0
5600 0
5600 1
5600 0
5600 0
5600 0
5600 0
5600 0
5600 0
5600 0
5611 0
5611 37
5611 0
5611 0
5611 0
5611 0
5611 0
5611 0
5611 0
5611 0
5611 0
5611 0
5611 0
5611 0
5611 0
5611 0
5611 0
5611 0
5611 0
5611 0
5611 0
5611 0
5611 0
5611 1
5611 0
5611 0
5611 0
5611 0
5611 0
5611 0
5611 0
5624 0
5624 49
5624 0
5624 0
5624 0
5624 0
5624 0
5624 0
5624 0
5624 0
5624 0
5624 0
5624 0
5624 0
5624 0
5624 0
5624 0
5624 0
5624 0
5624 0
5624 0
5624 0
5624 0
5624 0
5624 0
5624 0
5624 0
5624 0
5624 0
5624 0
5624 0
5626 0
5626 19
5626 0
5626 0
5626 0
5626 0
5626 0
5626 0
5626 0
5626 0
5626 0
5626 0
5626 0
5626 0
5626 0
5626 0
5626 0
5626 0
5626 0
5626 0
5626 0
5626 0
5626 0
5626 1
5626 0
5626 0
5626 0
5626 0
5626 0
5626 0
5626 0
5651 0
5651 19
5651 0
5651 0
5651 0
5651 0
5651 0
5651 0
5651 0
5651 0
5651 0
5651 0
5651 0
5651 0
5651 0
5651 0
5651 0
5651 0
5651 0
5651 0
5651 0
5651 0
5651 0
5651 1
5651 0
5651 0
5651 0
5651 0
5651 0
5651 0
5651 0
5680 0
5680 49
5680 0
5680 0
5680 0
5680 0
5680 0
5680 0
5680 0
5680 0
5680 0
5680 0
5680 0
5680 0
5680 0
5680 0
5680 0
5680 0
5680 0
5680 0
5680 0
5680 0
5680 0
5680 0
5680 0
5680 0
5680 0
5680 0
5680 0
5680 0
5680 0
5696 0
5696 5
5696 0
5696 0
5696 0
5696 0
5696 0
5696 0
5696 0
5696 0
5696 0
5696 0
5696 0
5696 0
5696 0
5696 0
5696 0
5696 0
5696 0
5696 0
5696 0
5696 0
5696 0
5696 0
5696 0
5696 0
5696 0
5696 0
5696 0
5696 0
5696 0
5697 0
5697 25
5697 0
5697 0
5697 0
5697 0
5697 0
5697 0
5697 0
5697 0
5697 0
5697 0
5697 0
5697 0
5697 0
5697 0
5697 0
5697 0
5697 0
5697 0
5697 0
5697 0
5697 0
5697 1
5697 0
5697 0
5697 0
5697 0
5697 0
5697 0
5697 0
5790 0
5790 19
5790 0
5790 0
5790 0
5790 0
5790 0
5790 0
5790 0
5790 0
5790 0
5790 0
5790 0
5790 0
5790 0
5790 0
5790 0
5790 0
5790 0
5790 0
5790 0
5790 0
5790 0
5790 1
5790 0
5790 0
5790 0
5790 0
5790 0
5790 0
5790 0
5860 0
5860 19
5860 0
5860 0
5860 0
5860 0
5860 0
5860 0
5860 0
5860 0
5860 0
5860 0
5860 0
5860 0
5860 0
5860 0
5860 0
5860 0
5860 0
5860 0
5860 0
5860 0
5860 0
5860 1
5860 0
5860 0
5860 0
5860 0
5860 0
5860 0
5860 0
6128 0
6128 24
6128 0
6128 0
6128 0
6128 0
6128 0
6128 0
6128 0
6128 0
6128 0
6128 0
6128 0
6128 0
6128 0
6128 0
6128 0
6128 0
6128 0
6128 0
6128 0
6128 0
6128 0
6128 1
6128 0
6128 0
6128 0
6128 0
6128 0
6128 0
6128 0
6130 0
6130 16
6130 0
6130 0
6130 0
6130 0
6130 0
6130 0
6130 0
6130 0
6130 0
6130 0
6130 0
6130 0
6130 0
6130 0
6130 0
6130 0
6130 0
6130 0
6130 0
6130 0
6130 0
6130 1
6130 0
6130 0
6130 0
6130 0
6130 0
6130 0
6130 0
6156 0
6156 16
6156 0
6156 0
6156 0
6156 0
6156 0
6156 0
6156 0
6156 0
6156 0
6156 0
6156 0
6156 0
6156 0
6156 0
6156 0
6156 0
6156 0
6156 0
6156 0
6156 0
6156 0
6156 1
6156 0
6156 0
6156 0
6156 0
6156 0
6156 0
6156 0
6228 0
6228 24
6228 0
6228 0
6228 0
6228 0
6228 0
6228 0
6228 0
6228 0
6228 0
6228 0
6228 0
6228 0
6228 0
6228 0
6228 0
6228 0
6228 0
6228 0
6228 0
6228 0
6228 0
6228 1
6228 0
6228 0
6228 0
6228 0
6228 0
6228 0
6228 0
6315 0
6315 16
6315 0
6315 0
6315 0
6315 0
6315 0
6315 0
6315 0
6315 0
6315 0
6315 0
6315 0
6315 0
6315 0
6315 0
6315 0
6315 0
6315 0
6315 0
6315 0
6315 0
6315 0
6315 1
6315 0
6315 0
6315 0
6315 0
6315 0
6315 0
6315 0
6327 0
6327 16
6327 0
6327 0
6327 0
6327 0
6327 0
6327 0
6327 0
6327 0
6327 0
6327 0
6327 0
6327 0
6327 0
6327 0
6327 0
6327 0
6327 0
6327 0
6327 0
6327 0
6327 0
6327 1
6327 0
6327 0
6327 0
6327 0
6327 0
6327 0
6327 0
6338 0
6338 22
6338 0
6338 0
6338 0
6338 0
6338 0
6338 0
6338 0
6338 0
6338 0
6338 0
6338 0
6338 0
6338 0
6338 0
6338 0
6338 0
6338 0
6338 0
6338 0
6338 0
6338 0
6338 1
6338 0
6338 0
6338 0
6338 0
6338 0
6338 0
6338 0
6349 0
6349 24
6349 0
6349 0
6349 0
6349 0
6349 0
6349 0
6349 0
6349 0
6349 0
6349 0
6349 0
6349 0
6349 0
6349 0
6349 0
6349 0
6349 0
6349 0
6349 0
6349 0
6349 0
6349 1
6349 0
6349 0
6349 0
6349 0
6349 0
6349 0
6349 0
6354 0
6354 24
6354 0
6354 0
6354 0
6354 0
6354 0
6354 0
6354 0
6354 0
6354 0
6354 0
6354 0
6354 0
6354 0
6354 0
6354 0
6354 0
6354 0
6354 0
6354 0
6354 0
6354 0
6354 1
6354 0
6354 0
6354 0
6354 0
6354 0
6354 0
6354 0
6356 0
6356 20
6356 0
6356 0
6356 0
6356 0
6356 0
6356 0
6356 0
6356 0
6356 0
6356 0
6356 0
6356 0
6356 0
6356 0
6356 0
6356 0
6356 0
6356 0
6356 0
6356 0
6356 0
6356 1
6356 0
6356 0
6356 0
6356 0
6356 0
6356 0
6356 0
6359 0
6359 24
6359 0
6359 0
6359 0
6359 0
6359 0
6359 0
6359 0
6359 0
6359 0
6359 0
6359 0
6359 0
6359 0
6359 0
6359 0
6359 0
6359 0
6359 0
6359 0
6359 0
6359 0
6359 1
6359 0
6359 0
6359 0
6359 0
6359 0
6359 0
6359 0
6365 0
6365 24
6365 0
6365 0
6365 0
6365 0
6365 0
6365 0
6365 0
6365 0
6365 0
6365 0
6365 0
6365 0
6365 0
6365 0
6365 0
6365 0
6365 0
6365 0
6365 0
6365 0
6365 0
6365 1
6365 0
6365 0
6365 0
6365 0
6365 0
6365 0
6365 0
6367 0
6367 16
6367 0
6367 0
6367 0
6367 0
6367 0
6367 0
6367 0
6367 0
6367 0
6367 0
6367 0
6367 0
6367 0
6367 0
6367 0
6367 0
6367 0
6367 0
6367 0
6367 0
6367 0
6367 1
6367 0
6367 0
6367 0
6367 0
6367 0
6367 0
6367 0
6392 0
6392 22
6392 0
6392 0
6392 0
6392 0
6392 0
6392 0
6392 0
6392 0
6392 0
6392 0
6392 0
6392 0
6392 0
6392 0
6392 0
6392 0
6392 0
6392 0
6392 0
6392 0
6392 0
6392 1
6392 0
6392 0
6392 0
6392 0
6392 0
6392 0
6392 0
6398 0
6398 24
6398 0
6398 0
6398 0
6398 0
6398 0
6398 0
6398 0
6398 0
6398 0
6398 0
6398 0
6398 0
6398 0
6398 0
6398 0
6398 0
6398 0
6398 0
6398 0
6398 0
6398 0
6398 1
6398 0
6398 0
6398 0
6398 0
6398 0
6398 0
6398 0
6410 0
6410 16
6410 0
6410 0
6410 0
6410 0
6410 0
6410 0
6410 0
6410 0
6410 0
6410 0
6410 0
6410 0
6410 0
6410 0
6410 0
6410 0
6410 0
6410 0
6410 0
6410 0
6410 0
6410 1
6410 0
6410 0
6410 0
6410 0
6410 0
6410 0
6410 0
6413 0
6413 24
6413 0
6413 0
6413 0
6413 0
6413 0
6413 0
6413 0
6413 0
6413 0
6413 0
6413 0
6413 0
6413 0
6413 0
6413 0
6413 0
6413 0
6413 0
6413 0
6413 0
6413 0
6413 1
6413 0
6413 0
6413 0
6413 0
6413 0
6413 0
6413 0
6420 0
6420 16
6420 0
6420 0
6420 0
6420 0
6420 0
6420 0
6420 0
6420 0
6420 0
6420 0
6420 0
6420 0
6420 0
6420 0
6420 0
6420 0
6420 0
6420 0
6420 0
6420 0
6420 0
6420 1
6420 0
6420 0
6420 0
6420 0
6420 0
6420 0
6420 0
6428 0
6428 24
6428 0
6428 0
6428 0
6428 0
6428 0
6428 0
6428 0
6428 0
6428 0
6428 0
6428 0
6428 0
6428 0
6428 0
6428 0
6428 0
6428 0
6428 0
6428 0
6428 0
6428 0
6428 1
6428 0
6428 0
6428 0
6428 0
6428 0
6428 0
6428 0
6433 0
6433 16
6433 0
6433 0
6433 0
6433 0
6433 0
6433 0
6433 0
6433 0
6433 0
6433 0
6433 0
6433 0
6433 0
6433 0
6433 0
6433 0
6433 0
6433 0
6433 0
6433 0
6433 0
6433 1
6433 0
6433 0
6433 0
6433 0
6433 0
6433 0
6433 0
6434 0
6434 24
6434 0
6434 0
6434 0
6434 0
6434 0
6434 0
6434 0
6434 0
6434 0
6434 0
6434 0
6434 0
6434 0
6434 0
6434 0
6434 0
6434 0
6434 0
6434 0
6434 0
6434 0
6434 1
6434 0
6434 0
6434 0
6434 0
6434 0
6434 0
6434 0
6437 0
6437 24
6437 0
6437 0
6437 0
6437 0
6437 0
6437 0
6437 0
6437 0
6437 0
6437 0
6437 0
6437 0
6437 0
6437 0
6437 0
6437 0
6437 0
6437 0
6437 0
6437 0
6437 0
6437 1
6437 0
6437 0
6437 0
6437 0
6437 0
6437 0
6437 0
6459 0
6459 24
6459 0
6459 0
6459 0
6459 0
6459 0
6459 0
6459 0
6459 0
6459 0
6459 0
6459 0
6459 0
6459 0
6459 0
6459 0
6459 0
6459 0
6459 0
6459 0
6459 0
6459 0
6459 1
6459 0
6459 0
6459 0
6459 0
6459 0
6459 0
6459 0
6468 0
6468 24
6468 0
6468 0
6468 0
6468 0
6468 0
6468 0
6468 0
6468 0
6468 0
6468 0
6468 0
6468 0
6468 0
6468 0
6468 0
6468 0
6468 0
6468 0
6468 0
6468 0
6468 0
6468 1
6468 0
6468 0
6468 0
6468 0
6468 0
6468 0
6468 0
6471 0
6471 24
6471 0
6471 0
6471 0
6471 0
6471 0
6471 0
6471 0
6471 0
6471 0
6471 0
6471 0
6471 0
6471 0
6471 0
6471 0
6471 0
6471 0
6471 0
6471 0
6471 0
6471 0
6471 1
6471 0
6471 0
6471 0
6471 0
6471 0
6471 0
6471 0
6480 0
6480 16
6480 0
6480 0
6480 0
6480 0
6480 0
6480 0
6480 0
6480 0
6480 0
6480 0
6480 0
6480 0
6480 0
6480 0
6480 0
6480 0
6480 0
6480 0
6480 0
6480 0
6480 0
6480 1
6480 0
6480 0
6480 0
6480 0
6480 0
6480 0
6480 0
6482 0
6482 16
6482 0
6482 0
6482 0
6482 0
6482 0
6482 0
6482 0
6482 0
6482 0
6482 0
6482 0
6482 0
6482 0
6482 0
6482 0
6482 0
6482 0
6482 0
6482 0
6482 0
6482 0
6482 1
6482 0
6482 0
6482 0
6482 0
6482 0
6482 0
6482 0
6483 0
6483 24
6483 0
6483 0
6483 0
6483 0
6483 0
6483 0
6483 0
6483 0
6483 0
6483 0
6483 0
6483 0
6483 0
6483 0
6483 0
6483 0
6483 0
6483 0
6483 0
6483 0
6483 0
6483 1
6483 0
6483 0
6483 0
6483 0
6483 0
6483 0
6483 0
6497 0
6497 16
6497 0
6497 0
6497 0
6497 0
6497 0
6497 0
6497 0
6497 0
6497 0
6497 0
6497 0
6497 0
6497 0
6497 0
6497 0
6497 0
6497 0
6497 0
6497 0
6497 0
6497 0
6497 1
6497 0
6497 0
6497 0
6497 0
6497 0
6497 0
6497 0
6501 0
6501 22
6501 0
6501 0
6501 0
6501 0
6501 0
6501 0
6501 0
6501 0
6501 0
6501 0
6501 0
6501 0
6501 0
6501 0
6501 0
6501 0
6501 0
6501 0
6501 0
6501 0
6501 0
6501 1
6501 0
6501 0
6501 0
6501 0
6501 0
6501 0
6501 0
6520 0
6520 24
6520 0
6520 0
6520 0
6520 0
6520 0
6520 0
6520 0
6520 0
6520 0
6520 0
6520 0
6520 0
6520 0
6520 0
6520 0
6520 0
6520 0
6520 0
6520 0
6520 0
6520 0
6520 1
6520 0
6520 0
6520 0
6520 0
6520 0
6520 0
6520 0
6521 0
6521 14
6521 0
6521 0
6521 0
6521 0
6521 0
6521 0
6521 0
6521 0
6521 0
6521 0
6521 0
6521 0
6521 0
6521 0
6521 0
6521 0
6521 0
6521 0
6521 0
6521 0
6521 0
6521 1
6521 0
6521 0
6521 0
6521 0
6521 0
6521 0
6521 0
6530 0
6530 17
6530 0
6530 0
6530 0
6530 0
6530 0
6530 0
6530 0
6530 0
6530 0
6530 0
6530 0
6530 0
6530 0
6530 0
6530 0
6530 0
6530 0
6530 0
6530 0
6530 0
6530 0
6530 1
6530 0
6530 0
6530 0
6530 0
6530 0
6530 0
6530 0
6535 0
6535 14
6535 0
6535 0
6535 0
6535 0
6535 0
6535 0
6535 0
6535 0
6535 0
6535 0
6535 0
6535 0
6535 0
6535 0
6535 0
6535 0
6535 0
6535 0
6535 0
6535 0
6535 0
6535 1
6535 0
6535 0
6535 0
6535 0
6535 0
6535 0
6535 0
6540 0
6540 14
6540 0
6540 0
6540 0
6540 0
6540 0
6540 0
6540 0
6540 0
6540 0
6540 0
6540 0
6540 0
6540 0
6540 0
6540 0
6540 0
6540 0
6540 0
6540 0
6540 0
6540 0
6540 1
6540 0
6540 0
6540 0
6540 0
6540 0
6540 0
6540 0
6542 0
6542 14
6542 0
6542 0
6542 0
6542 0
6542 0
6542 0
6542 0
6542 0
6542 0
6542 0
6542 0
6542 0
6542 0
6542 0
6542 0
6542 0
6542 0
6542 0
6542 0
6542 0
6542 0
6542 1
6542 0
6542 0
6542 0
6542 0
6542 0
6542 0
6542 0
6553 0
6553 24
6553 0
6553 0
6553 0
6553 0
6553 0
6553 0
6553 0
6553 0
6553 0
6553 0
6553 0
6553 0
6553 0
6553 0
6553 0
6553 0
6553 0
6553 0
6553 0
6553 0
6553 0
6553 1
6553 0
6553 0
6553 0
6553 0
6553 0
6553 0
6553 0
6570 0
6570 17
6570 0
6570 0
6570 0
6570 0
6570 0
6570 0
6570 0
6570 0
6570 0
6570 0
6570 0
6570 0
6570 0
6570 0
6570 0
6570 0
6570 0
6570 0
6570 0
6570 0
6570 0
6570 1
6570 0
6570 0
6570 0
6570 0
6570 0
6570 0
6570 0
6578 0
6578 14
6578 0
6578 0
6578 0
6578 0
6578 0
6578 0
6578 0
6578 0
6578 0
6578 0
6578 0
6578 0
6578 0
6578 0
6578 0
6578 0
6578 0
6578 0
6578 0
6578 0
6578 0
6578 1
6578 0
6578 0
6578 0
6578 0
6578 0
6578 0
6578 0
6613 0
6613 14
6613 0
6613 0
6613 0
6613 0
6613 0
6613 0
6613 0
6613 0
6613 0
6613 0
6613 0
6613 0
6613 0
6613 0
6613 0
6613 0
6613 0
6613 0
6613 0
6613 0
6613 0
6613 1
6613 0
6613 0
6613 0
6613 0
6613 0
6613 0
6613 0
6618 0
6618 14
6618 0
6618 0
6618 0
6618 0
6618 0
6618 0
6618 0
6618 0
6618 0
6618 0
6618 0
6618 0
6618 0
6618 0
6618 0
6618 0
6618 0
6618 0
6618 0
6618 0
6618 0
6618 1
6618 0
6618 0
6618 0
6618 0
6618 0
6618 0
6618 0
6627 0
6627 16
6627 0
6627 0
6627 0
6627 0
6627 0
6627 0
6627 0
6627 0
6627 0
6627 0
6627 0
6627 0
6627 0
6627 0
6627 0
6627 0
6627 0
6627 0
6627 0
6627 0
6627 0
6627 1
6627 0
6627 0
6627 0
6627 0
6627 0
6627 0
6627 0
6632 0
6632 14
6632 0
6632 0
6632 0
6632 0
6632 0
6632 0
6632 0
6632 0
6632 0
6632 0
6632 0
6632 0
6632 0
6632 0
6632 0
6632 0
6632 0
6632 0
6632 0
6632 0
6632 0
6632 1
6632 0
6632 0
6632 0
6632 0
6632 0
6632 0
6632 0
6642 0
6642 16
6642 0
6642 0
6642 0
6642 0
6642 0
6642 0
6642 0
6642 0
6642 0
6642 0
6642 0
6642 0
6642 0
6642 0
6642 0
6642 0
6642 0
6642 0
6642 0
6642 0
6642 0
6642 1
6642 0
6642 0
6642 0
6642 0
6642 0
6642 0
6642 0
6657 0
6657 12
6657 0
6657 0
6657 0
6657 0
6657 0
6657 0
6657 0
6657 0
6657 0
6657 0
6657 0
6657 0
6657 0
6657 0
6657 0
6657 0
6657 0
6657 0
6657 0
6657 0
6657 0
6657 1
6657 0
6657 0
6657 0
6657 0
6657 0
6657 0
6657 0
6663 0
6663 19
6663 0
6663 0
6663 0
6663 0
6663 0
6663 0
6663 0
6663 0
6663 0
6663 0
6663 0
6663 0
6663 0
6663 0
6663 0
6663 0
6663 0
6663 0
6663 0
6663 0
6663 0
6663 1
6663 0
6663 0
6663 0
6663 0
6663 0
6663 0
6663 0
6675 0
6675 16
6675 0
6675 0
6675 0
6675 0
6675 0
6675 0
6675 0
6675 0
6675 0
6675 0
6675 0
6675 0
6675 0
6675 0
6675 0
6675 0
6675 0
6675 0
6675 0
6675 0
6675 0
6675 1
6675 0
6675 0
6675 0
6675 0
6675 0
6675 0
6675 0
6681 0
6681 14
6681 0
6681 0
6681 0
6681 0
6681 0
6681 0
6681 0
6681 0
6681 0
6681 0
6681 0
6681 0
6681 0
6681 0
6681 0
6681 0
6681 0
6681 0
6681 0
6681 0
6681 0
6681 1
6681 0
6681 0
6681 0
6681 0
6681 0
6681 0
6681 0
6683 0
6683 15
6683 0
6683 0
6683 0
6683 0
6683 0
6683 0
6683 0
6683 0
6683 0
6683 0
6683 0
6683 0
6683 0
6683 0
6683 0
6683 0
6683 0
6683 0
6683 0
6683 0
6683 0
6683 1
6683 0
6683 0
6683 0
6683 0
6683 0
6683 0
6683 0
6691 0
6691 14
6691 0
6691 0
6691 0
6691 0
6691 0
6691 0
6691 0
6691 0
6691 0
6691 0
6691 0
6691 0
6691 0
6691 0
6691 0
6691 0
6691 0
6691 0
6691 0
6691 0
6691 0
6691 1
6691 0
6691 0
6691 0
6691 0
6691 0
6691 0
6691 0
6734 0
6734 15
6734 0
6734 0
6734 0
6734 0
6734 0
6734 0
6734 0
6734 0
6734 0
6734 0
6734 0
6734 0
6734 0
6734 0
6734 0
6734 0
6734 0
6734 0
6734 0
6734 0
6734 0
6734 1
6734 0
6734 0
6734 0
6734 0
6734 0
6734 0
6734 0
6740 0
6740 0
6740 0
6740 0
6740 0
6740 0
6740 0
6740 0
6740 0
6740 0
6740 0
6740 0
6740 0
6740 0
6740 0
6740 0
6740 0
6740 0
6740 0
6740 1
6740 0
6740 0
6740 0
6740 0
6740 63
6740 0
6740 2
6740 3
6740 0
6740 0
6740 0
6746 0
6746 16
6746 0
6746 0
6746 0
6746 0
6746 0
6746 0
6746 0
6746 0
6746 0
6746 0
6746 0
6746 0
6746 0
6746 0
6746 0
6746 0
6746 0
6746 0
6746 0
6746 0
6746 0
6746 1
6746 0
6746 0
6746 0
6746 0
6746 0
6746 0
6746 0
6756 0
6756 21
6756 0
6756 0
6756 0
6756 0
6756 0
6756 0
6756 0
6756 0
6756 0
6756 0
6756 0
6756 0
6756 0
6756 0
6756 0
6756 0
6756 0
6756 0
6756 0
6756 0
6756 0
6756 1
6756 0
6756 0
6756 0
6756 0
6756 0
6756 0
6756 0
6757 0
6757 18
6757 0
6757 0
6757 0
6757 0
6757 0
6757 0
6757 0
6757 0
6757 0
6757 0
6757 0
6757 0
6757 0
6757 0
6757 0
6757 0
6757 0
6757 0
6757 0
6757 0
6757 0
6757 1
6757 0
6757 0
6757 0
6757 0
6757 0
6757 0
6757 0
6761 0
6761 18
6761 0
6761 0
6761 0
6761 0
6761 0
6761 0
6761 0
6761 0
6761 0
6761 0
6761 0
6761 0
6761 0
6761 0
6761 0
6761 0
6761 0
6761 0
6761 0
6761 0
6761 0
6761 1
6761 0
6761 0
6761 0
6761 0
6761 0
6761 0
6761 0
6766 0
6766 16
6766 0
6766 0
6766 0
6766 0
6766 0
6766 0
6766 0
6766 0
6766 0
6766 0
6766 0
6766 0
6766 0
6766 0
6766 0
6766 0
6766 0
6766 0
6766 0
6766 0
6766 0
6766 1
6766 0
6766 0
6766 0
6766 0
6766 0
6766 0
6766 0
6768 0
6768 13
6768 0
6768 0
6768 0
6768 0
6768 0
6768 0
6768 0
6768 0
6768 0
6768 0
6768 0
6768 0
6768 0
6768 0
6768 0
6768 0
6768 0
6768 0
6768 0
6768 0
6768 0
6768 1
6768 0
6768 0
6768 0
6768 0
6768 0
6768 0
6768 0
6789 0
6789 14
6789 0
6789 0
6789 0
6789 0
6789 0
6789 0
6789 0
6789 0
6789 0
6789 0
6789 0
6789 0
6789 0
6789 0
6789 0
6789 0
6789 0
6789 0
6789 0
6789 0
6789 0
6789 1
6789 0
6789 0
6789 0
6789 0
6789 0
6789 0
6789 0
6812 0
6812 16
6812 0
6812 0
6812 0
6812 0
6812 0
6812 0
6812 0
6812 0
6812 0
6812 0
6812 0
6812 0
6812 0
6812 0
6812 0
6812 0
6812 0
6812 0
6812 0
6812 0
6812 0
6812 1
6812 0
6812 0
6812 0
6812 0
6812 0
6812 0
6812 0
6815 0
6815 15
6815 0
6815 0
6815 0
6815 0
6815 0
6815 0
6815 0
6815 0
6815 0
6815 0
6815 0
6815 0
6815 0
6815 0
6815 0
6815 0
6815 0
6815 0
6815 0
6815 0
6815 0
6815 1
6815 0
6815 0
6815 0
6815 0
6815 0
6815 0
6815 0
6816 0
6816 15
6816 0
6816 0
6816 0
6816 0
6816 0
6816 0
6816 0
6816 0
6816 0
6816 0
6816 0
6816 0
6816 0
6816 0
6816 0
6816 0
6816 0
6816 0
6816 0
6816 0
6816 0
6816 1
6816 0
6816 0
6816 0
6816 0
6816 0
6816 0
6816 0
6822 0
6822 15
6822 0
6822 0
6822 0
6822 0
6822 0
6822 0
6822 0
6822 0
6822 0
6822 0
6822 0
6822 0
6822 0
6822 0
6822 0
6822 0
6822 0
6822 0
6822 0
6822 0
6822 0
6822 1
6822 0
6822 0
6822 0
6822 0
6822 0
6822 0
6822 0
6824 0
6824 16
6824 0
6824 0
6824 0
6824 0
6824 0
6824 0
6824 0
6824 0
6824 0
6824 0
6824 0
6824 0
6824 0
6824 0
6824 0
6824 0
6824 0
6824 0
6824 0
6824 0
6824 0
6824 1
6824 0
6824 0
6824 0
6824 0
6824 0
6824 0
6824 0
6843 0
6843 14
6843 0
6843 0
6843 0
6843 0
6843 0
6843 0
6843 0
6843 0
6843 0
6843 0
6843 0
6843 0
6843 0
6843 0
6843 0
6843 0
6843 0
6843 0
6843 0
6843 0
6843 0
6843 1
6843 0
6843 0
6843 0
6843 0
6843 0
6843 0
6843 0
6846 0
6846 14
6846 0
6846 0
6846 0
6846 0
6846 0
6846 0
6846 0
6846 0
6846 0
6846 0
6846 0
6846 0
6846 0
6846 0
6846 0
6846 0
6846 0
6846 0
6846 0
6846 0
6846 0
6846 1
6846 0
6846 0
6846 0
6846 0
6846 0
6846 0
6846 0
6847 0
6847 14
6847 0
6847 0
6847 0
6847 0
6847 0
6847 0
6847 0
6847 0
6847 0
6847 0
6847 0
6847 0
6847 0
6847 0
6847 0
6847 0
6847 0
6847 0
6847 0
6847 0
6847 0
6847 1
6847 0
6847 0
6847 0
6847 0
6847 0
6847 0
6847 0
6866 0
6866 15
6866 0
6866 0
6866 0
6866 0
6866 0
6866 0
6866 0
6866 0
6866 0
6866 0
6866 0
6866 0
6866 0
6866 0
6866 0
6866 0
6866 0
6866 0
6866 0
6866 0
6866 0
6866 1
6866 0
6866 0
6866 0
6866 0
6866 0
6866 0
6866 0
6871 0
6871 15
6871 0
6871 0
6871 0
6871 0
6871 0
6871 0
6871 0
6871 0
6871 0
6871 0
6871 0
6871 0
6871 0
6871 0
6871 0
6871 0
6871 0
6871 0
6871 0
6871 0
6871 0
6871 1
6871 0
6871 0
6871 0
6871 0
6871 0
6871 0
6871 0
6879 0
6879 14
6879 0
6879 0
6879 0
6879 0
6879 0
6879 0
6879 0
6879 0
6879 0
6879 0
6879 0
6879 0
6879 0
6879 0
6879 0
6879 0
6879 0
6879 0
6879 0
6879 0
6879 0
6879 1
6879 0
6879 0
6879 0
6879 0
6879 0
6879 0
6879 0
6886 0
6886 15
6886 0
6886 0
6886 0
6886 0
6886 0
6886 0
6886 0
6886 0
6886 0
6886 0
6886 0
6886 0
6886 0
6886 0
6886 0
6886 0
6886 0
6886 0
6886 0
6886 0
6886 0
6886 1
6886 0
6886 0
6886 0
6886 0
6886 0
6886 0
6886 0
6890 0
6890 7
6890 0
6890 0
6890 0
6890 0
6890 0
6890 0
6890 0
6890 0
6890 0
6890 0
6890 0
6890 0
6890 0
6890 0
6890 0
6890 0
6890 0
6890 0
6890 0
6890 0
6890 0
6890 0
6890 0
6890 0
6890 0
6890 0
6890 0
6890 0
6890 0
6892 0
6892 14
6892 0
6892 0
6892 0
6892 0
6892 0
6892 0
6892 0
6892 0
6892 0
6892 0
6892 0
6892 0
6892 0
6892 0
6892 0
6892 0
6892 0
6892 0
6892 0
6892 0
6892 0
6892 1
6892 0
6892 0
6892 0
6892 0
6892 0
6892 0
6892 0
6934 0
6934 14
6934 0
6934 0
6934 0
6934 0
6934 0
6934 0
6934 0
6934 0
6934 0
6934 0
6934 0
6934 0
6934 0
6934 0
6934 0
6934 0
6934 0
6934 0
6934 0
6934 0
6934 0
6934 1
6934 0
6934 0
6934 0
6934 0
6934 0
6934 0
6934 0
6959 0
6959 14
6959 0
6959 0
6959 0
6959 0
6959 0
6959 0
6959 0
6959 0
6959 0
6959 0
6959 0
6959 0
6959 0
6959 0
6959 0
6959 0
6959 0
6959 0
6959 0
6959 0
6959 0
6959 1
6959 0
6959 0
6959 0
6959 0
6959 0
6959 0
6959 0
6996 0
6996 20
6996 0
6996 0
6996 0
6996 0
6996 0
6996 0
6996 0
6996 0
6996 0
6996 0
6996 0
6996 0
6996 0
6996 0
6996 0
6996 0
6996 0
6996 0
6996 0
6996 0
6996 0
6996 1
6996 0
6996 0
6996 0
6996 0
6996 0
6996 0
6996 0
7002 0
7002 14
7002 0
7002 0
7002 0
7002 0
7002 0
7002 0
7002 0
7002 0
7002 0
7002 0
7002 0
7002 0
7002 0
7002 0
7002 0
7002 0
7002 0
7002 0
7002 0
7002 0
7002 0
7002 1
7002 0
7002 0
7002 0
7002 0
7002 0
7002 0
7002 0
7035 0
7035 24
7035 0
7035 0
7035 0
7035 0
7035 0
7035 0
7035 0
7035 0
7035 0
7035 0
7035 0
7035 0
7035 0
7035 0
7035 0
7035 0
7035 0
7035 0
7035 0
7035 0
7035 0
7035 1
7035 0
7035 0
7035 0
7035 0
7035 0
7035 0
7035 0
7041 0
7041 443
7041 0
7041 0
7041 0
7041 0
7041 0
7041 0
7041 0
7041 0
7041 0
7041 0
7041 0
7041 0
7041 0
7041 0
7041 0
7041 0
7041 0
7041 0
7041 3
7041 0
7041 0
7041 26
7041 0
7041 1
7041 0
7041 0
7041 0
7041 0
7041 0
7080 0
7080 20
7080 0
7080 0
7080 0
7080 0
7080 0
7080 0
7080 0
7080 0
7080 0
7080 0
7080 0
7080 0
7080 0
7080 0
7080 0
7080 0
7080 0
7080 0
7080 0
7080 0
7080 0
7080 1
7080 0
7080 0
7080 0
7080 0
7080 0
7080 0
7080 0
