pt_graph cpue_kghour
523 0
523 0
523 0
523 0
523 0
523 0
523 0
523 0
523 136
523 0
523 0
523 0
523 220
523 0
523 0
523 0
523 0
523 0
523 0
523 0
523 4
523 0
523 0
523 207
523 0
523 0
523 0
523 0
523 0
523 0
523 0
548 0
548 0
548 0
548 0
548 0
548 0
548 0
548 0
548 135
548 0
548 0
548 0
548 220
548 0
548 0
548 0
548 0
548 0
548 0
548 0
548 4
548 0
548 0
548 207
548 0
548 0
548 0
548 0
548 0
548 0
548 0
551 0
551 0
551 0
551 0
551 0
551 0
551 0
551 0
551 123
551 0
551 0
551 0
551 297
551 0
551 0
551 0
551 0
551 0
551 0
551 0
551 3
551 0
551 0
551 162
551 0
551 0
551 0
551 0
551 0
551 0
551 0
553 0
553 0
553 0
553 0
553 0
553 0
553 0
553 0
553 105
553 0
553 0
553 0
553 540
553 1
553 0
553 0
553 0
553 0
553 0
553 0
553 3
553 0
553 0
553 38
553 0
553 0
553 0
553 0
553 0
553 0
553 0
570 0
570 0
570 0
570 0
570 0
570 0
570 0
570 0
570 66
570 0
570 0
570 0
570 364
570 0
570 0
570 0
570 0
570 0
570 0
570 0
570 3
570 0
570 0
570 42
570 0
570 0
570 0
570 0
570 0
570 0
570 0
590 0
590 0
590 0
590 0
590 0
590 0
590 0
590 0
590 61
590 0
590 0
590 0
590 272
590 0
590 0
590 0
590 0
590 0
590 0
590 0
590 3
590 0
590 0
590 128
590 0
590 0
590 0
590 0
590 0
590 0
590 0
606 0
606 0
606 0
606 0
606 0
606 0
606 0
606 0
606 83
606 0
606 0
606 0
606 81
606 0
606 0
606 0
606 0
606 0
606 0
606 0
606 2
606 0
606 0
606 451
606 0
606 0
606 0
606 0
606 0
606 0
606 0
652 0
652 0
652 0
652 0
652 0
652 0
652 0
652 0
652 116
652 0
652 0
652 0
652 3
652 0
652 0
652 0
652 0
652 0
652 0
652 0
652 0
652 0
652 0
652 17
652 0
652 0
652 0
652 0
652 0
652 0
652 0
743 0
743 0
743 0
743 0
743 0
743 0
743 0
743 0
743 84
743 0
743 0
743 0
743 13
743 0
743 0
743 0
743 0
743 0
743 0
743 0
743 1
743 0
743 0
743 273
743 0
743 0
743 0
743 0
743 0
743 0
743 0
744 0
744 0
744 0
744 0
744 0
744 0
744 0
744 0
744 16
744 0
744 0
744 0
744 3
744 0
744 0
744 0
744 0
744 0
744 0
744 0
744 0
744 0
744 0
744 294
744 0
744 0
744 0
744 0
744 0
744 0
744 0
745 0
745 0
745 0
745 0
745 0
745 0
745 0
745 0
745 27
745 0
745 0
745 0
745 109
745 0
745 0
745 0
745 0
745 0
745 0
745 0
745 3
745 0
745 0
745 18
745 0
745 0
745 0
745 0
745 0
745 0
745 0
853 0
853 0
853 0
853 0
853 0
853 0
853 0
853 0
853 40
853 0
853 0
853 0
853 3
853 0
853 0
853 0
853 0
853 0
853 0
853 0
853 1
853 0
853 0
853 520
853 0
853 0
853 0
853 0
853 0
853 0
853 0
855 0
855 0
855 0
855 0
855 0
855 0
855 0
855 0
855 252
855 0
855 0
855 0
855 5
855 0
855 0
855 0
855 0
855 0
855 0
855 0
855 1
855 0
855 0
855 188
855 0
855 0
855 0
855 0
855 0
855 0
855 0
1087 0
1087 0
1087 0
1087 0
1087 0
1087 0
1087 0
1087 0
1087 211
1087 0
1087 0
1087 0
1087 3
1087 0
1087 0
1087 0
1087 0
1087 0
1087 0
1087 0
1087 0
1087 0
1087 0
1087 101
1087 0
1087 0
1087 0
1087 0
1087 0
1087 0
1087 0
1098 0
1098 0
1098 0
1098 0
1098 0
1098 0
1098 0
1098 0
1098 131
1098 0
1098 0
1098 0
1098 0
1098 0
1098 0
1098 0
1098 0
1098 0
1098 0
1098 0
1098 1
1098 0
1098 0
1098 209
1098 0
1098 0
1098 0
1098 0
1098 0
1098 0
1098 0
1408 0
1408 0
1408 0
1408 0
1408 0
1408 0
1408 0
1408 0
1408 209
1408 0
1408 0
1408 0
1408 3
1408 0
1408 0
1408 0
1408 0
1408 0
1408 0
1408 0
1408 0
1408 0
1408 0
1408 121
1408 0
1408 0
1408 0
1408 0
1408 0
1408 0
1408 0
8473 0
8473 0
8473 0
8473 0
8473 0
8473 0
8473 0
8473 0
8473 0
8473 0
8473 27
8473 0
8473 0
8473 0
8473 1
8473 0
8473 0
8473 0
8473 0
8473 0
8473 0
8473 0
8473 0
8473 0
8473 51
8473 0
8473 0
8473 5
8473 0
8473 0
8473 0
8489 0
8489 0
8489 0
8489 0
8489 0
8489 0
8489 0
8489 0
8489 0
8489 0
8489 27
8489 0
8489 0
8489 0
8489 1
8489 0
8489 0
8489 0
8489 0
8489 0
8489 0
8489 0
8489 0
8489 0
8489 51
8489 0
8489 0
8489 5
8489 0
8489 0
8489 0
8490 0
8490 0
8490 0
8490 0
8490 0
8490 0
8490 0
8490 0
8490 0
8490 0
8490 27
8490 0
8490 0
8490 0
8490 1
8490 0
8490 0
8490 0
8490 0
8490 0
8490 0
8490 0
8490 0
8490 0
8490 51
8490 0
8490 0
8490 5
8490 0
8490 0
8490 0
8491 0
8491 0
8491 0
8491 0
8491 0
8491 0
8491 0
8491 0
8491 0
8491 0
8491 27
8491 0
8491 0
8491 0
8491 1
8491 0
8491 0
8491 0
8491 0
8491 0
8491 0
8491 0
8491 0
8491 0
8491 51
8491 0
8491 0
8491 5
8491 0
8491 0
8491 0
8604 0
8604 0
8604 0
8604 0
8604 0
8604 0
8604 0
8604 0
8604 0
8604 0
8604 27
8604 0
8604 0
8604 0
8604 1
8604 0
8604 0
8604 0
8604 0
8604 0
8604 0
8604 0
8604 0
8604 0
8604 51
8604 0
8604 0
8604 5
8604 0
8604 0
8604 0
8729 0
8729 0
8729 0
8729 0
8729 0
8729 0
8729 0
8729 0
8729 0
8729 0
8729 27
8729 0
8729 0
8729 0
8729 1
8729 0
8729 0
8729 0
8729 0
8729 0
8729 0
8729 0
8729 0
8729 0
8729 51
8729 0
8729 0
8729 5
8729 0
8729 0
8729 0
8826 0
8826 0
8826 0
8826 0
8826 0
8826 0
8826 0
8826 0
8826 0
8826 0
8826 27
8826 0
8826 0
8826 0
8826 1
8826 0
8826 0
8826 0
8826 0
8826 0
8826 0
8826 0
8826 0
8826 0
8826 51
8826 0
8826 0
8826 5
8826 0
8826 0
8826 0
9457 0
9457 0
9457 0
9457 0
9457 0
9457 0
9457 0
9457 0
9457 0
9457 0
9457 154
9457 0
9457 0
9457 0
9457 0
9457 0
9457 0
9457 0
9457 0
9457 1
9457 0
9457 0
9457 0
9457 0
9457 230
9457 0
9457 0
9457 0
9457 0
9457 0
9457 0
9541 0
9541 0
9541 0
9541 0
9541 0
9541 0
9541 0
9541 0
9541 0
9541 0
9541 154
9541 0
9541 0
9541 0
9541 0
9541 0
9541 0
9541 0
9541 0
9541 1
9541 0
9541 0
9541 0
9541 0
9541 230
9541 0
9541 0
9541 0
9541 0
9541 0
9541 0
9676 0
9676 0
9676 0
9676 0
9676 0
9676 0
9676 0
9676 0
9676 0
9676 0
9676 154
9676 0
9676 0
9676 0
9676 0
9676 0
9676 0
9676 0
9676 0
9676 1
9676 0
9676 0
9676 0
9676 0
9676 230
9676 0
9676 0
9676 0
9676 0
9676 0
9676 0
9721 0
9721 0
9721 0
9721 0
9721 0
9721 0
9721 0
9721 0
9721 0
9721 0
9721 154
9721 0
9721 0
9721 0
9721 0
9721 0
9721 0
9721 0
9721 0
9721 1
9721 0
9721 0
9721 0
9721 0
9721 230
9721 0
9721 0
9721 0
9721 0
9721 0
9721 0
10456 0
10456 0
10456 0
10456 0
10456 0
10456 0
10456 0
10456 0
10456 0
10456 0
10456 169
10456 0
10456 0
10456 0
10456 0
10456 0
10456 0
10456 0
10456 0
10456 0
10456 0
10456 0
10456 0
10456 0
10456 25
10456 0
10456 0
10456 0
10456 0
10456 0
10456 0
10457 0
10457 0
10457 0
10457 0
10457 0
10457 0
10457 0
10457 0
10457 0
10457 0
10457 132
10457 0
10457 0
10457 0
10457 0
10457 0
10457 0
10457 0
10457 0
10457 0
10457 0
10457 0
10457 0
10457 0
10457 23
10457 0
10457 0
10457 0
10457 0
10457 0
10457 0
10567 0
10567 0
10567 0
10567 0
10567 0
10567 0
10567 0
10567 0
10567 0
10567 0
10567 132
10567 0
10567 0
10567 0
10567 0
10567 0
10567 0
10567 0
10567 0
10567 0
10567 0
10567 0
10567 0
10567 0
10567 23
10567 0
10567 0
10567 0
10567 0
10567 0
10567 0
10590 0
10590 0
10590 0
10590 0
10590 0
10590 0
10590 0
10590 0
10590 0
10590 0
10590 169
10590 0
10590 0
10590 0
10590 0
10590 0
10590 0
10590 0
10590 0
10590 0
10590 0
10590 0
10590 0
10590 0
10590 25
10590 0
10590 0
10590 0
10590 0
10590 0
10590 0
10776 0
10776 0
10776 0
10776 0
10776 0
10776 0
10776 0
10776 0
10776 0
10776 0
10776 132
10776 0
10776 0
10776 0
10776 0
10776 0
10776 0
10776 0
10776 0
10776 0
10776 0
10776 0
10776 0
10776 0
10776 23
10776 0
10776 0
10776 0
10776 0
10776 0
10776 0
10792 0
10792 0
10792 0
10792 0
10792 0
10792 0
10792 0
10792 0
10792 0
10792 0
10792 169
10792 0
10792 0
10792 0
10792 0
10792 0
10792 0
10792 0
10792 0
10792 0
10792 0
10792 0
10792 0
10792 0
10792 25
10792 0
10792 0
10792 0
10792 0
10792 0
10792 0
10806 0
10806 0
10806 0
10806 0
10806 0
10806 0
10806 0
10806 0
10806 0
10806 0
10806 132
10806 0
10806 0
10806 0
10806 0
10806 0
10806 0
10806 0
10806 0
10806 0
10806 0
10806 0
10806 0
10806 0
10806 23
10806 0
10806 0
10806 0
10806 0
10806 0
10806 0
10816 0
10816 0
10816 0
10816 0
10816 0
10816 0
10816 0
10816 0
10816 0
10816 0
10816 169
10816 0
10816 0
10816 0
10816 0
10816 0
10816 0
10816 0
10816 0
10816 0
10816 0
10816 0
10816 0
10816 0
10816 25
10816 0
10816 0
10816 0
10816 0
10816 0
10816 0
10819 0
10819 0
10819 0
10819 0
10819 0
10819 0
10819 0
10819 0
10819 0
10819 0
10819 169
10819 0
10819 0
10819 0
10819 0
10819 0
10819 0
10819 0
10819 0
10819 0
10819 0
10819 0
10819 0
10819 0
10819 25
10819 0
10819 0
10819 0
10819 0
10819 0
10819 0
10824 0
10824 0
10824 0
10824 0
10824 0
10824 0
10824 0
10824 0
10824 0
10824 0
10824 132
10824 0
10824 0
10824 0
10824 0
10824 0
10824 0
10824 0
10824 0
10824 0
10824 0
10824 0
10824 0
10824 0
10824 23
10824 0
10824 0
10824 0
10824 0
10824 0
10824 0
10883 0
10883 0
10883 0
10883 0
10883 0
10883 0
10883 0
10883 0
10883 0
10883 0
10883 0
10883 86
10883 0
10883 0
10883 0
10883 0
10883 0
10883 0
10883 0
10883 0
10883 0
10883 0
10883 0
10883 0
10883 8
10883 0
10883 0
10883 0
10883 0
10883 0
10883 0
10885 0
10885 0
10885 0
10885 0
10885 0
10885 0
10885 0
10885 0
10885 0
10885 0
10885 0
10885 172
10885 0
10885 0
10885 0
10885 0
10885 0
10885 0
10885 0
10885 0
10885 0
10885 0
10885 0
10885 0
10885 16
10885 0
10885 0
10885 0
10885 0
10885 0
10885 0
10892 0
10892 0
10892 0
10892 0
10892 0
10892 0
10892 0
10892 0
10892 0
10892 0
10892 0
10892 172
10892 0
10892 0
10892 0
10892 0
10892 0
10892 0
10892 0
10892 0
10892 0
10892 0
10892 0
10892 0
10892 16
10892 0
10892 0
10892 0
10892 0
10892 0
10892 0
10897 0
10897 0
10897 0
10897 0
10897 0
10897 0
10897 0
10897 0
10897 0
10897 0
10897 0
10897 109
10897 0
10897 0
10897 0
10897 0
10897 0
10897 0
10897 0
10897 0
10897 0
10897 0
10897 0
10897 0
10897 12
10897 0
10897 0
10897 0
10897 0
10897 0
10897 0
10909 0
10909 0
10909 0
10909 0
10909 0
10909 0
10909 0
10909 0
10909 0
10909 0
10909 0
10909 46
10909 0
10909 0
10909 0
10909 0
10909 0
10909 0
10909 0
10909 0
10909 0
10909 0
10909 0
10909 0
10909 8
10909 0
10909 0
10909 0
10909 0
10909 0
10909 0
