pt_graph cpue_kghour
196 0
196 0
196 0
196 0
196 0
196 0
196 0
196 0
196 381
196 0
196 0
196 0
196 73
196 0
196 0
196 719
196 0
196 0
196 0
196 0
196 0
196 0
196 0
196 0
196 0
196 0
196 0
196 0
196 0
196 0
196 0
208 0
208 0
208 0
208 0
208 0
208 0
208 0
208 0
208 89
208 0
208 0
208 0
208 5
208 0
208 0
208 290
208 0
208 0
208 0
208 0
208 0
208 0
208 0
208 0
208 0
208 0
208 0
208 0
208 0
208 0
208 0
213 0
213 0
213 0
213 0
213 0
213 0
213 0
213 0
213 84
213 0
213 0
213 0
213 10
213 0
213 0
213 345
213 0
213 0
213 0
213 0
213 0
213 0
213 0
213 0
213 0
213 0
213 0
213 0
213 0
213 0
213 0
221 0
221 0
221 0
221 0
221 0
221 0
221 0
221 0
221 25
221 0
221 0
221 0
221 9
221 0
221 0
221 198
221 0
221 0
221 0
221 0
221 0
221 0
221 0
221 0
221 0
221 0
221 0
221 0
221 0
221 0
221 0
244 0
244 0
244 0
244 0
244 0
244 0
244 0
244 0
244 272
244 0
244 0
244 0
244 24
244 0
244 0
244 388
244 0
244 0
244 0
244 0
244 0
244 0
244 0
244 0
244 0
244 0
244 0
244 0
244 0
244 0
244 0
499 0
499 0
499 0
499 0
499 0
499 0
499 0
499 0
499 1863
499 0
499 0
499 0
499 138
499 0
499 0
499 0
499 0
499 0
499 0
499 0
499 4
499 0
499 0
499 0
499 0
499 0
499 0
499 0
499 0
499 0
499 0
8231 0
8231 0
8231 0
8231 0
8231 0
8231 0
8231 0
8231 0
8231 0
8231 0
8231 362
8231 0
8231 0
8231 0
8231 163
8231 0
8231 0
8231 0
8231 0
8231 0
8231 0
8231 0
8231 0
8231 0
8231 4
8231 0
8231 0
8231 0
8231 0
8231 0
8231 0
8298 0
8298 0
8298 0
8298 0
8298 0
8298 0
8298 0
8298 0
8298 0
8298 0
8298 362
8298 0
8298 0
8298 0
8298 163
8298 0
8298 0
8298 0
8298 0
8298 0
8298 0
8298 0
8298 0
8298 0
8298 4
8298 0
8298 0
8298 0
8298 0
8298 0
8298 0
8362 0
8362 0
8362 0
8362 0
8362 0
8362 0
8362 0
8362 0
8362 0
8362 0
8362 362
8362 0
8362 0
8362 0
8362 163
8362 0
8362 0
8362 0
8362 0
8362 0
8362 0
8362 0
8362 0
8362 0
8362 4
8362 0
8362 0
8362 0
8362 0
8362 0
8362 0
8365 0
8365 0
8365 0
8365 0
8365 0
8365 0
8365 0
8365 0
8365 0
8365 0
8365 362
8365 0
8365 0
8365 0
8365 163
8365 0
8365 0
8365 0
8365 0
8365 0
8365 0
8365 0
8365 0
8365 0
8365 4
8365 0
8365 0
8365 0
8365 0
8365 0
8365 0
8426 0
8426 0
8426 0
8426 0
8426 0
8426 0
8426 0
8426 0
8426 0
8426 0
8426 222
8426 0
8426 0
8426 0
8426 37
8426 0
8426 0
8426 0
8426 0
8426 0
8426 0
8426 0
8426 0
8426 0
8426 0
8426 0
8426 0
8426 0
8426 0
8426 0
8426 0
8449 0
8449 0
8449 0
8449 0
8449 0
8449 0
8449 0
8449 0
8449 0
8449 0
8449 362
8449 0
8449 0
8449 0
8449 163
8449 0
8449 0
8449 0
8449 0
8449 0
8449 0
8449 0
8449 0
8449 0
8449 4
8449 0
8449 0
8449 0
8449 0
8449 0
8449 0
8497 0
8497 0
8497 0
8497 0
8497 0
8497 0
8497 0
8497 0
8497 0
8497 0
8497 649
8497 0
8497 0
8497 0
8497 120
8497 0
8497 0
8497 0
8497 0
8497 0
8497 0
8497 0
8497 0
8497 0
8497 0
8497 0
8497 0
8497 0
8497 0
8497 0
8497 0
8546 0
8546 0
8546 0
8546 0
8546 0
8546 0
8546 0
8546 0
8546 0
8546 0
8546 649
8546 0
8546 0
8546 0
8546 120
8546 0
8546 0
8546 0
8546 0
8546 0
8546 0
8546 0
8546 0
8546 0
8546 0
8546 0
8546 0
8546 0
8546 0
8546 0
8546 0
8570 0
8570 0
8570 0
8570 0
8570 0
8570 0
8570 0
8570 0
8570 0
8570 0
8570 222
8570 0
8570 0
8570 0
8570 37
8570 0
8570 0
8570 0
8570 0
8570 0
8570 0
8570 0
8570 0
8570 0
8570 0
8570 0
8570 0
8570 0
8570 0
8570 0
8570 0
8600 0
8600 0
8600 0
8600 0
8600 0
8600 0
8600 0
8600 0
8600 0
8600 0
8600 222
8600 0
8600 0
8600 0
8600 37
8600 0
8600 0
8600 0
8600 0
8600 0
8600 0
8600 0
8600 0
8600 0
8600 0
8600 0
8600 0
8600 0
8600 0
8600 0
8600 0
8603 0
8603 0
8603 0
8603 0
8603 0
8603 0
8603 0
8603 0
8603 0
8603 0
8603 419
8603 0
8603 0
8603 0
8603 66
8603 0
8603 0
8603 0
8603 0
8603 0
8603 0
8603 0
8603 0
8603 0
8603 4
8603 0
8603 0
8603 2
8603 0
8603 0
8603 0
8641 0
8641 0
8641 0
8641 0
8641 0
8641 0
8641 0
8641 0
8641 0
8641 0
8641 189
8641 0
8641 0
8641 0
8641 12
8641 0
8641 0
8641 0
8641 0
8641 0
8641 0
8641 0
8641 0
8641 0
8641 8
8641 0
8641 0
8641 3
8641 0
8641 0
8641 0
8713 0
8713 0
8713 0
8713 0
8713 0
8713 0
8713 0
8713 0
8713 0
8713 0
8713 362
8713 0
8713 0
8713 0
8713 163
8713 0
8713 0
8713 0
8713 0
8713 0
8713 0
8713 0
8713 0
8713 0
8713 4
8713 0
8713 0
8713 0
8713 0
8713 0
8713 0
8714 0
8714 0
8714 0
8714 0
8714 0
8714 0
8714 0
8714 0
8714 0
8714 0
8714 222
8714 0
8714 0
8714 0
8714 37
8714 0
8714 0
8714 0
8714 0
8714 0
8714 0
8714 0
8714 0
8714 0
8714 0
8714 0
8714 0
8714 0
8714 0
8714 0
8714 0
8731 0
8731 0
8731 0
8731 0
8731 0
8731 0
8731 0
8731 0
8731 0
8731 0
8731 419
8731 0
8731 0
8731 0
8731 66
8731 0
8731 0
8731 0
8731 0
8731 0
8731 0
8731 0
8731 0
8731 0
8731 4
8731 0
8731 0
8731 2
8731 0
8731 0
8731 0
8801 0
8801 0
8801 0
8801 0
8801 0
8801 0
8801 0
8801 0
8801 0
8801 0
8801 94
8801 0
8801 0
8801 0
8801 6
8801 0
8801 0
8801 0
8801 0
8801 0
8801 0
8801 0
8801 0
8801 0
8801 4
8801 0
8801 0
8801 2
8801 0
8801 0
8801 0
8818 0
8818 0
8818 0
8818 0
8818 0
8818 0
8818 0
8818 0
8818 0
8818 0
8818 362
8818 0
8818 0
8818 0
8818 163
8818 0
8818 0
8818 0
8818 0
8818 0
8818 0
8818 0
8818 0
8818 0
8818 4
8818 0
8818 0
8818 0
8818 0
8818 0
8818 0
8821 0
8821 0
8821 0
8821 0
8821 0
8821 0
8821 0
8821 0
8821 0
8821 0
8821 222
8821 0
8821 0
8821 0
8821 37
8821 0
8821 0
8821 0
8821 0
8821 0
8821 0
8821 0
8821 0
8821 0
8821 0
8821 0
8821 0
8821 0
8821 0
8821 0
8821 0
8869 0
8869 0
8869 0
8869 0
8869 0
8869 0
8869 0
8869 0
8869 0
8869 0
8869 189
8869 0
8869 0
8869 0
8869 12
8869 0
8869 0
8869 0
8869 0
8869 0
8869 0
8869 0
8869 0
8869 0
8869 8
8869 0
8869 0
8869 3
8869 0
8869 0
8869 0
8988 0
8988 0
8988 0
8988 0
8988 0
8988 0
8988 0
8988 0
8988 0
8988 0
8988 189
8988 0
8988 0
8988 0
8988 12
8988 0
8988 0
8988 0
8988 0
8988 0
8988 0
8988 0
8988 0
8988 0
8988 8
8988 0
8988 0
8988 3
8988 0
8988 0
8988 0
10844 0
10844 0
10844 0
10844 0
10844 0
10844 0
10844 0
10844 0
10844 0
10844 0
10844 524
10844 0
10844 0
10844 0
10844 0
10844 0
10844 0
10844 0
10844 0
10844 0
10844 0
10844 0
10844 0
10844 0
10844 0
10844 0
10844 0
10844 0
10844 0
10844 0
10844 0
10878 0
10878 0
10878 0
10878 0
10878 0
10878 0
10878 0
10878 0
10878 0
10878 0
10878 0
10878 696
10878 0
10878 0
10878 0
10878 0
10878 0
10878 0
10878 0
10878 0
10878 0
10878 0
10878 0
10878 0
10878 0
10878 0
10878 0
10878 0
10878 0
10878 0
10878 0
10883 0
10883 0
10883 0
10883 0
10883 0
10883 0
10883 0
10883 0
10883 0
10883 0
10883 0
10883 524
10883 0
10883 0
10883 0
10883 0
10883 0
10883 0
10883 0
10883 0
10883 0
10883 0
10883 0
10883 0
10883 0
10883 0
10883 0
10883 0
10883 0
10883 0
10883 0
10897 0
10897 0
10897 0
10897 0
10897 0
10897 0
10897 0
10897 0
10897 0
10897 0
10897 0
10897 1007
10897 0
10897 0
10897 0
10897 0
10897 0
10897 0
10897 0
10897 0
10897 0
10897 0
10897 0
10897 0
10897 0
10897 0
10897 0
10897 0
10897 0
10897 0
10897 0
10905 0
10905 0
10905 0
10905 0
10905 0
10905 0
10905 0
10905 0
10905 0
10905 0
10905 0
10905 524
10905 0
10905 0
10905 0
10905 0
10905 0
10905 0
10905 0
10905 0
10905 0
10905 0
10905 0
10905 0
10905 0
10905 0
10905 0
10905 0
10905 0
10905 0
10905 0
10907 0
10907 0
10907 0
10907 0
10907 0
10907 0
10907 0
10907 0
10907 0
10907 0
10907 0
10907 1395
10907 0
10907 0
10907 0
10907 0
10907 0
10907 0
10907 0
10907 0
10907 0
10907 0
10907 0
10907 0
10907 0
10907 0
10907 0
10907 0
10907 0
10907 0
10907 0
10909 0
10909 0
10909 0
10909 0
10909 0
10909 0
10909 0
10909 0
10909 0
10909 0
10909 0
10909 524
10909 0
10909 0
10909 0
10909 0
10909 0
10909 0
10909 0
10909 0
10909 0
10909 0
10909 0
10909 0
10909 0
10909 0
10909 0
10909 0
10909 0
10909 0
10909 0
10913 0
10913 0
10913 0
10913 0
10913 0
10913 0
10913 0
10913 0
10913 0
10913 0
10913 0
10913 1093
10913 0
10913 0
10913 0
10913 0
10913 0
10913 0
10913 0
10913 0
10913 0
10913 0
10913 0
10913 0
10913 0
10913 0
10913 0
10913 0
10913 0
10913 0
10913 0
10914 0
10914 0
10914 0
10914 0
10914 0
10914 0
10914 0
10914 0
10914 0
10914 0
10914 0
10914 889
10914 0
10914 0
10914 0
10914 0
10914 0
10914 0
10914 0
10914 0
10914 0
10914 0
10914 0
10914 0
10914 0
10914 0
10914 0
10914 0
10914 0
10914 0
10914 0
10915 0
10915 0
10915 0
10915 0
10915 0
10915 0
10915 0
10915 0
10915 0
10915 0
10915 0
10915 1349
10915 0
10915 0
10915 0
10915 0
10915 0
10915 0
10915 0
10915 0
10915 0
10915 0
10915 0
10915 0
10915 0
10915 0
10915 0
10915 0
10915 0
10915 0
10915 0
10916 0
10916 0
10916 0
10916 0
10916 0
10916 0
10916 0
10916 0
10916 0
10916 0
10916 0
10916 912
10916 0
10916 0
10916 0
10916 0
10916 0
10916 0
10916 0
10916 0
10916 0
10916 0
10916 0
10916 0
10916 0
10916 0
10916 0
10916 0
10916 0
10916 0
10916 0
10918 0
10918 0
10918 0
10918 0
10918 0
10918 0
10918 0
10918 0
10918 0
10918 0
10918 0
10918 1072
10918 0
10918 0
10918 0
10918 0
10918 0
10918 0
10918 0
10918 0
10918 0
10918 77
10918 0
10918 0
10918 0
10918 0
10918 0
10918 0
10918 0
10918 0
10918 0
10924 0
10924 0
10924 0
10924 0
10924 0
10924 0
10924 0
10924 0
10924 0
10924 0
10924 0
10924 524
10924 0
10924 0
10924 0
10924 0
10924 0
10924 0
10924 0
10924 0
10924 0
10924 0
10924 0
10924 0
10924 0
10924 0
10924 0
10924 0
10924 0
10924 0
10924 0
10926 0
10926 0
10926 0
10926 0
10926 0
10926 0
10926 0
10926 0
10926 0
10926 0
10926 0
10926 1855
10926 0
10926 0
10926 0
10926 0
10926 0
10926 0
10926 0
10926 0
10926 0
10926 3240
10926 0
10926 0
10926 0
10926 0
10926 0
10926 0
10926 0
10926 0
10926 0
10929 0
10929 0
10929 0
10929 0
10929 0
10929 0
10929 0
10929 0
10929 0
10929 0
10929 0
10929 2338
10929 0
10929 0
10929 0
10929 0
10929 0
10929 0
10929 0
10929 0
10929 0
10929 0
10929 0
10929 0
10929 0
10929 0
10929 0
10929 0
10929 0
10929 0
10929 0
10930 0
10930 0
10930 0
10930 0
10930 0
10930 0
10930 0
10930 0
10930 0
10930 0
10930 0
10930 1178
10930 0
10930 0
10930 0
10930 0
10930 0
10930 0
10930 0
10930 0
10930 0
10930 147
10930 0
10930 0
10930 0
10930 0
10930 0
10930 0
10930 0
10930 0
10930 0
10934 0
10934 0
10934 0
10934 0
10934 0
10934 0
10934 0
10934 0
10934 0
10934 0
10934 0
10934 1018
10934 0
10934 0
10934 0
10934 0
10934 0
10934 0
10934 0
10934 0
10934 0
10934 0
10934 0
10934 0
10934 0
10934 0
10934 0
10934 0
10934 0
10934 0
10934 0
10935 0
10935 0
10935 0
10935 0
10935 0
10935 0
10935 0
10935 0
10935 0
10935 0
10935 0
10935 1037
10935 0
10935 0
10935 0
10935 0
10935 0
10935 0
10935 0
10935 0
10935 0
10935 82
10935 0
10935 0
10935 0
10935 0
10935 0
10935 0
10935 0
10935 0
10935 0
10936 0
10936 0
10936 0
10936 0
10936 0
10936 0
10936 0
10936 0
10936 0
10936 0
10936 0
10936 1042
10936 0
10936 0
10936 0
10936 0
10936 0
10936 0
10936 0
10936 0
10936 0
10936 0
10936 0
10936 0
10936 0
10936 0
10936 0
10936 0
10936 0
10936 0
10936 0
10938 0
10938 0
10938 0
10938 0
10938 0
10938 0
10938 0
10938 0
10938 0
10938 0
10938 0
10938 704
10938 0
10938 0
10938 0
10938 0
10938 0
10938 0
10938 0
10938 0
10938 0
10938 0
10938 0
10938 0
10938 0
10938 0
10938 0
10938 0
10938 0
10938 0
10938 0
10939 0
10939 0
10939 0
10939 0
10939 0
10939 0
10939 0
10939 0
10939 0
10939 0
10939 0
10939 800
10939 0
10939 0
10939 0
10939 0
10939 0
10939 0
10939 0
10939 0
10939 0
10939 0
10939 0
10939 0
10939 0
10939 0
10939 0
10939 0
10939 0
10939 0
10939 0
10940 0
10940 0
10940 0
10940 0
10940 0
10940 0
10940 0
10940 0
10940 0
10940 0
10940 0
10940 1225
10940 0
10940 0
10940 0
10940 0
10940 0
10940 0
10940 0
10940 0
10940 0
10940 41
10940 0
10940 0
10940 0
10940 0
10940 0
10940 0
10940 0
10940 0
10940 0
10941 0
10941 0
10941 0
10941 0
10941 0
10941 0
10941 0
10941 0
10941 0
10941 0
10941 0
10941 696
10941 0
10941 0
10941 0
10941 0
10941 0
10941 0
10941 0
10941 0
10941 0
10941 0
10941 0
10941 0
10941 0
10941 0
10941 0
10941 0
10941 0
10941 0
10941 0
10942 0
10942 0
10942 0
10942 0
10942 0
10942 0
10942 0
10942 0
10942 0
10942 0
10942 0
10942 1232
10942 0
10942 0
10942 0
10942 0
10942 0
10942 0
10942 0
10942 0
10942 0
10942 15
10942 0
10942 0
10942 0
10942 0
10942 0
10942 0
10942 0
10942 0
10942 0
10943 0
10943 0
10943 0
10943 0
10943 0
10943 0
10943 0
10943 0
10943 0
10943 0
10943 0
10943 859
10943 0
10943 0
10943 0
10943 0
10943 0
10943 0
10943 0
10943 0
10943 0
10943 0
10943 0
10943 0
10943 0
10943 0
10943 0
10943 0
10943 0
10943 0
10943 0
10944 0
10944 0
10944 0
10944 0
10944 0
10944 0
10944 0
10944 0
10944 0
10944 0
10944 0
10944 912
10944 0
10944 0
10944 0
10944 0
10944 0
10944 0
10944 0
10944 0
10944 0
10944 0
10944 0
10944 0
10944 0
10944 0
10944 0
10944 0
10944 0
10944 0
10944 0
10945 0
10945 0
10945 0
10945 0
10945 0
10945 0
10945 0
10945 0
10945 0
10945 0
10945 0
10945 1066
10945 0
10945 0
10945 0
10945 0
10945 0
10945 0
10945 0
10945 0
10945 0
10945 36
10945 0
10945 0
10945 0
10945 0
10945 0
10945 0
10945 0
10945 0
10945 0
10946 0
10946 0
10946 0
10946 0
10946 0
10946 0
10946 0
10946 0
10946 0
10946 0
10946 0
10946 764
10946 0
10946 0
10946 0
10946 0
10946 0
10946 0
10946 0
10946 0
10946 0
10946 0
10946 0
10946 0
10946 0
10946 0
10946 0
10946 0
10946 0
10946 0
10946 0
10947 0
10947 0
10947 0
10947 0
10947 0
10947 0
10947 0
10947 0
10947 0
10947 0
10947 0
10947 1163
10947 0
10947 0
10947 0
10947 0
10947 0
10947 0
10947 0
10947 0
10947 0
10947 0
10947 0
10947 0
10947 0
10947 0
10947 0
10947 0
10947 0
10947 0
10947 0
10949 0
10949 0
10949 0
10949 0
10949 0
10949 0
10949 0
10949 0
10949 0
10949 0
10949 0
10949 696
10949 0
10949 0
10949 0
10949 0
10949 0
10949 0
10949 0
10949 0
10949 0
10949 0
10949 0
10949 0
10949 0
10949 0
10949 0
10949 0
10949 0
10949 0
10949 0
10953 0
10953 0
10953 0
10953 0
10953 0
10953 0
10953 0
10953 0
10953 0
10953 0
10953 0
10953 1268
10953 0
10953 0
10953 0
10953 0
10953 0
10953 0
10953 0
10953 0
10953 0
10953 190
10953 0
10953 0
10953 0
10953 0
10953 0
10953 0
10953 0
10953 0
10953 0
10955 0
10955 0
10955 0
10955 0
10955 0
10955 0
10955 0
10955 0
10955 0
10955 0
10955 0
10955 980
10955 0
10955 0
10955 0
10955 0
10955 0
10955 0
10955 0
10955 0
10955 0
10955 0
10955 0
10955 0
10955 0
10955 0
10955 0
10955 0
10955 0
10955 0
10955 0
10959 0
10959 0
10959 0
10959 0
10959 0
10959 0
10959 0
10959 0
10959 0
10959 0
10959 0
10959 1097
10959 0
10959 0
10959 0
10959 0
10959 0
10959 0
10959 0
10959 0
10959 0
10959 0
10959 0
10959 0
10959 0
10959 0
10959 0
10959 0
10959 0
10959 0
10959 0
10961 0
10961 0
10961 0
10961 0
10961 0
10961 0
10961 0
10961 0
10961 0
10961 0
10961 0
10961 1140
10961 0
10961 0
10961 0
10961 0
10961 0
10961 0
10961 0
10961 0
10961 0
10961 76
10961 0
10961 0
10961 0
10961 0
10961 0
10961 0
10961 0
10961 0
10961 0
10962 0
10962 0
10962 0
10962 0
10962 0
10962 0
10962 0
10962 0
10962 0
10962 0
10962 0
10962 1950
10962 0
10962 0
10962 0
10962 0
10962 0
10962 0
10962 0
10962 0
10962 0
10962 540
10962 0
10962 0
10962 0
10962 0
10962 0
10962 0
10962 0
10962 0
10962 0
10966 0
10966 0
10966 0
10966 0
10966 0
10966 0
10966 0
10966 0
10966 0
10966 0
10966 0
10966 1576
10966 0
10966 0
10966 0
10966 0
10966 0
10966 0
10966 0
10966 0
10966 0
10966 0
10966 0
10966 0
10966 0
10966 0
10966 0
10966 0
10966 0
10966 0
10966 0
10968 0
10968 0
10968 0
10968 0
10968 0
10968 0
10968 0
10968 0
10968 0
10968 0
10968 0
10968 1139
10968 0
10968 0
10968 0
10968 0
10968 0
10968 0
10968 0
10968 0
10968 0
10968 84
10968 0
10968 0
10968 0
10968 0
10968 0
10968 0
10968 0
10968 0
10968 0
10976 0
10976 0
10976 0
10976 0
10976 0
10976 0
10976 0
10976 0
10976 0
10976 0
10976 0
10976 834
10976 0
10976 0
10976 0
10976 0
10976 0
10976 0
10976 0
10976 0
10976 0
10976 0
10976 0
10976 0
10976 0
10976 0
10976 0
10976 0
10976 0
10976 0
10976 0
10986 0
10986 0
10986 0
10986 0
10986 0
10986 0
10986 0
10986 0
10986 0
10986 0
10986 0
10986 2230
10986 0
10986 0
10986 0
10986 0
10986 0
10986 0
10986 0
10986 0
10986 0
10986 0
10986 0
10986 0
10986 0
10986 0
10986 0
10986 0
10986 0
10986 0
10986 0
10988 0
10988 0
10988 0
10988 0
10988 0
10988 0
10988 0
10988 0
10988 0
10988 0
10988 0
10988 1400
10988 0
10988 0
10988 0
10988 0
10988 0
10988 0
10988 0
10988 0
10988 0
10988 202
10988 0
10988 0
10988 0
10988 0
10988 0
10988 0
10988 0
10988 0
10988 0
10993 0
10993 0
10993 0
10993 0
10993 0
10993 0
10993 0
10993 0
10993 0
10993 0
10993 0
10993 944
10993 0
10993 0
10993 0
10993 0
10993 0
10993 0
10993 0
10993 0
10993 0
10993 563
10993 0
10993 0
10993 0
10993 0
10993 0
10993 0
10993 0
10993 0
10993 0
10994 0
10994 0
10994 0
10994 0
10994 0
10994 0
10994 0
10994 0
10994 0
10994 0
10994 0
10994 2051
10994 0
10994 0
10994 0
10994 0
10994 0
10994 0
10994 0
10994 0
10994 0
10994 0
10994 0
10994 0
10994 0
10994 0
10994 0
10994 0
10994 0
10994 0
10994 0
11008 0
11008 0
11008 0
11008 0
11008 0
11008 0
11008 0
11008 0
11008 0
11008 0
11008 0
11008 1277
11008 0
11008 0
11008 0
11008 0
11008 0
11008 0
11008 0
11008 0
11008 0
11008 0
11008 0
11008 0
11008 0
11008 0
11008 0
11008 0
11008 0
11008 0
11008 0
11010 0
11010 0
11010 0
11010 0
11010 0
11010 0
11010 0
11010 0
11010 0
11010 0
11010 0
11010 1340
11010 0
11010 0
11010 0
11010 0
11010 0
11010 0
11010 0
11010 0
11010 0
11010 0
11010 0
11010 0
11010 0
11010 0
11010 0
11010 0
11010 0
11010 0
11010 0
11018 0
11018 0
11018 0
11018 0
11018 0
11018 0
11018 0
11018 0
11018 0
11018 0
11018 0
11018 1279
11018 0
11018 0
11018 0
11018 0
11018 0
11018 0
11018 0
11018 0
11018 0
11018 0
11018 0
11018 0
11018 0
11018 0
11018 0
11018 0
11018 0
11018 0
11018 0
11023 0
11023 0
11023 0
11023 0
11023 0
11023 0
11023 0
11023 0
11023 0
11023 0
11023 0
11023 1052
11023 0
11023 0
11023 0
11023 0
11023 0
11023 0
11023 0
11023 0
11023 0
11023 0
11023 0
11023 0
11023 0
11023 0
11023 0
11023 0
11023 0
11023 0
11023 0
11045 0
11045 0
11045 0
11045 0
11045 0
11045 0
11045 0
11045 0
11045 0
11045 0
11045 0
11045 157
11045 0
11045 0
11045 0
11045 0
11045 0
11045 0
11045 0
11045 0
11045 0
11045 0
11045 0
11045 0
11045 0
11045 0
11045 0
11045 0
11045 0
11045 0
11045 0
11056 0
11056 0
11056 0
11056 0
11056 0
11056 0
11056 0
11056 0
11056 0
11056 0
11056 0
11056 1298
11056 0
11056 0
11056 0
11056 0
11056 0
11056 0
11056 0
11056 0
11056 0
11056 0
11056 0
11056 0
11056 0
11056 0
11056 0
11056 0
11056 0
11056 0
11056 0
11060 0
11060 0
11060 0
11060 0
11060 0
11060 0
11060 0
11060 0
11060 0
11060 0
11060 0
11060 921
11060 0
11060 0
11060 0
11060 0
11060 0
11060 0
11060 0
11060 0
11060 0
11060 0
11060 0
11060 0
11060 0
11060 0
11060 0
11060 0
11060 0
11060 0
11060 0
11068 0
11068 0
11068 0
11068 0
11068 0
11068 0
11068 0
11068 0
11068 0
11068 0
11068 0
11068 1073
11068 0
11068 0
11068 0
11068 0
11068 0
11068 0
11068 0
11068 0
11068 0
11068 0
11068 0
11068 0
11068 0
11068 0
11068 0
11068 0
11068 0
11068 0
11068 0
11122 0
11122 0
11122 0
11122 0
11122 0
11122 0
11122 0
11122 0
11122 0
11122 0
11122 0
11122 1112
11122 0
11122 0
11122 0
11122 0
11122 0
11122 0
11122 0
11122 0
11122 0
11122 0
11122 0
11122 0
11122 0
11122 0
11122 0
11122 0
11122 0
11122 0
11122 0
12086 0
12086 0
12086 0
12086 0
12086 0
12086 0
12086 0
12086 0
12086 0
12086 0
12086 0
12086 273
12086 0
12086 0
12086 0
12086 0
12086 0
12086 0
12086 0
12086 0
12086 0
12086 0
12086 0
12086 0
12086 0
12086 0
12086 0
12086 0
12086 0
12086 0
12086 0
