pt_graph scale
297 0
297 0
297 0
297 0
297 0
297 0
297 0
297 0
297 0
297 0
297 0
297 0
297 0
297 0
297 0
297 0
297 1391
297 0
297 0
297 0
297 0
297 0
297 0
297 0
297 0
297 0
297 0
297 0
297 0
297 0
297 0
301 0
301 0
301 0
301 0
301 0
301 0
301 0
301 0
301 0
301 0
301 0
301 0
301 0
301 0
301 0
301 0
301 1486
301 0
301 0
301 0
301 0
301 0
301 0
301 0
301 0
301 0
301 0
301 0
301 0
301 0
301 0
358 0
358 0
358 0
358 0
358 0
358 0
358 0
358 0
358 0
358 0
358 0
358 0
358 0
358 0
358 0
358 0
358 980
358 0
358 0
358 0
358 0
358 0
358 0
358 0
358 0
358 0
358 0
358 0
358 0
358 0
358 0
365 0
365 0
365 0
365 0
365 0
365 0
365 0
365 0
365 0
365 0
365 0
365 0
365 0
365 0
365 0
365 0
365 3040
365 0
365 0
365 0
365 0
365 0
365 0
365 0
365 0
365 0
365 0
365 0
365 0
365 0
365 0
380 0
380 0
380 0
380 0
380 0
380 0
380 0
380 0
380 0
380 0
380 0
380 0
380 0
380 0
380 0
380 0
380 3040
380 0
380 0
380 0
380 0
380 0
380 0
380 0
380 0
380 0
380 0
380 0
380 0
380 0
380 0
406 0
406 0
406 0
406 0
406 0
406 0
406 0
406 0
406 0
406 0
406 0
406 0
406 0
406 0
406 0
406 0
406 3040
406 0
406 0
406 0
406 0
406 0
406 0
406 0
406 0
406 0
406 0
406 0
406 0
406 0
406 0
427 0
427 0
427 0
427 0
427 0
427 0
427 0
427 0
427 0
427 0
427 0
427 0
427 0
427 0
427 0
427 0
427 377
427 0
427 0
427 0
427 0
427 0
427 0
427 0
427 0
427 0
427 0
427 0
427 0
427 0
427 0
6000 0
6000 56
6000 0
6000 0
6000 0
6000 0
6000 0
6000 0
6000 0
6000 0
6000 0
6000 0
6000 0
6000 0
6000 0
6000 0
6000 0
6000 0
6000 0
6000 0
6000 0
6000 0
6000 0
6000 0
6000 0
6000 0
6000 0
6000 0
6000 0
6000 0
6000 0
6074 0
6074 533
6074 0
6074 0
6074 0
6074 0
6074 0
6074 0
6074 0
6074 0
6074 0
6074 0
6074 0
6074 0
6074 0
6074 0
6074 0
6074 0
6074 0
6074 0
6074 0
6074 0
6074 0
6074 0
6074 0
6074 0
6074 0
6074 0
6074 0
6074 0
6074 0
6076 0
6076 4
6076 0
6076 0
6076 0
6076 0
6076 0
6076 0
6076 0
6076 0
6076 0
6076 0
6076 0
6076 0
6076 0
6076 0
6076 0
6076 0
6076 0
6076 0
6076 0
6076 0
6076 0
6076 0
6076 0
6076 0
6076 0
6076 0
6076 0
6076 0
6076 0
6090 0
6090 0
6090 0
6090 0
6090 0
6090 0
6090 0
6090 0
6090 0
6090 0
6090 0
6090 0
6090 0
6090 0
6090 0
6090 0
6090 0
6090 0
6090 0
6090 0
6090 0
6090 0
6090 0
6090 11
6090 0
6090 0
6090 0
6090 0
6090 0
6090 0
6090 0
6106 0
6106 75
6106 0
6106 0
6106 0
6106 0
6106 0
6106 0
6106 0
6106 0
6106 0
6106 0
6106 0
6106 0
6106 0
6106 0
6106 0
6106 0
6106 0
6106 0
6106 0
6106 0
6106 0
6106 0
6106 0
6106 0
6106 0
6106 0
6106 0
6106 0
6106 0
6120 0
6120 64
6120 0
6120 0
6120 0
6120 0
6120 0
6120 0
6120 0
6120 0
6120 0
6120 0
6120 0
6120 0
6120 0
6120 0
6120 0
6120 0
6120 0
6120 0
6120 0
6120 0
6120 0
6120 0
6120 0
6120 0
6120 0
6120 0
6120 0
6120 0
6120 0
6165 0
6165 335
6165 0
6165 0
6165 0
6165 0
6165 0
6165 0
6165 0
6165 5
6165 0
6165 0
6165 0
6165 0
6165 0
6165 0
6165 0
6165 0
6165 0
6165 0
6165 0
6165 0
6165 0
6165 4
6165 0
6165 0
6165 0
6165 0
6165 0
6165 0
6165 0
6173 0
6173 39
6173 0
6173 0
6173 0
6173 0
6173 0
6173 0
6173 0
6173 0
6173 0
6173 0
6173 0
6173 0
6173 0
6173 0
6173 0
6173 0
6173 0
6173 0
6173 0
6173 0
6173 0
6173 0
6173 0
6173 0
6173 0
6173 0
6173 0
6173 0
6173 0
6192 0
6192 56
6192 0
6192 0
6192 0
6192 0
6192 0
6192 0
6192 0
6192 0
6192 0
6192 0
6192 0
6192 0
6192 0
6192 0
6192 0
6192 0
6192 0
6192 0
6192 0
6192 0
6192 0
6192 0
6192 0
6192 0
6192 0
6192 0
6192 0
6192 0
6192 0
6214 0
6214 68
6214 0
6214 0
6214 0
6214 0
6214 0
6214 0
6214 0
6214 0
6214 0
6214 0
6214 0
6214 0
6214 0
6214 0
6214 0
6214 0
6214 0
6214 0
6214 0
6214 0
6214 0
6214 0
6214 0
6214 0
6214 0
6214 0
6214 0
6214 0
6214 0
6220 0
6220 85
6220 0
6220 0
6220 0
6220 0
6220 0
6220 0
6220 0
6220 0
6220 0
6220 0
6220 0
6220 0
6220 0
6220 0
6220 0
6220 0
6220 0
6220 0
6220 0
6220 0
6220 0
6220 0
6220 0
6220 0
6220 0
6220 0
6220 0
6220 0
6220 0
6234 0
6234 75
6234 0
6234 0
6234 0
6234 0
6234 0
6234 0
6234 0
6234 0
6234 0
6234 0
6234 0
6234 0
6234 0
6234 0
6234 0
6234 0
6234 0
6234 0
6234 0
6234 0
6234 0
6234 0
6234 0
6234 0
6234 0
6234 0
6234 0
6234 0
6234 0
6283 0
6283 62
6283 0
6283 0
6283 0
6283 0
6283 0
6283 0
6283 0
6283 0
6283 0
6283 0
6283 0
6283 0
6283 0
6283 0
6283 0
6283 0
6283 0
6283 0
6283 0
6283 0
6283 0
6283 0
6283 0
6283 0
6283 0
6283 0
6283 0
6283 0
6283 0
6310 0
6310 56
6310 0
6310 0
6310 0
6310 0
6310 0
6310 0
6310 0
6310 0
6310 0
6310 0
6310 0
6310 0
6310 0
6310 0
6310 0
6310 0
6310 0
6310 0
6310 0
6310 0
6310 0
6310 0
6310 0
6310 0
6310 0
6310 0
6310 0
6310 0
6310 0
6350 0
6350 58
6350 0
6350 0
6350 0
6350 0
6350 0
6350 0
6350 0
6350 0
6350 0
6350 0
6350 0
6350 0
6350 0
6350 0
6350 0
6350 0
6350 0
6350 0
6350 0
6350 0
6350 0
6350 0
6350 0
6350 0
6350 0
6350 0
6350 0
6350 0
6350 0
6371 0
6371 30
6371 0
6371 0
6371 0
6371 0
6371 0
6371 0
6371 0
6371 21
6371 0
6371 0
6371 0
6371 0
6371 0
6371 0
6371 0
6371 0
6371 0
6371 0
6371 0
6371 0
6371 0
6371 0
6371 0
6371 0
6371 0
6371 0
6371 0
6371 0
6371 0
6432 0
6432 75
6432 0
6432 0
6432 0
6432 0
6432 0
6432 0
6432 0
6432 0
6432 0
6432 0
6432 0
6432 0
6432 0
6432 0
6432 0
6432 0
6432 0
6432 0
6432 0
6432 0
6432 0
6432 0
6432 0
6432 0
6432 0
6432 0
6432 0
6432 0
6432 0
6498 0
6498 209
6498 0
6498 0
6498 0
6498 0
6498 0
6498 0
6498 0
6498 0
6498 0
6498 0
6498 0
6498 0
6498 0
6498 0
6498 0
6498 0
6498 0
6498 0
6498 0
6498 0
6498 0
6498 0
6498 0
6498 0
6498 0
6498 0
6498 0
6498 0
6498 0
6500 0
6500 373
6500 0
6500 0
6500 0
6500 0
6500 0
6500 0
6500 0
6500 0
6500 0
6500 0
6500 0
6500 0
6500 0
6500 0
6500 0
6500 0
6500 0
6500 0
6500 0
6500 0
6500 0
6500 4
6500 0
6500 0
6500 0
6500 0
6500 0
6500 0
6500 0
6512 0
6512 121
6512 0
6512 0
6512 0
6512 0
6512 0
6512 0
6512 0
6512 0
6512 0
6512 0
6512 0
6512 0
6512 0
6512 0
6512 0
6512 0
6512 0
6512 0
6512 0
6512 0
6512 0
6512 0
6512 0
6512 0
6512 0
6512 0
6512 0
6512 0
6512 0
6548 0
6548 172
6548 0
6548 0
6548 0
6548 0
6548 0
6548 0
6548 0
6548 0
6548 0
6548 0
6548 0
6548 0
6548 0
6548 0
6548 0
6548 0
6548 0
6548 0
6548 0
6548 0
6548 0
6548 0
6548 0
6548 0
6548 0
6548 0
6548 0
6548 0
6548 0
6636 0
6636 41
6636 0
6636 0
6636 0
6636 0
6636 0
6636 0
6636 0
6636 0
6636 0
6636 0
6636 0
6636 0
6636 0
6636 0
6636 0
6636 0
6636 0
6636 0
6636 0
6636 0
6636 0
6636 0
6636 0
6636 0
6636 0
6636 0
6636 0
6636 0
6636 0
6664 0
6664 228
6664 0
6664 0
6664 0
6664 0
6664 0
6664 0
6664 0
6664 1
6664 0
6664 0
6664 0
6664 0
6664 0
6664 0
6664 0
6664 0
6664 0
6664 0
6664 0
6664 0
6664 0
6664 1
6664 0
6664 0
6664 0
6664 0
6664 0
6664 0
6664 0
6740 0
6740 0
6740 0
6740 0
6740 0
6740 0
6740 0
6740 0
6740 0
6740 0
6740 0
6740 0
6740 0
6740 0
6740 0
6740 0
6740 0
6740 0
6740 0
6740 0
6740 0
6740 0
6740 0
6740 0
6740 1
6740 0
6740 0
6740 0
6740 0
6740 0
6740 0
6886 0
6886 151
6886 0
6886 0
6886 0
6886 0
6886 0
6886 0
6886 0
6886 0
6886 0
6886 0
6886 0
6886 0
6886 0
6886 0
6886 0
6886 0
6886 0
6886 0
6886 0
6886 0
6886 0
6886 0
6886 0
6886 0
6886 0
6886 0
6886 0
6886 0
6886 0
6934 0
6934 121
6934 0
6934 0
6934 0
6934 0
6934 0
6934 0
6934 0
6934 0
6934 0
6934 0
6934 0
6934 0
6934 0
6934 0
6934 0
6934 0
6934 0
6934 0
6934 0
6934 0
6934 0
6934 0
6934 0
6934 0
6934 0
6934 0
6934 0
6934 0
6934 0
