pt_graph scale
1412 0
1412 81
1412 0
1412 0
1412 0
1412 0
1412 0
1412 0
1412 0
1412 0
1412 0
1412 0
1412 0
1412 0
1412 0
1412 0
1412 0
1412 0
1412 0
1412 0
1412 0
1412 0
1412 0
1412 0
1412 0
1412 0
1412 0
1412 0
1412 0
1412 0
1412 0
1416 0
1416 77
1416 0
1416 0
1416 0
1416 0
1416 0
1416 0
1416 1
1416 0
1416 0
1416 0
1416 0
1416 0
1416 0
1416 0
1416 0
1416 0
1416 0
1416 0
1416 0
1416 0
1416 0
1416 0
1416 0
1416 0
1416 0
1416 0
1416 0
1416 0
1416 0
1669 0
1669 0
1669 0
1669 0
1669 0
1669 0
1669 0
1669 0
1669 0
1669 0
1669 0
1669 0
1669 0
1669 0
1669 0
1669 0
1669 0
1669 0
1669 0
1669 0
1669 0
1669 0
1669 0
1669 0
1669 0
1669 0
1669 0
1669 0
1669 0
1669 0
1669 0
1745 0
1745 0
1745 0
1745 0
1745 0
1745 0
1745 0
1745 0
1745 0
1745 0
1745 0
1745 0
1745 0
1745 0
1745 0
1745 0
1745 0
1745 0
1745 0
1745 0
1745 0
1745 0
1745 0
1745 0
1745 0
1745 0
1745 0
1745 0
1745 0
1745 0
1745 0
1763 0
1763 81
1763 0
1763 0
1763 0
1763 0
1763 0
1763 0
1763 0
1763 0
1763 0
1763 0
1763 0
1763 0
1763 0
1763 0
1763 0
1763 0
1763 0
1763 0
1763 0
1763 0
1763 0
1763 0
1763 0
1763 0
1763 0
1763 0
1763 0
1763 0
1763 0
1814 0
1814 0
1814 0
1814 0
1814 0
1814 0
1814 0
1814 0
1814 0
1814 0
1814 0
1814 0
1814 0
1814 0
1814 0
1814 0
1814 0
1814 0
1814 0
1814 0
1814 0
1814 0
1814 0
1814 0
1814 0
1814 0
1814 0
1814 0
1814 0
1814 0
1814 0
1859 0
1859 0
1859 0
1859 0
1859 0
1859 0
1859 0
1859 0
1859 1
1859 0
1859 0
1859 0
1859 1
1859 0
1859 0
1859 0
1859 0
1859 0
1859 0
1859 0
1859 0
1859 0
1859 0
1859 168
1859 0
1859 0
1859 0
1859 0
1859 0
1859 0
1859 0
1866 0
1866 0
1866 0
1866 0
1866 0
1866 0
1866 0
1866 0
1866 0
1866 1
1866 0
1866 0
1866 0
1866 0
1866 0
1866 0
1866 0
1866 0
1866 0
1866 0
1866 0
1866 0
1866 0
1866 168
1866 0
1866 0
1866 0
1866 0
1866 0
1866 0
1866 0
1871 0
1871 1
1871 0
1871 0
1871 0
1871 0
1871 0
1871 0
1871 0
1871 0
1871 0
1871 0
1871 0
1871 0
1871 0
1871 0
1871 0
1871 0
1871 0
1871 0
1871 0
1871 0
1871 0
1871 0
1871 0
1871 0
1871 0
1871 0
1871 0
1871 0
1871 0
1912 0
1912 0
1912 0
1912 0
1912 0
1912 0
1912 0
1912 0
1912 0
1912 0
1912 0
1912 0
1912 0
1912 0
1912 0
1912 0
1912 0
1912 0
1912 0
1912 0
1912 0
1912 0
1912 0
1912 0
1912 0
1912 0
1912 0
1912 0
1912 0
1912 0
1912 0
2170 0
2170 0
2170 0
2170 0
2170 0
2170 0
2170 0
2170 0
2170 0
2170 0
2170 0
2170 0
2170 0
2170 0
2170 0
2170 0
2170 0
2170 0
2170 0
2170 0
2170 0
2170 0
2170 0
2170 0
2170 0
2170 0
2170 0
2170 0
2170 0
2170 0
2170 0
2328 0
2328 77
2328 0
2328 0
2328 0
2328 0
2328 0
2328 0
2328 0
2328 1
2328 0
2328 0
2328 0
2328 0
2328 0
2328 0
2328 0
2328 0
2328 0
2328 0
2328 0
2328 0
2328 0
2328 0
2328 0
2328 0
2328 0
2328 0
2328 0
2328 0
2328 0
2384 0
2384 0
2384 0
2384 0
2384 0
2384 0
2384 0
2384 0
2384 0
2384 0
2384 0
2384 0
2384 0
2384 0
2384 0
2384 0
2384 0
2384 0
2384 0
2384 0
2384 0
2384 0
2384 0
2384 0
2384 0
2384 0
2384 0
2384 0
2384 0
2384 0
2384 0
2439 0
2439 0
2439 0
2439 0
2439 0
2439 0
2439 0
2439 0
2439 0
2439 0
2439 0
2439 0
2439 0
2439 0
2439 0
2439 0
2439 0
2439 0
2439 0
2439 0
2439 0
2439 0
2439 0
2439 0
2439 0
2439 0
2439 0
2439 0
2439 0
2439 0
2439 0
2464 0
2464 1
2464 0
2464 0
2464 0
2464 0
2464 0
2464 0
2464 0
2464 0
2464 0
2464 0
2464 0
2464 0
2464 0
2464 0
2464 0
2464 0
2464 0
2464 0
2464 0
2464 0
2464 0
2464 0
2464 0
2464 0
2464 0
2464 0
2464 0
2464 0
2464 0
2537 0
2537 0
2537 0
2537 0
2537 0
2537 0
2537 0
2537 0
2537 1
2537 0
2537 0
2537 0
2537 1
2537 0
2537 0
2537 0
2537 0
2537 0
2537 0
2537 0
2537 0
2537 0
2537 0
2537 168
2537 0
2537 0
2537 0
2537 0
2537 0
2537 0
2537 0
2543 0
2543 0
2543 0
2543 0
2543 0
2543 0
2543 0
2543 0
2543 2
2543 0
2543 0
2543 0
2543 3
2543 0
2543 0
2543 0
2543 0
2543 0
2543 0
2543 0
2543 0
2543 0
2543 0
2543 404
2543 0
2543 0
2543 0
2543 0
2543 0
2543 0
2543 0
2603 0
2603 0
2603 0
2603 0
2603 0
2603 0
2603 0
2603 0
2603 0
2603 0
2603 0
2603 0
2603 0
2603 0
2603 0
2603 0
2603 0
2603 0
2603 0
2603 0
2603 0
2603 0
2603 0
2603 77
2603 0
2603 29
2603 0
2603 0
2603 0
2603 0
2603 0
2638 0
2638 77
2638 0
2638 0
2638 0
2638 0
2638 0
2638 0
2638 0
2638 1
2638 0
2638 0
2638 0
2638 0
2638 0
2638 0
2638 0
2638 0
2638 0
2638 0
2638 0
2638 0
2638 0
2638 0
2638 0
2638 0
2638 0
2638 0
2638 0
2638 0
2638 0
2644 0
2644 0
2644 0
2644 0
2644 0
2644 0
2644 0
2644 0
2644 0
2644 0
2644 0
2644 0
2644 0
2644 0
2644 0
2644 0
2644 0
2644 0
2644 0
2644 0
2644 0
2644 0
2644 0
2644 0
2644 0
2644 0
2644 0
2644 0
2644 0
2644 0
2644 0
2656 0
2656 1
2656 0
2656 0
2656 0
2656 0
2656 0
2656 0
2656 0
2656 0
2656 0
2656 0
2656 0
2656 0
2656 0
2656 0
2656 0
2656 0
2656 0
2656 0
2656 0
2656 0
2656 0
2656 0
2656 0
2656 0
2656 0
2656 0
2656 0
2656 0
2656 0
2722 0
2722 1
2722 0
2722 0
2722 0
2722 0
2722 0
2722 0
2722 0
2722 0
2722 0
2722 0
2722 0
2722 0
2722 0
2722 0
2722 0
2722 0
2722 0
2722 0
2722 0
2722 0
2722 0
2722 0
2722 0
2722 0
2722 0
2722 0
2722 0
2722 0
2722 0
2781 0
2781 1
2781 0
2781 0
2781 0
2781 0
2781 0
2781 0
2781 0
2781 0
2781 0
2781 0
2781 0
2781 0
2781 0
2781 0
2781 0
2781 0
2781 0
2781 0
2781 0
2781 0
2781 0
2781 0
2781 0
2781 1
2781 0
2781 0
2781 0
2781 0
2781 0
2833 0
2833 14
2833 0
2833 0
2833 0
2833 0
2833 0
2833 0
2833 0
2833 0
2833 0
2833 0
2833 0
2833 0
2833 0
2833 0
2833 0
2833 0
2833 0
2833 0
2833 0
2833 0
2833 0
2833 38
2833 0
2833 19
2833 0
2833 0
2833 0
2833 0
2833 0
2842 0
2842 0
2842 0
2842 0
2842 0
2842 0
2842 0
2842 0
2842 0
2842 0
2842 0
2842 0
2842 0
2842 0
2842 0
2842 0
2842 0
2842 0
2842 0
2842 0
2842 0
2842 0
2842 0
2842 0
2842 0
2842 0
2842 0
2842 0
2842 0
2842 0
2842 0
2871 0
2871 0
2871 0
2871 0
2871 0
2871 0
2871 0
2871 0
2871 0
2871 0
2871 0
2871 0
2871 0
2871 0
2871 0
2871 0
2871 0
2871 0
2871 0
2871 0
2871 0
2871 0
2871 0
2871 0
2871 0
2871 0
2871 0
2871 0
2871 0
2871 0
2871 0
2890 0
2890 10
2890 0
2890 0
2890 0
2890 0
2890 0
2890 0
2890 0
2890 0
2890 0
2890 0
2890 0
2890 0
2890 0
2890 0
2890 0
2890 0
2890 0
2890 0
2890 0
2890 0
2890 0
2890 8
2890 0
2890 36
2890 0
2890 0
2890 0
2890 0
2890 0
2933 0
2933 21
2933 0
2933 0
2933 0
2933 0
2933 0
2933 0
2933 0
2933 0
2933 0
2933 0
2933 0
2933 0
2933 0
2933 0
2933 0
2933 0
2933 0
2933 0
2933 0
2933 0
2933 0
2933 7
2933 0
2933 12
2933 0
2933 0
2933 0
2933 0
2933 0
2937 0
2937 1
2937 0
2937 0
2937 0
2937 0
2937 0
2937 0
2937 0
2937 0
2937 0
2937 0
2937 0
2937 0
2937 0
2937 0
2937 0
2937 0
2937 0
2937 0
2937 0
2937 0
2937 0
2937 1
2937 0
2937 14
2937 0
2937 0
2937 0
2937 0
2937 0
2940 0
2940 0
2940 0
2940 0
2940 0
2940 0
2940 0
2940 0
2940 0
2940 0
2940 0
2940 0
2940 0
2940 0
2940 0
2940 0
2940 0
2940 0
2940 0
2940 0
2940 0
2940 0
2940 0
2940 0
2940 0
2940 0
2940 0
2940 0
2940 0
2940 0
2940 0
2993 0
2993 1
2993 0
2993 0
2993 0
2993 0
2993 0
2993 0
2993 0
2993 0
2993 0
2993 0
2993 0
2993 0
2993 0
2993 0
2993 0
2993 0
2993 0
2993 0
2993 0
2993 0
2993 0
2993 1
2993 0
2993 14
2993 0
2993 0
2993 0
2993 0
2993 0
3036 0
3036 1
3036 0
3036 0
3036 0
3036 0
3036 0
3036 0
3036 0
3036 0
3036 0
3036 0
3036 0
3036 0
3036 0
3036 0
3036 0
3036 0
3036 0
3036 0
3036 0
3036 0
3036 0
3036 0
3036 0
3036 1
3036 0
3036 0
3036 0
3036 0
3036 0
3076 0
3076 0
3076 0
3076 0
3076 0
3076 0
3076 0
3076 0
3076 0
3076 0
3076 0
3076 0
3076 0
3076 0
3076 0
3076 0
3076 0
3076 0
3076 0
3076 0
3076 0
3076 0
3076 0
3076 0
3076 0
3076 0
3076 0
3076 0
3076 0
3076 0
3076 0
3230 0
3230 0
3230 0
3230 0
3230 0
3230 0
3230 0
3230 0
3230 1
3230 0
3230 0
3230 0
3230 1
3230 0
3230 0
3230 0
3230 0
3230 0
3230 0
3230 0
3230 0
3230 0
3230 0
3230 168
3230 0
3230 0
3230 0
3230 0
3230 0
3230 0
3230 0
4935 0
4935 0
4935 0
4935 0
4935 0
4935 0
4935 0
4935 0
4935 0
4935 0
4935 0
4935 0
4935 0
4935 0
4935 0
4935 0
4935 0
4935 0
4935 0
4935 0
4935 0
4935 0
4935 0
4935 0
4935 0
4935 0
4935 0
4935 0
4935 0
4935 0
4935 0
5015 0
5015 1
5015 0
5015 0
5015 0
5015 0
5015 0
5015 0
5015 0
5015 0
5015 0
5015 0
5015 0
5015 0
5015 0
5015 0
5015 0
5015 0
5015 0
5015 0
5015 0
5015 0
5015 0
5015 0
5015 0
5015 0
5015 0
5015 0
5015 0
5015 0
5015 0
5066 0
5066 0
5066 0
5066 0
5066 0
5066 0
5066 0
5066 0
5066 0
5066 0
5066 0
5066 0
5066 0
5066 0
5066 0
5066 0
5066 0
5066 0
5066 0
5066 0
5066 0
5066 0
5066 0
5066 0
5066 0
5066 0
5066 0
5066 0
5066 0
5066 0
5066 0
5152 0
5152 0
5152 0
5152 0
5152 0
5152 0
5152 0
5152 0
5152 0
5152 0
5152 0
5152 0
5152 0
5152 0
5152 0
5152 0
5152 0
5152 0
5152 0
5152 0
5152 0
5152 0
5152 0
5152 0
5152 0
5152 0
5152 0
5152 0
5152 0
5152 0
5152 0
5176 0
5176 0
5176 0
5176 0
5176 0
5176 0
5176 0
5176 0
5176 0
5176 0
5176 0
5176 0
5176 0
5176 0
5176 0
5176 0
5176 0
5176 0
5176 0
5176 0
5176 0
5176 0
5176 0
5176 0
5176 0
5176 0
5176 0
5176 0
5176 0
5176 0
5176 0
5200 0
5200 0
5200 0
5200 0
5200 0
5200 0
5200 0
5200 0
5200 0
5200 0
5200 0
5200 0
5200 0
5200 0
5200 0
5200 0
5200 0
5200 0
5200 0
5200 0
5200 0
5200 0
5200 0
5200 0
5200 0
5200 0
5200 0
5200 0
5200 0
5200 0
5200 0
5204 0
5204 45
5204 0
5204 0
5204 0
5204 0
5204 0
5204 0
5204 0
5204 0
5204 0
5204 0
5204 0
5204 0
5204 0
5204 0
5204 0
5204 0
5204 0
5204 0
5204 0
5204 0
5204 0
5204 0
5204 0
5204 0
5204 0
5204 0
5204 0
5204 0
5204 0
5206 0
5206 1
5206 0
5206 0
5206 0
5206 0
5206 0
5206 0
5206 0
5206 0
5206 0
5206 0
5206 0
5206 0
5206 0
5206 0
5206 0
5206 0
5206 0
5206 0
5206 0
5206 0
5206 0
5206 0
5206 0
5206 0
5206 0
5206 0
5206 0
5206 0
5206 0
5226 0
5226 0
5226 0
5226 0
5226 0
5226 0
5226 0
5226 0
5226 0
5226 0
5226 0
5226 0
5226 0
5226 0
5226 0
5226 0
5226 0
5226 0
5226 0
5226 0
5226 0
5226 0
5226 0
5226 0
5226 0
5226 0
5226 0
5226 0
5226 0
5226 0
5226 0
5306 0
5306 0
5306 0
5306 0
5306 0
5306 0
5306 0
5306 0
5306 0
5306 0
5306 0
5306 0
5306 0
5306 0
5306 0
5306 0
5306 0
5306 0
5306 0
5306 0
5306 0
5306 0
5306 0
5306 0
5306 0
5306 0
5306 0
5306 0
5306 0
5306 0
5306 0
5352 0
5352 3
5352 0
5352 0
5352 0
5352 0
5352 0
5352 0
5352 0
5352 0
5352 0
5352 0
5352 0
5352 0
5352 0
5352 0
5352 0
5352 0
5352 0
5352 0
5352 0
5352 0
5352 0
5352 2
5352 0
5352 1
5352 0
5352 0
5352 0
5352 0
5352 0
5373 0
5373 1
5373 0
5373 0
5373 0
5373 0
5373 0
5373 0
5373 0
5373 3
5373 0
5373 0
5373 0
5373 0
5373 0
5373 0
5373 0
5373 0
5373 0
5373 0
5373 0
5373 0
5373 0
5373 0
5373 0
5373 0
5373 0
5373 0
5373 0
5373 0
5373 0
5377 0
5377 0
5377 0
5377 0
5377 0
5377 0
5377 0
5377 0
5377 0
5377 0
5377 0
5377 0
5377 0
5377 0
5377 0
5377 0
5377 0
5377 0
5377 0
5377 0
5377 0
5377 0
5377 0
5377 0
5377 0
5377 0
5377 0
5377 0
5377 0
5377 0
5377 0
5409 0
5409 0
5409 0
5409 0
5409 0
5409 0
5409 0
5409 0
5409 0
5409 0
5409 0
5409 0
5409 0
5409 0
5409 0
5409 0
5409 0
5409 0
5409 0
5409 0
5409 0
5409 0
5409 0
5409 0
5409 0
5409 0
5409 0
5409 0
5409 0
5409 0
5409 0
5423 0
5423 1
5423 0
5423 0
5423 0
5423 0
5423 0
5423 0
5423 0
5423 0
5423 0
5423 0
5423 0
5423 0
5423 0
5423 0
5423 0
5423 0
5423 0
5423 0
5423 0
5423 0
5423 0
5423 0
5423 0
5423 1
5423 0
5423 0
5423 0
5423 0
5423 0
5424 0
5424 0
5424 0
5424 0
5424 0
5424 0
5424 0
5424 0
5424 0
5424 0
5424 0
5424 0
5424 0
5424 0
5424 0
5424 0
5424 0
5424 0
5424 0
5424 0
5424 0
5424 0
5424 0
5424 0
5424 0
5424 1
5424 0
5424 0
5424 0
5424 0
5424 0
5435 0
5435 1
5435 0
5435 0
5435 0
5435 0
5435 0
5435 0
5435 0
5435 0
5435 0
5435 0
5435 0
5435 0
5435 0
5435 0
5435 0
5435 0
5435 0
5435 0
5435 0
5435 0
5435 0
5435 0
5435 0
5435 0
5435 0
5435 0
5435 0
5435 0
5435 0
5436 0
5436 0
5436 0
5436 0
5436 0
5436 0
5436 0
5436 0
5436 0
5436 0
5436 0
5436 0
5436 0
5436 0
5436 0
5436 0
5436 0
5436 0
5436 0
5436 0
5436 0
5436 0
5436 0
5436 0
5436 0
5436 0
5436 0
5436 0
5436 0
5436 0
5436 0
5439 0
5439 0
5439 0
5439 0
5439 0
5439 0
5439 0
5439 0
5439 0
5439 0
5439 0
5439 0
5439 0
5439 0
5439 0
5439 0
5439 0
5439 0
5439 0
5439 0
5439 0
5439 0
5439 0
5439 0
5439 0
5439 0
5439 0
5439 0
5439 0
5439 0
5439 0
5446 0
5446 0
5446 0
5446 0
5446 0
5446 0
5446 0
5446 0
5446 0
5446 0
5446 0
5446 0
5446 0
5446 0
5446 0
5446 0
5446 0
5446 0
5446 0
5446 0
5446 0
5446 0
5446 0
5446 0
5446 0
5446 0
5446 0
5446 0
5446 0
5446 0
5446 0
5455 0
5455 2
5455 0
5455 0
5455 0
5455 0
5455 0
5455 0
5455 0
5455 0
5455 0
5455 0
5455 0
5455 0
5455 0
5455 0
5455 0
5455 0
5455 0
5455 0
5455 0
5455 0
5455 0
5455 1
5455 0
5455 2
5455 0
5455 0
5455 0
5455 0
5455 0
5468 0
5468 0
5468 0
5468 0
5468 0
5468 0
5468 0
5468 0
5468 0
5468 0
5468 0
5468 0
5468 0
5468 0
5468 0
5468 0
5468 0
5468 0
5468 0
5468 0
5468 0
5468 0
5468 0
5468 0
5468 0
5468 0
5468 0
5468 0
5468 0
5468 0
5468 0
5477 0
5477 0
5477 0
5477 0
5477 0
5477 0
5477 0
5477 0
5477 0
5477 0
5477 0
5477 0
5477 0
5477 0
5477 0
5477 0
5477 0
5477 0
5477 0
5477 0
5477 0
5477 0
5477 0
5477 0
5477 0
5477 0
5477 0
5477 0
5477 0
5477 0
5477 0
5489 0
5489 0
5489 0
5489 0
5489 0
5489 0
5489 0
5489 0
5489 0
5489 0
5489 0
5489 0
5489 0
5489 0
5489 0
5489 0
5489 0
5489 0
5489 0
5489 0
5489 0
5489 0
5489 0
5489 0
5489 0
5489 0
5489 0
5489 0
5489 0
5489 0
5489 0
5499 0
5499 0
5499 0
5499 0
5499 0
5499 0
5499 0
5499 0
5499 0
5499 0
5499 0
5499 0
5499 0
5499 0
5499 0
5499 0
5499 0
5499 0
5499 0
5499 0
5499 0
5499 0
5499 0
5499 0
5499 0
5499 0
5499 0
5499 0
5499 0
5499 0
5499 0
5522 0
5522 2
5522 0
5522 0
5522 0
5522 0
5522 0
5522 0
5522 0
5522 0
5522 0
5522 0
5522 0
5522 0
5522 0
5522 0
5522 0
5522 0
5522 0
5522 0
5522 0
5522 0
5522 0
5522 0
5522 0
5522 0
5522 0
5522 0
5522 0
5522 0
5522 0
5525 0
5525 21
5525 0
5525 0
5525 0
5525 0
5525 0
5525 0
5525 0
5525 0
5525 0
5525 0
5525 0
5525 0
5525 0
5525 0
5525 0
5525 0
5525 0
5525 0
5525 0
5525 0
5525 0
5525 6
5525 0
5525 1
5525 0
5525 0
5525 0
5525 0
5525 0
5526 0
5526 2
5526 0
5526 0
5526 0
5526 0
5526 0
5526 0
5526 0
5526 1
5526 0
5526 0
5526 0
5526 0
5526 0
5526 0
5526 0
5526 0
5526 0
5526 0
5526 0
5526 0
5526 0
5526 0
5526 0
5526 1
5526 0
5526 0
5526 0
5526 0
5526 0
5536 0
5536 0
5536 0
5536 0
5536 0
5536 0
5536 0
5536 0
5536 0
5536 0
5536 0
5536 0
5536 0
5536 0
5536 0
5536 0
5536 0
5536 0
5536 0
5536 0
5536 0
5536 0
5536 0
5536 0
5536 0
5536 0
5536 0
5536 0
5536 0
5536 0
5536 0
5542 0
5542 0
5542 0
5542 0
5542 0
5542 0
5542 0
5542 0
5542 0
5542 0
5542 0
5542 0
5542 0
5542 0
5542 0
5542 0
5542 0
5542 0
5542 0
5542 0
5542 0
5542 0
5542 0
5542 0
5542 0
5542 0
5542 0
5542 0
5542 0
5542 0
5542 0
5549 0
5549 0
5549 0
5549 0
5549 0
5549 0
5549 0
5549 0
5549 0
5549 0
5549 0
5549 0
5549 0
5549 0
5549 0
5549 0
5549 0
5549 0
5549 0
5549 0
5549 0
5549 0
5549 0
5549 0
5549 0
5549 0
5549 0
5549 0
5549 0
5549 0
5549 0
5550 0
5550 1
5550 0
5550 0
5550 0
5550 0
5550 0
5550 0
5550 0
5550 0
5550 0
5550 0
5550 0
5550 0
5550 0
5550 0
5550 0
5550 0
5550 0
5550 0
5550 0
5550 0
5550 0
5550 0
5550 0
5550 0
5550 0
5550 0
5550 0
5550 0
5550 0
5562 0
5562 0
5562 0
5562 0
5562 0
5562 0
5562 0
5562 0
5562 0
5562 0
5562 0
5562 0
5562 0
5562 0
5562 0
5562 0
5562 0
5562 0
5562 0
5562 0
5562 0
5562 0
5562 0
5562 0
5562 0
5562 0
5562 0
5562 0
5562 0
5562 0
5562 0
5596 0
5596 0
5596 0
5596 0
5596 0
5596 0
5596 0
5596 0
5596 0
5596 0
5596 0
5596 0
5596 0
5596 0
5596 0
5596 0
5596 0
5596 0
5596 0
5596 0
5596 0
5596 0
5596 0
5596 0
5596 0
5596 0
5596 0
5596 0
5596 0
5596 0
5596 0
5625 0
5625 1
5625 0
5625 0
5625 0
5625 0
5625 0
5625 0
5625 0
5625 0
5625 0
5625 0
5625 0
5625 0
5625 0
5625 0
5625 0
5625 0
5625 0
5625 0
5625 0
5625 0
5625 0
5625 0
5625 0
5625 0
5625 0
5625 0
5625 0
5625 0
5625 0
5626 0
5626 1
5626 0
5626 0
5626 0
5626 0
5626 0
5626 0
5626 0
5626 0
5626 0
5626 0
5626 0
5626 0
5626 0
5626 0
5626 0
5626 0
5626 0
5626 0
5626 0
5626 0
5626 0
5626 5
5626 0
5626 2
5626 0
5626 0
5626 0
5626 0
5626 0
5636 0
5636 0
5636 0
5636 0
5636 0
5636 0
5636 0
5636 0
5636 0
5636 0
5636 0
5636 0
5636 0
5636 0
5636 0
5636 0
5636 0
5636 0
5636 0
5636 0
5636 0
5636 0
5636 0
5636 0
5636 0
5636 0
5636 0
5636 0
5636 0
5636 0
5636 0
5661 0
5661 2
5661 0
5661 0
5661 0
5661 0
5661 0
5661 0
5661 0
5661 0
5661 0
5661 0
5661 0
5661 0
5661 0
5661 0
5661 0
5661 0
5661 0
5661 0
5661 0
5661 0
5661 0
5661 0
5661 0
5661 0
5661 0
5661 0
5661 0
5661 0
5661 0
5669 0
5669 1
5669 0
5669 0
5669 0
5669 0
5669 0
5669 0
5669 0
5669 0
5669 0
5669 0
5669 0
5669 0
5669 0
5669 0
5669 0
5669 0
5669 0
5669 0
5669 0
5669 0
5669 0
5669 0
5669 0
5669 1
5669 0
5669 0
5669 0
5669 0
5669 0
5672 0
5672 2
5672 0
5672 0
5672 0
5672 0
5672 0
5672 0
5672 0
5672 0
5672 0
5672 0
5672 0
5672 0
5672 0
5672 0
5672 0
5672 0
5672 0
5672 0
5672 0
5672 0
5672 0
5672 0
5672 0
5672 0
5672 0
5672 0
5672 0
5672 0
5672 0
5674 0
5674 0
5674 0
5674 0
5674 0
5674 0
5674 0
5674 0
5674 0
5674 0
5674 0
5674 0
5674 0
5674 0
5674 0
5674 0
5674 0
5674 0
5674 0
5674 0
5674 0
5674 0
5674 0
5674 0
5674 0
5674 0
5674 0
5674 0
5674 0
5674 0
5674 0
5699 0
5699 2
5699 0
5699 0
5699 0
5699 0
5699 0
5699 0
5699 0
5699 0
5699 0
5699 0
5699 0
5699 0
5699 0
5699 0
5699 0
5699 0
5699 0
5699 0
5699 0
5699 0
5699 0
5699 2
5699 0
5699 0
5699 0
5699 0
5699 0
5699 0
5699 0
5705 0
5705 1
5705 0
5705 0
5705 0
5705 0
5705 0
5705 0
5705 0
5705 0
5705 0
5705 0
5705 0
5705 0
5705 0
5705 0
5705 0
5705 0
5705 0
5705 0
5705 0
5705 0
5705 0
5705 0
5705 0
5705 1
5705 0
5705 0
5705 0
5705 0
5705 0
5722 0
5722 1
5722 0
5722 0
5722 0
5722 0
5722 0
5722 0
5722 0
5722 0
5722 0
5722 0
5722 0
5722 0
5722 0
5722 0
5722 0
5722 0
5722 0
5722 0
5722 0
5722 0
5722 0
5722 0
5722 0
5722 1
5722 0
5722 0
5722 0
5722 0
5722 0
5723 0
5723 3
5723 0
5723 0
5723 0
5723 0
5723 0
5723 0
5723 0
5723 0
5723 0
5723 0
5723 0
5723 0
5723 0
5723 0
5723 0
5723 0
5723 0
5723 0
5723 0
5723 0
5723 0
5723 2
5723 0
5723 1
5723 0
5723 0
5723 0
5723 0
5723 0
5726 0
5726 1
5726 0
5726 0
5726 0
5726 0
5726 0
5726 0
5726 0
5726 5
5726 0
5726 0
5726 0
5726 0
5726 0
5726 0
5726 0
5726 0
5726 0
5726 0
5726 0
5726 0
5726 0
5726 2
5726 0
5726 2
5726 0
5726 0
5726 0
5726 0
5726 0
5765 0
5765 6
5765 0
5765 0
5765 0
5765 0
5765 0
5765 0
5765 0
5765 0
5765 0
5765 0
5765 0
5765 0
5765 0
5765 0
5765 0
5765 0
5765 0
5765 0
5765 0
5765 0
5765 0
5765 2
5765 0
5765 0
5765 0
5765 0
5765 0
5765 0
5765 0
5766 0
5766 1
5766 0
5766 0
5766 0
5766 0
5766 0
5766 0
5766 0
5766 0
5766 0
5766 0
5766 0
5766 0
5766 0
5766 0
5766 0
5766 0
5766 0
5766 0
5766 0
5766 0
5766 0
5766 0
5766 0
5766 0
5766 0
5766 0
5766 0
5766 0
5766 0
5768 0
5768 1
5768 0
5768 0
5768 0
5768 0
5768 0
5768 0
5768 0
5768 0
5768 0
5768 0
5768 0
5768 0
5768 0
5768 0
5768 0
5768 0
5768 0
5768 0
5768 0
5768 0
5768 0
5768 0
5768 0
5768 1
5768 0
5768 0
5768 0
5768 0
5768 0
5773 0
5773 1
5773 0
5773 0
5773 0
5773 0
5773 0
5773 0
5773 0
5773 0
5773 0
5773 0
5773 0
5773 0
5773 0
5773 0
5773 0
5773 0
5773 0
5773 0
5773 0
5773 0
5773 0
5773 0
5773 0
5773 1
5773 0
5773 0
5773 0
5773 0
5773 0
5779 0
5779 0
5779 0
5779 0
5779 0
5779 0
5779 0
5779 0
5779 0
5779 0
5779 0
5779 0
5779 0
5779 0
5779 0
5779 0
5779 0
5779 0
5779 0
5779 0
5779 0
5779 0
5779 0
5779 0
5779 0
5779 0
5779 0
5779 0
5779 0
5779 0
5779 0
5783 0
5783 22
5783 0
5783 0
5783 0
5783 0
5783 0
5783 0
5783 0
5783 6
5783 0
5783 0
5783 0
5783 0
5783 0
5783 0
5783 0
5783 0
5783 0
5783 0
5783 0
5783 0
5783 0
5783 1
5783 0
5783 1
5783 0
5783 0
5783 0
5783 0
5783 0
5794 0
5794 2
5794 0
5794 0
5794 0
5794 0
5794 0
5794 0
5794 0
5794 0
5794 0
5794 0
5794 0
5794 0
5794 0
5794 0
5794 0
5794 0
5794 0
5794 0
5794 0
5794 0
5794 0
5794 1
5794 0
5794 0
5794 0
5794 0
5794 0
5794 0
5794 0
5795 0
5795 36
5795 0
5795 0
5795 0
5795 0
5795 0
5795 0
5795 0
5795 0
5795 0
5795 0
5795 0
5795 0
5795 0
5795 0
5795 0
5795 0
5795 0
5795 0
5795 0
5795 0
5795 0
5795 0
5795 0
5795 0
5795 0
5795 0
5795 0
5795 0
5795 0
5800 0
5800 0
5800 0
5800 0
5800 0
5800 0
5800 0
5800 0
5800 0
5800 0
5800 0
5800 0
5800 0
5800 0
5800 0
5800 0
5800 0
5800 0
5800 0
5800 0
5800 0
5800 0
5800 0
5800 0
5800 0
5800 0
5800 0
5800 0
5800 0
5800 0
5800 0
5807 0
5807 2
5807 0
5807 0
5807 0
5807 0
5807 0
5807 0
5807 0
5807 1
5807 0
5807 0
5807 0
5807 0
5807 0
5807 0
5807 0
5807 0
5807 0
5807 0
5807 0
5807 0
5807 0
5807 1
5807 0
5807 1
5807 0
5807 0
5807 0
5807 0
5807 0
5850 0
5850 2
5850 0
5850 0
5850 0
5850 0
5850 0
5850 0
5850 0
5850 0
5850 0
5850 0
5850 0
5850 0
5850 0
5850 0
5850 0
5850 0
5850 0
5850 0
5850 0
5850 0
5850 0
5850 0
5850 0
5850 0
5850 0
5850 0
5850 0
5850 0
5850 0
5857 0
5857 3
5857 0
5857 0
5857 0
5857 0
5857 0
5857 0
5857 0
5857 1
5857 0
5857 0
5857 0
5857 0
5857 0
5857 0
5857 0
5857 0
5857 0
5857 0
5857 0
5857 0
5857 0
5857 0
5857 0
5857 0
5857 0
5857 0
5857 0
5857 0
5857 0
5878 0
5878 3
5878 0
5878 0
5878 0
5878 0
5878 0
5878 0
5878 0
5878 1
5878 0
5878 0
5878 0
5878 0
5878 0
5878 0
5878 0
5878 0
5878 0
5878 0
5878 0
5878 0
5878 0
5878 0
5878 0
5878 0
5878 0
5878 0
5878 0
5878 0
5878 0
5892 0
5892 1
5892 0
5892 0
5892 0
5892 0
5892 0
5892 0
5892 0
5892 0
5892 0
5892 0
5892 0
5892 0
5892 0
5892 0
5892 0
5892 0
5892 0
5892 0
5892 0
5892 0
5892 0
5892 0
5892 0
5892 1
5892 0
5892 0
5892 0
5892 0
5892 0
5902 0
5902 0
5902 0
5902 0
5902 0
5902 0
5902 0
5902 0
5902 0
5902 0
5902 0
5902 0
5902 0
5902 0
5902 0
5902 0
5902 0
5902 0
5902 0
5902 0
5902 0
5902 0
5902 0
5902 0
5902 0
5902 0
5902 0
5902 0
5902 0
5902 0
5902 0
5906 0
5906 3
5906 0
5906 0
5906 0
5906 0
5906 0
5906 0
5906 0
5906 0
5906 0
5906 0
5906 0
5906 0
5906 0
5906 0
5906 0
5906 0
5906 0
5906 0
5906 0
5906 0
5906 0
5906 2
5906 0
5906 1
5906 0
5906 0
5906 0
5906 0
5906 0
5915 0
5915 1
5915 0
5915 0
5915 0
5915 0
5915 0
5915 0
5915 0
5915 0
5915 0
5915 0
5915 0
5915 0
5915 0
5915 0
5915 0
5915 0
5915 0
5915 0
5915 0
5915 0
5915 0
5915 0
5915 0
5915 0
5915 0
5915 0
5915 0
5915 0
5915 0
5916 0
5916 1
5916 0
5916 0
5916 0
5916 0
5916 0
5916 0
5916 0
5916 0
5916 0
5916 0
5916 0
5916 0
5916 0
5916 0
5916 0
5916 0
5916 0
5916 0
5916 0
5916 0
5916 0
5916 0
5916 0
5916 0
5916 0
5916 0
5916 0
5916 0
5916 0
5923 0
5923 1
5923 0
5923 0
5923 0
5923 0
5923 0
5923 0
5923 0
5923 0
5923 0
5923 0
5923 0
5923 0
5923 0
5923 0
5923 0
5923 0
5923 0
5923 0
5923 0
5923 0
5923 0
5923 0
5923 0
5923 0
5923 0
5923 0
5923 0
5923 0
5923 0
5971 0
5971 1
5971 0
5971 0
5971 0
5971 0
5971 0
5971 0
5971 0
5971 0
5971 0
5971 0
5971 0
5971 0
5971 0
5971 0
5971 0
5971 0
5971 0
5971 0
5971 0
5971 0
5971 0
5971 0
5971 0
5971 0
5971 0
5971 0
5971 0
5971 0
5971 0
5977 0
5977 1
5977 0
5977 0
5977 0
5977 0
5977 0
5977 0
5977 0
5977 0
5977 0
5977 0
5977 0
5977 0
5977 0
5977 0
5977 0
5977 0
5977 0
5977 0
5977 0
5977 0
5977 0
5977 0
5977 0
5977 0
5977 0
5977 0
5977 0
5977 0
5977 0
6002 0
6002 1
6002 0
6002 0
6002 0
6002 0
6002 0
6002 0
6002 0
6002 0
6002 0
6002 0
6002 0
6002 0
6002 0
6002 0
6002 0
6002 0
6002 0
6002 0
6002 0
6002 0
6002 0
6002 0
6002 0
6002 0
6002 0
6002 0
6002 0
6002 0
6002 0
6062 0
6062 0
6062 0
6062 0
6062 0
6062 0
6062 0
6062 0
6062 0
6062 0
6062 0
6062 0
6062 0
6062 0
6062 0
6062 0
6062 0
6062 0
6062 0
6062 0
6062 0
6062 0
6062 0
6062 0
6062 0
6062 0
6062 0
6062 0
6062 0
6062 0
6062 0
6063 0
6063 0
6063 0
6063 0
6063 0
6063 0
6063 0
6063 0
6063 0
6063 0
6063 0
6063 0
6063 0
6063 0
6063 0
6063 0
6063 0
6063 0
6063 0
6063 0
6063 0
6063 0
6063 0
6063 0
6063 0
6063 0
6063 0
6063 0
6063 0
6063 0
6063 0
6066 0
6066 0
6066 0
6066 0
6066 0
6066 0
6066 0
6066 0
6066 0
6066 0
6066 0
6066 0
6066 0
6066 0
6066 0
6066 0
6066 0
6066 0
6066 0
6066 0
6066 0
6066 0
6066 0
6066 0
6066 0
6066 0
6066 0
6066 0
6066 0
6066 0
6066 0
6093 0
6093 0
6093 0
6093 0
6093 0
6093 0
6093 0
6093 0
6093 0
6093 0
6093 0
6093 0
6093 0
6093 0
6093 0
6093 0
6093 0
6093 0
6093 0
6093 0
6093 0
6093 0
6093 0
6093 0
6093 0
6093 0
6093 0
6093 0
6093 0
6093 0
6093 0
6213 0
6213 0
6213 0
6213 0
6213 0
6213 0
6213 0
6213 0
6213 0
6213 0
6213 0
6213 0
6213 0
6213 0
6213 0
6213 0
6213 0
6213 0
6213 0
6213 0
6213 0
6213 0
6213 0
6213 0
6213 0
6213 0
6213 0
6213 0
6213 0
6213 0
6213 0
