pt_graph cpue_kghour
910 0
910 0
910 0
910 0
910 0
910 0
910 0
910 0
910 0
910 0
910 224
910 0
910 0
910 0
910 0
910 0
910 0
910 0
910 0
910 46
910 0
910 42
910 0
910 0
910 612
910 0
910 0
910 1
910 0
910 0
910 0
985 0
985 0
985 0
985 0
985 0
985 0
985 0
985 0
985 0
985 0
985 238
985 0
985 0
985 0
985 0
985 0
985 0
985 0
985 0
985 342
985 0
985 116
985 0
985 0
985 1345
985 0
985 0
985 9
985 0
985 0
985 0
991 0
991 0
991 0
991 0
991 0
991 0
991 0
991 0
991 0
991 0
991 361
991 0
991 0
991 0
991 0
991 0
991 0
991 0
991 0
991 93
991 0
991 43
991 0
991 0
991 0
991 0
991 0
991 1
991 0
991 0
991 0
1005 0
1005 0
1005 0
1005 0
1005 0
1005 0
1005 0
1005 0
1005 0
1005 0
1005 361
1005 0
1005 0
1005 0
1005 0
1005 0
1005 0
1005 0
1005 0
1005 93
1005 0
1005 43
1005 0
1005 0
1005 0
1005 0
1005 0
1005 1
1005 0
1005 0
1005 0
1025 0
1025 0
1025 0
1025 0
1025 0
1025 0
1025 0
1025 0
1025 0
1025 0
1025 224
1025 0
1025 0
1025 0
1025 0
1025 0
1025 0
1025 0
1025 0
1025 46
1025 0
1025 42
1025 0
1025 0
1025 612
1025 0
1025 0
1025 1
1025 0
1025 0
1025 0
1113 0
1113 0
1113 0
1113 0
1113 0
1113 0
1113 0
1113 0
1113 0
1113 0
1113 0
1113 0
1113 0
1113 0
1113 0
1113 0
1113 0
1113 0
1113 0
1113 0
1113 0
1113 1
1113 0
1113 0
1113 10
1113 0
1113 8
1113 0
1113 0
1113 0
1113 0
1123 0
1123 0
1123 0
1123 0
1123 0
1123 0
1123 0
1123 0
1123 0
1123 0
1123 361
1123 0
1123 0
1123 0
1123 0
1123 0
1123 0
1123 0
1123 0
1123 93
1123 0
1123 43
1123 0
1123 0
1123 0
1123 0
1123 0
1123 1
1123 0
1123 0
1123 0
5331 0
5331 10
5331 0
5331 0
5331 0
5331 0
5331 0
5331 0
5331 0
5331 0
5331 0
5331 0
5331 0
5331 0
5331 0
5331 0
5331 0
5331 0
5331 0
5331 0
5331 0
5331 0
5331 0
5331 4
5331 0
5331 3
5331 0
5331 0
5331 0
5331 0
5331 0
5346 0
5346 9
5346 0
5346 0
5346 0
5346 0
5346 0
5346 0
5346 0
5346 0
5346 0
5346 0
5346 0
5346 0
5346 0
5346 0
5346 0
5346 0
5346 0
5346 0
5346 0
5346 0
5346 0
5346 0
5346 0
5346 3
5346 0
5346 0
5346 0
5346 0
5346 0
5371 0
5371 9
5371 0
5371 0
5371 0
5371 0
5371 0
5371 0
5371 0
5371 0
5371 0
5371 0
5371 0
5371 0
5371 0
5371 0
5371 0
5371 0
5371 0
5371 0
5371 0
5371 0
5371 0
5371 0
5371 0
5371 3
5371 0
5371 0
5371 0
5371 0
5371 0
5389 0
5389 22
5389 0
5389 0
5389 0
5389 0
5389 0
5389 0
5389 0
5389 0
5389 0
5389 0
5389 0
5389 0
5389 0
5389 0
5389 0
5389 0
5389 0
5389 0
5389 0
5389 0
5389 0
5389 15
5389 0
5389 10
5389 0
5389 0
5389 0
5389 0
5389 0
5404 0
5404 22
5404 0
5404 0
5404 0
5404 0
5404 0
5404 0
5404 0
5404 0
5404 0
5404 0
5404 0
5404 0
5404 0
5404 0
5404 0
5404 0
5404 0
5404 0
5404 0
5404 0
5404 0
5404 15
5404 0
5404 10
5404 0
5404 0
5404 0
5404 0
5404 0
5408 0
5408 14
5408 0
5408 0
5408 0
5408 0
5408 0
5408 0
5408 0
5408 0
5408 0
5408 0
5408 0
5408 0
5408 0
5408 0
5408 0
5408 0
5408 0
5408 0
5408 0
5408 0
5408 0
5408 4
5408 0
5408 2
5408 0
5408 0
5408 0
5408 0
5408 0
5416 0
5416 17
5416 0
5416 0
5416 0
5416 0
5416 0
5416 0
5416 0
5416 0
5416 0
5416 0
5416 0
5416 0
5416 0
5416 0
5416 0
5416 0
5416 0
5416 0
5416 0
5416 0
5416 0
5416 1
5416 0
5416 3
5416 0
5416 0
5416 0
5416 0
5416 0
5452 0
5452 22
5452 0
5452 0
5452 0
5452 0
5452 0
5452 0
5452 0
5452 0
5452 0
5452 0
5452 0
5452 0
5452 0
5452 0
5452 0
5452 0
5452 0
5452 0
5452 0
5452 0
5452 0
5452 15
5452 0
5452 10
5452 0
5452 0
5452 0
5452 0
5452 0
5462 0
5462 16
5462 0
5462 0
5462 0
5462 0
5462 0
5462 0
5462 0
5462 0
5462 0
5462 0
5462 0
5462 0
5462 0
5462 0
5462 0
5462 0
5462 0
5462 0
5462 0
5462 0
5462 0
5462 1
5462 0
5462 2
5462 0
5462 0
5462 0
5462 0
5462 0
5473 0
5473 27
5473 0
5473 0
5473 0
5473 0
5473 0
5473 0
5473 0
5473 0
5473 0
5473 0
5473 0
5473 0
5473 0
5473 0
5473 0
5473 0
5473 0
5473 0
5473 0
5473 0
5473 0
5473 12
5473 0
5473 3
5473 0
5473 0
5473 0
5473 0
5473 0
5486 0
5486 9
5486 0
5486 0
5486 0
5486 0
5486 0
5486 0
5486 0
5486 0
5486 0
5486 0
5486 0
5486 0
5486 0
5486 0
5486 0
5486 0
5486 0
5486 0
5486 0
5486 0
5486 0
5486 0
5486 0
5486 3
5486 0
5486 0
5486 0
5486 0
5486 0
5533 0
5533 27
5533 0
5533 0
5533 0
5533 0
5533 0
5533 0
5533 0
5533 0
5533 0
5533 0
5533 0
5533 0
5533 0
5533 0
5533 0
5533 0
5533 0
5533 0
5533 0
5533 0
5533 0
5533 12
5533 0
5533 3
5533 0
5533 0
5533 0
5533 0
5533 0
5546 0
5546 15
5546 0
5546 0
5546 0
5546 0
5546 0
5546 0
5546 0
5546 0
5546 0
5546 0
5546 0
5546 0
5546 0
5546 0
5546 0
5546 0
5546 0
5546 0
5546 0
5546 0
5546 0
5546 3
5546 0
5546 3
5546 0
5546 0
5546 0
5546 0
5546 0
5554 0
5554 18
5554 0
5554 0
5554 0
5554 0
5554 0
5554 0
5554 0
5554 0
5554 0
5554 0
5554 0
5554 0
5554 0
5554 0
5554 0
5554 0
5554 0
5554 0
5554 0
5554 0
5554 0
5554 2
5554 0
5554 1
5554 0
5554 0
5554 0
5554 0
5554 0
5557 0
5557 27
5557 0
5557 0
5557 0
5557 0
5557 0
5557 0
5557 0
5557 0
5557 0
5557 0
5557 0
5557 0
5557 0
5557 0
5557 0
5557 0
5557 0
5557 0
5557 0
5557 0
5557 0
5557 2
5557 0
5557 2
5557 0
5557 0
5557 0
5557 0
5557 0
5578 0
5578 21
5578 0
5578 0
5578 0
5578 0
5578 0
5578 0
5578 0
5578 0
5578 0
5578 0
5578 0
5578 0
5578 0
5578 0
5578 0
5578 0
5578 0
5578 0
5578 0
5578 0
5578 0
5578 1
5578 0
5578 2
5578 0
5578 0
5578 0
5578 0
5578 0
5591 0
5591 29
5591 0
5591 0
5591 0
5591 0
5591 0
5591 0
5591 0
5591 0
5591 0
5591 0
5591 0
5591 0
5591 0
5591 0
5591 0
5591 0
5591 0
5591 0
5591 0
5591 0
5591 0
5591 1
5591 0
5591 3
5591 0
5591 0
5591 0
5591 0
5591 0
5605 0
5605 22
5605 0
5605 0
5605 0
5605 0
5605 0
5605 0
5605 0
5605 0
5605 0
5605 0
5605 0
5605 0
5605 0
5605 0
5605 0
5605 0
5605 0
5605 0
5605 0
5605 0
5605 0
5605 15
5605 0
5605 10
5605 0
5605 0
5605 0
5605 0
5605 0
5608 0
5608 11
5608 0
5608 0
5608 0
5608 0
5608 0
5608 0
5608 0
5608 0
5608 0
5608 0
5608 0
5608 0
5608 0
5608 0
5608 0
5608 0
5608 0
5608 0
5608 0
5608 0
5608 0
5608 2
5608 0
5608 1
5608 0
5608 0
5608 0
5608 0
5608 0
5647 0
5647 27
5647 0
5647 0
5647 0
5647 0
5647 0
5647 0
5647 0
5647 0
5647 0
5647 0
5647 0
5647 0
5647 0
5647 0
5647 0
5647 0
5647 0
5647 0
5647 0
5647 0
5647 0
5647 12
5647 0
5647 3
5647 0
5647 0
5647 0
5647 0
5647 0
5661 0
5661 22
5661 0
5661 0
5661 0
5661 0
5661 0
5661 0
5661 0
5661 0
5661 0
5661 0
5661 0
5661 0
5661 0
5661 0
5661 0
5661 0
5661 0
5661 0
5661 0
5661 0
5661 0
5661 15
5661 0
5661 10
5661 0
5661 0
5661 0
5661 0
5661 0
5664 0
5664 22
5664 0
5664 0
5664 0
5664 0
5664 0
5664 0
5664 0
5664 0
5664 0
5664 0
5664 0
5664 0
5664 0
5664 0
5664 0
5664 0
5664 0
5664 0
5664 0
5664 0
5664 0
5664 1
5664 0
5664 2
5664 0
5664 0
5664 0
5664 0
5664 0
5688 0
5688 11
5688 0
5688 0
5688 0
5688 0
5688 0
5688 0
5688 0
5688 0
5688 0
5688 0
5688 0
5688 0
5688 0
5688 0
5688 0
5688 0
5688 0
5688 0
5688 0
5688 0
5688 0
5688 2
5688 0
5688 1
5688 0
5688 0
5688 0
5688 0
5688 0
5717 0
5717 44
5717 0
5717 0
5717 0
5717 0
5717 0
5717 0
5717 0
5717 1
5717 0
5717 0
5717 0
5717 0
5717 0
5717 0
5717 0
5717 0
5717 0
5717 0
5717 1
5717 0
5717 0
5717 21
5717 0
5717 7
5717 0
5717 0
5717 0
5717 0
5717 0
5722 0
5722 61
5722 0
5722 0
5722 0
5722 0
5722 0
5722 0
5722 0
5722 2
5722 0
5722 0
5722 0
5722 0
5722 0
5722 0
5722 0
5722 0
5722 0
5722 0
5722 1
5722 0
5722 0
5722 30
5722 0
5722 11
5722 0
5722 0
5722 0
5722 0
5722 0
5726 0
5726 22
5726 0
5726 0
5726 0
5726 0
5726 0
5726 0
5726 0
5726 0
5726 0
5726 0
5726 0
5726 0
5726 0
5726 0
5726 0
5726 0
5726 0
5726 0
5726 0
5726 0
5726 0
5726 15
5726 0
5726 10
5726 0
5726 0
5726 0
5726 0
5726 0
5731 0
5731 11
5731 0
5731 0
5731 0
5731 0
5731 0
5731 0
5731 0
5731 0
5731 0
5731 0
5731 0
5731 0
5731 0
5731 0
5731 0
5731 0
5731 0
5731 0
5731 0
5731 0
5731 0
5731 2
5731 0
5731 1
5731 0
5731 0
5731 0
5731 0
5731 0
5737 0
5737 11
5737 0
5737 0
5737 0
5737 0
5737 0
5737 0
5737 0
5737 0
5737 0
5737 0
5737 0
5737 0
5737 0
5737 0
5737 0
5737 0
5737 0
5737 0
5737 0
5737 0
5737 0
5737 2
5737 0
5737 1
5737 0
5737 0
5737 0
5737 0
5737 0
5743 0
5743 18
5743 0
5743 0
5743 0
5743 0
5743 0
5743 0
5743 0
5743 0
5743 0
5743 0
5743 0
5743 0
5743 0
5743 0
5743 0
5743 0
5743 0
5743 0
5743 0
5743 0
5743 0
5743 2
5743 0
5743 2
5743 0
5743 0
5743 0
5743 0
5743 0
5768 0
5768 130
5768 0
5768 0
5768 0
5768 0
5768 0
5768 0
5768 0
5768 0
5768 0
5768 0
5768 0
5768 0
5768 0
5768 0
5768 0
5768 0
5768 0
5768 0
5768 1
5768 0
5768 0
5768 30
5768 0
5768 12
5768 0
5768 0
5768 0
5768 0
5768 0
5773 0
5773 61
5773 0
5773 0
5773 0
5773 0
5773 0
5773 0
5773 0
5773 2
5773 0
5773 0
5773 0
5773 0
5773 0
5773 0
5773 0
5773 0
5773 0
5773 0
5773 1
5773 0
5773 0
5773 30
5773 0
5773 11
5773 0
5773 0
5773 0
5773 0
5773 0
5779 0
5779 108
5779 0
5779 0
5779 0
5779 0
5779 0
5779 0
5779 0
5779 0
5779 0
5779 0
5779 0
5779 0
5779 0
5779 0
5779 0
5779 0
5779 0
5779 0
5779 1
5779 0
5779 0
5779 19
5779 0
5779 8
5779 0
5779 0
5779 0
5779 0
5779 0
5781 0
5781 11
5781 0
5781 0
5781 0
5781 0
5781 0
5781 0
5781 0
5781 0
5781 0
5781 0
5781 0
5781 0
5781 0
5781 0
5781 0
5781 0
5781 0
5781 0
5781 0
5781 0
5781 0
5781 2
5781 0
5781 1
5781 0
5781 0
5781 0
5781 0
5781 0
5782 0
5782 61
5782 0
5782 0
5782 0
5782 0
5782 0
5782 0
5782 0
5782 2
5782 0
5782 0
5782 0
5782 0
5782 0
5782 0
5782 0
5782 0
5782 0
5782 0
5782 1
5782 0
5782 0
5782 30
5782 0
5782 11
5782 0
5782 0
5782 0
5782 0
5782 0
5847 0
5847 27
5847 0
5847 0
5847 0
5847 0
5847 0
5847 0
5847 0
5847 0
5847 0
5847 0
5847 0
5847 0
5847 0
5847 0
5847 0
5847 0
5847 0
5847 0
5847 0
5847 0
5847 0
5847 12
5847 0
5847 3
5847 0
5847 0
5847 0
5847 0
5847 0
5853 0
5853 27
5853 0
5853 0
5853 0
5853 0
5853 0
5853 0
5853 0
5853 0
5853 0
5853 0
5853 0
5853 0
5853 0
5853 0
5853 0
5853 0
5853 0
5853 0
5853 0
5853 0
5853 0
5853 1
5853 0
5853 2
5853 0
5853 0
5853 0
5853 0
5853 0
5918 0
5918 27
5918 0
5918 0
5918 0
5918 0
5918 0
5918 0
5918 0
5918 0
5918 0
5918 0
5918 0
5918 0
5918 0
5918 0
5918 0
5918 0
5918 0
5918 0
5918 0
5918 0
5918 0
5918 12
5918 0
5918 3
5918 0
5918 0
5918 0
5918 0
5918 0
5924 0
5924 17
5924 0
5924 0
5924 0
5924 0
5924 0
5924 0
5924 0
5924 0
5924 0
5924 0
5924 0
5924 0
5924 0
5924 0
5924 0
5924 0
5924 0
5924 0
5924 0
5924 0
5924 0
5924 1
5924 0
5924 3
5924 0
5924 0
5924 0
5924 0
5924 0
5938 0
5938 15
5938 0
5938 0
5938 0
5938 0
5938 0
5938 0
5938 0
5938 0
5938 0
5938 0
5938 0
5938 0
5938 0
5938 0
5938 0
5938 0
5938 0
5938 0
5938 0
5938 0
5938 0
5938 2
5938 0
5938 2
5938 0
5938 0
5938 0
5938 0
5938 0
5982 0
5982 32
5982 0
5982 0
5982 0
5982 0
5982 0
5982 0
5982 0
5982 0
5982 0
5982 0
5982 0
5982 0
5982 0
5982 0
5982 0
5982 0
5982 0
5982 0
5982 0
5982 0
5982 0
5982 2
5982 0
5982 2
5982 0
5982 0
5982 0
5982 0
5982 0
6000 0
6000 9
6000 0
6000 0
6000 0
6000 0
6000 0
6000 0
6000 0
6000 0
6000 0
6000 0
6000 0
6000 0
6000 0
6000 0
6000 0
6000 0
6000 0
6000 0
6000 0
6000 0
6000 0
6000 0
6000 0
6000 3
6000 0
6000 0
6000 0
6000 0
6000 0
6017 0
6017 22
6017 0
6017 0
6017 0
6017 0
6017 0
6017 0
6017 0
6017 0
6017 0
6017 0
6017 0
6017 0
6017 0
6017 0
6017 0
6017 0
6017 0
6017 0
6017 0
6017 0
6017 0
6017 1
6017 0
6017 2
6017 0
6017 0
6017 0
6017 0
6017 0
6069 0
6069 11
6069 0
6069 0
6069 0
6069 0
6069 0
6069 0
6069 0
6069 0
6069 0
6069 0
6069 0
6069 0
6069 0
6069 0
6069 0
6069 0
6069 0
6069 0
6069 0
6069 0
6069 0
6069 1
6069 0
6069 2
6069 0
6069 0
6069 0
6069 0
6069 0
6100 0
6100 49
6100 0
6100 0
6100 0
6100 0
6100 0
6100 0
6100 0
6100 0
6100 0
6100 0
6100 0
6100 0
6100 0
6100 0
6100 0
6100 0
6100 0
6100 0
6100 0
6100 0
6100 0
6100 4
6100 0
6100 10
6100 0
6100 0
6100 0
6100 0
6100 0
6120 0
6120 23
6120 0
6120 0
6120 0
6120 0
6120 0
6120 0
6120 0
6120 0
6120 0
6120 0
6120 0
6120 0
6120 0
6120 0
6120 0
6120 0
6120 0
6120 0
6120 0
6120 0
6120 0
6120 3
6120 0
6120 4
6120 0
6120 0
6120 0
6120 0
6120 0
6125 0
6125 49
6125 0
6125 0
6125 0
6125 0
6125 0
6125 0
6125 0
6125 0
6125 0
6125 0
6125 0
6125 0
6125 0
6125 0
6125 0
6125 0
6125 0
6125 0
6125 0
6125 0
6125 0
6125 4
6125 0
6125 10
6125 0
6125 0
6125 0
6125 0
6125 0
6165 0
6165 23
6165 0
6165 0
6165 0
6165 0
6165 0
6165 0
6165 0
6165 0
6165 0
6165 0
6165 0
6165 0
6165 0
6165 0
6165 0
6165 0
6165 0
6165 0
6165 0
6165 0
6165 0
6165 3
6165 0
6165 4
6165 0
6165 0
6165 0
6165 0
6165 0
6170 0
6170 49
6170 0
6170 0
6170 0
6170 0
6170 0
6170 0
6170 0
6170 0
6170 0
6170 0
6170 0
6170 0
6170 0
6170 0
6170 0
6170 0
6170 0
6170 0
6170 0
6170 0
6170 0
6170 4
6170 0
6170 10
6170 0
6170 0
6170 0
6170 0
6170 0
6173 0
6173 23
6173 0
6173 0
6173 0
6173 0
6173 0
6173 0
6173 0
6173 0
6173 0
6173 0
6173 0
6173 0
6173 0
6173 0
6173 0
6173 0
6173 0
6173 0
6173 0
6173 0
6173 0
6173 3
6173 0
6173 4
6173 0
6173 0
6173 0
6173 0
6173 0
6180 0
6180 10
6180 0
6180 0
6180 0
6180 0
6180 0
6180 0
6180 0
6180 0
6180 0
6180 0
6180 0
6180 0
6180 0
6180 0
6180 0
6180 0
6180 0
6180 0
6180 0
6180 0
6180 0
6180 4
6180 0
6180 3
6180 0
6180 0
6180 0
6180 0
6180 0
6195 0
6195 49
6195 0
6195 0
6195 0
6195 0
6195 0
6195 0
6195 0
6195 0
6195 0
6195 0
6195 0
6195 0
6195 0
6195 0
6195 0
6195 0
6195 0
6195 0
6195 0
6195 0
6195 0
6195 4
6195 0
6195 10
6195 0
6195 0
6195 0
6195 0
6195 0
6214 0
6214 23
6214 0
6214 0
6214 0
6214 0
6214 0
6214 0
6214 0
6214 0
6214 0
6214 0
6214 0
6214 0
6214 0
6214 0
6214 0
6214 0
6214 0
6214 0
6214 0
6214 0
6214 0
6214 3
6214 0
6214 4
6214 0
6214 0
6214 0
6214 0
6214 0
6238 0
6238 23
6238 0
6238 0
6238 0
6238 0
6238 0
6238 0
6238 0
6238 0
6238 0
6238 0
6238 0
6238 0
6238 0
6238 0
6238 0
6238 0
6238 0
6238 0
6238 0
6238 0
6238 0
6238 3
6238 0
6238 4
6238 0
6238 0
6238 0
6238 0
6238 0
6338 0
6338 10
6338 0
6338 0
6338 0
6338 0
6338 0
6338 0
6338 0
6338 1
6338 0
6338 0
6338 0
6338 0
6338 0
6338 0
6338 0
6338 0
6338 0
6338 0
6338 0
6338 0
6338 0
6338 9
6338 0
6338 2
6338 0
6338 0
6338 0
6338 0
6338 0
6348 0
6348 17
6348 0
6348 0
6348 0
6348 0
6348 0
6348 0
6348 0
6348 1
6348 0
6348 0
6348 0
6348 0
6348 0
6348 0
6348 0
6348 0
6348 0
6348 0
6348 0
6348 0
6348 0
6348 20
6348 0
6348 4
6348 0
6348 0
6348 0
6348 0
6348 0
6356 0
6356 10
6356 0
6356 0
6356 0
6356 0
6356 0
6356 0
6356 0
6356 1
6356 0
6356 0
6356 0
6356 0
6356 0
6356 0
6356 0
6356 0
6356 0
6356 0
6356 0
6356 0
6356 0
6356 9
6356 0
6356 2
6356 0
6356 0
6356 0
6356 0
6356 0
6365 0
6365 5
6365 0
6365 0
6365 0
6365 0
6365 0
6365 0
6365 0
6365 0
6365 0
6365 0
6365 0
6365 0
6365 0
6365 0
6365 0
6365 0
6365 0
6365 0
6365 0
6365 0
6365 0
6365 10
6365 0
6365 8
6365 0
6365 0
6365 0
6365 0
6365 0
6382 0
6382 16
6382 0
6382 0
6382 0
6382 0
6382 0
6382 0
6382 0
6382 0
6382 0
6382 0
6382 0
6382 0
6382 0
6382 0
6382 0
6382 0
6382 0
6382 0
6382 0
6382 0
6382 0
6382 15
6382 0
6382 3
6382 0
6382 0
6382 0
6382 0
6382 0
6391 0
6391 17
6391 0
6391 0
6391 0
6391 0
6391 0
6391 0
6391 0
6391 1
6391 0
6391 0
6391 0
6391 0
6391 0
6391 0
6391 0
6391 0
6391 0
6391 0
6391 0
6391 0
6391 0
6391 27
6391 0
6391 5
6391 0
6391 0
6391 0
6391 0
6391 0
6404 0
6404 12
6404 0
6404 0
6404 0
6404 0
6404 0
6404 0
6404 0
6404 0
6404 0
6404 0
6404 0
6404 0
6404 0
6404 0
6404 0
6404 0
6404 0
6404 0
6404 0
6404 0
6404 0
6404 12
6404 0
6404 5
6404 0
6404 0
6404 0
6404 0
6404 0
6413 0
6413 14
6413 0
6413 0
6413 0
6413 0
6413 0
6413 0
6413 0
6413 1
6413 0
6413 0
6413 0
6413 0
6413 0
6413 0
6413 0
6413 0
6413 0
6413 0
6413 0
6413 0
6413 0
6413 6
6413 0
6413 2
6413 0
6413 0
6413 0
6413 0
6413 0
6437 0
6437 13
6437 0
6437 0
6437 0
6437 0
6437 0
6437 0
6437 0
6437 1
6437 0
6437 0
6437 0
6437 0
6437 0
6437 0
6437 0
6437 0
6437 0
6437 0
6437 0
6437 0
6437 0
6437 15
6437 0
6437 4
6437 0
6437 0
6437 0
6437 0
6437 0
6447 0
6447 14
6447 0
6447 0
6447 0
6447 0
6447 0
6447 0
6447 0
6447 1
6447 0
6447 0
6447 0
6447 0
6447 0
6447 0
6447 0
6447 0
6447 0
6447 0
6447 0
6447 0
6447 0
6447 11
6447 0
6447 3
6447 0
6447 0
6447 0
6447 0
6447 0
6457 0
6457 18
6457 0
6457 0
6457 0
6457 0
6457 0
6457 0
6457 0
6457 0
6457 0
6457 0
6457 0
6457 0
6457 0
6457 0
6457 0
6457 0
6457 0
6457 0
6457 0
6457 0
6457 0
6457 13
6457 0
6457 3
6457 0
6457 0
6457 0
6457 0
6457 0
6468 0
6468 17
6468 0
6468 0
6468 0
6468 0
6468 0
6468 0
6468 0
6468 1
6468 0
6468 0
6468 0
6468 0
6468 0
6468 0
6468 0
6468 0
6468 0
6468 0
6468 0
6468 0
6468 0
6468 27
6468 0
6468 5
6468 0
6468 0
6468 0
6468 0
6468 0
6501 0
6501 6
6501 0
6501 0
6501 0
6501 0
6501 0
6501 0
6501 0
6501 1
6501 0
6501 0
6501 0
6501 0
6501 0
6501 0
6501 0
6501 0
6501 0
6501 0
6501 0
6501 0
6501 0
6501 6
6501 0
6501 2
6501 0
6501 0
6501 0
6501 0
6501 0
6503 0
6503 12
6503 0
6503 0
6503 0
6503 0
6503 0
6503 0
6503 0
6503 1
6503 0
6503 0
6503 0
6503 0
6503 0
6503 0
6503 0
6503 0
6503 0
6503 0
6503 0
6503 0
6503 0
6503 15
6503 0
6503 4
6503 0
6503 0
6503 0
6503 0
6503 0
6540 0
6540 10
6540 0
6540 0
6540 0
6540 0
6540 0
6540 0
6540 0
6540 1
6540 0
6540 0
6540 0
6540 0
6540 0
6540 0
6540 0
6540 0
6540 0
6540 0
6540 0
6540 0
6540 0
6540 9
6540 0
6540 2
6540 0
6540 0
6540 0
6540 0
6540 0
6542 0
6542 18
6542 0
6542 0
6542 0
6542 0
6542 0
6542 0
6542 0
6542 0
6542 0
6542 0
6542 0
6542 0
6542 0
6542 0
6542 0
6542 0
6542 0
6542 0
6542 0
6542 0
6542 0
6542 3
6542 0
6542 1
6542 0
6542 0
6542 0
6542 0
6542 0
6544 0
6544 17
6544 0
6544 0
6544 0
6544 0
6544 0
6544 0
6544 0
6544 1
6544 0
6544 0
6544 0
6544 0
6544 0
6544 0
6544 0
6544 0
6544 0
6544 0
6544 0
6544 0
6544 0
6544 27
6544 0
6544 5
6544 0
6544 0
6544 0
6544 0
6544 0
6545 0
6545 9
6545 0
6545 0
6545 0
6545 0
6545 0
6545 0
6545 0
6545 1
6545 0
6545 0
6545 0
6545 0
6545 0
6545 0
6545 0
6545 0
6545 0
6545 0
6545 0
6545 0
6545 0
6545 8
6545 0
6545 5
6545 0
6545 0
6545 0
6545 0
6545 0
6553 0
6553 10
6553 0
6553 0
6553 0
6553 0
6553 0
6553 0
6553 0
6553 1
6553 0
6553 0
6553 0
6553 0
6553 0
6553 0
6553 0
6553 0
6553 0
6553 0
6553 0
6553 0
6553 0
6553 9
6553 0
6553 2
6553 0
6553 0
6553 0
6553 0
6553 0
6578 0
6578 10
6578 0
6578 0
6578 0
6578 0
6578 0
6578 0
6578 0
6578 0
6578 0
6578 0
6578 0
6578 0
6578 0
6578 0
6578 0
6578 0
6578 0
6578 0
6578 0
6578 0
6578 0
6578 4
6578 0
6578 3
6578 0
6578 0
6578 0
6578 0
6578 0
6579 0
6579 5
6579 0
6579 0
6579 0
6579 0
6579 0
6579 0
6579 0
6579 0
6579 0
6579 0
6579 0
6579 0
6579 0
6579 0
6579 0
6579 0
6579 0
6579 0
6579 0
6579 0
6579 0
6579 10
6579 0
6579 8
6579 0
6579 0
6579 0
6579 0
6579 0
6618 0
6618 10
6618 0
6618 0
6618 0
6618 0
6618 0
6618 0
6618 0
6618 1
6618 0
6618 0
6618 0
6618 0
6618 0
6618 0
6618 0
6618 0
6618 0
6618 0
6618 0
6618 0
6618 0
6618 9
6618 0
6618 2
6618 0
6618 0
6618 0
6618 0
6618 0
6631 0
6631 10
6631 0
6631 0
6631 0
6631 0
6631 0
6631 0
6631 0
6631 0
6631 0
6631 0
6631 0
6631 0
6631 0
6631 0
6631 0
6631 0
6631 0
6631 0
6631 0
6631 0
6631 0
6631 4
6631 0
6631 3
6631 0
6631 0
6631 0
6631 0
6631 0
6632 0
6632 16
6632 0
6632 0
6632 0
6632 0
6632 0
6632 0
6632 0
6632 0
6632 0
6632 0
6632 0
6632 0
6632 0
6632 0
6632 0
6632 0
6632 0
6632 0
6632 0
6632 0
6632 0
6632 1
6632 0
6632 2
6632 0
6632 0
6632 0
6632 0
6632 0
6642 0
6642 11
6642 0
6642 0
6642 0
6642 0
6642 0
6642 0
6642 0
6642 0
6642 0
6642 0
6642 0
6642 0
6642 0
6642 0
6642 0
6642 0
6642 0
6642 0
6642 0
6642 0
6642 0
6642 7
6642 0
6642 3
6642 0
6642 0
6642 0
6642 0
6642 0
6653 0
6653 11
6653 0
6653 0
6653 0
6653 0
6653 0
6653 0
6653 0
6653 0
6653 0
6653 0
6653 0
6653 0
6653 0
6653 0
6653 0
6653 0
6653 0
6653 0
6653 0
6653 0
6653 0
6653 7
6653 0
6653 3
6653 0
6653 0
6653 0
6653 0
6653 0
6657 0
6657 16
6657 0
6657 0
6657 0
6657 0
6657 0
6657 0
6657 0
6657 0
6657 0
6657 0
6657 0
6657 0
6657 0
6657 0
6657 0
6657 0
6657 0
6657 0
6657 0
6657 0
6657 0
6657 1
6657 0
6657 2
6657 0
6657 0
6657 0
6657 0
6657 0
6681 0
6681 10
6681 0
6681 0
6681 0
6681 0
6681 0
6681 0
6681 0
6681 1
6681 0
6681 0
6681 0
6681 0
6681 0
6681 0
6681 0
6681 0
6681 0
6681 0
6681 0
6681 0
6681 0
6681 9
6681 0
6681 2
6681 0
6681 0
6681 0
6681 0
6681 0
6707 0
6707 14
6707 0
6707 0
6707 0
6707 0
6707 0
6707 0
6707 0
6707 0
6707 0
6707 0
6707 0
6707 0
6707 0
6707 0
6707 0
6707 0
6707 0
6707 0
6707 0
6707 0
6707 0
6707 5
6707 0
6707 2
6707 0
6707 0
6707 0
6707 0
6707 0
6709 0
6709 8
6709 0
6709 0
6709 0
6709 0
6709 0
6709 0
6709 0
6709 0
6709 0
6709 0
6709 0
6709 0
6709 0
6709 0
6709 0
6709 0
6709 0
6709 0
6709 0
6709 0
6709 0
6709 7
6709 0
6709 6
6709 0
6709 0
6709 0
6709 0
6709 0
6716 0
6716 5
6716 0
6716 0
6716 0
6716 0
6716 0
6716 0
6716 0
6716 0
6716 0
6716 0
6716 0
6716 0
6716 0
6716 0
6716 0
6716 0
6716 0
6716 0
6716 0
6716 0
6716 0
6716 2
6716 0
6716 2
6716 0
6716 0
6716 0
6716 0
6716 0
6727 0
6727 10
6727 0
6727 0
6727 0
6727 0
6727 0
6727 0
6727 0
6727 1
6727 0
6727 0
6727 0
6727 0
6727 0
6727 0
6727 0
6727 0
6727 0
6727 0
6727 0
6727 0
6727 0
6727 8
6727 0
6727 3
6727 0
6727 0
6727 0
6727 0
6727 0
6734 0
6734 16
6734 0
6734 0
6734 0
6734 0
6734 0
6734 0
6734 0
6734 0
6734 0
6734 0
6734 0
6734 0
6734 0
6734 0
6734 0
6734 0
6734 0
6734 0
6734 0
6734 0
6734 0
6734 3
6734 0
6734 2
6734 0
6734 0
6734 0
6734 0
6734 0
6740 0
6740 0
6740 0
6740 0
6740 0
6740 0
6740 0
6740 0
6740 0
6740 0
6740 0
6740 0
6740 0
6740 0
6740 0
6740 0
6740 0
6740 0
6740 0
6740 0
6740 0
6740 1
6740 0
6740 0
6740 5
6740 0
6740 5
6740 0
6740 0
6740 0
6740 0
6756 0
6756 13
6756 0
6756 0
6756 0
6756 0
6756 0
6756 0
6756 0
6756 0
6756 0
6756 0
6756 0
6756 0
6756 0
6756 0
6756 0
6756 0
6756 0
6756 0
6756 0
6756 0
6756 0
6756 4
6756 0
6756 2
6756 0
6756 0
6756 0
6756 0
6756 0
6757 0
6757 10
6757 0
6757 0
6757 0
6757 0
6757 0
6757 0
6757 0
6757 1
6757 0
6757 0
6757 0
6757 0
6757 0
6757 0
6757 0
6757 0
6757 0
6757 0
6757 0
6757 0
6757 0
6757 9
6757 0
6757 2
6757 0
6757 0
6757 0
6757 0
6757 0
6766 0
6766 13
6766 0
6766 0
6766 0
6766 0
6766 0
6766 0
6766 0
6766 0
6766 0
6766 0
6766 0
6766 0
6766 0
6766 0
6766 0
6766 0
6766 0
6766 0
6766 0
6766 0
6766 0
6766 4
6766 0
6766 2
6766 0
6766 0
6766 0
6766 0
6766 0
6768 0
6768 11
6768 0
6768 0
6768 0
6768 0
6768 0
6768 0
6768 0
6768 0
6768 0
6768 0
6768 0
6768 0
6768 0
6768 0
6768 0
6768 0
6768 0
6768 0
6768 0
6768 0
6768 0
6768 7
6768 0
6768 3
6768 0
6768 0
6768 0
6768 0
6768 0
6781 0
6781 8
6781 0
6781 0
6781 0
6781 0
6781 0
6781 0
6781 0
6781 1
6781 0
6781 0
6781 0
6781 0
6781 0
6781 0
6781 0
6781 0
6781 0
6781 0
6781 0
6781 0
6781 0
6781 10
6781 0
6781 5
6781 0
6781 0
6781 0
6781 0
6781 0
6789 0
6789 10
6789 0
6789 0
6789 0
6789 0
6789 0
6789 0
6789 0
6789 0
6789 0
6789 0
6789 0
6789 0
6789 0
6789 0
6789 0
6789 0
6789 0
6789 0
6789 0
6789 0
6789 0
6789 4
6789 0
6789 3
6789 0
6789 0
6789 0
6789 0
6789 0
6794 0
6794 15
6794 0
6794 0
6794 0
6794 0
6794 0
6794 0
6794 0
6794 0
6794 0
6794 0
6794 0
6794 0
6794 0
6794 0
6794 0
6794 0
6794 0
6794 0
6794 0
6794 0
6794 0
6794 4
6794 0
6794 2
6794 0
6794 0
6794 0
6794 0
6794 0
6815 0
6815 17
6815 0
6815 0
6815 0
6815 0
6815 0
6815 0
6815 0
6815 0
6815 0
6815 0
6815 0
6815 0
6815 0
6815 0
6815 0
6815 0
6815 0
6815 0
6815 0
6815 0
6815 0
6815 2
6815 0
6815 2
6815 0
6815 0
6815 0
6815 0
6815 0
6816 0
6816 11
6816 0
6816 0
6816 0
6816 0
6816 0
6816 0
6816 0
6816 0
6816 0
6816 0
6816 0
6816 0
6816 0
6816 0
6816 0
6816 0
6816 0
6816 0
6816 0
6816 0
6816 0
6816 7
6816 0
6816 3
6816 0
6816 0
6816 0
6816 0
6816 0
6822 0
6822 17
6822 0
6822 0
6822 0
6822 0
6822 0
6822 0
6822 0
6822 0
6822 0
6822 0
6822 0
6822 0
6822 0
6822 0
6822 0
6822 0
6822 0
6822 0
6822 0
6822 0
6822 0
6822 2
6822 0
6822 2
6822 0
6822 0
6822 0
6822 0
6822 0
6839 0
6839 10
6839 0
6839 0
6839 0
6839 0
6839 0
6839 0
6839 0
6839 0
6839 0
6839 0
6839 0
6839 0
6839 0
6839 0
6839 0
6839 0
6839 0
6839 0
6839 0
6839 0
6839 0
6839 4
6839 0
6839 3
6839 0
6839 0
6839 0
6839 0
6839 0
6856 0
6856 11
6856 0
6856 0
6856 0
6856 0
6856 0
6856 0
6856 0
6856 0
6856 0
6856 0
6856 0
6856 0
6856 0
6856 0
6856 0
6856 0
6856 0
6856 0
6856 0
6856 0
6856 0
6856 5
6856 0
6856 4
6856 0
6856 0
6856 0
6856 0
6856 0
6858 0
6858 14
6858 0
6858 0
6858 0
6858 0
6858 0
6858 0
6858 0
6858 0
6858 0
6858 0
6858 0
6858 0
6858 0
6858 0
6858 0
6858 0
6858 0
6858 0
6858 0
6858 0
6858 0
6858 4
6858 0
6858 2
6858 0
6858 0
6858 0
6858 0
6858 0
6871 0
6871 14
6871 0
6871 0
6871 0
6871 0
6871 0
6871 0
6871 0
6871 0
6871 0
6871 0
6871 0
6871 0
6871 0
6871 0
6871 0
6871 0
6871 0
6871 0
6871 0
6871 0
6871 0
6871 2
6871 0
6871 1
6871 0
6871 0
6871 0
6871 0
6871 0
6879 0
6879 18
6879 0
6879 0
6879 0
6879 0
6879 0
6879 0
6879 0
6879 0
6879 0
6879 0
6879 0
6879 0
6879 0
6879 0
6879 0
6879 0
6879 0
6879 0
6879 0
6879 0
6879 0
6879 3
6879 0
6879 1
6879 0
6879 0
6879 0
6879 0
6879 0
6882 0
6882 5
6882 0
6882 0
6882 0
6882 0
6882 0
6882 0
6882 0
6882 0
6882 0
6882 0
6882 0
6882 0
6882 0
6882 0
6882 0
6882 0
6882 0
6882 0
6882 0
6882 0
6882 0
6882 10
6882 0
6882 8
6882 0
6882 0
6882 0
6882 0
6882 0
6886 0
6886 13
6886 0
6886 0
6886 0
6886 0
6886 0
6886 0
6886 0
6886 0
6886 0
6886 0
6886 0
6886 0
6886 0
6886 0
6886 0
6886 0
6886 0
6886 0
6886 0
6886 0
6886 0
6886 4
6886 0
6886 3
6886 0
6886 0
6886 0
6886 0
6886 0
6890 0
6890 12
6890 0
6890 0
6890 0
6890 0
6890 0
6890 0
6890 0
6890 0
6890 0
6890 0
6890 0
6890 0
6890 0
6890 0
6890 0
6890 0
6890 0
6890 0
6890 0
6890 0
6890 0
6890 4
6890 0
6890 3
6890 0
6890 0
6890 0
6890 0
6890 0
6892 0
6892 8
6892 0
6892 0
6892 0
6892 0
6892 0
6892 0
6892 0
6892 0
6892 0
6892 0
6892 0
6892 0
6892 0
6892 0
6892 0
6892 0
6892 0
6892 0
6892 0
6892 0
6892 0
6892 3
6892 0
6892 2
6892 0
6892 0
6892 0
6892 0
6892 0
6914 0
6914 11
6914 0
6914 0
6914 0
6914 0
6914 0
6914 0
6914 0
6914 0
6914 0
6914 0
6914 0
6914 0
6914 0
6914 0
6914 0
6914 0
6914 0
6914 0
6914 0
6914 0
6914 0
6914 5
6914 0
6914 3
6914 0
6914 0
6914 0
6914 0
6914 0
6917 0
6917 5
6917 0
6917 0
6917 0
6917 0
6917 0
6917 0
6917 0
6917 0
6917 0
6917 0
6917 0
6917 0
6917 0
6917 0
6917 0
6917 0
6917 0
6917 0
6917 0
6917 0
6917 0
6917 10
6917 0
6917 8
6917 0
6917 0
6917 0
6917 0
6917 0
6934 0
6934 15
6934 0
6934 0
6934 0
6934 0
6934 0
6934 0
6934 0
6934 0
6934 0
6934 0
6934 0
6934 0
6934 0
6934 0
6934 0
6934 0
6934 0
6934 0
6934 0
6934 0
6934 0
6934 3
6934 0
6934 2
6934 0
6934 0
6934 0
6934 0
6934 0
6942 0
6942 10
6942 0
6942 0
6942 0
6942 0
6942 0
6942 0
6942 0
6942 0
6942 0
6942 0
6942 0
6942 0
6942 0
6942 0
6942 0
6942 0
6942 0
6942 0
6942 0
6942 0
6942 0
6942 4
6942 0
6942 3
6942 0
6942 0
6942 0
6942 0
6942 0
6955 0
6955 6
6955 0
6955 0
6955 0
6955 0
6955 0
6955 0
6955 0
6955 0
6955 0
6955 0
6955 0
6955 0
6955 0
6955 0
6955 0
6955 0
6955 0
6955 0
6955 0
6955 0
6955 0
6955 6
6955 0
6955 4
6955 0
6955 0
6955 0
6955 0
6955 0
6959 0
6959 9
6959 0
6959 0
6959 0
6959 0
6959 0
6959 0
6959 0
6959 0
6959 0
6959 0
6959 0
6959 0
6959 0
6959 0
6959 0
6959 0
6959 0
6959 0
6959 0
6959 0
6959 0
6959 7
6959 0
6959 4
6959 0
6959 0
6959 0
6959 0
6959 0
6960 0
6960 5
6960 0
6960 0
6960 0
6960 0
6960 0
6960 0
6960 0
6960 0
6960 0
6960 0
6960 0
6960 0
6960 0
6960 0
6960 0
6960 0
6960 0
6960 0
6960 0
6960 0
6960 0
6960 10
6960 0
6960 8
6960 0
6960 0
6960 0
6960 0
6960 0
6962 0
6962 7
6962 0
6962 0
6962 0
6962 0
6962 0
6962 0
6962 0
6962 0
6962 0
6962 0
6962 0
6962 0
6962 0
6962 0
6962 0
6962 0
6962 0
6962 0
6962 0
6962 0
6962 0
6962 9
6962 0
6962 6
6962 0
6962 0
6962 0
6962 0
6962 0
6967 0
6967 13
6967 0
6967 0
6967 0
6967 0
6967 0
6967 0
6967 0
6967 0
6967 0
6967 0
6967 0
6967 0
6967 0
6967 0
6967 0
6967 0
6967 0
6967 0
6967 0
6967 0
6967 0
6967 4
6967 0
6967 3
6967 0
6967 0
6967 0
6967 0
6967 0
6996 0
6996 18
6996 0
6996 0
6996 0
6996 0
6996 0
6996 0
6996 0
6996 0
6996 0
6996 0
6996 0
6996 0
6996 0
6996 0
6996 0
6996 0
6996 0
6996 0
6996 0
6996 0
6996 0
6996 3
6996 0
6996 1
6996 0
6996 0
6996 0
6996 0
6996 0
7002 0
7002 10
7002 0
7002 0
7002 0
7002 0
7002 0
7002 0
7002 0
7002 0
7002 0
7002 0
7002 0
7002 0
7002 0
7002 0
7002 0
7002 0
7002 0
7002 0
7002 0
7002 0
7002 0
7002 5
7002 0
7002 3
7002 0
7002 0
7002 0
7002 0
7002 0
7012 0
7012 10
7012 0
7012 0
7012 0
7012 0
7012 0
7012 0
7012 0
7012 1
7012 0
7012 0
7012 0
7012 0
7012 0
7012 0
7012 0
7012 0
7012 0
7012 0
7012 0
7012 0
7012 0
7012 7
7012 0
7012 3
7012 0
7012 0
7012 0
7012 0
7012 0
7015 0
7015 14
7015 0
7015 0
7015 0
7015 0
7015 0
7015 0
7015 0
7015 0
7015 0
7015 0
7015 0
7015 0
7015 0
7015 0
7015 0
7015 0
7015 0
7015 0
7015 0
7015 0
7015 0
7015 4
7015 0
7015 2
7015 0
7015 0
7015 0
7015 0
7015 0
7034 0
7034 7
7034 0
7034 0
7034 0
7034 0
7034 0
7034 0
7034 0
7034 0
7034 0
7034 0
7034 0
7034 0
7034 0
7034 0
7034 0
7034 0
7034 0
7034 0
7034 0
7034 0
7034 0
7034 8
7034 0
7034 6
7034 0
7034 0
7034 0
7034 0
7034 0
7035 0
7035 13
7035 0
7035 0
7035 0
7035 0
7035 0
7035 0
7035 0
7035 0
7035 0
7035 0
7035 0
7035 0
7035 0
7035 0
7035 0
7035 0
7035 0
7035 0
7035 0
7035 0
7035 0
7035 3
7035 0
7035 3
7035 0
7035 0
7035 0
7035 0
7035 0
7038 0
7038 5
7038 0
7038 0
7038 0
7038 0
7038 0
7038 0
7038 0
7038 0
7038 0
7038 0
7038 0
7038 0
7038 0
7038 0
7038 0
7038 0
7038 0
7038 0
7038 0
7038 0
7038 0
7038 10
7038 0
7038 8
7038 0
7038 0
7038 0
7038 0
7038 0
7064 0
7064 10
7064 0
7064 0
7064 0
7064 0
7064 0
7064 0
7064 0
7064 1
7064 0
7064 0
7064 0
7064 0
7064 0
7064 0
7064 0
7064 0
7064 0
7064 0
7064 0
7064 0
7064 0
7064 9
7064 0
7064 2
7064 0
7064 0
7064 0
7064 0
7064 0
7069 0
7069 11
7069 0
7069 0
7069 0
7069 0
7069 0
7069 0
7069 0
7069 0
7069 0
7069 0
7069 0
7069 0
7069 0
7069 0
7069 0
7069 0
7069 0
7069 0
7069 0
7069 0
7069 0
7069 7
7069 0
7069 3
7069 0
7069 0
7069 0
7069 0
7069 0
7080 0
7080 10
7080 0
7080 0
7080 0
7080 0
7080 0
7080 0
7080 0
7080 0
7080 0
7080 0
7080 0
7080 0
7080 0
7080 0
7080 0
7080 0
7080 0
7080 0
7080 0
7080 0
7080 0
7080 4
7080 0
7080 3
7080 0
7080 0
7080 0
7080 0
7080 0
7094 0
7094 5
7094 0
7094 0
7094 0
7094 0
7094 0
7094 0
7094 0
7094 0
7094 0
7094 0
7094 0
7094 0
7094 0
7094 0
7094 0
7094 0
7094 0
7094 0
7094 0
7094 0
7094 0
7094 10
7094 0
7094 8
7094 0
7094 0
7094 0
7094 0
7094 0
7119 0
7119 7
7119 0
7119 0
7119 0
7119 0
7119 0
7119 0
7119 0
7119 0
7119 0
7119 0
7119 0
7119 0
7119 0
7119 0
7119 0
7119 0
7119 0
7119 0
7119 0
7119 0
7119 0
7119 9
7119 0
7119 6
7119 0
7119 0
7119 0
7119 0
7119 0
7121 0
7121 7
7121 0
7121 0
7121 0
7121 0
7121 0
7121 0
7121 0
7121 0
7121 0
7121 0
7121 0
7121 0
7121 0
7121 0
7121 0
7121 0
7121 0
7121 0
7121 0
7121 0
7121 0
7121 8
7121 0
7121 6
7121 0
7121 0
7121 0
7121 0
7121 0
7122 0
7122 9
7122 0
7122 0
7122 0
7122 0
7122 0
7122 0
7122 0
7122 0
7122 0
7122 0
7122 0
7122 0
7122 0
7122 0
7122 0
7122 0
7122 0
7122 0
7122 0
7122 0
7122 0
7122 7
7122 0
7122 5
7122 0
7122 0
7122 0
7122 0
7122 0
7137 0
7137 7
7137 0
7137 0
7137 0
7137 0
7137 0
7137 0
7137 0
7137 0
7137 0
7137 0
7137 0
7137 0
7137 0
7137 0
7137 0
7137 0
7137 0
7137 0
7137 0
7137 0
7137 0
7137 9
7137 0
7137 7
7137 0
7137 0
7137 0
7137 0
7137 0
7160 0
7160 5
7160 0
7160 0
7160 0
7160 0
7160 0
7160 0
7160 0
7160 0
7160 0
7160 0
7160 0
7160 0
7160 0
7160 0
7160 0
7160 0
7160 0
7160 0
7160 0
7160 0
7160 0
7160 10
7160 0
7160 8
7160 0
7160 0
7160 0
7160 0
7160 0
7241 0
7241 5
7241 0
7241 0
7241 0
7241 0
7241 0
7241 0
7241 0
7241 0
7241 0
7241 0
7241 0
7241 0
7241 0
7241 0
7241 0
7241 0
7241 0
7241 0
7241 0
7241 0
7241 0
7241 10
7241 0
7241 8
7241 0
7241 0
7241 0
7241 0
7241 0
7281 0
7281 9
7281 0
7281 0
7281 0
7281 0
7281 0
7281 0
7281 0
7281 0
7281 0
7281 0
7281 0
7281 0
7281 0
7281 0
7281 0
7281 0
7281 0
7281 0
7281 0
7281 0
7281 0
7281 3
7281 0
7281 2
7281 0
7281 0
7281 0
7281 0
7281 0
