pt_graph shape
9572 0
9572 0
9572 0
9572 0
9572 0
9572 0
9572 0
9572 0
9572 0
9572 0
9572 1.55
9572 0
9572 0
9572 0
9572 0
9572 0
9572 0
9572 0
9572 0
9572 0
9572 0
9572 37.69
9572 0
9572 0
9572 28.9
9572 0
9572 0
9572 0
9572 0
9572 0
9572 0
9656 0
9656 0
9656 0
9656 0
9656 0
9656 0
9656 0
9656 0
9656 0
9656 0
9656 1.56
9656 0
9656 0
9656 0
9656 0
9656 0
9656 0
9656 0
9656 0
9656 0
9656 0
9656 1.94
9656 0
9656 0
9656 1.69
9656 0
9656 0
9656 0
9656 0
9656 0
9656 0
9670 0
9670 0
9670 0
9670 0
9670 0
9670 0
9670 0
9670 0
9670 0
9670 0
9670 1.63
9670 0
9670 0
9670 0
9670 0
9670 0
9670 0
9670 0
9670 0
9670 0
9670 0
9670 1.68
9670 0
9670 0
9670 1.59
9670 0
9670 0
9670 0
9670 0
9670 0
9670 0
9685 0
9685 0
9685 0
9685 0
9685 0
9685 0
9685 0
9685 0
9685 0
9685 0
9685 1.57
9685 0
9685 0
9685 0
9685 0
9685 0
9685 0
9685 0
9685 0
9685 0
9685 0
9685 1.9
9685 0
9685 0
9685 1.67
9685 0
9685 0
9685 0
9685 0
9685 0
9685 0
9717 0
9717 0
9717 0
9717 0
9717 0
9717 0
9717 0
9717 0
9717 0
9717 0
9717 0.86
9717 0
9717 0
9717 0
9717 0
9717 0
9717 0
9717 0
9717 0
9717 0
9717 0
9717 0.97
9717 0
9717 0
9717 0.94
9717 0
9717 0
9717 0
9717 0
9717 0
9717 0
9721 0
9721 0
9721 0
9721 0
9721 0
9721 0
9721 0
9721 0
9721 0
9721 0
9721 1.49
9721 0
9721 0
9721 0
9721 36.96
9721 0
9721 0
9721 0
9721 0
9721 0
9721 0
9721 2.14
9721 0
9721 0
9721 33.42
9721 0
9721 0
9721 32.99
9721 0
9721 0
9721 0
9726 0
9726 0
9726 0
9726 0
9726 0
9726 0
9726 0
9726 0
9726 0
9726 0
9726 6.71
9726 0
9726 0
9726 0
9726 0
9726 0
9726 0
9726 0
9726 0
9726 0
9726 0
9726 5.98
9726 0
9726 0
9726 0.61
9726 0
9726 0
9726 0
9726 0
9726 0
9726 0
9741 0
9741 0
9741 0
9741 0
9741 0
9741 0
9741 0
9741 0
9741 0
9741 0
9741 1.62
9741 0
9741 0
9741 0
9741 0
9741 0
9741 0
9741 0
9741 0
9741 0
9741 0
9741 1.64
9741 0
9741 0
9741 1.58
9741 0
9741 0
9741 0
9741 0
9741 0
9741 0
9748 0
9748 0
9748 0
9748 0
9748 0
9748 0
9748 0
9748 0
9748 0
9748 0
9748 1.19
9748 0
9748 0
9748 0
9748 0
9748 0
9748 0
9748 0
9748 0
9748 0
9748 0
9748 1.66
9748 0
9748 0
9748 0.8
9748 0
9748 0
9748 0
9748 0
9748 0
9748 0
9766 0
9766 0
9766 0
9766 0
9766 0
9766 0
9766 0
9766 0
9766 0
9766 0
9766 0.67
9766 0
9766 0
9766 0
9766 0
9766 0
9766 0
9766 0
9766 0
9766 0
9766 0
9766 1.27
9766 0
9766 0
9766 0.65
9766 0
9766 0
9766 0
9766 0
9766 0
9766 0
9799 0
9799 0
9799 0
9799 0
9799 0
9799 0
9799 0
9799 0
9799 0
9799 0
9799 0.74
9799 0
9799 0
9799 0
9799 25.53
9799 0
9799 0
9799 0
9799 0
9799 0
9799 0
9799 16.57
9799 0
9799 0
9799 0.75
9799 0
9799 0
9799 34.8
9799 0
9799 0
9799 0
9806 0
9806 0
9806 0
9806 0
9806 0
9806 0
9806 0
9806 0
9806 0
9806 0
9806 32.27
9806 0
9806 0
9806 0
9806 0
9806 0
9806 0
9806 0
9806 0
9806 0
9806 0
9806 28.12
9806 0
9806 0
9806 1.9
9806 0
9806 0
9806 0
9806 0
9806 0
9806 0
9808 0
9808 0
9808 0
9808 0
9808 0
9808 0
9808 0
9808 0
9808 0
9808 0
9808 0.78
9808 0
9808 0
9808 0
9808 0
9808 0
9808 0
9808 0
9808 0
9808 0
9808 0
9808 0.75
9808 0
9808 0
9808 0.69
9808 0
9808 0
9808 0
9808 0
9808 0
9808 0
9813 0
9813 0
9813 0
9813 0
9813 0
9813 0
9813 0
9813 0
9813 0
9813 0
9813 0.97
9813 0
9813 0
9813 0
9813 0
9813 0
9813 0
9813 0
9813 0
9813 0
9813 0
9813 0.82
9813 0
9813 0
9813 0.69
9813 0
9813 0
9813 0
9813 0
9813 0
9813 0
9835 0
9835 0
9835 0
9835 0
9835 0
9835 0
9835 0
9835 0
9835 0
9835 0
9835 1.49
9835 0
9835 0
9835 0
9835 0
9835 0
9835 0
9835 0
9835 0
9835 0
9835 0
9835 9.23
9835 0
9835 0
9835 0.61
9835 0
9835 0
9835 0
9835 0
9835 0
9835 0
9844 0
9844 0
9844 0
9844 0
9844 0
9844 0
9844 0
9844 0
9844 0
9844 0
9844 1.56
9844 0
9844 0
9844 0
9844 0
9844 0
9844 0
9844 0
9844 0
9844 0
9844 0
9844 5.66
9844 0
9844 0
9844 1.36
9844 0
9844 0
9844 28.71
9844 0
9844 0
9844 0
9855 0
9855 0
9855 0
9855 0
9855 0
9855 0
9855 0
9855 0
9855 0
9855 0
9855 0.96
9855 0
9855 0
9855 0
9855 0
9855 0
9855 0
9855 0
9855 0
9855 0
9855 0
9855 0.95
9855 0
9855 0
9855 0.93
9855 0
9855 0
9855 0
9855 0
9855 0
9855 0
9858 0
9858 0
9858 0
9858 0
9858 0
9858 0
9858 0
9858 0
9858 0
9858 0
9858 1.56
9858 0
9858 0
9858 0
9858 0
9858 0
9858 0
9858 0
9858 0
9858 0
9858 0
9858 1.16
9858 0
9858 0
9858 0.93
9858 0
9858 0
9858 0
9858 0
9858 0
9858 0
9869 0
9869 0
9869 0
9869 0
9869 0
9869 0
9869 0
9869 0
9869 0
9869 0
9869 0.6
9869 0
9869 0
9869 0
9869 1.55
9869 0
9869 0
9869 0
9869 0
9869 0
9869 0
9869 0.82
9869 0
9869 0
9869 0.67
9869 0
9869 0
9869 1.55
9869 0
9869 0
9869 0
9874 0
9874 0
9874 0
9874 0
9874 0
9874 0
9874 0
9874 0
9874 0
9874 0
9874 0.83
9874 0
9874 0
9874 0
9874 25.53
9874 0
9874 0
9874 0
9874 0
9874 0
9874 0
9874 2.95
9874 0
9874 0
9874 1.01
9874 0
9874 0
9874 43.66
9874 0
9874 0
9874 0
9896 0
9896 0
9896 0
9896 0
9896 0
9896 0
9896 0
9896 0
9896 0
9896 0
9896 0.74
9896 0
9896 0
9896 0
9896 0
9896 0
9896 0
9896 0
9896 0
9896 0
9896 0
9896 1.3
9896 0
9896 0
9896 0.69
9896 0
9896 0
9896 0
9896 0
9896 0
9896 0
9904 0
9904 0
9904 0
9904 0
9904 0
9904 0
9904 0
9904 0
9904 0
9904 0
9904 0.52
9904 0
9904 0
9904 0
9904 25.64
9904 0
9904 0
9904 0
9904 0
9904 0
9904 0
9904 0.55
9904 0
9904 0
9904 0.47
9904 0
9904 0
9904 34.93
9904 0
9904 0
9904 0
9914 0
9914 0
9914 0
9914 0
9914 0
9914 0
9914 0
9914 0
9914 0
9914 0
9914 0.87
9914 0
9914 0
9914 0
9914 26.8
9914 0
9914 0
9914 0
9914 0
9914 0
9914 0
9914 2.27
9914 0
9914 0
9914 0.72
9914 0
9914 0
9914 0
9914 0
9914 0
9914 0
9916 0
9916 0
9916 0
9916 0
9916 0
9916 0
9916 0
9916 0
9916 0
9916 0
9916 1.48
9916 0
9916 0
9916 0
9916 0
9916 0
9916 0
9916 0
9916 0
9916 0
9916 0
9916 1.57
9916 0
9916 0
9916 1.49
9916 0
9916 0
9916 53.5
9916 0
9916 0
9916 0
9922 0
9922 0
9922 0
9922 0
9922 0
9922 0
9922 0
9922 0
9922 0
9922 0
9922 0.46
9922 0
9922 0
9922 0
9922 35.48
9922 0
9922 0
9922 0
9922 0
9922 0
9922 0
9922 2.03
9922 0
9922 0
9922 1.79
9922 0
9922 0
9922 0
9922 0
9922 0
9922 0
9931 0
9931 0
9931 0
9931 0
9931 0
9931 0
9931 0
9931 0
9931 0
9931 0
9931 1.66
9931 0
9931 0
9931 0
9931 25.53
9931 0
9931 0
9931 0
9931 0
9931 0
9931 0
9931 1.94
9931 0
9931 0
9931 1.57
9931 0
9931 0
9931 34.8
9931 0
9931 0
9931 0
9950 0
9950 0
9950 0
9950 0
9950 0
9950 0
9950 0
9950 0
9950 0
9950 0
9950 0.72
9950 0
9950 0
9950 0
9950 0
9950 0
9950 0
9950 0
9950 0
9950 0
9950 0
9950 1.09
9950 0
9950 0
9950 0.58
9950 0
9950 0
9950 0
9950 0
9950 0
9950 0
9951 0
9951 0
9951 0
9951 0
9951 0
9951 0
9951 0
9951 0
9951 0
9951 0
9951 0.93
9951 0
9951 0
9951 0
9951 36.96
9951 0
9951 0
9951 0
9951 0
9951 0
9951 0
9951 1.03
9951 0
9951 0
9951 0.9
9951 0
9951 0
9951 32.99
9951 0
9951 0
9951 0
9971 0
9971 0
9971 0
9971 0
9971 0
9971 0
9971 0
9971 0
9971 0
9971 0
9971 1.1
9971 0
9971 0
9971 0
9971 0
9971 0
9971 0
9971 0
9971 0
9971 0
9971 0
9971 4.45
9971 0
9971 0
9971 1.03
9971 0
9971 0
9971 43.66
9971 0
9971 0
9971 0
9975 0
9975 0
9975 0
9975 0
9975 0
9975 0
9975 0
9975 0
9975 0
9975 0
9975 1.07
9975 0
9975 0
9975 0
9975 0
9975 0
9975 0
9975 0
9975 0
9975 0
9975 0
9975 3.5
9975 0
9975 0
9975 1.19
9975 0
9975 0
9975 43.66
9975 0
9975 0
9975 0
9979 0
9979 0
9979 0
9979 0
9979 0
9979 0
9979 0
9979 0
9979 0
9979 0
9979 1
9979 0
9979 0
9979 0
9979 1.31
9979 0
9979 0
9979 0
9979 0
9979 0
9979 0
9979 4.07
9979 0
9979 0
9979 0.99
9979 0
9979 0
9979 48.94
9979 0
9979 0
9979 0
9986 0
9986 0
9986 0
9986 0
9986 0
9986 0
9986 0
9986 0
9986 0
9986 0
9986 0.94
9986 0
9986 0
9986 0
9986 0
9986 0
9986 0
9986 0
9986 0
9986 0
9986 0
9986 0.99
9986 0
9986 0
9986 0.92
9986 0
9986 0
9986 0
9986 0
9986 0
9986 0
9989 0
9989 0
9989 0
9989 0
9989 0
9989 0
9989 0
9989 0
9989 0
9989 0
9989 0.97
9989 0
9989 0
9989 0
9989 0
9989 0
9989 0
9989 0
9989 0
9989 0
9989 0
9989 0.91
9989 0
9989 0
9989 0.77
9989 0
9989 0
9989 0
9989 0
9989 0
9989 0
10040 0
10040 0
10040 0
10040 0
10040 0
10040 0
10040 0
10040 0
10040 0
10040 0
10040 1.66
10040 0
10040 0
10040 0
10040 0
10040 0
10040 0
10040 0
10040 0
10040 0
10040 0
10040 33.26
10040 0
10040 0
10040 31.02
10040 0
10040 0
10040 0
10040 0
10040 0
10040 0
10056 0
10056 0
10056 0
10056 0
10056 0
10056 0
10056 0
10056 0
10056 0
10056 0
10056 0.94
10056 0
10056 0
10056 0
10056 0
10056 0
10056 0
10056 0
10056 0
10056 0
10056 0
10056 1
10056 0
10056 0
10056 0.59
10056 0
10056 0
10056 0
10056 0
10056 0
10056 0
10058 0
10058 0
10058 0
10058 0
10058 0
10058 0
10058 0
10058 0
10058 0
10058 0
10058 0.59
10058 0
10058 0
10058 0
10058 1.49
10058 0
10058 0
10058 0
10058 0
10058 0
10058 0
10058 0.82
10058 0
10058 0
10058 0.78
10058 0
10058 0
10058 0
10058 0
10058 0
10058 0
10060 0
10060 0
10060 0
10060 0
10060 0
10060 0
10060 0
10060 0
10060 0
10060 0
10060 36.79
10060 0
10060 0
10060 0
10060 0
10060 0
10060 0
10060 0
10060 0
10060 0
10060 0
10060 6.92
10060 0
10060 0
10060 0.64
10060 0
10060 0
10060 0
10060 0
10060 0
10060 0
10062 0
10062 0
10062 0
10062 0
10062 0
10062 0
10062 0
10062 0
10062 0
10062 0
10062 1.21
10062 0
10062 0
10062 0
10062 0
10062 0
10062 0
10062 0
10062 0
10062 0
10062 0
10062 2.16
10062 0
10062 0
10062 0.8
10062 0
10062 0
10062 0
10062 0
10062 0
10062 0
10085 0
10085 0
10085 0
10085 0
10085 0
10085 0
10085 0
10085 0
10085 0
10085 0
10085 1.48
10085 0
10085 0
10085 0
10085 0
10085 0
10085 0
10085 0
10085 0
10085 0
10085 0
10085 1.57
10085 0
10085 0
10085 1.49
10085 0
10085 0
10085 31.33
10085 0
10085 0
10085 0
10093 0
10093 0
10093 0
10093 0
10093 0
10093 0
10093 0
10093 0
10093 0
10093 0
10093 1.1
10093 0
10093 0
10093 0
10093 40.73
10093 0
10093 0
10093 0
10093 0
10093 0
10093 0
10093 4.88
10093 0
10093 0
10093 1.41
10093 0
10093 0
10093 41.44
10093 0
10093 0
10093 0
10102 0
10102 0
10102 0
10102 0
10102 0
10102 0
10102 0
10102 0
10102 0
10102 0
10102 1.18
10102 0
10102 0
10102 0
10102 1.31
10102 0
10102 0
10102 0
10102 0
10102 0
10102 0
10102 2.1
10102 0
10102 0
10102 0.95
10102 0
10102 0
10102 34.8
10102 0
10102 0
10102 0
10112 0
10112 0
10112 0
10112 0
10112 0
10112 0
10112 0
10112 0
10112 0
10112 0
10112 0.53
10112 0
10112 0
10112 0
10112 25.53
10112 0
10112 0
10112 0
10112 0
10112 0
10112 0
10112 2
10112 0
10112 0
10112 0.51
10112 0
10112 0
10112 0
10112 0
10112 0
10112 0
10116 0
10116 0
10116 0
10116 0
10116 0
10116 0
10116 0
10116 0
10116 0
10116 0
10116 0.91
10116 0
10116 0
10116 0
10116 0
10116 0
10116 0
10116 0
10116 0
10116 0
10116 0
10116 1.26
10116 0
10116 0
10116 0.9
10116 0
10116 0
10116 0
10116 0
10116 0
10116 0
10117 0
10117 0
10117 0
10117 0
10117 0
10117 0
10117 0
10117 0
10117 0
10117 0
10117 1.69
10117 0
10117 0
10117 0
10117 0
10117 0
10117 0
10117 0
10117 0
10117 0
10117 0
10117 37.03
10117 0
10117 0
10117 28.34
10117 0
10117 0
10117 0
10117 0
10117 0
10117 0
10142 0
10142 0
10142 0
10142 0
10142 0
10142 0
10142 0
10142 0
10142 0
10142 0
10142 1.65
10142 0
10142 0
10142 0
10142 0
10142 0
10142 0
10142 0
10142 0
10142 0
10142 0
10142 1.94
10142 0
10142 0
10142 1.55
10142 0
10142 0
10142 0
10142 0
10142 0
10142 0
10151 0
10151 0
10151 0
10151 0
10151 0
10151 0
10151 0
10151 0
10151 0
10151 0
10151 1.88
10151 0
10151 0
10151 0
10151 0
10151 0
10151 0
10151 0
10151 0
10151 0
10151 0
10151 22.6
10151 0
10151 0
10151 31.43
10151 0
10151 0
10151 0
10151 0
10151 0
10151 0
10164 0
10164 0
10164 0
10164 0
10164 0
10164 0
10164 0
10164 0
10164 0
10164 0
10164 0.53
10164 0
10164 0
10164 0
10164 26.8
10164 0
10164 0
10164 0
10164 0
10164 0
10164 0
10164 10.49
10164 0
10164 0
10164 0.65
10164 0
10164 0
10164 28.71
10164 0
10164 0
10164 0
10167 0
10167 0
10167 0
10167 0
10167 0
10167 0
10167 0
10167 0
10167 0
10167 0
10167 0.62
10167 0
10167 0
10167 0
10167 0
10167 0
10167 0
10167 0
10167 0
10167 0
10167 0
10167 4.74
10167 0
10167 0
10167 0.9
10167 0
10167 0
10167 0
10167 0
10167 0
10167 0
10174 0
10174 0
10174 0
10174 0
10174 0
10174 0
10174 0
10174 0
10174 0
10174 0
10174 0.72
10174 0
10174 0
10174 0
10174 7.58
10174 0
10174 0
10174 0
10174 0
10174 0
10174 0
10174 4.4
10174 0
10174 0
10174 0.72
10174 0
10174 0
10174 32.99
10174 0
10174 0
10174 0
10182 0
10182 0
10182 0
10182 0
10182 0
10182 0
10182 0
10182 0
10182 0
10182 0
10182 0.57
10182 0
10182 0
10182 0
10182 0
10182 0
10182 0
10182 0
10182 0
10182 0
10182 0
10182 6.37
10182 0
10182 0
10182 0.54
10182 0
10182 0
10182 0
10182 0
10182 0
10182 0
10198 0
10198 0
10198 0
10198 0
10198 0
10198 0
10198 0
10198 0
10198 0
10198 0
10198 0.94
10198 0
10198 0
10198 0
10198 0
10198 0
10198 0
10198 0
10198 0
10198 0
10198 0
10198 0.99
10198 0
10198 0
10198 0.92
10198 0
10198 0
10198 0
10198 0
10198 0
10198 0
10217 0
10217 0
10217 0
10217 0
10217 0
10217 0
10217 0
10217 0
10217 0
10217 0
10217 3.23
10217 0
10217 0
10217 0
10217 0
10217 0
10217 0
10217 0
10217 0
10217 0
10217 0
10217 1.81
10217 0
10217 0
10217 1.55
10217 0
10217 0
10217 0
10217 0
10217 0
10217 0
10222 0
10222 0
10222 0
10222 0
10222 0
10222 0
10222 0
10222 0
10222 0
10222 0
10222 0.87
10222 0
10222 0
10222 0
10222 25.53
10222 0
10222 0
10222 0
10222 0
10222 0
10222 0
10222 0.98
10222 0
10222 0
10222 0.93
10222 0
10222 0
10222 0
10222 0
10222 0
10222 0
10232 0
10232 0
10232 0
10232 0
10232 0
10232 0
10232 0
10232 0
10232 0
10232 0
10232 1.66
10232 0
10232 0
10232 0
10232 0
10232 0
10232 0
10232 0
10232 0
10232 0
10232 0
10232 31.91
10232 0
10232 0
10232 39.32
10232 0
10232 0
10232 0
10232 0
10232 0
10232 0
10238 0
10238 0
10238 0
10238 0
10238 0
10238 0
10238 0
10238 0
10238 0
10238 0
10238 1.55
10238 0
10238 0
10238 0
10238 0
10238 0
10238 0
10238 0
10238 0
10238 0
10238 0
10238 37.69
10238 0
10238 0
10238 28.9
10238 0
10238 0
10238 0
10238 0
10238 0
10238 0
10242 0
10242 0
10242 0
10242 0
10242 0
10242 0
10242 0
10242 0
10242 0
10242 0
10242 0.54
10242 0
10242 0
10242 0
10242 0
10242 0
10242 0
10242 0
10242 0
10242 0
10242 0
10242 1.67
10242 0
10242 0
10242 1.34
10242 0
10242 0
10242 0
10242 0
10242 0
10242 0
10254 0
10254 0
10254 0
10254 0
10254 0
10254 0
10254 0
10254 0
10254 0
10254 0
10254 0.71
10254 0
10254 0
10254 0
10254 0
10254 0
10254 0
10254 0
10254 0
10254 0
10254 0
10254 3.46
10254 0
10254 0
10254 0.67
10254 0
10254 0
10254 43.66
10254 0
10254 0
10254 0
10266 0
10266 0
10266 0
10266 0
10266 0
10266 0
10266 0
10266 0
10266 0
10266 0
10266 1.49
10266 0
10266 0
10266 0
10266 40.73
10266 0
10266 0
10266 0
10266 0
10266 0
10266 0
10266 1.6
10266 0
10266 0
10266 1.59
10266 0
10266 0
10266 41.44
10266 0
10266 0
10266 0
10276 0
10276 0
10276 0
10276 0
10276 0
10276 0
10276 0
10276 0
10276 0
10276 0
10276 0.84
10276 0
10276 0
10276 0
10276 0
10276 0
10276 0
10276 0
10276 0
10276 0
10276 0
10276 1.42
10276 0
10276 0
10276 0.97
10276 0
10276 0
10276 0
10276 0
10276 0
10276 0
10307 0
10307 0
10307 0
10307 0
10307 0
10307 0
10307 0
10307 0
10307 0
10307 0
10307 1.49
10307 0
10307 0
10307 0
10307 40.73
10307 0
10307 0
10307 0
10307 0
10307 0
10307 0
10307 1.6
10307 0
10307 0
10307 1.59
10307 0
10307 0
10307 41.44
10307 0
10307 0
10307 0
10309 0
10309 0
10309 0
10309 0
10309 0
10309 0
10309 0
10309 0
10309 0
10309 0
10309 0.93
10309 0
10309 0
10309 0
10309 40.73
10309 0
10309 0
10309 0
10309 0
10309 0
10309 0
10309 1.37
10309 0
10309 0
10309 0.84
10309 0
10309 0
10309 41.44
10309 0
10309 0
10309 0
10311 0
10311 0
10311 0
10311 0
10311 0
10311 0
10311 0
10311 0
10311 0
10311 0
10311 0.75
10311 0
10311 0
10311 0
10311 0
10311 0
10311 0
10311 0
10311 0
10311 0
10311 0
10311 1.54
10311 0
10311 0
10311 0.72
10311 0
10311 0
10311 0
10311 0
10311 0
10311 0
10313 0
10313 0
10313 0
10313 0
10313 0
10313 0
10313 0
10313 0
10313 0
10313 0
10313 1.49
10313 0
10313 0
10313 0
10313 40.73
10313 0
10313 0
10313 0
10313 0
10313 0
10313 0
10313 1.6
10313 0
10313 0
10313 1.59
10313 0
10313 0
10313 41.44
10313 0
10313 0
10313 0
10349 0
10349 0
10349 0
10349 0
10349 0
10349 0
10349 0
10349 0
10349 0
10349 0
10349 0.77
10349 0
10349 0
10349 0
10349 10.59
10349 0
10349 0
10349 0
10349 0
10349 0
10349 0
10349 1.3
10349 0
10349 0
10349 0.89
10349 0
10349 0
10349 0
10349 0
10349 0
10349 0
10353 0
10353 0
10353 0
10353 0
10353 0
10353 0
10353 0
10353 0
10353 0
10353 0
10353 1.61
10353 0
10353 0
10353 0
10353 0
10353 0
10353 0
10353 0
10353 0
10353 0
10353 0
10353 31.88
10353 0
10353 0
10353 23.93
10353 0
10353 0
10353 0
10353 0
10353 0
10353 0
10492 0
10492 0
10492 0
10492 0
10492 0
10492 0
10492 0
10492 0
10492 0
10492 0
10492 0.85
10492 0
10492 0
10492 0
10492 35.48
10492 0
10492 0
10492 0
10492 0
10492 0
10492 0
10492 1.93
10492 0
10492 0
10492 0.97
10492 0
10492 0
10492 0
10492 0
10492 0
10492 0
