pt_graph shape
8312 0
8312 0
8312 0
8312 0
8312 0
8312 0
8312 0
8312 0
8312 0
8312 0
8312 1.46
8312 0
8312 0
8312 0
8312 16.75
8312 0
8312 0
8312 0
8312 0
8312 0
8312 0
8312 0
8312 0
8312 0
8312 36.75
8312 0
8312 0
8312 0
8312 0
8312 0
8312 0
8383 0
8383 0
8383 0
8383 0
8383 0
8383 0
8383 0
8383 0
8383 0
8383 0
8383 1.51
8383 0
8383 0
8383 0
8383 32.11
8383 0
8383 0
8383 0
8383 0
8383 0
8383 0
8383 0
8383 0
8383 0
8383 38.09
8383 0
8383 0
8383 0
8383 0
8383 0
8383 0
8429 0
8429 0
8429 0
8429 0
8429 0
8429 0
8429 0
8429 0
8429 0
8429 0
8429 1.46
8429 0
8429 0
8429 0
8429 16.75
8429 0
8429 0
8429 0
8429 0
8429 0
8429 0
8429 0
8429 0
8429 0
8429 36.75
8429 0
8429 0
8429 0
8429 0
8429 0
8429 0
8432 0
8432 0
8432 0
8432 0
8432 0
8432 0
8432 0
8432 0
8432 0
8432 0
8432 1.51
8432 0
8432 0
8432 0
8432 32.11
8432 0
8432 0
8432 0
8432 0
8432 0
8432 0
8432 0
8432 0
8432 0
8432 38.09
8432 0
8432 0
8432 0
8432 0
8432 0
8432 0
8466 0
8466 0
8466 0
8466 0
8466 0
8466 0
8466 0
8466 0
8466 0
8466 0
8466 1.46
8466 0
8466 0
8466 0
8466 16.75
8466 0
8466 0
8466 0
8466 0
8466 0
8466 0
8466 0
8466 0
8466 0
8466 36.75
8466 0
8466 0
8466 0
8466 0
8466 0
8466 0
8482 0
8482 0
8482 0
8482 0
8482 0
8482 0
8482 0
8482 0
8482 0
8482 0
8482 1.46
8482 0
8482 0
8482 0
8482 16.75
8482 0
8482 0
8482 0
8482 0
8482 0
8482 0
8482 0
8482 0
8482 0
8482 36.75
8482 0
8482 0
8482 0
8482 0
8482 0
8482 0
8509 0
8509 0
8509 0
8509 0
8509 0
8509 0
8509 0
8509 0
8509 0
8509 0
8509 0.75
8509 0
8509 0
8509 0
8509 1.44
8509 0
8509 0
8509 0
8509 0
8509 0
8509 0
8509 0
8509 0
8509 0
8509 1.44
8509 0
8509 0
8509 0
8509 0
8509 0
8509 0
8547 0
8547 0
8547 0
8547 0
8547 0
8547 0
8547 0
8547 0
8547 0
8547 0
8547 0.75
8547 0
8547 0
8547 0
8547 1.44
8547 0
8547 0
8547 0
8547 0
8547 0
8547 0
8547 0
8547 0
8547 0
8547 1.44
8547 0
8547 0
8547 0
8547 0
8547 0
8547 0
8567 0
8567 0
8567 0
8567 0
8567 0
8567 0
8567 0
8567 0
8567 0
8567 0
8567 1.5
8567 0
8567 0
8567 0
8567 0
8567 0
8567 0
8567 0
8567 0
8567 0
8567 0
8567 0
8567 0
8567 0
8567 25.47
8567 0
8567 0
8567 0
8567 0
8567 0
8567 0
8572 0
8572 0
8572 0
8572 0
8572 0
8572 0
8572 0
8572 0
8572 0
8572 0
8572 1.62
8572 0
8572 0
8572 0
8572 34
8572 0
8572 0
8572 0
8572 0
8572 0
8572 0
8572 0
8572 0
8572 0
8572 35.24
8572 0
8572 0
8572 0
8572 0
8572 0
8572 0
8590 0
8590 0
8590 0
8590 0
8590 0
8590 0
8590 0
8590 0
8590 0
8590 0
8590 1.46
8590 0
8590 0
8590 0
8590 16.75
8590 0
8590 0
8590 0
8590 0
8590 0
8590 0
8590 0
8590 0
8590 0
8590 36.75
8590 0
8590 0
8590 0
8590 0
8590 0
8590 0
8604 0
8604 0
8604 0
8604 0
8604 0
8604 0
8604 0
8604 0
8604 0
8604 0
8604 1.5
8604 0
8604 0
8604 0
8604 0
8604 0
8604 0
8604 0
8604 0
8604 0
8604 0
8604 0
8604 0
8604 0
8604 25.47
8604 0
8604 0
8604 0
8604 0
8604 0
8604 0
8605 0
8605 0
8605 0
8605 0
8605 0
8605 0
8605 0
8605 0
8605 0
8605 0
8605 1.48
8605 0
8605 0
8605 0
8605 38.48
8605 0
8605 0
8605 0
8605 0
8605 0
8605 0
8605 0
8605 0
8605 0
8605 1.92
8605 0
8605 0
8605 0
8605 0
8605 0
8605 0
8617 0
8617 0
8617 0
8617 0
8617 0
8617 0
8617 0
8617 0
8617 0
8617 0
8617 1.48
8617 0
8617 0
8617 0
8617 18.09
8617 0
8617 0
8617 0
8617 0
8617 0
8617 0
8617 0
8617 0
8617 0
8617 1.64
8617 0
8617 0
8617 0
8617 0
8617 0
8617 0
8631 0
8631 0
8631 0
8631 0
8631 0
8631 0
8631 0
8631 0
8631 0
8631 0
8631 1.48
8631 0
8631 0
8631 0
8631 18.09
8631 0
8631 0
8631 0
8631 0
8631 0
8631 0
8631 0
8631 0
8631 0
8631 1.64
8631 0
8631 0
8631 0
8631 0
8631 0
8631 0
8677 0
8677 0
8677 0
8677 0
8677 0
8677 0
8677 0
8677 0
8677 0
8677 0
8677 1.5
8677 0
8677 0
8677 0
8677 0
8677 0
8677 0
8677 0
8677 0
8677 0
8677 0
8677 0
8677 0
8677 0
8677 25.47
8677 0
8677 0
8677 0
8677 0
8677 0
8677 0
8681 0
8681 0
8681 0
8681 0
8681 0
8681 0
8681 0
8681 0
8681 0
8681 0
8681 1.5
8681 0
8681 0
8681 0
8681 0
8681 0
8681 0
8681 0
8681 0
8681 0
8681 0
8681 0
8681 0
8681 0
8681 25.47
8681 0
8681 0
8681 0
8681 0
8681 0
8681 0
8686 0
8686 0
8686 0
8686 0
8686 0
8686 0
8686 0
8686 0
8686 0
8686 0
8686 0.53
8686 0
8686 0
8686 0
8686 1.31
8686 0
8686 0
8686 0
8686 0
8686 0
8686 0
8686 0
8686 0
8686 0
8686 1.43
8686 0
8686 0
8686 0
8686 0
8686 0
8686 0
8699 0
8699 0
8699 0
8699 0
8699 0
8699 0
8699 0
8699 0
8699 0
8699 0
8699 0.63
8699 0
8699 0
8699 0
8699 31.64
8699 0
8699 0
8699 0
8699 0
8699 0
8699 0
8699 0
8699 0
8699 0
8699 0.74
8699 0
8699 0
8699 0
8699 0
8699 0
8699 0
8749 0
8749 0
8749 0
8749 0
8749 0
8749 0
8749 0
8749 0
8749 0
8749 0
8749 1.48
8749 0
8749 0
8749 0
8749 38.48
8749 0
8749 0
8749 0
8749 0
8749 0
8749 0
8749 0
8749 0
8749 0
8749 1.92
8749 0
8749 0
8749 0
8749 0
8749 0
8749 0
8774 0
8774 0
8774 0
8774 0
8774 0
8774 0
8774 0
8774 0
8774 0
8774 0
8774 0.67
8774 0
8774 0
8774 0
8774 1.31
8774 0
8774 0
8774 0
8774 0
8774 0
8774 0
8774 0
8774 0
8774 0
8774 1.77
8774 0
8774 0
8774 0
8774 0
8774 0
8774 0
8781 0
8781 0
8781 0
8781 0
8781 0
8781 0
8781 0
8781 0
8781 0
8781 0
8781 0.6
8781 0
8781 0
8781 0
8781 31.64
8781 0
8781 0
8781 0
8781 0
8781 0
8781 0
8781 0
8781 0
8781 0
8781 0.69
8781 0
8781 0
8781 0
8781 0
8781 0
8781 0
8808 0
8808 0
8808 0
8808 0
8808 0
8808 0
8808 0
8808 0
8808 0
8808 0
8808 1.48
8808 0
8808 0
8808 0
8808 38.48
8808 0
8808 0
8808 0
8808 0
8808 0
8808 0
8808 0
8808 0
8808 0
8808 1.92
8808 0
8808 0
8808 0
8808 0
8808 0
8808 0
8833 0
8833 0
8833 0
8833 0
8833 0
8833 0
8833 0
8833 0
8833 0
8833 0
8833 1.5
8833 0
8833 0
8833 0
8833 0
8833 0
8833 0
8833 0
8833 0
8833 0
8833 0
8833 0
8833 0
8833 0
8833 28.96
8833 0
8833 0
8833 0
8833 0
8833 0
8833 0
8835 0
8835 0
8835 0
8835 0
8835 0
8835 0
8835 0
8835 0
8835 0
8835 0
8835 1.48
8835 0
8835 0
8835 0
8835 18.09
8835 0
8835 0
8835 0
8835 0
8835 0
8835 0
8835 0
8835 0
8835 0
8835 1.64
8835 0
8835 0
8835 0
8835 0
8835 0
8835 0
8856 0
8856 0
8856 0
8856 0
8856 0
8856 0
8856 0
8856 0
8856 0
8856 0
8856 0.67
8856 0
8856 0
8856 0
8856 1.31
8856 0
8856 0
8856 0
8856 0
8856 0
8856 0
8856 0
8856 0
8856 0
8856 1.77
8856 0
8856 0
8856 0
8856 0
8856 0
8856 0
8917 0
8917 0
8917 0
8917 0
8917 0
8917 0
8917 0
8917 0
8917 0
8917 0
8917 0.78
8917 0
8917 0
8917 0
8917 1.31
8917 0
8917 0
8917 0
8917 0
8917 0
8917 0
8917 0
8917 0
8917 0
8917 0.87
8917 0
8917 0
8917 0
8917 0
8917 0
8917 0
8925 0
8925 0
8925 0
8925 0
8925 0
8925 0
8925 0
8925 0
8925 0
8925 0
8925 0.93
8925 0
8925 0
8925 0
8925 38.48
8925 0
8925 0
8925 0
8925 0
8925 0
8925 0
8925 0
8925 0
8925 0
8925 0.91
8925 0
8925 0
8925 0
8925 0
8925 0
8925 0
8936 0
8936 0
8936 0
8936 0
8936 0
8936 0
8936 0
8936 0
8936 0
8936 0
8936 1.5
8936 0
8936 0
8936 0
8936 0
8936 0
8936 0
8936 0
8936 0
8936 0
8936 0
8936 0
8936 0
8936 0
8936 28.96
8936 0
8936 0
8936 0
8936 0
8936 0
8936 0
8982 0
8982 0
8982 0
8982 0
8982 0
8982 0
8982 0
8982 0
8982 0
8982 0
8982 0.93
8982 0
8982 0
8982 0
8982 38.48
8982 0
8982 0
8982 0
8982 0
8982 0
8982 0
8982 0
8982 0
8982 0
8982 0.91
8982 0
8982 0
8982 0
8982 0
8982 0
8982 0
9009 0
9009 0
9009 0
9009 0
9009 0
9009 0
9009 0
9009 0
9009 0
9009 0
9009 1.48
9009 0
9009 0
9009 0
9009 18.09
9009 0
9009 0
9009 0
9009 0
9009 0
9009 0
9009 0
9009 0
9009 0
9009 1.64
9009 0
9009 0
9009 0
9009 0
9009 0
9009 0
9061 0
9061 0
9061 0
9061 0
9061 0
9061 0
9061 0
9061 0
9061 0
9061 0
9061 0.79
9061 0
9061 0
9061 0
9061 0
9061 0
9061 0
9061 0
9061 0
9061 0
9061 0
9061 0
9061 0
9061 0
9061 0.83
9061 0
9061 0
9061 0
9061 0
9061 0
9061 0
9181 0
9181 0
9181 0
9181 0
9181 0
9181 0
9181 0
9181 0
9181 0
9181 0
9181 0.86
9181 0
9181 0
9181 0
9181 31.64
9181 0
9181 0
9181 0
9181 0
9181 0
9181 0
9181 0
9181 0
9181 0
9181 17.65
9181 0
9181 0
9181 0
9181 0
9181 0
9181 0
9217 0
9217 0
9217 0
9217 0
9217 0
9217 0
9217 0
9217 0
9217 0
9217 0
9217 1.5
9217 0
9217 0
9217 0
9217 0
9217 0
9217 0
9217 0
9217 0
9217 0
9217 0
9217 0
9217 0
9217 0
9217 25.47
9217 0
9217 0
9217 0
9217 0
9217 0
9217 0
9233 0
9233 0
9233 0
9233 0
9233 0
9233 0
9233 0
9233 0
9233 0
9233 0
9233 1.48
9233 0
9233 0
9233 0
9233 38.48
9233 0
9233 0
9233 0
9233 0
9233 0
9233 0
9233 0
9233 0
9233 0
9233 1.92
9233 0
9233 0
9233 0
9233 0
9233 0
9233 0
9282 0
9282 0
9282 0
9282 0
9282 0
9282 0
9282 0
9282 0
9282 0
9282 0
9282 1.47
9282 0
9282 0
9282 0
9282 0
9282 0
9282 0
9282 0
9282 0
9282 0
9282 0
9282 0
9282 0
9282 0
9282 26.23
9282 0
9282 0
9282 0
9282 0
9282 0
9282 0
9331 0
9331 0
9331 0
9331 0
9331 0
9331 0
9331 0
9331 0
9331 0
9331 0
9331 1.56
9331 0
9331 0
9331 0
9331 0
9331 0
9331 0
9331 0
9331 0
9331 0
9331 0
9331 0
9331 0
9331 0
9331 47.97
9331 0
9331 0
9331 0
9331 0
9331 0
9331 0
9339 0
9339 0
9339 0
9339 0
9339 0
9339 0
9339 0
9339 0
9339 0
9339 0
9339 1.48
9339 0
9339 0
9339 0
9339 30.2
9339 0
9339 0
9339 0
9339 0
9339 0
9339 0
9339 0
9339 0
9339 0
9339 16.06
9339 0
9339 0
9339 0
9339 0
9339 0
9339 0
9345 0
9345 0
9345 0
9345 0
9345 0
9345 0
9345 0
9345 0
9345 0
9345 0
9345 1.48
9345 0
9345 0
9345 0
9345 30.2
9345 0
9345 0
9345 0
9345 0
9345 0
9345 0
9345 0
9345 0
9345 0
9345 16.06
9345 0
9345 0
9345 0
9345 0
9345 0
9345 0
9358 0
9358 0
9358 0
9358 0
9358 0
9358 0
9358 0
9358 0
9358 0
9358 0
9358 0.65
9358 0
9358 0
9358 0
9358 0
9358 0
9358 0
9358 0
9358 0
9358 0
9358 0
9358 0
9358 0
9358 0
9358 36.2
9358 0
9358 0
9358 32.74
9358 0
9358 0
9358 0
9361 0
9361 0
9361 0
9361 0
9361 0
9361 0
9361 0
9361 0
9361 0
9361 0
9361 1.56
9361 0
9361 0
9361 0
9361 0
9361 0
9361 0
9361 0
9361 0
9361 0
9361 0
9361 0
9361 0
9361 0
9361 47.97
9361 0
9361 0
9361 0
9361 0
9361 0
9361 0
9365 0
9365 0
9365 0
9365 0
9365 0
9365 0
9365 0
9365 0
9365 0
9365 0
9365 0.63
9365 0
9365 0
9365 0
9365 0
9365 0
9365 0
9365 0
9365 0
9365 0
9365 0
9365 0
9365 0
9365 0
9365 2.13
9365 0
9365 0
9365 29.23
9365 0
9365 0
9365 0
9366 0
9366 0
9366 0
9366 0
9366 0
9366 0
9366 0
9366 0
9366 0
9366 0
9366 0.93
9366 0
9366 0
9366 0
9366 0
9366 0
9366 0
9366 0
9366 0
9366 0
9366 0
9366 0
9366 0
9366 0
9366 2.21
9366 0
9366 0
9366 0
9366 0
9366 0
9366 0
9370 0
9370 0
9370 0
9370 0
9370 0
9370 0
9370 0
9370 0
9370 0
9370 0
9370 1.48
9370 0
9370 0
9370 0
9370 0
9370 0
9370 0
9370 0
9370 0
9370 0
9370 0
9370 0
9370 0
9370 0
9370 27.14
9370 0
9370 0
9370 35.03
9370 0
9370 0
9370 0
9371 0
9371 0
9371 0
9371 0
9371 0
9371 0
9371 0
9371 0
9371 0
9371 0
9371 1.48
9371 0
9371 0
9371 0
9371 35.33
9371 0
9371 0
9371 0
9371 0
9371 0
9371 0
9371 0
9371 0
9371 0
9371 39.4
9371 0
9371 0
9371 0
9371 0
9371 0
9371 0
9372 0
9372 0
9372 0
9372 0
9372 0
9372 0
9372 0
9372 0
9372 0
9372 0
9372 0.91
9372 0
9372 0
9372 0
9372 0
9372 0
9372 0
9372 0
9372 0
9372 0
9372 0
9372 0
9372 0
9372 0
9372 1.41
9372 0
9372 0
9372 0
9372 0
9372 0
9372 0
9386 0
9386 0
9386 0
9386 0
9386 0
9386 0
9386 0
9386 0
9386 0
9386 0
9386 0.72
9386 0
9386 0
9386 0
9386 0
9386 0
9386 0
9386 0
9386 0
9386 0
9386 0
9386 0
9386 0
9386 0
9386 34.49
9386 0
9386 0
9386 0
9386 0
9386 0
9386 0
9401 0
9401 0
9401 0
9401 0
9401 0
9401 0
9401 0
9401 0
9401 0
9401 0
9401 0.61
9401 0
9401 0
9401 0
9401 0
9401 0
9401 0
9401 0
9401 0
9401 0
9401 0
9401 0
9401 0
9401 0
9401 1.34
9401 0
9401 0
9401 32.74
9401 0
9401 0
9401 0
9407 0
9407 0
9407 0
9407 0
9407 0
9407 0
9407 0
9407 0
9407 0
9407 0
9407 1.47
9407 0
9407 0
9407 0
9407 0
9407 0
9407 0
9407 0
9407 0
9407 0
9407 0
9407 0
9407 0
9407 0
9407 1.58
9407 0
9407 0
9407 56.56
9407 0
9407 0
9407 0
9412 0
9412 0
9412 0
9412 0
9412 0
9412 0
9412 0
9412 0
9412 0
9412 0
9412 1.56
9412 0
9412 0
9412 0
9412 0
9412 0
9412 0
9412 0
9412 0
9412 0
9412 0
9412 0
9412 0
9412 0
9412 26.36
9412 0
9412 0
9412 0
9412 0
9412 0
9412 0
9435 0
9435 0
9435 0
9435 0
9435 0
9435 0
9435 0
9435 0
9435 0
9435 0
9435 0.74
9435 0
9435 0
9435 0
9435 0
9435 0
9435 0
9435 0
9435 0
9435 0
9435 0
9435 0
9435 0
9435 0
9435 0.59
9435 0
9435 0
9435 0
9435 0
9435 0
9435 0
9442 0
9442 0
9442 0
9442 0
9442 0
9442 0
9442 0
9442 0
9442 0
9442 0
9442 0.83
9442 0
9442 0
9442 0
9442 0
9442 0
9442 0
9442 0
9442 0
9442 0
9442 0
9442 0
9442 0
9442 0
9442 1.5
9442 0
9442 0
9442 35.03
9442 0
9442 0
9442 0
9445 0
9445 0
9445 0
9445 0
9445 0
9445 0
9445 0
9445 0
9445 0
9445 0
9445 0.92
9445 0
9445 0
9445 0
9445 21.32
9445 0
9445 0
9445 0
9445 0
9445 0
9445 0
9445 0
9445 0
9445 0
9445 13.46
9445 0
9445 0
9445 0
9445 0
9445 0
9445 0
9457 0
9457 0
9457 0
9457 0
9457 0
9457 0
9457 0
9457 0
9457 0
9457 0
9457 0.77
9457 0
9457 0
9457 0
9457 0
9457 0
9457 0
9457 0
9457 0
9457 0
9457 0
9457 0
9457 0
9457 0
9457 7.53
9457 0
9457 0
9457 29.23
9457 0
9457 0
9457 0
9470 0
9470 0
9470 0
9470 0
9470 0
9470 0
9470 0
9470 0
9470 0
9470 0
9470 1.48
9470 0
9470 0
9470 0
9470 0
9470 0
9470 0
9470 0
9470 0
9470 0
9470 0
9470 0
9470 0
9470 0
9470 27.14
9470 0
9470 0
9470 35.03
9470 0
9470 0
9470 0
9477 0
9477 0
9477 0
9477 0
9477 0
9477 0
9477 0
9477 0
9477 0
9477 0
9477 0.53
9477 0
9477 0
9477 0
9477 3.35
9477 0
9477 0
9477 0
9477 0
9477 0
9477 0
9477 0
9477 0
9477 0
9477 1.69
9477 0
9477 0
9477 4.24
9477 0
9477 0
9477 0
9480 0
9480 0
9480 0
9480 0
9480 0
9480 0
9480 0
9480 0
9480 0
9480 0
9480 1.48
9480 0
9480 0
9480 0
9480 35.33
9480 0
9480 0
9480 0
9480 0
9480 0
9480 0
9480 0
9480 0
9480 0
9480 39.4
9480 0
9480 0
9480 0
9480 0
9480 0
9480 0
9482 0
9482 0
9482 0
9482 0
9482 0
9482 0
9482 0
9482 0
9482 0
9482 0
9482 0.59
9482 0
9482 0
9482 0
9482 0
9482 0
9482 0
9482 0
9482 0
9482 0
9482 0
9482 0
9482 0
9482 0
9482 2.44
9482 0
9482 0
9482 0
9482 0
9482 0
9482 0
9485 0
9485 0
9485 0
9485 0
9485 0
9485 0
9485 0
9485 0
9485 0
9485 0
9485 1.47
9485 0
9485 0
9485 0
9485 27.43
9485 0
9485 0
9485 0
9485 0
9485 0
9485 0
9485 0
9485 0
9485 0
9485 36.97
9485 0
9485 0
9485 41.14
9485 0
9485 0
9485 0
9520 0
9520 0
9520 0
9520 0
9520 0
9520 0
9520 0
9520 0
9520 0
9520 0
9520 0.56
9520 0
9520 0
9520 0
9520 35.33
9520 0
9520 0
9520 0
9520 0
9520 0
9520 0
9520 0
9520 0
9520 0
9520 1.34
9520 0
9520 0
9520 32.74
9520 0
9520 0
9520 0
9524 0
9524 0
9524 0
9524 0
9524 0
9524 0
9524 0
9524 0
9524 0
9524 0
9524 0.93
9524 0
9524 0
9524 0
9524 0
9524 0
9524 0
9524 0
9524 0
9524 0
9524 0
9524 0
9524 0
9524 0
9524 0.69
9524 0
9524 0
9524 0
9524 0
9524 0
9524 0
9526 0
9526 0
9526 0
9526 0
9526 0
9526 0
9526 0
9526 0
9526 0
9526 0
9526 0.69
9526 0
9526 0
9526 0
9526 0
9526 0
9526 0
9526 0
9526 0
9526 0
9526 0
9526 0
9526 0
9526 0
9526 8.38
9526 0
9526 0
9526 0
9526 0
9526 0
9526 0
9541 0
9541 0
9541 0
9541 0
9541 0
9541 0
9541 0
9541 0
9541 0
9541 0
9541 0.91
9541 0
9541 0
9541 0
9541 0
9541 0
9541 0
9541 0
9541 0
9541 0
9541 0
9541 0
9541 0
9541 0
9541 1.41
9541 0
9541 0
9541 0
9541 0
9541 0
9541 0
9554 0
9554 0
9554 0
9554 0
9554 0
9554 0
9554 0
9554 0
9554 0
9554 0
9554 1.47
9554 0
9554 0
9554 0
9554 27.43
9554 0
9554 0
9554 0
9554 0
9554 0
9554 0
9554 0
9554 0
9554 0
9554 36.97
9554 0
9554 0
9554 41.14
9554 0
9554 0
9554 0
9556 0
9556 0
9556 0
9556 0
9556 0
9556 0
9556 0
9556 0
9556 0
9556 0
9556 0.79
9556 0
9556 0
9556 0
9556 0
9556 0
9556 0
9556 0
9556 0
9556 0
9556 0
9556 0
9556 0
9556 0
9556 0.81
9556 0
9556 0
9556 0
9556 0
9556 0
9556 0
9559 0
9559 0
9559 0
9559 0
9559 0
9559 0
9559 0
9559 0
9559 0
9559 0
9559 1.49
9559 0
9559 0
9559 0
9559 0
9559 0
9559 0
9559 0
9559 0
9559 0
9559 0
9559 0
9559 0
9559 0
9559 33.27
9559 0
9559 0
9559 29.23
9559 0
9559 0
9559 0
9580 0
9580 0
9580 0
9580 0
9580 0
9580 0
9580 0
9580 0
9580 0
9580 0
9580 1.48
9580 0
9580 0
9580 0
9580 0
9580 0
9580 0
9580 0
9580 0
9580 0
9580 0
9580 0
9580 0
9580 0
9580 27.14
9580 0
9580 0
9580 35.03
9580 0
9580 0
9580 0
9593 0
9593 0
9593 0
9593 0
9593 0
9593 0
9593 0
9593 0
9593 0
9593 0
9593 1.47
9593 0
9593 0
9593 0
9593 0
9593 0
9593 0
9593 0
9593 0
9593 0
9593 0
9593 0
9593 0
9593 0
9593 26.23
9593 0
9593 0
9593 0
9593 0
9593 0
9593 0
9614 0
9614 0
9614 0
9614 0
9614 0
9614 0
9614 0
9614 0
9614 0
9614 0
9614 1.47
9614 0
9614 0
9614 0
9614 0
9614 0
9614 0
9614 0
9614 0
9614 0
9614 0
9614 0
9614 0
9614 0
9614 26.23
9614 0
9614 0
9614 0
9614 0
9614 0
9614 0
9621 0
9621 0
9621 0
9621 0
9621 0
9621 0
9621 0
9621 0
9621 0
9621 0
9621 0.55
9621 0
9621 0
9621 0
9621 2.55
9621 0
9621 0
9621 0
9621 0
9621 0
9621 0
9621 0
9621 0
9621 0
9621 2.77
9621 0
9621 0
9621 48.97
9621 0
9621 0
9621 0
9626 0
9626 0
9626 0
9626 0
9626 0
9626 0
9626 0
9626 0
9626 0
9626 0
9626 0.9
9626 0
9626 0
9626 0
9626 27.43
9626 0
9626 0
9626 0
9626 0
9626 0
9626 0
9626 0
9626 0
9626 0
9626 14.65
9626 0
9626 0
9626 14.44
9626 0
9626 0
9626 0
9641 0
9641 0
9641 0
9641 0
9641 0
9641 0
9641 0
9641 0
9641 0
9641 0
9641 1.48
9641 0
9641 0
9641 0
9641 0
9641 0
9641 0
9641 0
9641 0
9641 0
9641 0
9641 0
9641 0
9641 0
9641 27.68
9641 0
9641 0
9641 0
9641 0
9641 0
9641 0
9644 0
9644 0
9644 0
9644 0
9644 0
9644 0
9644 0
9644 0
9644 0
9644 0
9644 1.48
9644 0
9644 0
9644 0
9644 0
9644 0
9644 0
9644 0
9644 0
9644 0
9644 0
9644 0
9644 0
9644 0
9644 1.61
9644 0
9644 0
9644 0
9644 0
9644 0
9644 0
9656 0
9656 0
9656 0
9656 0
9656 0
9656 0
9656 0
9656 0
9656 0
9656 0
9656 0.56
9656 0
9656 0
9656 0
9656 1.25
9656 0
9656 0
9656 0
9656 0
9656 0
9656 0
9656 0
9656 0
9656 0
9656 4.96
9656 0
9656 0
9656 0
9656 0
9656 0
9656 0
9662 0
9662 0
9662 0
9662 0
9662 0
9662 0
9662 0
9662 0
9662 0
9662 0
9662 1.65
9662 0
9662 0
9662 0
9662 0
9662 0
9662 0
9662 0
9662 0
9662 0
9662 0
9662 0
9662 0
9662 0
9662 42.81
9662 0
9662 0
9662 0
9662 0
9662 0
9662 0
9666 0
9666 0
9666 0
9666 0
9666 0
9666 0
9666 0
9666 0
9666 0
9666 0
9666 1.56
9666 0
9666 0
9666 0
9666 0
9666 0
9666 0
9666 0
9666 0
9666 0
9666 0
9666 0
9666 0
9666 0
9666 47.97
9666 0
9666 0
9666 0
9666 0
9666 0
9666 0
9670 0
9670 0
9670 0
9670 0
9670 0
9670 0
9670 0
9670 0
9670 0
9670 0
9670 1.49
9670 0
9670 0
9670 0
9670 0
9670 0
9670 0
9670 0
9670 0
9670 0
9670 0
9670 0
9670 0
9670 0
9670 33.27
9670 0
9670 0
9670 29.23
9670 0
9670 0
9670 0
9682 0
9682 0
9682 0
9682 0
9682 0
9682 0
9682 0
9682 0
9682 0
9682 0
9682 1.56
9682 0
9682 0
9682 0
9682 0
9682 0
9682 0
9682 0
9682 0
9682 0
9682 0
9682 0
9682 0
9682 0
9682 26.36
9682 0
9682 0
9682 0
9682 0
9682 0
9682 0
9693 0
9693 0
9693 0
9693 0
9693 0
9693 0
9693 0
9693 0
9693 0
9693 0
9693 1.48
9693 0
9693 0
9693 0
9693 0
9693 0
9693 0
9693 0
9693 0
9693 0
9693 0
9693 0
9693 0
9693 0
9693 1.61
9693 0
9693 0
9693 0
9693 0
9693 0
9693 0
9698 0
9698 0
9698 0
9698 0
9698 0
9698 0
9698 0
9698 0
9698 0
9698 0
9698 1.48
9698 0
9698 0
9698 0
9698 0
9698 0
9698 0
9698 0
9698 0
9698 0
9698 0
9698 0
9698 0
9698 0
9698 23.23
9698 0
9698 0
9698 0
9698 0
9698 0
9698 0
9717 0
9717 0
9717 0
9717 0
9717 0
9717 0
9717 0
9717 0
9717 0
9717 0
9717 1.69
9717 0
9717 0
9717 0
9717 0
9717 0
9717 0
9717 0
9717 0
9717 0
9717 0
9717 0
9717 0
9717 0
9717 38.85
9717 0
9717 0
9717 0
9717 0
9717 0
9717 0
9721 0
9721 0
9721 0
9721 0
9721 0
9721 0
9721 0
9721 0
9721 0
9721 0
9721 1.56
9721 0
9721 0
9721 0
9721 0
9721 0
9721 0
9721 0
9721 0
9721 0
9721 0
9721 0
9721 0
9721 0
9721 26.36
9721 0
9721 0
9721 0
9721 0
9721 0
9721 0
9741 0
9741 0
9741 0
9741 0
9741 0
9741 0
9741 0
9741 0
9741 0
9741 0
9741 0.92
9741 0
9741 0
9741 0
9741 21.32
9741 0
9741 0
9741 0
9741 0
9741 0
9741 0
9741 0
9741 0
9741 0
9741 0.87
9741 0
9741 0
9741 0
9741 0
9741 0
9741 0
9748 0
9748 0
9748 0
9748 0
9748 0
9748 0
9748 0
9748 0
9748 0
9748 0
9748 1.55
9748 0
9748 0
9748 0
9748 0
9748 0
9748 0
9748 0
9748 0
9748 0
9748 0
9748 0
9748 0
9748 0
9748 29.77
9748 0
9748 0
9748 0
9748 0
9748 0
9748 0
9749 0
9749 0
9749 0
9749 0
9749 0
9749 0
9749 0
9749 0
9749 0
9749 0
9749 0.57
9749 0
9749 0
9749 0
9749 0.88
9749 0
9749 0
9749 0
9749 0
9749 0
9749 0
9749 0
9749 0
9749 0
9749 2.61
9749 0
9749 0
9749 5.39
9749 0
9749 0
9749 0
9764 0
9764 0
9764 0
9764 0
9764 0
9764 0
9764 0
9764 0
9764 0
9764 0
9764 1.48
9764 0
9764 0
9764 0
9764 0
9764 0
9764 0
9764 0
9764 0
9764 0
9764 0
9764 0
9764 0
9764 0
9764 1.61
9764 0
9764 0
9764 0
9764 0
9764 0
9764 0
9808 0
9808 0
9808 0
9808 0
9808 0
9808 0
9808 0
9808 0
9808 0
9808 0
9808 0.93
9808 0
9808 0
9808 0
9808 0
9808 0
9808 0
9808 0
9808 0
9808 0
9808 0
9808 0
9808 0
9808 0
9808 0.9
9808 0
9808 0
9808 29.23
9808 0
9808 0
9808 0
9813 0
9813 0
9813 0
9813 0
9813 0
9813 0
9813 0
9813 0
9813 0
9813 0
9813 0.67
9813 0
9813 0
9813 0
9813 0
9813 0
9813 0
9813 0
9813 0
9813 0
9813 0
9813 0
9813 0
9813 0
9813 2.89
9813 0
9813 0
9813 0
9813 0
9813 0
9813 0
9818 0
9818 0
9818 0
9818 0
9818 0
9818 0
9818 0
9818 0
9818 0
9818 0
9818 1.63
9818 0
9818 0
9818 0
9818 0
9818 0
9818 0
9818 0
9818 0
9818 0
9818 0
9818 0
9818 0
9818 0
9818 22.48
9818 0
9818 0
9818 0
9818 0
9818 0
9818 0
9819 0
9819 0
9819 0
9819 0
9819 0
9819 0
9819 0
9819 0
9819 0
9819 0
9819 1.48
9819 0
9819 0
9819 0
9819 0
9819 0
9819 0
9819 0
9819 0
9819 0
9819 0
9819 0
9819 0
9819 0
9819 2.58
9819 0
9819 0
9819 0
9819 0
9819 0
9819 0
9835 0
9835 0
9835 0
9835 0
9835 0
9835 0
9835 0
9835 0
9835 0
9835 0
9835 1.47
9835 0
9835 0
9835 0
9835 0
9835 0
9835 0
9835 0
9835 0
9835 0
9835 0
9835 0
9835 0
9835 0
9835 1.5
9835 0
9835 0
9835 38.51
9835 0
9835 0
9835 0
9838 0
9838 0
9838 0
9838 0
9838 0
9838 0
9838 0
9838 0
9838 0
9838 0
9838 0.93
9838 0
9838 0
9838 0
9838 1.69
9838 0
9838 0
9838 0
9838 0
9838 0
9838 0
9838 0
9838 0
9838 0
9838 0.91
9838 0
9838 0
9838 6.36
9838 0
9838 0
9838 0
9844 0
9844 0
9844 0
9844 0
9844 0
9844 0
9844 0
9844 0
9844 0
9844 0
9844 1.65
9844 0
9844 0
9844 0
9844 0
9844 0
9844 0
9844 0
9844 0
9844 0
9844 0
9844 0
9844 0
9844 0
9844 1.96
9844 0
9844 0
9844 0
9844 0
9844 0
9844 0
9855 0
9855 0
9855 0
9855 0
9855 0
9855 0
9855 0
9855 0
9855 0
9855 0
9855 0.79
9855 0
9855 0
9855 0
9855 0
9855 0
9855 0
9855 0
9855 0
9855 0
9855 0
9855 0
9855 0
9855 0
9855 0.81
9855 0
9855 0
9855 0
9855 0
9855 0
9855 0
9858 0
9858 0
9858 0
9858 0
9858 0
9858 0
9858 0
9858 0
9858 0
9858 0
9858 0.46
9858 0
9858 0
9858 0
9858 0
9858 0
9858 0
9858 0
9858 0
9858 0
9858 0
9858 0
9858 0
9858 0
9858 1.27
9858 0
9858 0
9858 35.7
9858 0
9858 0
9858 0
9869 0
9869 0
9869 0
9869 0
9869 0
9869 0
9869 0
9869 0
9869 0
9869 0
9869 0.93
9869 0
9869 0
9869 0
9869 0
9869 0
9869 0
9869 0
9869 0
9869 0
9869 0
9869 0
9869 0
9869 0
9869 1.24
9869 0
9869 0
9869 0
9869 0
9869 0
9869 0
9888 0
9888 0
9888 0
9888 0
9888 0
9888 0
9888 0
9888 0
9888 0
9888 0
9888 0.75
9888 0
9888 0
9888 0
9888 0
9888 0
9888 0
9888 0
9888 0
9888 0
9888 0
9888 0
9888 0
9888 0
9888 0.79
9888 0
9888 0
9888 42.32
9888 0
9888 0
9888 0
9914 0
9914 0
9914 0
9914 0
9914 0
9914 0
9914 0
9914 0
9914 0
9914 0
9914 0.79
9914 0
9914 0
9914 0
9914 0
9914 0
9914 0
9914 0
9914 0
9914 0
9914 0
9914 0
9914 0
9914 0
9914 0.9
9914 0
9914 0
9914 0
9914 0
9914 0
9914 0
9922 0
9922 0
9922 0
9922 0
9922 0
9922 0
9922 0
9922 0
9922 0
9922 0
9922 0.93
9922 0
9922 0
9922 0
9922 0.97
9922 0
9922 0
9922 0
9922 0
9922 0
9922 0
9922 0
9922 0
9922 0
9922 46.89
9922 0
9922 0
9922 41.44
9922 0
9922 0
9922 0
9975 0
9975 0
9975 0
9975 0
9975 0
9975 0
9975 0
9975 0
9975 0
9975 0
9975 0.89
9975 0
9975 0
9975 0
9975 0
9975 0
9975 0
9975 0
9975 0
9975 0
9975 0
9975 0
9975 0
9975 0
9975 0.9
9975 0
9975 0
9975 35.7
9975 0
9975 0
9975 0
9979 0
9979 0
9979 0
9979 0
9979 0
9979 0
9979 0
9979 0
9979 0
9979 0
9979 1.48
9979 0
9979 0
9979 0
9979 0
9979 0
9979 0
9979 0
9979 0
9979 0
9979 0
9979 0
9979 0
9979 0
9979 27.68
9979 0
9979 0
9979 0
9979 0
9979 0
9979 0
9986 0
9986 0
9986 0
9986 0
9986 0
9986 0
9986 0
9986 0
9986 0
9986 0
9986 0.93
9986 0
9986 0
9986 0
9986 0
9986 0
9986 0
9986 0
9986 0
9986 0
9986 0
9986 0
9986 0
9986 0
9986 0.94
9986 0
9986 0
9986 52.03
9986 0
9986 0
9986 0
9989 0
9989 0
9989 0
9989 0
9989 0
9989 0
9989 0
9989 0
9989 0
9989 0
9989 1.56
9989 0
9989 0
9989 0
9989 0
9989 0
9989 0
9989 0
9989 0
9989 0
9989 0
9989 0
9989 0
9989 0
9989 26.36
9989 0
9989 0
9989 0
9989 0
9989 0
9989 0
10033 0
10033 0
10033 0
10033 0
10033 0
10033 0
10033 0
10033 0
10033 0
10033 0
10033 0.75
10033 0
10033 0
10033 0
10033 0
10033 0
10033 0
10033 0
10033 0
10033 0
10033 0
10033 0
10033 0
10033 0
10033 0.79
10033 0
10033 0
10033 42.32
10033 0
10033 0
10033 0
10056 0
10056 0
10056 0
10056 0
10056 0
10056 0
10056 0
10056 0
10056 0
10056 0
10056 1.65
10056 0
10056 0
10056 0
10056 0
10056 0
10056 0
10056 0
10056 0
10056 0
10056 0
10056 0
10056 0
10056 0
10056 1.96
10056 0
10056 0
10056 0
10056 0
10056 0
10056 0
10058 0
10058 0
10058 0
10058 0
10058 0
10058 0
10058 0
10058 0
10058 0
10058 0
10058 1.48
10058 0
10058 0
10058 0
10058 0
10058 0
10058 0
10058 0
10058 0
10058 0
10058 0
10058 0
10058 0
10058 0
10058 1.68
10058 0
10058 0
10058 0
10058 0
10058 0
10058 0
10060 0
10060 0
10060 0
10060 0
10060 0
10060 0
10060 0
10060 0
10060 0
10060 0
10060 1.47
10060 0
10060 0
10060 0
10060 18.09
10060 0
10060 0
10060 0
10060 0
10060 0
10060 0
10060 0
10060 0
10060 0
10060 26.83
10060 0
10060 0
10060 41.44
10060 0
10060 0
10060 0
10062 0
10062 0
10062 0
10062 0
10062 0
10062 0
10062 0
10062 0
10062 0
10062 0
10062 0.55
10062 0
10062 0
10062 0
10062 0
10062 0
10062 0
10062 0
10062 0
10062 0
10062 0
10062 0
10062 0
10062 0
10062 3.32
10062 0
10062 0
10062 0
10062 0
10062 0
10062 0
10093 0
10093 0
10093 0
10093 0
10093 0
10093 0
10093 0
10093 0
10093 0
10093 0
10093 1.47
10093 0
10093 0
10093 0
10093 21.32
10093 0
10093 0
10093 0
10093 0
10093 0
10093 0
10093 0
10093 0
10093 0
10093 33.02
10093 0
10093 0
10093 0
10093 0
10093 0
10093 0
10116 0
10116 0
10116 0
10116 0
10116 0
10116 0
10116 0
10116 0
10116 0
10116 0
10116 0.78
10116 0
10116 0
10116 0
10116 0.98
10116 0
10116 0
10116 0
10116 0
10116 0
10116 0
10116 0
10116 0
10116 0
10116 31.23
10116 0
10116 0
10116 43
10116 0
10116 0
10116 0
10164 0
10164 0
10164 0
10164 0
10164 0
10164 0
10164 0
10164 0
10164 0
10164 0
10164 1.65
10164 0
10164 0
10164 0
10164 0
10164 0
10164 0
10164 0
10164 0
10164 0
10164 0
10164 0
10164 0
10164 0
10164 1.96
10164 0
10164 0
10164 0
10164 0
10164 0
10164 0
10167 0
10167 0
10167 0
10167 0
10167 0
10167 0
10167 0
10167 0
10167 0
10167 0
10167 1.47
10167 0
10167 0
10167 0
10167 0
10167 0
10167 0
10167 0
10167 0
10167 0
10167 0
10167 0
10167 0
10167 0
10167 1.5
10167 0
10167 0
10167 38.51
10167 0
10167 0
10167 0
10182 0
10182 0
10182 0
10182 0
10182 0
10182 0
10182 0
10182 0
10182 0
10182 0
10182 0.42
10182 0
10182 0
10182 0
10182 0
10182 0
10182 0
10182 0
10182 0
10182 0
10182 0
10182 0
10182 0
10182 0
10182 1.05
10182 0
10182 0
10182 3.16
10182 0
10182 0
10182 0
10222 0
10222 0
10222 0
10222 0
10222 0
10222 0
10222 0
10222 0
10222 0
10222 0
10222 0.49
10222 0
10222 0
10222 0
10222 0
10222 0
10222 0
10222 0
10222 0
10222 0
10222 0
10222 0
10222 0
10222 0
10222 0.82
10222 0
10222 0
10222 30.44
10222 0
10222 0
10222 0
10226 0
10226 0
10226 0
10226 0
10226 0
10226 0
10226 0
10226 0
10226 0
10226 0
10226 0.65
10226 0
10226 0
10226 0
10226 0
10226 0
10226 0
10226 0
10226 0
10226 0
10226 0
10226 0
10226 0
10226 0
10226 1.96
10226 0
10226 0
10226 0
10226 0
10226 0
10226 0
10232 0
10232 0
10232 0
10232 0
10232 0
10232 0
10232 0
10232 0
10232 0
10232 0
10232 0.49
10232 0
10232 0
10232 0
10232 0
10232 0
10232 0
10232 0
10232 0
10232 0
10232 0
10232 0
10232 0
10232 0
10232 0.58
10232 0
10232 0
10232 2.16
10232 0
10232 0
10232 0
10238 0
10238 0
10238 0
10238 0
10238 0
10238 0
10238 0
10238 0
10238 0
10238 0
10238 0.47
10238 0
10238 0
10238 0
10238 21.32
10238 0
10238 0
10238 0
10238 0
10238 0
10238 0
10238 0
10238 0
10238 0
10238 1.33
10238 0
10238 0
10238 2.73
10238 0
10238 0
10238 0
10242 0
10242 0
10242 0
10242 0
10242 0
10242 0
10242 0
10242 0
10242 0
10242 0
10242 0.4
10242 0
10242 0
10242 0
10242 0
10242 0
10242 0
10242 0
10242 0
10242 0
10242 0
10242 0
10242 0
10242 0
10242 0.73
10242 0
10242 0
10242 2.16
10242 0
10242 0
10242 0
10254 0
10254 0
10254 0
10254 0
10254 0
10254 0
10254 0
10254 0
10254 0
10254 0
10254 0.48
10254 0
10254 0
10254 0
10254 0
10254 0
10254 0
10254 0
10254 0
10254 0
10254 0
10254 0
10254 0
10254 0
10254 1.13
10254 0
10254 0
10254 2.29
10254 0
10254 0
10254 0
10266 0
10266 0
10266 0
10266 0
10266 0
10266 0
10266 0
10266 0
10266 0
10266 0
10266 1.47
10266 0
10266 0
10266 0
10266 0
10266 0
10266 0
10266 0
10266 0
10266 0
10266 0
10266 0
10266 0
10266 0
10266 0
10266 0
10266 0
10266 0
10266 0
10266 0
10266 0
10276 0
10276 0
10276 0
10276 0
10276 0
10276 0
10276 0
10276 0
10276 0
10276 0
10276 0.75
10276 0
10276 0
10276 0
10276 18.09
10276 0
10276 0
10276 0
10276 0
10276 0
10276 0
10276 0
10276 0
10276 0
10276 0.86
10276 0
10276 0
10276 2.82
10276 0
10276 0
10276 0
10295 0
10295 0
10295 0
10295 0
10295 0
10295 0
10295 0
10295 0
10295 0
10295 0
10295 0.93
10295 0
10295 0
10295 0
10295 0
10295 0
10295 0
10295 0
10295 0
10295 0
10295 0
10295 0
10295 0
10295 0
10295 37.55
10295 0
10295 0
10295 0
10295 0
10295 0
10295 0
10307 0
10307 0
10307 0
10307 0
10307 0
10307 0
10307 0
10307 0
10307 0
10307 0
10307 0.49
10307 0
10307 0
10307 0
10307 0
10307 0
10307 0
10307 0
10307 0
10307 0
10307 0
10307 0
10307 0
10307 0
10307 0.61
10307 0
10307 0
10307 3.3
10307 0
10307 0
10307 0
10311 0
10311 0
10311 0
10311 0
10311 0
10311 0
10311 0
10311 0
10311 0
10311 0
10311 0.69
10311 0
10311 0
10311 0
10311 0
10311 0
10311 0
10311 0
10311 0
10311 0
10311 0
10311 0
10311 0
10311 0
10311 3.89
10311 0
10311 0
10311 0
10311 0
10311 0
10311 0
10321 0
10321 0
10321 0
10321 0
10321 0
10321 0
10321 0
10321 0
10321 0
10321 0
10321 0.44
10321 0
10321 0
10321 0
10321 0
10321 0
10321 0
10321 0
10321 0
10321 0
10321 0
10321 0
10321 0
10321 0
10321 0.45
10321 0
10321 0
10321 2.16
10321 0
10321 0
10321 0
10349 0
10349 0
10349 0
10349 0
10349 0
10349 0
10349 0
10349 0
10349 0
10349 0
10349 0.79
10349 0
10349 0
10349 0
10349 0
10349 0
10349 0
10349 0
10349 0
10349 0
10349 0
10349 0
10349 0
10349 0
10349 0.81
10349 0
10349 0
10349 0
10349 0
10349 0
10349 0
10353 0
10353 0
10353 0
10353 0
10353 0
10353 0
10353 0
10353 0
10353 0
10353 0
10353 1.55
10353 0
10353 0
10353 0
10353 0
10353 0
10353 0
10353 0
10353 0
10353 0
10353 0
10353 0
10353 0
10353 0
10353 29.77
10353 0
10353 0
10353 0
10353 0
10353 0
10353 0
10367 0
10367 0
10367 0
10367 0
10367 0
10367 0
10367 0
10367 0
10367 0
10367 0
10367 0.93
10367 0
10367 0
10367 0
10367 0
10367 0
10367 0
10367 0
10367 0
10367 0
10367 0
10367 0
10367 0
10367 0
10367 1.04
10367 0
10367 0
10367 0
10367 0
10367 0
10367 0
10368 0
10368 0
10368 0
10368 0
10368 0
10368 0
10368 0
10368 0
10368 0
10368 0
10368 0.88
10368 0
10368 0
10368 0
10368 0
10368 0
10368 0
10368 0
10368 0
10368 0
10368 0
10368 0
10368 0
10368 0
10368 0.73
10368 0
10368 0
10368 63.71
10368 0
10368 0
10368 0
10427 0
10427 0
10427 0
10427 0
10427 0
10427 0
10427 0
10427 0
10427 0
10427 0
10427 1.48
10427 0
10427 0
10427 0
10427 0
10427 0
10427 0
10427 0
10427 0
10427 0
10427 0
10427 0
10427 0
10427 0
10427 23.23
10427 0
10427 0
10427 0
10427 0
10427 0
10427 0
10492 0
10492 0
10492 0
10492 0
10492 0
10492 0
10492 0
10492 0
10492 0
10492 0
10492 0.51
10492 0
10492 0
10492 0
10492 0
10492 0
10492 0
10492 0
10492 0
10492 0
10492 0
10492 0
10492 0
10492 0
10492 5.93
10492 0
10492 0
10492 0
10492 0
10492 0
10492 0
10899 0
10899 0
10899 0
10899 0
10899 0
10899 0
10899 0
10899 0
10899 0
10899 0
10899 0
10899 1.47
10899 0
10899 0
10899 0
10899 0
10899 0
10899 0
10899 0
10899 0
10899 0
10899 0
10899 0
10899 0
10899 0
10899 0
10899 0
10899 0
10899 0
10899 0
10899 0
10902 0
10902 0
10902 0
10902 0
10902 0
10902 0
10902 0
10902 0
10902 0
10902 0
10902 0
10902 0.93
10902 0
10902 0
10902 0
10902 0
10902 0
10902 0
10902 0
10902 0
10902 0
10902 0
10902 0
10902 0
10902 0
10902 0
10902 0
10902 0
10902 0
10902 0
10902 0
10909 0
10909 0
10909 0
10909 0
10909 0
10909 0
10909 0
10909 0
10909 0
10909 0
10909 0
10909 1.56
10909 0
10909 0
10909 0
10909 0
10909 0
10909 0
10909 0
10909 0
10909 0
10909 0
10909 0
10909 0
10909 0
10909 0
10909 0
10909 0
10909 0
10909 0
10909 0
10913 0
10913 0
10913 0
10913 0
10913 0
10913 0
10913 0
10913 0
10913 0
10913 0
10913 0
10913 0.89
10913 0
10913 0
10913 0
10913 0
10913 0
10913 0
10913 0
10913 0
10913 0
10913 0
10913 0
10913 0
10913 0
10913 0
10913 0
10913 0
10913 0
10913 0
10913 0
10914 0
10914 0
10914 0
10914 0
10914 0
10914 0
10914 0
10914 0
10914 0
10914 0
10914 0
10914 1.61
10914 0
10914 0
10914 0
10914 0
10914 0
10914 0
10914 0
10914 0
10914 0
10914 0
10914 0
10914 0
10914 0
10914 0
10914 0
10914 0
10914 0
10914 0
10914 0
10916 0
10916 0
10916 0
10916 0
10916 0
10916 0
10916 0
10916 0
10916 0
10916 0
10916 0
10916 1.48
10916 0
10916 0
10916 0
10916 0
10916 0
10916 0
10916 0
10916 0
10916 0
10916 0
10916 0
10916 0
10916 0
10916 0
10916 0
10916 0
10916 0
10916 0
10916 0
10918 0
10918 0
10918 0
10918 0
10918 0
10918 0
10918 0
10918 0
10918 0
10918 0
10918 0
10918 0.63
10918 0
10918 0
10918 0
10918 0
10918 0
10918 0
10918 0
10918 0
10918 0
10918 0
10918 0
10918 0
10918 0
10918 0
10918 0
10918 0
10918 0
10918 0
10918 0
10920 0
10920 0
10920 0
10920 0
10920 0
10920 0
10920 0
10920 0
10920 0
10920 0
10920 0
10920 0.62
10920 0
10920 0
10920 0
10920 0
10920 0
10920 0
10920 0
10920 0
10920 0
10920 0
10920 0
10920 0
10920 1.81
10920 0
10920 0
10920 0
10920 0
10920 0
10920 0
10926 0
10926 0
10926 0
10926 0
10926 0
10926 0
10926 0
10926 0
10926 0
10926 0
10926 0
10926 0.53
10926 0
10926 0
10926 0
10926 0
10926 0
10926 0
10926 0
10926 0
10926 0
10926 0
10926 0
10926 0
10926 1.76
10926 0
10926 0
10926 0
10926 0
10926 0
10926 0
10929 0
10929 0
10929 0
10929 0
10929 0
10929 0
10929 0
10929 0
10929 0
10929 0
10929 0
10929 0.67
10929 0
10929 0
10929 0
10929 0
10929 0
10929 0
10929 0
10929 0
10929 0
10929 0
10929 0
10929 0
10929 26.67
10929 0
10929 0
10929 0
10929 0
10929 0
10929 0
10930 0
10930 0
10930 0
10930 0
10930 0
10930 0
10930 0
10930 0
10930 0
10930 0
10930 0
10930 1.47
10930 0
10930 0
10930 0
10930 0
10930 0
10930 0
10930 0
10930 0
10930 0
10930 0
10930 0
10930 0
10930 0
10930 0
10930 0
10930 0
10930 0
10930 0
10930 0
10935 0
10935 0
10935 0
10935 0
10935 0
10935 0
10935 0
10935 0
10935 0
10935 0
10935 0
10935 0.9
10935 0
10935 0
10935 0
10935 0
10935 0
10935 0
10935 0
10935 0
10935 0
10935 0
10935 0
10935 0
10935 0
10935 0
10935 0
10935 0
10935 0
10935 0
10935 0
10939 0
10939 0
10939 0
10939 0
10939 0
10939 0
10939 0
10939 0
10939 0
10939 0
10939 0
10939 1.48
10939 0
10939 0
10939 0
10939 0
10939 0
10939 0
10939 0
10939 0
10939 0
10939 0
10939 0
10939 0
10939 0
10939 0
10939 0
10939 0
10939 0
10939 0
10939 0
10942 0
10942 0
10942 0
10942 0
10942 0
10942 0
10942 0
10942 0
10942 0
10942 0
10942 0
10942 0.47
10942 0
10942 0
10942 0
10942 0
10942 0
10942 0
10942 0
10942 0
10942 0
10942 0
10942 0
10942 0
10942 0
10942 0
10942 0
10942 0
10942 0
10942 0
10942 0
10943 0
10943 0
10943 0
10943 0
10943 0
10943 0
10943 0
10943 0
10943 0
10943 0
10943 0
10943 1.61
10943 0
10943 0
10943 0
10943 0
10943 0
10943 0
10943 0
10943 0
10943 0
10943 0
10943 0
10943 0
10943 0
10943 0
10943 0
10943 0
10943 0
10943 0
10943 0
10947 0
10947 0
10947 0
10947 0
10947 0
10947 0
10947 0
10947 0
10947 0
10947 0
10947 0
10947 0.94
10947 0
10947 0
10947 0
10947 0
10947 0
10947 0
10947 0
10947 0
10947 0
10947 0
10947 0
10947 0
10947 0
10947 0
10947 0
10947 0
10947 0
10947 0
10947 0
10948 0
10948 0
10948 0
10948 0
10948 0
10948 0
10948 0
10948 0
10948 0
10948 0
10948 0
10948 1.61
10948 0
10948 0
10948 0
10948 0
10948 0
10948 0
10948 0
10948 0
10948 0
10948 0
10948 0
10948 0
10948 0
10948 0
10948 0
10948 0
10948 0
10948 0
10948 0
10953 0
10953 0
10953 0
10953 0
10953 0
10953 0
10953 0
10953 0
10953 0
10953 0
10953 0
10953 0.7
10953 0
10953 0
10953 0
10953 0
10953 0
10953 0
10953 0
10953 0
10953 0
10953 0
10953 0
10953 0
10953 0
10953 0
10953 0
10953 0
10953 0
10953 0
10953 0
10955 0
10955 0
10955 0
10955 0
10955 0
10955 0
10955 0
10955 0
10955 0
10955 0
10955 0
10955 0.56
10955 0
10955 0
10955 0
10955 0
10955 0
10955 0
10955 0
10955 0
10955 0
10955 0
10955 0
10955 0
10955 1.46
10955 0
10955 0
10955 0
10955 0
10955 0
10955 0
10959 0
10959 0
10959 0
10959 0
10959 0
10959 0
10959 0
10959 0
10959 0
10959 0
10959 0
10959 1.47
10959 0
10959 0
10959 0
10959 0
10959 0
10959 0
10959 0
10959 0
10959 0
10959 0
10959 0
10959 0
10959 0
10959 0
10959 0
10959 0
10959 0
10959 0
10959 0
10961 0
10961 0
10961 0
10961 0
10961 0
10961 0
10961 0
10961 0
10961 0
10961 0
10961 0
10961 1.13
10961 0
10961 0
10961 0
10961 0
10961 0
10961 0
10961 0
10961 0
10961 0
10961 0
10961 0
10961 0
10961 0
10961 0
10961 0
10961 0
10961 0
10961 0
10961 0
10962 0
10962 0
10962 0
10962 0
10962 0
10962 0
10962 0
10962 0
10962 0
10962 0
10962 0
10962 0.75
10962 0
10962 0
10962 0
10962 0
10962 0
10962 0
10962 0
10962 0
10962 0
10962 0
10962 0
10962 0
10962 0
10962 0
10962 0
10962 0
10962 0
10962 0
10962 0
10963 0
10963 0
10963 0
10963 0
10963 0
10963 0
10963 0
10963 0
10963 0
10963 0
10963 0
10963 0.46
10963 0
10963 0
10963 0
10963 0
10963 0
10963 0
10963 0
10963 0
10963 0
10963 0
10963 0
10963 0
10963 38.68
10963 0
10963 0
10963 0
10963 0
10963 0
10963 0
10966 0
10966 0
10966 0
10966 0
10966 0
10966 0
10966 0
10966 0
10966 0
10966 0
10966 0
10966 0.91
10966 0
10966 0
10966 0
10966 0
10966 0
10966 0
10966 0
10966 0
10966 0
10966 0
10966 0
10966 0
10966 0
10966 0
10966 0
10966 0
10966 0
10966 0
10966 0
10968 0
10968 0
10968 0
10968 0
10968 0
10968 0
10968 0
10968 0
10968 0
10968 0
10968 0
10968 0.64
10968 0
10968 0
10968 0
10968 0
10968 0
10968 0
10968 0
10968 0
10968 0
10968 0
10968 0
10968 0
10968 0
10968 0
10968 0
10968 0
10968 0
10968 0
10968 0
10969 0
10969 0
10969 0
10969 0
10969 0
10969 0
10969 0
10969 0
10969 0
10969 0
10969 0
10969 1.48
10969 0
10969 0
10969 0
10969 0
10969 0
10969 0
10969 0
10969 0
10969 0
10969 0
10969 0
10969 0
10969 0
10969 0
10969 0
10969 0
10969 0
10969 0
10969 0
10972 0
10972 0
10972 0
10972 0
10972 0
10972 0
10972 0
10972 0
10972 0
10972 0
10972 0
10972 0.52
10972 0
10972 0
10972 0
10972 0
10972 0
10972 0
10972 0
10972 0
10972 0
10972 0
10972 0
10972 0
10972 0
10972 0
10972 0
10972 0
10972 0
10972 0
10972 0
10975 0
10975 0
10975 0
10975 0
10975 0
10975 0
10975 0
10975 0
10975 0
10975 0
10975 0
10975 1.48
10975 0
10975 0
10975 0
10975 0
10975 0
10975 0
10975 0
10975 0
10975 0
10975 0
10975 0
10975 0
10975 0
10975 0
10975 0
10975 0
10975 0
10975 0
10975 0
10976 0
10976 0
10976 0
10976 0
10976 0
10976 0
10976 0
10976 0
10976 0
10976 0
10976 0
10976 0.7
10976 0
10976 0
10976 0
10976 0
10976 0
10976 0
10976 0
10976 0
10976 0
10976 0
10976 0
10976 0
10976 0
10976 0
10976 0
10976 0
10976 0
10976 0
10976 0
10979 0
10979 0
10979 0
10979 0
10979 0
10979 0
10979 0
10979 0
10979 0
10979 0
10979 0
10979 1.61
10979 0
10979 0
10979 0
10979 0
10979 0
10979 0
10979 0
10979 0
10979 0
10979 0
10979 0
10979 0
10979 0
10979 0
10979 0
10979 0
10979 0
10979 0
10979 0
10984 0
10984 0
10984 0
10984 0
10984 0
10984 0
10984 0
10984 0
10984 0
10984 0
10984 0
10984 0.77
10984 0
10984 0
10984 0
10984 0
10984 0
10984 0
10984 0
10984 0
10984 0
10984 0
10984 0
10984 0
10984 38.68
10984 0
10984 0
10984 0
10984 0
10984 0
10984 0
10986 0
10986 0
10986 0
10986 0
10986 0
10986 0
10986 0
10986 0
10986 0
10986 0
10986 0
10986 1.61
10986 0
10986 0
10986 0
10986 0
10986 0
10986 0
10986 0
10986 0
10986 0
10986 0
10986 0
10986 0
10986 0
10986 0
10986 0
10986 0
10986 0
10986 0
10986 0
10988 0
10988 0
10988 0
10988 0
10988 0
10988 0
10988 0
10988 0
10988 0
10988 0
10988 0
10988 0.91
10988 0
10988 0
10988 0
10988 0
10988 0
10988 0
10988 0
10988 0
10988 0
10988 0
10988 0
10988 0
10988 0
10988 0
10988 0
10988 0
10988 0
10988 0
10988 0
10994 0
10994 0
10994 0
10994 0
10994 0
10994 0
10994 0
10994 0
10994 0
10994 0
10994 0
10994 1.48
10994 0
10994 0
10994 0
10994 0
10994 0
10994 0
10994 0
10994 0
10994 0
10994 0
10994 0
10994 0
10994 35.68
10994 0
10994 0
10994 0
10994 0
10994 0
10994 0
