pt_graph cpue_kghour
4362 0
4362 20
4362 0
4362 0
4362 0
4362 0
4362 0
4362 0
4362 0
4362 0
4362 0
4362 0
4362 0
4362 0
4362 0
4362 0
4362 0
4362 0
4362 0
4362 0
4362 1
4362 0
4362 0
4362 0
4362 0
4362 1
4362 0
4362 0
4362 0
4362 0
4362 0
4533 0
4533 20
4533 0
4533 0
4533 0
4533 0
4533 0
4533 0
4533 0
4533 0
4533 0
4533 0
4533 0
4533 0
4533 0
4533 0
4533 0
4533 0
4533 0
4533 0
4533 1
4533 0
4533 0
4533 0
4533 0
4533 1
4533 0
4533 0
4533 0
4533 0
4533 0
4639 0
4639 24
4639 0
4639 0
4639 0
4639 0
4639 0
4639 0
4639 0
4639 0
4639 0
4639 0
4639 0
4639 0
4639 0
4639 0
4639 0
4639 0
4639 0
4639 0
4639 0
4639 0
4639 0
4639 4
4639 0
4639 18
4639 0
4639 0
4639 0
4639 0
4639 0
4656 0
4656 18
4656 0
4656 0
4656 0
4656 0
4656 0
4656 0
4656 0
4656 0
4656 0
4656 0
4656 0
4656 0
4656 0
4656 0
4656 0
4656 0
4656 0
4656 0
4656 0
4656 0
4656 0
4656 3
4656 0
4656 15
4656 0
4656 0
4656 0
4656 0
4656 0
4670 0
4670 17
4670 0
4670 0
4670 0
4670 0
4670 0
4670 0
4670 0
4670 0
4670 0
4670 0
4670 0
4670 0
4670 0
4670 0
4670 0
4670 0
4670 0
4670 0
4670 0
4670 0
4670 0
4670 3
4670 0
4670 11
4670 0
4670 0
4670 0
4670 0
4670 0
4689 0
4689 13
4689 0
4689 0
4689 0
4689 0
4689 0
4689 0
4689 0
4689 0
4689 0
4689 0
4689 0
4689 0
4689 0
4689 0
4689 0
4689 0
4689 0
4689 0
4689 0
4689 0
4689 0
4689 3
4689 0
4689 8
4689 0
4689 0
4689 0
4689 0
4689 0
4717 0
4717 8
4717 0
4717 0
4717 0
4717 0
4717 0
4717 0
4717 0
4717 0
4717 0
4717 0
4717 0
4717 0
4717 0
4717 0
4717 0
4717 0
4717 0
4717 0
4717 0
4717 0
4717 0
4717 8
4717 0
4717 3
4717 0
4717 0
4717 0
4717 0
4717 0
4719 0
4719 24
4719 0
4719 0
4719 0
4719 0
4719 0
4719 0
4719 0
4719 0
4719 0
4719 0
4719 0
4719 0
4719 0
4719 0
4719 0
4719 0
4719 0
4719 0
4719 0
4719 0
4719 0
4719 3
4719 0
4719 6
4719 0
4719 0
4719 0
4719 0
4719 0
4728 0
4728 20
4728 0
4728 0
4728 0
4728 0
4728 0
4728 0
4728 0
4728 0
4728 0
4728 0
4728 0
4728 0
4728 0
4728 0
4728 0
4728 0
4728 0
4728 0
4728 1
4728 0
4728 0
4728 0
4728 0
4728 1
4728 0
4728 0
4728 0
4728 0
4728 0
4730 0
4730 35
4730 0
4730 0
4730 0
4730 0
4730 0
4730 0
4730 0
4730 0
4730 0
4730 0
4730 0
4730 0
4730 0
4730 0
4730 0
4730 0
4730 0
4730 0
4730 0
4730 0
4730 0
4730 2
4730 0
4730 12
4730 0
4730 0
4730 0
4730 0
4730 0
4739 0
4739 46
4739 0
4739 0
4739 0
4739 0
4739 0
4739 0
4739 0
4739 0
4739 0
4739 0
4739 0
4739 0
4739 0
4739 0
4739 0
4739 0
4739 0
4739 0
4739 1
4739 0
4739 0
4739 11
4739 0
4739 5
4739 0
4739 0
4739 0
4739 0
4739 0
4747 0
4747 14
4747 0
4747 0
4747 0
4747 0
4747 0
4747 0
4747 0
4747 0
4747 0
4747 0
4747 0
4747 0
4747 0
4747 0
4747 0
4747 0
4747 0
4747 0
4747 0
4747 0
4747 0
4747 7
4747 0
4747 10
4747 0
4747 0
4747 0
4747 0
4747 0
4751 0
4751 35
4751 0
4751 0
4751 0
4751 0
4751 0
4751 0
4751 0
4751 0
4751 0
4751 0
4751 0
4751 0
4751 0
4751 0
4751 0
4751 0
4751 0
4751 0
4751 0
4751 0
4751 0
4751 2
4751 0
4751 12
4751 0
4751 0
4751 0
4751 0
4751 0
4758 0
4758 28
4758 0
4758 0
4758 0
4758 0
4758 0
4758 0
4758 0
4758 0
4758 0
4758 0
4758 0
4758 0
4758 0
4758 0
4758 0
4758 0
4758 0
4758 0
4758 0
4758 0
4758 0
4758 2
4758 0
4758 2
4758 0
4758 0
4758 0
4758 0
4758 0
4784 0
4784 23
4784 0
4784 0
4784 0
4784 0
4784 0
4784 0
4784 0
4784 0
4784 0
4784 0
4784 0
4784 0
4784 0
4784 0
4784 0
4784 0
4784 0
4784 0
4784 0
4784 0
4784 0
4784 3
4784 0
4784 11
4784 0
4784 0
4784 0
4784 0
4784 0
4800 0
4800 12
4800 0
4800 0
4800 0
4800 0
4800 0
4800 0
4800 0
4800 0
4800 0
4800 0
4800 0
4800 0
4800 0
4800 0
4800 0
4800 0
4800 0
4800 0
4800 0
4800 0
4800 0
4800 2
4800 0
4800 6
4800 0
4800 0
4800 0
4800 0
4800 0
4801 0
4801 60
4801 0
4801 0
4801 0
4801 0
4801 0
4801 0
4801 0
4801 0
4801 0
4801 0
4801 0
4801 0
4801 0
4801 0
4801 0
4801 0
4801 0
4801 0
4801 1
4801 0
4801 0
4801 4
4801 0
4801 4
4801 0
4801 0
4801 0
4801 0
4801 0
4808 0
4808 62
4808 0
4808 0
4808 0
4808 0
4808 0
4808 0
4808 0
4808 0
4808 0
4808 0
4808 0
4808 0
4808 0
4808 0
4808 0
4808 0
4808 0
4808 0
4808 1
4808 0
4808 0
4808 4
4808 0
4808 4
4808 0
4808 0
4808 0
4808 0
4808 0
4818 0
4818 39
4818 0
4818 0
4818 0
4818 0
4818 0
4818 0
4818 0
4818 0
4818 0
4818 0
4818 0
4818 0
4818 0
4818 0
4818 0
4818 0
4818 0
4818 0
4818 1
4818 0
4818 0
4818 4
4818 0
4818 16
4818 0
4818 0
4818 0
4818 0
4818 0
4822 0
4822 22
4822 0
4822 0
4822 0
4822 0
4822 0
4822 0
4822 0
4822 0
4822 0
4822 0
4822 0
4822 0
4822 0
4822 0
4822 0
4822 0
4822 0
4822 0
4822 0
4822 0
4822 0
4822 6
4822 0
4822 7
4822 0
4822 0
4822 0
4822 0
4822 0
4833 0
4833 14
4833 0
4833 0
4833 0
4833 0
4833 0
4833 0
4833 0
4833 0
4833 0
4833 0
4833 0
4833 0
4833 0
4833 0
4833 0
4833 0
4833 0
4833 0
4833 0
4833 0
4833 0
4833 7
4833 0
4833 10
4833 0
4833 0
4833 0
4833 0
4833 0
4840 0
4840 26
4840 0
4840 0
4840 0
4840 0
4840 0
4840 0
4840 0
4840 0
4840 0
4840 0
4840 0
4840 0
4840 0
4840 0
4840 0
4840 0
4840 0
4840 0
4840 0
4840 0
4840 0
4840 4
4840 0
4840 9
4840 0
4840 0
4840 0
4840 0
4840 0
4844 0
4844 34
4844 0
4844 0
4844 0
4844 0
4844 0
4844 0
4844 0
4844 0
4844 0
4844 0
4844 0
4844 0
4844 0
4844 0
4844 0
4844 0
4844 0
4844 0
4844 1
4844 0
4844 0
4844 5
4844 0
4844 19
4844 0
4844 0
4844 0
4844 0
4844 0
4850 0
4850 13
4850 0
4850 0
4850 0
4850 0
4850 0
4850 0
4850 0
4850 0
4850 0
4850 0
4850 0
4850 0
4850 0
4850 0
4850 0
4850 0
4850 0
4850 0
4850 0
4850 0
4850 0
4850 2
4850 0
4850 2
4850 0
4850 0
4850 0
4850 0
4850 0
4869 0
4869 36
4869 0
4869 0
4869 0
4869 0
4869 0
4869 0
4869 0
4869 0
4869 0
4869 0
4869 0
4869 0
4869 0
4869 0
4869 0
4869 0
4869 0
4869 0
4869 0
4869 0
4869 0
4869 3
4869 0
4869 2
4869 0
4869 0
4869 0
4869 0
4869 0
4877 0
4877 35
4877 0
4877 0
4877 0
4877 0
4877 0
4877 0
4877 0
4877 0
4877 0
4877 0
4877 0
4877 0
4877 0
4877 0
4877 0
4877 0
4877 0
4877 0
4877 0
4877 0
4877 0
4877 2
4877 0
4877 12
4877 0
4877 0
4877 0
4877 0
4877 0
4890 0
4890 22
4890 0
4890 0
4890 0
4890 0
4890 0
4890 0
4890 0
4890 0
4890 0
4890 0
4890 0
4890 0
4890 0
4890 0
4890 0
4890 0
4890 0
4890 0
4890 0
4890 0
4890 0
4890 5
4890 0
4890 7
4890 0
4890 0
4890 0
4890 0
4890 0
4893 0
4893 99
4893 0
4893 0
4893 0
4893 0
4893 0
4893 0
4893 0
4893 0
4893 0
4893 0
4893 0
4893 0
4893 0
4893 0
4893 0
4893 0
4893 0
4893 0
4893 1
4893 0
4893 0
4893 16
4893 0
4893 53
4893 0
4893 0
4893 0
4893 0
4893 0
4904 0
4904 29
4904 0
4904 0
4904 0
4904 0
4904 0
4904 0
4904 0
4904 0
4904 0
4904 0
4904 0
4904 0
4904 0
4904 0
4904 0
4904 0
4904 0
4904 0
4904 0
4904 0
4904 0
4904 8
4904 0
4904 5
4904 0
4904 0
4904 0
4904 0
4904 0
4919 0
4919 43
4919 0
4919 0
4919 0
4919 0
4919 0
4919 0
4919 0
4919 0
4919 0
4919 0
4919 0
4919 0
4919 0
4919 0
4919 0
4919 0
4919 0
4919 0
4919 0
4919 0
4919 0
4919 3
4919 0
4919 5
4919 0
4919 0
4919 0
4919 0
4919 0
4922 0
4922 30
4922 0
4922 0
4922 0
4922 0
4922 0
4922 0
4922 0
4922 0
4922 0
4922 0
4922 0
4922 0
4922 0
4922 0
4922 0
4922 0
4922 0
4922 0
4922 1
4922 0
4922 0
4922 4
4922 0
4922 15
4922 0
4922 0
4922 0
4922 0
4922 0
4931 0
4931 15
4931 0
4931 0
4931 0
4931 0
4931 0
4931 0
4931 0
4931 0
4931 0
4931 0
4931 0
4931 0
4931 0
4931 0
4931 0
4931 0
4931 0
4931 0
4931 0
4931 0
4931 0
4931 0
4931 0
4931 13
4931 0
4931 0
4931 0
4931 0
4931 0
4941 0
4941 10
4941 0
4941 0
4941 0
4941 0
4941 0
4941 0
4941 0
4941 0
4941 0
4941 0
4941 0
4941 0
4941 0
4941 0
4941 0
4941 0
4941 0
4941 0
4941 0
4941 0
4941 0
4941 2
4941 0
4941 4
4941 0
4941 0
4941 0
4941 0
4941 0
4946 0
4946 16
4946 0
4946 0
4946 0
4946 0
4946 0
4946 0
4946 0
4946 0
4946 0
4946 0
4946 0
4946 0
4946 0
4946 0
4946 0
4946 0
4946 0
4946 0
4946 0
4946 0
4946 0
4946 2
4946 0
4946 9
4946 0
4946 0
4946 0
4946 0
4946 0
4955 0
4955 14
4955 0
4955 0
4955 0
4955 0
4955 0
4955 0
4955 0
4955 0
4955 0
4955 0
4955 0
4955 0
4955 0
4955 0
4955 0
4955 0
4955 0
4955 0
4955 0
4955 0
4955 0
4955 4
4955 0
4955 9
4955 0
4955 0
4955 0
4955 0
4955 0
4963 0
4963 26
4963 0
4963 0
4963 0
4963 0
4963 0
4963 0
4963 0
4963 0
4963 0
4963 0
4963 0
4963 0
4963 0
4963 0
4963 0
4963 0
4963 0
4963 0
4963 0
4963 0
4963 0
4963 7
4963 0
4963 12
4963 0
4963 0
4963 0
4963 0
4963 0
4966 0
4966 31
4966 0
4966 0
4966 0
4966 0
4966 0
4966 0
4966 0
4966 0
4966 0
4966 0
4966 0
4966 0
4966 0
4966 0
4966 0
4966 0
4966 0
4966 0
4966 0
4966 0
4966 0
4966 3
4966 0
4966 14
4966 0
4966 0
4966 0
4966 0
4966 0
4984 0
4984 13
4984 0
4984 0
4984 0
4984 0
4984 0
4984 0
4984 0
4984 0
4984 0
4984 0
4984 0
4984 0
4984 0
4984 0
4984 0
4984 0
4984 0
4984 0
4984 0
4984 0
4984 0
4984 2
4984 0
4984 2
4984 0
4984 0
4984 0
4984 0
4984 0
4993 0
4993 16
4993 0
4993 0
4993 0
4993 0
4993 0
4993 0
4993 0
4993 0
4993 0
4993 0
4993 0
4993 0
4993 0
4993 0
4993 0
4993 0
4993 0
4993 0
4993 0
4993 0
4993 0
4993 2
4993 0
4993 9
4993 0
4993 0
4993 0
4993 0
4993 0
5006 0
5006 28
5006 0
5006 0
5006 0
5006 0
5006 0
5006 0
5006 0
5006 0
5006 0
5006 0
5006 0
5006 0
5006 0
5006 0
5006 0
5006 0
5006 0
5006 0
5006 0
5006 0
5006 0
5006 2
5006 0
5006 2
5006 0
5006 0
5006 0
5006 0
5006 0
5007 0
5007 13
5007 0
5007 0
5007 0
5007 0
5007 0
5007 0
5007 0
5007 0
5007 0
5007 0
5007 0
5007 0
5007 0
5007 0
5007 0
5007 0
5007 0
5007 0
5007 0
5007 0
5007 0
5007 2
5007 0
5007 7
5007 0
5007 0
5007 0
5007 0
5007 0
5018 0
5018 12
5018 0
5018 0
5018 0
5018 0
5018 0
5018 0
5018 0
5018 0
5018 0
5018 0
5018 0
5018 0
5018 0
5018 0
5018 0
5018 0
5018 0
5018 0
5018 1
5018 0
5018 0
5018 3
5018 0
5018 7
5018 0
5018 0
5018 0
5018 0
5018 0
5025 0
5025 80
5025 0
5025 0
5025 0
5025 0
5025 0
5025 0
5025 0
5025 0
5025 0
5025 0
5025 0
5025 0
5025 0
5025 0
5025 0
5025 0
5025 0
5025 0
5025 1
5025 0
5025 0
5025 7
5025 0
5025 24
5025 0
5025 0
5025 0
5025 0
5025 0
5027 0
5027 13
5027 0
5027 0
5027 0
5027 0
5027 0
5027 0
5027 0
5027 0
5027 0
5027 0
5027 0
5027 0
5027 0
5027 0
5027 0
5027 0
5027 0
5027 0
5027 0
5027 0
5027 0
5027 2
5027 0
5027 2
5027 0
5027 0
5027 0
5027 0
5027 0
5034 0
5034 16
5034 0
5034 0
5034 0
5034 0
5034 0
5034 0
5034 0
5034 0
5034 0
5034 0
5034 0
5034 0
5034 0
5034 0
5034 0
5034 0
5034 0
5034 0
5034 0
5034 0
5034 0
5034 2
5034 0
5034 9
5034 0
5034 0
5034 0
5034 0
5034 0
5038 0
5038 22
5038 0
5038 0
5038 0
5038 0
5038 0
5038 0
5038 0
5038 0
5038 0
5038 0
5038 0
5038 0
5038 0
5038 0
5038 0
5038 0
5038 0
5038 0
5038 0
5038 0
5038 0
5038 4
5038 0
5038 5
5038 0
5038 0
5038 0
5038 0
5038 0
5047 0
5047 30
5047 0
5047 0
5047 0
5047 0
5047 0
5047 0
5047 0
5047 0
5047 0
5047 0
5047 0
5047 0
5047 0
5047 0
5047 0
5047 0
5047 0
5047 0
5047 0
5047 0
5047 0
5047 3
5047 0
5047 4
5047 0
5047 0
5047 0
5047 0
5047 0
5057 0
5057 15
5057 0
5057 0
5057 0
5057 0
5057 0
5057 0
5057 0
5057 0
5057 0
5057 0
5057 0
5057 0
5057 0
5057 0
5057 0
5057 0
5057 0
5057 0
5057 0
5057 0
5057 0
5057 2
5057 0
5057 11
5057 0
5057 0
5057 0
5057 0
5057 0
5066 0
5066 80
5066 0
5066 0
5066 0
5066 0
5066 0
5066 0
5066 0
5066 0
5066 0
5066 0
5066 0
5066 0
5066 0
5066 0
5066 0
5066 0
5066 0
5066 0
5066 1
5066 0
5066 0
5066 7
5066 0
5066 24
5066 0
5066 0
5066 0
5066 0
5066 0
5067 0
5067 54
5067 0
5067 0
5067 0
5067 0
5067 0
5067 0
5067 0
5067 0
5067 0
5067 0
5067 0
5067 0
5067 0
5067 0
5067 0
5067 0
5067 0
5067 0
5067 2
5067 0
5067 0
5067 13
5067 0
5067 2
5067 0
5067 0
5067 0
5067 0
5067 0
5080 0
5080 16
5080 0
5080 0
5080 0
5080 0
5080 0
5080 0
5080 0
5080 0
5080 0
5080 0
5080 0
5080 0
5080 0
5080 0
5080 0
5080 0
5080 0
5080 0
5080 0
5080 0
5080 0
5080 2
5080 0
5080 9
5080 0
5080 0
5080 0
5080 0
5080 0
5116 0
5116 16
5116 0
5116 0
5116 0
5116 0
5116 0
5116 0
5116 0
5116 0
5116 0
5116 0
5116 0
5116 0
5116 0
5116 0
5116 0
5116 0
5116 0
5116 0
5116 0
5116 0
5116 0
5116 2
5116 0
5116 9
5116 0
5116 0
5116 0
5116 0
5116 0
5136 0
5136 208
5136 0
5136 0
5136 0
5136 0
5136 0
5136 0
5136 0
5136 0
5136 0
5136 0
5136 0
5136 0
5136 0
5136 0
5136 0
5136 0
5136 0
5136 0
5136 0
5136 0
5136 0
5136 39
5136 0
5136 130
5136 0
5136 0
5136 0
5136 0
5136 0
5157 0
5157 20
5157 0
5157 0
5157 0
5157 0
5157 0
5157 0
5157 0
5157 0
5157 0
5157 0
5157 0
5157 0
5157 0
5157 0
5157 0
5157 0
5157 0
5157 0
5157 1
5157 0
5157 0
5157 0
5157 0
5157 1
5157 0
5157 0
5157 0
5157 0
5157 0
5160 0
5160 13
5160 0
5160 0
5160 0
5160 0
5160 0
5160 0
5160 0
5160 0
5160 0
5160 0
5160 0
5160 0
5160 0
5160 0
5160 0
5160 0
5160 0
5160 0
5160 0
5160 0
5160 0
5160 2
5160 0
5160 2
5160 0
5160 0
5160 0
5160 0
5160 0
5177 0
5177 54
5177 0
5177 0
5177 0
5177 0
5177 0
5177 0
5177 0
5177 0
5177 0
5177 0
5177 0
5177 0
5177 0
5177 0
5177 0
5177 0
5177 0
5177 0
5177 2
5177 0
5177 0
5177 13
5177 0
5177 2
5177 0
5177 0
5177 0
5177 0
5177 0
5198 0
5198 16
5198 0
5198 0
5198 0
5198 0
5198 0
5198 0
5198 0
5198 0
5198 0
5198 0
5198 0
5198 0
5198 0
5198 0
5198 0
5198 0
5198 0
5198 0
5198 0
5198 0
5198 0
5198 2
5198 0
5198 9
5198 0
5198 0
5198 0
5198 0
5198 0
5221 0
5221 20
5221 0
5221 0
5221 0
5221 0
5221 0
5221 0
5221 0
5221 0
5221 0
5221 0
5221 0
5221 0
5221 0
5221 0
5221 0
5221 0
5221 0
5221 0
5221 1
5221 0
5221 0
5221 0
5221 0
5221 1
5221 0
5221 0
5221 0
5221 0
5221 0
5227 0
5227 13
5227 0
5227 0
5227 0
5227 0
5227 0
5227 0
5227 0
5227 0
5227 0
5227 0
5227 0
5227 0
5227 0
5227 0
5227 0
5227 0
5227 0
5227 0
5227 0
5227 0
5227 0
5227 2
5227 0
5227 2
5227 0
5227 0
5227 0
5227 0
5227 0
5287 0
5287 20
5287 0
5287 0
5287 0
5287 0
5287 0
5287 0
5287 0
5287 0
5287 0
5287 0
5287 0
5287 0
5287 0
5287 0
5287 0
5287 0
5287 0
5287 0
5287 1
5287 0
5287 0
5287 0
5287 0
5287 1
5287 0
5287 0
5287 0
5287 0
5287 0
5288 0
5288 34
5288 0
5288 0
5288 0
5288 0
5288 0
5288 0
5288 0
5288 0
5288 0
5288 0
5288 0
5288 0
5288 0
5288 0
5288 0
5288 0
5288 0
5288 0
5288 1
5288 0
5288 0
5288 7
5288 0
5288 2
5288 0
5288 0
5288 0
5288 0
5288 0
5301 0
5301 10
5301 0
5301 0
5301 0
5301 0
5301 0
5301 0
5301 0
5301 0
5301 0
5301 0
5301 0
5301 0
5301 0
5301 0
5301 0
5301 0
5301 0
5301 0
5301 0
5301 0
5301 0
5301 2
5301 0
5301 4
5301 0
5301 0
5301 0
5301 0
5301 0
5346 0
5346 34
5346 0
5346 0
5346 0
5346 0
5346 0
5346 0
5346 0
5346 0
5346 0
5346 0
5346 0
5346 0
5346 0
5346 0
5346 0
5346 0
5346 0
5346 0
5346 1
5346 0
5346 0
5346 7
5346 0
5346 2
5346 0
5346 0
5346 0
5346 0
5346 0
5436 0
5436 8
5436 0
5436 0
5436 0
5436 0
5436 0
5436 0
5436 0
5436 0
5436 0
5436 0
5436 0
5436 0
5436 0
5436 0
5436 0
5436 0
5436 0
5436 0
5436 0
5436 0
5436 0
5436 8
5436 0
5436 3
5436 0
5436 0
5436 0
5436 0
5436 0
5485 0
5485 8
5485 0
5485 0
5485 0
5485 0
5485 0
5485 0
5485 0
5485 0
5485 0
5485 0
5485 0
5485 0
5485 0
5485 0
5485 0
5485 0
5485 0
5485 0
5485 0
5485 0
5485 0
5485 8
5485 0
5485 3
5485 0
5485 0
5485 0
5485 0
5485 0
5583 0
5583 8
5583 0
5583 0
5583 0
5583 0
5583 0
5583 0
5583 0
5583 0
5583 0
5583 0
5583 0
5583 0
5583 0
5583 0
5583 0
5583 0
5583 0
5583 0
5583 0
5583 0
5583 0
5583 8
5583 0
5583 3
5583 0
5583 0
5583 0
5583 0
5583 0
5766 0
5766 24
5766 0
5766 0
5766 0
5766 0
5766 0
5766 0
5766 0
5766 0
5766 0
5766 0
5766 0
5766 0
5766 0
5766 0
5766 0
5766 0
5766 0
5766 0
5766 0
5766 0
5766 0
5766 4
5766 0
5766 18
5766 0
5766 0
5766 0
5766 0
5766 0
6033 0
6033 24
6033 0
6033 0
6033 0
6033 0
6033 0
6033 0
6033 0
6033 0
6033 0
6033 0
6033 0
6033 0
6033 0
6033 0
6033 0
6033 0
6033 0
6033 0
6033 0
6033 0
6033 0
6033 4
6033 0
6033 18
6033 0
6033 0
6033 0
6033 0
6033 0
8778 0
8778 0
8778 0
8778 5050
8778 0
8778 0
8778 0
8778 0
8778 0
8778 0
8778 0
8778 0
8778 0
8778 0
8778 0
8778 0
8778 0
8778 0
8778 0
8778 0
8778 0
8778 0
8778 0
8778 0
8778 0
8778 0
8778 0
8778 0
8778 0
8778 0
8778 0
8904 0
8904 0
8904 0
8904 1889
8904 0
8904 0
8904 0
8904 0
8904 0
8904 0
8904 0
8904 0
8904 0
8904 0
8904 0
8904 0
8904 0
8904 0
8904 0
8904 0
8904 0
8904 0
8904 0
8904 0
8904 0
8904 0
8904 0
8904 0
8904 0
8904 0
8904 0
8921 0
8921 0
8921 0
8921 1889
8921 0
8921 0
8921 0
8921 0
8921 0
8921 0
8921 0
8921 0
8921 0
8921 0
8921 0
8921 0
8921 0
8921 0
8921 0
8921 0
8921 0
8921 0
8921 0
8921 0
8921 0
8921 0
8921 0
8921 0
8921 0
8921 0
8921 0
8940 0
8940 0
8940 0
8940 1889
8940 0
8940 0
8940 0
8940 0
8940 0
8940 0
8940 0
8940 0
8940 0
8940 0
8940 0
8940 0
8940 0
8940 0
8940 0
8940 0
8940 0
8940 0
8940 0
8940 0
8940 0
8940 0
8940 0
8940 0
8940 0
8940 0
8940 0
8951 0
8951 0
8951 0
8951 2917
8951 0
8951 0
8951 0
8951 0
8951 0
8951 0
8951 0
8951 0
8951 0
8951 0
8951 0
8951 0
8951 0
8951 0
8951 0
8951 0
8951 0
8951 0
8951 0
8951 0
8951 0
8951 0
8951 0
8951 0
8951 0
8951 0
8951 0
8999 0
8999 0
8999 0
8999 1889
8999 0
8999 0
8999 0
8999 0
8999 0
8999 0
8999 0
8999 0
8999 0
8999 0
8999 0
8999 0
8999 0
8999 0
8999 0
8999 0
8999 0
8999 0
8999 0
8999 0
8999 0
8999 0
8999 0
8999 0
8999 0
8999 0
8999 0
9002 0
9002 0
9002 0
9002 2823
9002 0
9002 0
9002 0
9002 0
9002 0
9002 0
9002 0
9002 0
9002 0
9002 0
9002 0
9002 0
9002 0
9002 0
9002 0
9002 0
9002 0
9002 0
9002 0
9002 0
9002 0
9002 0
9002 0
9002 0
9002 0
9002 0
9002 0
9050 0
9050 0
9050 0
9050 1889
9050 0
9050 0
9050 0
9050 0
9050 0
9050 0
9050 0
9050 0
9050 0
9050 0
9050 0
9050 0
9050 0
9050 0
9050 0
9050 0
9050 0
9050 0
9050 0
9050 0
9050 0
9050 0
9050 0
9050 0
9050 0
9050 0
9050 0
9054 0
9054 0
9054 0
9054 2917
9054 0
9054 0
9054 0
9054 0
9054 0
9054 0
9054 0
9054 0
9054 0
9054 0
9054 0
9054 0
9054 0
9054 0
9054 0
9054 0
9054 0
9054 0
9054 0
9054 0
9054 0
9054 0
9054 0
9054 0
9054 0
9054 0
9054 0
9055 0
9055 0
9055 0
9055 1889
9055 0
9055 0
9055 0
9055 0
9055 0
9055 0
9055 0
9055 0
9055 0
9055 0
9055 0
9055 0
9055 0
9055 0
9055 0
9055 0
9055 0
9055 0
9055 0
9055 0
9055 0
9055 0
9055 0
9055 0
9055 0
9055 0
9055 0
9104 0
9104 0
9104 0
9104 1889
9104 0
9104 0
9104 0
9104 0
9104 0
9104 0
9104 0
9104 0
9104 0
9104 0
9104 0
9104 0
9104 0
9104 0
9104 0
9104 0
9104 0
9104 0
9104 0
9104 0
9104 0
9104 0
9104 0
9104 0
9104 0
9104 0
9104 0
9178 0
9178 0
9178 0
9178 1889
9178 0
9178 0
9178 0
9178 0
9178 0
9178 0
9178 0
9178 0
9178 0
9178 0
9178 0
9178 0
9178 0
9178 0
9178 0
9178 0
9178 0
9178 0
9178 0
9178 0
9178 0
9178 0
9178 0
9178 0
9178 0
9178 0
9178 0
9277 0
9277 0
9277 0
9277 9617
9277 0
9277 0
9277 0
9277 0
9277 0
9277 0
9277 0
9277 0
9277 0
9277 0
9277 0
9277 0
9277 0
9277 0
9277 0
9277 0
9277 0
9277 0
9277 0
9277 0
9277 0
9277 0
9277 0
9277 0
9277 0
9277 0
9277 0
9329 0
9329 0
9329 0
9329 9617
9329 0
9329 0
9329 0
9329 0
9329 0
9329 0
9329 0
9329 0
9329 0
9329 0
9329 0
9329 0
9329 0
9329 0
9329 0
9329 0
9329 0
9329 0
9329 0
9329 0
9329 0
9329 0
9329 0
9329 0
9329 0
9329 0
9329 0
9416 0
9416 0
9416 0
9416 3000
9416 0
9416 0
9416 0
9416 0
9416 0
9416 0
9416 0
9416 0
9416 0
9416 0
9416 0
9416 0
9416 0
9416 0
9416 0
9416 0
9416 0
9416 0
9416 0
9416 0
9416 0
9416 0
9416 0
9416 0
9416 0
9416 0
9416 0
9468 0
9468 0
9468 0
9468 9617
9468 0
9468 0
9468 0
9468 0
9468 0
9468 0
9468 0
9468 0
9468 0
9468 0
9468 0
9468 0
9468 0
9468 0
9468 0
9468 0
9468 0
9468 0
9468 0
9468 0
9468 0
9468 0
9468 0
9468 0
9468 0
9468 0
9468 0
9512 0
9512 0
9512 0
9512 1714
9512 0
9512 0
9512 0
9512 0
9512 0
9512 0
9512 0
9512 0
9512 0
9512 0
9512 0
9512 0
9512 0
9512 0
9512 0
9512 0
9512 0
9512 0
9512 0
9512 0
9512 0
9512 0
9512 0
9512 0
9512 0
9512 0
9512 0
9557 0
9557 0
9557 0
9557 3000
9557 0
9557 0
9557 0
9557 0
9557 0
9557 0
9557 0
9557 0
9557 0
9557 0
9557 0
9557 0
9557 0
9557 0
9557 0
9557 0
9557 0
9557 0
9557 0
9557 0
9557 0
9557 0
9557 0
9557 0
9557 0
9557 0
9557 0
9601 0
9601 0
9601 0
9601 2042
9601 0
9601 0
9601 0
9601 0
9601 0
9601 0
9601 0
9601 0
9601 0
9601 0
9601 0
9601 0
9601 0
9601 0
9601 0
9601 0
9601 0
9601 0
9601 0
9601 0
9601 0
9601 0
9601 0
9601 0
9601 0
9601 0
9601 0
9642 0
9642 0
9642 0
9642 2143
9642 0
9642 0
9642 0
9642 0
9642 0
9642 0
9642 0
9642 0
9642 0
9642 0
9642 0
9642 0
9642 0
9642 0
9642 0
9642 0
9642 0
9642 0
9642 0
9642 0
9642 0
9642 0
9642 0
9642 0
9642 0
9642 0
9642 0
9647 0
9647 0
9647 0
9647 1714
9647 0
9647 0
9647 0
9647 0
9647 0
9647 0
9647 0
9647 0
9647 0
9647 0
9647 0
9647 0
9647 0
9647 0
9647 0
9647 0
9647 0
9647 0
9647 0
9647 0
9647 0
9647 0
9647 0
9647 0
9647 0
9647 0
9647 0
9652 0
9652 0
9652 0
9652 1167
9652 0
9652 0
9652 0
9652 0
9652 0
9652 0
9652 0
9652 0
9652 0
9652 0
9652 0
9652 0
9652 0
9652 0
9652 0
9652 0
9652 0
9652 0
9652 0
9652 0
9652 0
9652 0
9652 0
9652 0
9652 0
9652 0
9652 0
9669 0
9669 0
9669 0
9669 2042
9669 0
9669 0
9669 0
9669 0
9669 0
9669 0
9669 0
9669 0
9669 0
9669 0
9669 0
9669 0
9669 0
9669 0
9669 0
9669 0
9669 0
9669 0
9669 0
9669 0
9669 0
9669 0
9669 0
9669 0
9669 0
9669 0
9669 0
9711 0
9711 0
9711 0
9711 2042
9711 0
9711 0
9711 0
9711 0
9711 0
9711 0
9711 0
9711 0
9711 0
9711 0
9711 0
9711 0
9711 0
9711 0
9711 0
9711 0
9711 0
9711 0
9711 0
9711 0
9711 0
9711 0
9711 0
9711 0
9711 0
9711 0
9711 0
9768 0
9768 0
9768 0
9768 1714
9768 0
9768 0
9768 0
9768 0
9768 0
9768 0
9768 0
9768 0
9768 0
9768 0
9768 0
9768 0
9768 0
9768 0
9768 0
9768 0
9768 0
9768 0
9768 0
9768 0
9768 0
9768 0
9768 0
9768 0
9768 0
9768 0
9768 0
9780 0
9780 0
9780 0
9780 2042
9780 0
9780 0
9780 0
9780 0
9780 0
9780 0
9780 0
9780 0
9780 0
9780 0
9780 0
9780 0
9780 0
9780 0
9780 0
9780 0
9780 0
9780 0
9780 0
9780 0
9780 0
9780 0
9780 0
9780 0
9780 0
9780 0
9780 0
9797 0
9797 0
9797 0
9797 1167
9797 0
9797 0
9797 0
9797 0
9797 0
9797 0
9797 0
9797 0
9797 0
9797 0
9797 0
9797 0
9797 0
9797 0
9797 0
9797 0
9797 0
9797 0
9797 0
9797 0
9797 0
9797 0
9797 0
9797 0
9797 0
9797 0
9797 0
9913 0
9913 0
9913 0
9913 4175
9913 0
9913 0
9913 0
9913 0
9913 0
9913 0
9913 0
9913 0
9913 0
9913 0
9913 0
9913 0
9913 0
9913 0
9913 0
9913 0
9913 0
9913 0
9913 0
9913 0
9913 0
9913 0
9913 0
9913 0
9913 0
9913 0
9913 0
9939 0
9939 0
9939 0
9939 1167
9939 0
9939 0
9939 0
9939 0
9939 0
9939 0
9939 0
9939 0
9939 0
9939 0
9939 0
9939 0
9939 0
9939 0
9939 0
9939 0
9939 0
9939 0
9939 0
9939 0
9939 0
9939 0
9939 0
9939 0
9939 0
9939 0
9939 0
10016 0
10016 0
10016 0
10016 0
10016 9088
10016 0
10016 0
10016 0
10016 0
10016 0
10016 0
10016 0
10016 0
10016 0
10016 0
10016 0
10016 0
10016 0
10016 0
10016 0
10016 0
10016 0
10016 0
10016 0
10016 0
10016 0
10016 0
10016 0
10016 0
10016 0
10016 0
10833 0
10833 0
10833 0
10833 3533
10833 0
10833 0
10833 0
10833 0
10833 0
10833 0
10833 0
10833 0
10833 0
10833 0
10833 0
10833 0
10833 0
10833 0
10833 0
10833 0
10833 0
10833 0
10833 0
10833 0
10833 0
10833 0
10833 0
10833 0
10833 0
10833 0
10833 0
10847 0
10847 0
10847 0
10847 3533
10847 0
10847 0
10847 0
10847 0
10847 0
10847 0
10847 0
10847 0
10847 0
10847 0
10847 0
10847 0
10847 0
10847 0
10847 0
10847 0
10847 0
10847 0
10847 0
10847 0
10847 0
10847 0
10847 0
10847 0
10847 0
10847 0
10847 0
10854 0
10854 0
10854 0
10854 3533
10854 0
10854 0
10854 0
10854 0
10854 0
10854 0
10854 0
10854 0
10854 0
10854 0
10854 0
10854 0
10854 0
10854 0
10854 0
10854 0
10854 0
10854 0
10854 0
10854 0
10854 0
10854 0
10854 0
10854 0
10854 0
10854 0
10854 0
