pt_graph scale
844 0
844 0
844 0
844 0
844 0
844 0
844 0
844 0
844 0
844 0
844 123
844 0
844 0
844 0
844 0
844 0
844 0
844 0
844 0
844 16
844 0
844 2
844 0
844 0
844 3
844 0
844 0
844 0
844 0
844 0
844 0
865 0
865 0
865 0
865 0
865 0
865 0
865 0
865 0
865 0
865 0
865 2401
865 0
865 0
865 0
865 0
865 0
865 0
865 0
865 0
865 1
865 0
865 131
865 0
865 0
865 2
865 0
865 0
865 0
865 0
865 0
865 0
880 0
880 0
880 0
880 0
880 0
880 0
880 0
880 0
880 0
880 0
880 196
880 0
880 0
880 0
880 0
880 0
880 0
880 0
880 0
880 0
880 0
880 0
880 0
880 0
880 0
880 0
880 0
880 0
880 0
880 0
880 0
904 0
904 0
904 0
904 0
904 0
904 0
904 0
904 0
904 0
904 0
904 1551
904 0
904 0
904 0
904 0
904 0
904 0
904 0
904 0
904 1
904 0
904 4
904 0
904 0
904 12
904 0
904 0
904 0
904 0
904 0
904 0
905 0
905 0
905 0
905 0
905 0
905 0
905 0
905 0
905 0
905 0
905 148
905 0
905 0
905 0
905 0
905 0
905 0
905 0
905 0
905 0
905 0
905 0
905 0
905 0
905 1
905 0
905 0
905 0
905 0
905 0
905 0
909 0
909 0
909 0
909 0
909 0
909 0
909 0
909 0
909 0
909 0
909 153
909 0
909 0
909 0
909 0
909 0
909 0
909 0
909 0
909 0
909 0
909 0
909 0
909 0
909 17
909 0
909 0
909 0
909 0
909 0
909 0
918 0
918 0
918 0
918 0
918 0
918 0
918 0
918 0
918 0
918 0
918 150
918 0
918 0
918 0
918 0
918 0
918 0
918 0
918 0
918 0
918 0
918 0
918 0
918 0
918 0
918 0
918 0
918 0
918 0
918 0
918 0
923 0
923 0
923 0
923 0
923 0
923 0
923 0
923 0
923 0
923 0
923 150
923 0
923 0
923 0
923 0
923 0
923 0
923 0
923 0
923 0
923 0
923 0
923 0
923 0
923 0
923 0
923 0
923 0
923 0
923 0
923 0
924 0
924 0
924 0
924 0
924 0
924 0
924 0
924 0
924 0
924 0
924 80
924 0
924 0
924 0
924 0
924 0
924 0
924 0
924 0
924 0
924 0
924 0
924 0
924 0
924 0
924 0
924 0
924 0
924 0
924 0
924 0
925 0
925 0
925 0
925 0
925 0
925 0
925 0
925 0
925 0
925 0
925 24
925 0
925 0
925 0
925 0
925 0
925 0
925 0
925 0
925 0
925 0
925 0
925 0
925 0
925 0
925 0
925 0
925 0
925 0
925 0
925 0
935 0
935 0
935 0
935 0
935 0
935 0
935 0
935 0
935 0
935 0
935 525
935 0
935 0
935 0
935 0
935 0
935 0
935 0
935 0
935 1
935 0
935 23
935 0
935 0
935 54
935 0
935 0
935 0
935 0
935 0
935 0
938 0
938 0
938 0
938 0
938 0
938 0
938 0
938 0
938 0
938 0
938 24
938 0
938 0
938 0
938 0
938 0
938 0
938 0
938 0
938 0
938 0
938 0
938 0
938 0
938 0
938 0
938 0
938 0
938 0
938 0
938 0
946 0
946 0
946 0
946 0
946 0
946 0
946 0
946 0
946 0
946 0
946 148
946 0
946 0
946 0
946 0
946 0
946 0
946 0
946 0
946 0
946 0
946 0
946 0
946 0
946 1
946 0
946 0
946 0
946 0
946 0
946 0
951 0
951 0
951 0
951 0
951 0
951 0
951 0
951 0
951 0
951 0
951 24
951 0
951 0
951 0
951 0
951 0
951 0
951 0
951 0
951 0
951 0
951 0
951 0
951 0
951 0
951 0
951 0
951 0
951 0
951 0
951 0
964 0
964 0
964 0
964 0
964 0
964 0
964 0
964 0
964 0
964 0
964 32
964 0
964 0
964 0
964 0
964 0
964 0
964 0
964 0
964 0
964 0
964 0
964 0
964 0
964 0
964 0
964 0
964 0
964 0
964 0
964 0
965 0
965 0
965 0
965 0
965 0
965 0
965 0
965 0
965 0
965 0
965 129
965 0
965 0
965 0
965 0
965 0
965 0
965 0
965 0
965 12
965 0
965 2
965 0
965 0
965 3
965 0
965 0
965 0
965 0
965 0
965 0
979 0
979 0
979 0
979 0
979 0
979 0
979 0
979 0
979 0
979 0
979 51
979 0
979 0
979 0
979 0
979 0
979 0
979 0
979 0
979 5
979 0
979 8
979 0
979 0
979 1
979 0
979 0
979 0
979 0
979 0
979 0
985 0
985 0
985 0
985 0
985 0
985 0
985 0
985 0
985 0
985 0
985 148
985 0
985 0
985 0
985 0
985 0
985 0
985 0
985 0
985 0
985 0
985 0
985 0
985 0
985 1
985 0
985 0
985 0
985 0
985 0
985 0
994 0
994 0
994 0
994 0
994 0
994 0
994 0
994 0
994 0
994 0
994 84
994 0
994 0
994 0
994 0
994 0
994 0
994 0
994 0
994 14
994 0
994 1
994 0
994 0
994 5
994 0
994 0
994 0
994 0
994 0
994 0
995 0
995 0
995 0
995 0
995 0
995 0
995 0
995 0
995 0
995 0
995 30
995 0
995 0
995 0
995 0
995 0
995 0
995 0
995 0
995 0
995 0
995 0
995 0
995 0
995 0
995 0
995 0
995 0
995 0
995 0
995 0
997 0
997 0
997 0
997 0
997 0
997 0
997 0
997 0
997 0
997 0
997 30
997 0
997 0
997 0
997 0
997 0
997 0
997 0
997 0
997 0
997 0
997 0
997 0
997 0
997 0
997 0
997 0
997 0
997 0
997 0
997 0
1004 0
1004 0
1004 0
1004 0
1004 0
1004 0
1004 0
1004 0
1004 0
1004 0
1004 209
1004 0
1004 0
1004 0
1004 0
1004 0
1004 0
1004 0
1004 0
1004 10
1004 0
1004 11
1004 0
1004 0
1004 4
1004 0
1004 0
1004 0
1004 0
1004 0
1004 0
1006 0
1006 0
1006 0
1006 0
1006 0
1006 0
1006 0
1006 0
1006 0
1006 0
1006 348
1006 0
1006 0
1006 0
1006 0
1006 0
1006 0
1006 0
1006 0
1006 0
1006 0
1006 0
1006 0
1006 0
1006 67
1006 0
1006 0
1006 0
1006 0
1006 0
1006 0
1012 0
1012 0
1012 0
1012 0
1012 0
1012 0
1012 0
1012 0
1012 0
1012 0
1012 36
1012 0
1012 0
1012 0
1012 0
1012 0
1012 0
1012 0
1012 0
1012 1
1012 0
1012 1
1012 0
1012 0
1012 1
1012 0
1012 0
1012 0
1012 0
1012 0
1012 0
1013 0
1013 0
1013 0
1013 0
1013 0
1013 0
1013 0
1013 0
1013 0
1013 0
1013 159
1013 0
1013 0
1013 0
1013 0
1013 0
1013 0
1013 0
1013 0
1013 0
1013 0
1013 0
1013 0
1013 0
1013 0
1013 0
1013 0
1013 0
1013 0
1013 0
1013 0
1021 0
1021 0
1021 0
1021 0
1021 0
1021 0
1021 0
1021 0
1021 0
1021 0
1021 24
1021 0
1021 0
1021 0
1021 0
1021 0
1021 0
1021 0
1021 0
1021 0
1021 0
1021 0
1021 0
1021 0
1021 0
1021 0
1021 0
1021 0
1021 0
1021 0
1021 0
1032 0
1032 0
1032 0
1032 0
1032 0
1032 0
1032 0
1032 0
1032 0
1032 0
1032 286
1032 0
1032 0
1032 0
1032 0
1032 0
1032 0
1032 0
1032 0
1032 0
1032 0
1032 0
1032 0
1032 0
1032 1
1032 0
1032 0
1032 0
1032 0
1032 0
1032 0
1042 0
1042 0
1042 0
1042 0
1042 0
1042 0
1042 0
1042 0
1042 0
1042 0
1042 72
1042 0
1042 0
1042 0
1042 0
1042 0
1042 0
1042 0
1042 0
1042 1
1042 0
1042 0
1042 0
1042 0
1042 1
1042 0
1042 0
1042 0
1042 0
1042 0
1042 0
1059 0
1059 0
1059 0
1059 0
1059 0
1059 0
1059 0
1059 0
1059 0
1059 0
1059 86
1059 0
1059 0
1059 0
1059 0
1059 0
1059 0
1059 0
1059 0
1059 0
1059 0
1059 0
1059 0
1059 0
1059 0
1059 0
1059 0
1059 0
1059 0
1059 0
1059 0
1063 0
1063 0
1063 0
1063 0
1063 0
1063 0
1063 0
1063 0
1063 0
1063 0
1063 30
1063 0
1063 0
1063 0
1063 0
1063 0
1063 0
1063 0
1063 0
1063 0
1063 0
1063 0
1063 0
1063 0
1063 0
1063 0
1063 0
1063 0
1063 0
1063 0
1063 0
1064 0
1064 0
1064 0
1064 0
1064 0
1064 0
1064 0
1064 0
1064 0
1064 0
1064 30
1064 0
1064 0
1064 0
1064 0
1064 0
1064 0
1064 0
1064 0
1064 0
1064 0
1064 0
1064 0
1064 0
1064 0
1064 0
1064 0
1064 0
1064 0
1064 0
1064 0
1119 0
1119 0
1119 0
1119 0
1119 0
1119 0
1119 0
1119 0
1119 0
1119 0
1119 114
1119 0
1119 0
1119 0
1119 0
1119 0
1119 0
1119 0
1119 0
1119 0
1119 0
1119 0
1119 0
1119 0
1119 0
1119 0
1119 0
1119 0
1119 0
1119 0
1119 0
1123 0
1123 0
1123 0
1123 0
1123 0
1123 0
1123 0
1123 0
1123 0
1123 0
1123 30
1123 0
1123 0
1123 0
1123 0
1123 0
1123 0
1123 0
1123 0
1123 0
1123 0
1123 0
1123 0
1123 0
1123 0
1123 0
1123 0
1123 0
1123 0
1123 0
1123 0
1124 0
1124 0
1124 0
1124 0
1124 0
1124 0
1124 0
1124 0
1124 0
1124 0
1124 64
1124 0
1124 0
1124 0
1124 0
1124 0
1124 0
1124 0
1124 0
1124 0
1124 0
1124 0
1124 0
1124 0
1124 0
1124 0
1124 0
1124 0
1124 0
1124 0
1124 0
1153 0
1153 0
1153 0
1153 0
1153 0
1153 0
1153 0
1153 0
1153 0
1153 0
1153 84
1153 0
1153 0
1153 0
1153 0
1153 0
1153 0
1153 0
1153 0
1153 4
1153 0
1153 2
1153 0
1153 0
1153 1
1153 0
1153 0
1153 0
1153 0
1153 0
1153 0
1262 0
1262 0
1262 0
1262 0
1262 0
1262 0
1262 0
1262 0
1262 0
1262 0
1262 142
1262 0
1262 0
1262 0
1262 0
1262 0
1262 0
1262 0
1262 0
1262 1
1262 0
1262 1
1262 0
1262 0
1262 1
1262 0
1262 0
1262 0
1262 0
1262 0
1262 0
1276 0
1276 0
1276 0
1276 0
1276 0
1276 0
1276 0
1276 0
1276 0
1276 0
1276 1
1276 0
1276 0
1276 0
1276 0
1276 0
1276 0
1276 0
1276 0
1276 0
1276 0
1276 0
1276 0
1276 0
1276 0
1276 0
1276 0
1276 0
1276 0
1276 0
1276 0
1403 0
1403 0
1403 0
1403 0
1403 0
1403 0
1403 0
1403 0
1403 0
1403 0
1403 222
1403 0
1403 0
1403 0
1403 0
1403 0
1403 0
1403 0
1403 0
1403 0
1403 0
1403 0
1403 0
1403 0
1403 2
1403 0
1403 0
1403 0
1403 0
1403 0
1403 0
1898 0
1898 0
1898 0
1898 0
1898 0
1898 0
1898 0
1898 0
1898 0
1898 0
1898 2733
1898 0
1898 0
1898 0
1898 0
1898 0
1898 0
1898 0
1898 0
1898 787
1898 0
1898 0
1898 0
1898 0
1898 1
1898 0
1898 0
1898 1
1898 0
1898 0
1898 0
3035 0
3035 0
3035 0
3035 0
3035 0
3035 0
3035 0
3035 0
3035 0
3035 0
3035 307
3035 0
3035 0
3035 0
3035 0
3035 0
3035 0
3035 0
3035 0
3035 141
3035 0
3035 1
3035 0
3035 0
3035 95
3035 0
3035 0
3035 0
3035 0
3035 0
3035 0
4293 0
4293 0
4293 0
4293 0
4293 0
4293 0
4293 0
4293 0
4293 0
4293 0
4293 1750
4293 0
4293 0
4293 0
4293 0
4293 0
4293 0
4293 0
4293 0
4293 0
4293 0
4293 0
4293 0
4293 0
4293 0
4293 0
4293 0
4293 0
4293 0
4293 0
4293 0
6000 0
6000 1
6000 0
6000 0
6000 0
6000 0
6000 0
6000 0
6000 0
6000 0
6000 0
6000 0
6000 0
6000 0
6000 0
6000 0
6000 0
6000 0
6000 0
6000 0
6000 0
6000 0
6000 0
6000 0
6000 0
6000 0
6000 0
6000 0
6000 0
6000 0
6000 0
6018 0
6018 0
6018 0
6018 0
6018 0
6018 0
6018 0
6018 0
6018 0
6018 0
6018 0
6018 0
6018 0
6018 0
6018 0
6018 0
6018 0
6018 0
6018 0
6018 0
6018 0
6018 0
6018 0
6018 0
6018 0
6018 0
6018 0
6018 0
6018 0
6018 0
6018 0
6180 0
6180 20
6180 0
6180 0
6180 0
6180 0
6180 0
6180 0
6180 0
6180 0
6180 0
6180 0
6180 0
6180 0
6180 0
6180 0
6180 0
6180 0
6180 0
6180 0
6180 0
6180 0
6180 0
6180 0
6180 0
6180 0
6180 0
6180 0
6180 0
6180 0
6180 0
6220 0
6220 1
6220 0
6220 0
6220 0
6220 0
6220 0
6220 0
6220 0
6220 0
6220 0
6220 0
6220 0
6220 0
6220 0
6220 0
6220 0
6220 0
6220 0
6220 0
6220 0
6220 0
6220 0
6220 0
6220 0
6220 0
6220 0
6220 0
6220 0
6220 0
6220 0
6283 0
6283 0
6283 0
6283 0
6283 0
6283 0
6283 0
6283 0
6283 0
6283 0
6283 0
6283 0
6283 0
6283 0
6283 0
6283 0
6283 0
6283 0
6283 0
6283 0
6283 0
6283 0
6283 0
6283 0
6283 0
6283 0
6283 0
6283 0
6283 0
6283 0
6283 0
6372 0
6372 38
6372 0
6372 0
6372 0
6372 0
6372 0
6372 0
6372 0
6372 0
6372 0
6372 0
6372 0
6372 0
6372 0
6372 0
6372 0
6372 0
6372 0
6372 0
6372 0
6372 0
6372 0
6372 1
6372 0
6372 4
6372 0
6372 0
6372 0
6372 0
6372 0
6498 0
6498 1
6498 0
6498 0
6498 0
6498 0
6498 0
6498 0
6498 0
6498 0
6498 0
6498 0
6498 0
6498 0
6498 0
6498 0
6498 0
6498 0
6498 0
6498 0
6498 0
6498 0
6498 0
6498 0
6498 0
6498 0
6498 0
6498 0
6498 0
6498 0
6498 0
6740 0
6740 0
6740 0
6740 0
6740 0
6740 0
6740 0
6740 0
6740 0
6740 0
6740 863
6740 0
6740 0
6740 0
6740 0
6740 0
6740 0
6740 0
6740 0
6740 0
6740 0
6740 0
6740 0
6740 0
6740 0
6740 0
6740 0
6740 0
6740 0
6740 0
6740 0
6813 0
6813 0
6813 0
6813 0
6813 0
6813 0
6813 0
6813 0
6813 0
6813 0
6813 58
6813 0
6813 0
6813 0
6813 0
6813 0
6813 0
6813 0
6813 0
6813 0
6813 0
6813 38
6813 0
6813 0
6813 0
6813 0
6813 0
6813 0
6813 0
6813 0
6813 0
6863 0
6863 0
6863 0
6863 0
6863 0
6863 0
6863 0
6863 0
6863 0
6863 0
6863 58
6863 0
6863 0
6863 0
6863 0
6863 0
6863 0
6863 0
6863 0
6863 0
6863 0
6863 38
6863 0
6863 0
6863 0
6863 0
6863 0
6863 0
6863 0
6863 0
6863 0
6932 0
6932 0
6932 0
6932 0
6932 0
6932 0
6932 0
6932 0
6932 0
6932 0
6932 58
6932 0
6932 0
6932 0
6932 0
6932 0
6932 0
6932 0
6932 0
6932 0
6932 0
6932 38
6932 0
6932 0
6932 0
6932 0
6932 0
6932 0
6932 0
6932 0
6932 0
6943 0
6943 0
6943 0
6943 0
6943 0
6943 0
6943 0
6943 0
6943 0
6943 0
6943 58
6943 0
6943 0
6943 0
6943 0
6943 0
6943 0
6943 0
6943 0
6943 0
6943 0
6943 38
6943 0
6943 0
6943 0
6943 0
6943 0
6943 0
6943 0
6943 0
6943 0
7021 0
7021 0
7021 0
7021 0
7021 0
7021 0
7021 0
7021 0
7021 0
7021 0
7021 67
7021 0
7021 0
7021 0
7021 0
7021 0
7021 0
7021 0
7021 0
7021 0
7021 0
7021 0
7021 0
7021 0
7021 0
7021 0
7021 0
7021 0
7021 0
7021 0
7021 0
7201 0
7201 0
7201 0
7201 0
7201 0
7201 0
7201 0
7201 0
7201 0
7201 0
7201 64
7201 0
7201 0
7201 0
7201 0
7201 0
7201 0
7201 0
7201 0
7201 0
7201 0
7201 0
7201 0
7201 0
7201 0
7201 0
7201 0
7201 0
7201 0
7201 0
7201 0
7931 0
7931 0
7931 0
7931 0
7931 0
7931 0
7931 0
7931 0
7931 0
7931 0
7931 928
7931 0
7931 0
7931 0
7931 0
7931 0
7931 0
7931 0
7931 0
7931 0
7931 0
7931 1
7931 0
7931 0
7931 0
7931 0
7931 0
7931 0
7931 0
7931 0
7931 0
8089 0
8089 0
8089 0
8089 0
8089 0
8089 0
8089 0
8089 0
8089 0
8089 0
8089 928
8089 0
8089 0
8089 0
8089 0
8089 0
8089 0
8089 0
8089 0
8089 0
8089 0
8089 1
8089 0
8089 0
8089 0
8089 0
8089 0
8089 0
8089 0
8089 0
8089 0
8108 0
8108 0
8108 0
8108 0
8108 0
8108 0
8108 0
8108 0
8108 0
8108 0
8108 1922
8108 0
8108 0
8108 0
8108 65
8108 0
8108 0
8108 0
8108 0
8108 0
8108 0
8108 0
8108 0
8108 0
8108 0
8108 0
8108 0
8108 0
8108 0
8108 0
8108 0
8131 0
8131 0
8131 0
8131 0
8131 0
8131 0
8131 0
8131 0
8131 0
8131 0
8131 928
8131 0
8131 0
8131 0
8131 0
8131 0
8131 0
8131 0
8131 0
8131 0
8131 0
8131 1
8131 0
8131 0
8131 0
8131 0
8131 0
8131 0
8131 0
8131 0
8131 0
8240 0
8240 0
8240 0
8240 0
8240 0
8240 0
8240 0
8240 0
8240 0
8240 0
8240 415
8240 0
8240 0
8240 0
8240 47
8240 0
8240 0
8240 0
8240 0
8240 0
8240 0
8240 0
8240 0
8240 0
8240 0
8240 0
8240 0
8240 0
8240 0
8240 0
8240 0
8293 0
8293 0
8293 0
8293 0
8293 0
8293 0
8293 0
8293 0
8293 0
8293 0
8293 70
8293 0
8293 0
8293 0
8293 0
8293 0
8293 0
8293 0
8293 0
8293 0
8293 0
8293 0
8293 0
8293 0
8293 0
8293 0
8293 0
8293 0
8293 0
8293 0
8293 0
8298 0
8298 0
8298 0
8298 0
8298 0
8298 0
8298 0
8298 0
8298 0
8298 0
8298 928
8298 0
8298 0
8298 0
8298 0
8298 0
8298 0
8298 0
8298 0
8298 0
8298 0
8298 1
8298 0
8298 0
8298 0
8298 0
8298 0
8298 0
8298 0
8298 0
8298 0
8301 0
8301 0
8301 0
8301 0
8301 0
8301 0
8301 0
8301 0
8301 0
8301 0
8301 340
8301 0
8301 0
8301 0
8301 32
8301 0
8301 0
8301 0
8301 0
8301 0
8301 0
8301 0
8301 0
8301 0
8301 0
8301 0
8301 0
8301 0
8301 0
8301 0
8301 0
8309 0
8309 0
8309 0
8309 0
8309 0
8309 0
8309 0
8309 0
8309 0
8309 0
8309 64
8309 0
8309 0
8309 0
8309 0
8309 0
8309 0
8309 0
8309 0
8309 0
8309 0
8309 0
8309 0
8309 0
8309 0
8309 0
8309 0
8309 0
8309 0
8309 0
8309 0
8315 0
8315 0
8315 0
8315 0
8315 0
8315 0
8315 0
8315 0
8315 0
8315 0
8315 168
8315 0
8315 0
8315 0
8315 0
8315 0
8315 0
8315 0
8315 0
8315 0
8315 0
8315 0
8315 0
8315 0
8315 0
8315 0
8315 0
8315 0
8315 0
8315 0
8315 0
8322 0
8322 0
8322 0
8322 0
8322 0
8322 0
8322 0
8322 0
8322 0
8322 0
8322 340
8322 0
8322 0
8322 0
8322 32
8322 0
8322 0
8322 0
8322 0
8322 0
8322 0
8322 0
8322 0
8322 0
8322 0
8322 0
8322 0
8322 0
8322 0
8322 0
8322 0
8325 0
8325 0
8325 0
8325 0
8325 0
8325 0
8325 0
8325 0
8325 0
8325 0
8325 70
8325 0
8325 0
8325 0
8325 0
8325 0
8325 0
8325 0
8325 0
8325 0
8325 0
8325 0
8325 0
8325 0
8325 0
8325 0
8325 0
8325 0
8325 0
8325 0
8325 0
8328 0
8328 0
8328 0
8328 0
8328 0
8328 0
8328 0
8328 0
8328 0
8328 0
8328 3091
8328 0
8328 0
8328 0
8328 0
8328 0
8328 0
8328 0
8328 0
8328 0
8328 0
8328 0
8328 0
8328 0
8328 0
8328 0
8328 0
8328 0
8328 0
8328 0
8328 0
8332 0
8332 0
8332 0
8332 0
8332 0
8332 0
8332 0
8332 0
8332 0
8332 0
8332 928
8332 0
8332 0
8332 0
8332 0
8332 0
8332 0
8332 0
8332 0
8332 0
8332 0
8332 1
8332 0
8332 0
8332 0
8332 0
8332 0
8332 0
8332 0
8332 0
8332 0
8340 0
8340 0
8340 0
8340 0
8340 0
8340 0
8340 0
8340 0
8340 0
8340 0
8340 340
8340 0
8340 0
8340 0
8340 32
8340 0
8340 0
8340 0
8340 0
8340 0
8340 0
8340 0
8340 0
8340 0
8340 0
8340 0
8340 0
8340 0
8340 0
8340 0
8340 0
8375 0
8375 0
8375 0
8375 0
8375 0
8375 0
8375 0
8375 0
8375 0
8375 0
8375 340
8375 0
8375 0
8375 0
8375 32
8375 0
8375 0
8375 0
8375 0
8375 0
8375 0
8375 0
8375 0
8375 0
8375 0
8375 0
8375 0
8375 0
8375 0
8375 0
8375 0
8395 0
8395 0
8395 0
8395 0
8395 0
8395 0
8395 0
8395 0
8395 0
8395 0
8395 70
8395 0
8395 0
8395 0
8395 0
8395 0
8395 0
8395 0
8395 0
8395 0
8395 0
8395 0
8395 0
8395 0
8395 0
8395 0
8395 0
8395 0
8395 0
8395 0
8395 0
8400 0
8400 0
8400 0
8400 0
8400 0
8400 0
8400 0
8400 0
8400 0
8400 0
8400 415
8400 0
8400 0
8400 0
8400 47
8400 0
8400 0
8400 0
8400 0
8400 0
8400 0
8400 0
8400 0
8400 0
8400 0
8400 0
8400 0
8400 0
8400 0
8400 0
8400 0
8405 0
8405 0
8405 0
8405 0
8405 0
8405 0
8405 0
8405 0
8405 0
8405 0
8405 7962
8405 0
8405 0
8405 0
8405 110
8405 0
8405 0
8405 0
8405 0
8405 0
8405 0
8405 0
8405 0
8405 0
8405 0
8405 0
8405 0
8405 0
8405 0
8405 0
8405 0
8452 0
8452 0
8452 0
8452 0
8452 0
8452 0
8452 0
8452 0
8452 0
8452 0
8452 340
8452 0
8452 0
8452 0
8452 32
8452 0
8452 0
8452 0
8452 0
8452 0
8452 0
8452 0
8452 0
8452 0
8452 0
8452 0
8452 0
8452 0
8452 0
8452 0
8452 0
8510 0
8510 0
8510 0
8510 0
8510 0
8510 0
8510 0
8510 0
8510 0
8510 0
8510 64
8510 0
8510 0
8510 0
8510 0
8510 0
8510 0
8510 0
8510 0
8510 0
8510 0
8510 0
8510 0
8510 0
8510 0
8510 0
8510 0
8510 0
8510 0
8510 0
8510 0
8635 0
8635 0
8635 0
8635 0
8635 0
8635 0
8635 0
8635 0
8635 0
8635 0
8635 151
8635 0
8635 0
8635 0
8635 0
8635 0
8635 0
8635 0
8635 0
8635 0
8635 0
8635 0
8635 0
8635 0
8635 0
8635 0
8635 0
8635 0
8635 0
8635 0
8635 0
8697 0
8697 0
8697 0
8697 0
8697 0
8697 0
8697 0
8697 0
8697 0
8697 0
8697 696
8697 0
8697 0
8697 0
8697 0
8697 0
8697 0
8697 0
8697 0
8697 0
8697 0
8697 0
8697 0
8697 0
8697 0
8697 0
8697 0
8697 0
8697 0
8697 0
8697 0
8716 0
8716 0
8716 0
8716 0
8716 0
8716 0
8716 0
8716 0
8716 0
8716 0
8716 108
8716 0
8716 0
8716 0
8716 1
8716 0
8716 0
8716 0
8716 0
8716 0
8716 0
8716 0
8716 0
8716 0
8716 0
8716 0
8716 0
8716 0
8716 0
8716 0
8716 0
8731 0
8731 0
8731 0
8731 0
8731 0
8731 0
8731 0
8731 0
8731 0
8731 0
8731 342
8731 0
8731 0
8731 0
8731 0
8731 0
8731 0
8731 0
8731 0
8731 0
8731 0
8731 0
8731 0
8731 0
8731 0
8731 0
8731 0
8731 0
8731 0
8731 0
8731 0
8743 0
8743 0
8743 0
8743 0
8743 0
8743 0
8743 0
8743 0
8743 0
8743 0
8743 865
8743 0
8743 0
8743 0
8743 0
8743 0
8743 0
8743 0
8743 0
8743 0
8743 0
8743 0
8743 0
8743 0
8743 0
8743 0
8743 0
8743 0
8743 0
8743 0
8743 0
8757 0
8757 0
8757 0
8757 0
8757 0
8757 0
8757 0
8757 0
8757 0
8757 0
8757 108
8757 0
8757 0
8757 0
8757 1
8757 0
8757 0
8757 0
8757 0
8757 0
8757 0
8757 0
8757 0
8757 0
8757 0
8757 0
8757 0
8757 0
8757 0
8757 0
8757 0
8761 0
8761 0
8761 0
8761 0
8761 0
8761 0
8761 0
8761 0
8761 0
8761 0
8761 108
8761 0
8761 0
8761 0
8761 1
8761 0
8761 0
8761 0
8761 0
8761 0
8761 0
8761 0
8761 0
8761 0
8761 0
8761 0
8761 0
8761 0
8761 0
8761 0
8761 0
8792 0
8792 0
8792 0
8792 0
8792 0
8792 0
8792 0
8792 0
8792 0
8792 0
8792 557
8792 0
8792 0
8792 0
8792 121
8792 0
8792 0
8792 0
8792 0
8792 0
8792 0
8792 0
8792 0
8792 0
8792 0
8792 0
8792 0
8792 0
8792 0
8792 0
8792 0
8794 0
8794 0
8794 0
8794 0
8794 0
8794 0
8794 0
8794 0
8794 0
8794 0
8794 696
8794 0
8794 0
8794 0
8794 0
8794 0
8794 0
8794 0
8794 0
8794 0
8794 0
8794 0
8794 0
8794 0
8794 0
8794 0
8794 0
8794 0
8794 0
8794 0
8794 0
8801 0
8801 0
8801 0
8801 0
8801 0
8801 0
8801 0
8801 0
8801 0
8801 0
8801 108
8801 0
8801 0
8801 0
8801 1
8801 0
8801 0
8801 0
8801 0
8801 0
8801 0
8801 0
8801 0
8801 0
8801 0
8801 0
8801 0
8801 0
8801 0
8801 0
8801 0
8813 0
8813 0
8813 0
8813 0
8813 0
8813 0
8813 0
8813 0
8813 0
8813 0
8813 151
8813 0
8813 0
8813 0
8813 0
8813 0
8813 0
8813 0
8813 0
8813 0
8813 0
8813 0
8813 0
8813 0
8813 0
8813 0
8813 0
8813 0
8813 0
8813 0
8813 0
8817 0
8817 0
8817 0
8817 0
8817 0
8817 0
8817 0
8817 0
8817 0
8817 0
8817 228
8817 0
8817 0
8817 0
8817 33
8817 0
8817 0
8817 0
8817 0
8817 0
8817 0
8817 0
8817 0
8817 0
8817 0
8817 0
8817 0
8817 0
8817 0
8817 0
8817 0
8825 0
8825 0
8825 0
8825 0
8825 0
8825 0
8825 0
8825 0
8825 0
8825 0
8825 151
8825 0
8825 0
8825 0
8825 0
8825 0
8825 0
8825 0
8825 0
8825 0
8825 0
8825 0
8825 0
8825 0
8825 0
8825 0
8825 0
8825 0
8825 0
8825 0
8825 0
8869 0
8869 0
8869 0
8869 0
8869 0
8869 0
8869 0
8869 0
8869 0
8869 0
8869 108
8869 0
8869 0
8869 0
8869 1
8869 0
8869 0
8869 0
8869 0
8869 0
8869 0
8869 0
8869 0
8869 0
8869 0
8869 0
8869 0
8869 0
8869 0
8869 0
8869 0
8901 0
8901 0
8901 0
8901 0
8901 0
8901 0
8901 0
8901 0
8901 0
8901 0
8901 865
8901 0
8901 0
8901 0
8901 0
8901 0
8901 0
8901 0
8901 0
8901 0
8901 0
8901 0
8901 0
8901 0
8901 0
8901 0
8901 0
8901 0
8901 0
8901 0
8901 0
8916 0
8916 0
8916 0
8916 0
8916 0
8916 0
8916 0
8916 0
8916 0
8916 0
8916 108
8916 0
8916 0
8916 0
8916 1
8916 0
8916 0
8916 0
8916 0
8916 0
8916 0
8916 0
8916 0
8916 0
8916 0
8916 0
8916 0
8916 0
8916 0
8916 0
8916 0
8934 0
8934 0
8934 0
8934 0
8934 0
8934 0
8934 0
8934 0
8934 0
8934 0
8934 696
8934 0
8934 0
8934 0
8934 0
8934 0
8934 0
8934 0
8934 0
8934 0
8934 0
8934 0
8934 0
8934 0
8934 0
8934 0
8934 0
8934 0
8934 0
8934 0
8934 0
8978 0
8978 0
8978 0
8978 0
8978 0
8978 0
8978 0
8978 0
8978 0
8978 0
8978 1683
8978 0
8978 0
8978 0
8978 383
8978 0
8978 0
8978 0
8978 0
8978 0
8978 0
8978 0
8978 0
8978 0
8978 0
8978 0
8978 0
8978 0
8978 0
8978 0
8978 0
8980 0
8980 0
8980 0
8980 0
8980 0
8980 0
8980 0
8980 0
8980 0
8980 0
8980 151
8980 0
8980 0
8980 0
8980 0
8980 0
8980 0
8980 0
8980 0
8980 0
8980 0
8980 0
8980 0
8980 0
8980 0
8980 0
8980 0
8980 0
8980 0
8980 0
8980 0
8986 0
8986 0
8986 0
8986 0
8986 0
8986 0
8986 0
8986 0
8986 0
8986 0
8986 865
8986 0
8986 0
8986 0
8986 0
8986 0
8986 0
8986 0
8986 0
8986 0
8986 0
8986 0
8986 0
8986 0
8986 0
8986 0
8986 0
8986 0
8986 0
8986 0
8986 0
9042 0
9042 0
9042 0
9042 0
9042 0
9042 0
9042 0
9042 0
9042 0
9042 0
9042 696
9042 0
9042 0
9042 0
9042 0
9042 0
9042 0
9042 0
9042 0
9042 0
9042 0
9042 0
9042 0
9042 0
9042 0
9042 0
9042 0
9042 0
9042 0
9042 0
9042 0
9112 0
9112 0
9112 0
9112 0
9112 0
9112 0
9112 0
9112 0
9112 0
9112 0
9112 151
9112 0
9112 0
9112 0
9112 0
9112 0
9112 0
9112 0
9112 0
9112 0
9112 0
9112 0
9112 0
9112 0
9112 0
9112 0
9112 0
9112 0
9112 0
9112 0
9112 0
9121 0
9121 0
9121 0
9121 0
9121 0
9121 0
9121 0
9121 0
9121 0
9121 0
9121 1508
9121 0
9121 0
9121 0
9121 256
9121 0
9121 0
9121 0
9121 0
9121 0
9121 0
9121 0
9121 0
9121 0
9121 47
9121 0
9121 0
9121 0
9121 0
9121 0
9121 0
9172 0
9172 0
9172 0
9172 0
9172 0
9172 0
9172 0
9172 0
9172 0
9172 0
9172 865
9172 0
9172 0
9172 0
9172 0
9172 0
9172 0
9172 0
9172 0
9172 0
9172 0
9172 0
9172 0
9172 0
9172 0
9172 0
9172 0
9172 0
9172 0
9172 0
9172 0
9207 0
9207 0
9207 0
9207 0
9207 0
9207 0
9207 0
9207 0
9207 0
9207 0
9207 377
9207 0
9207 0
9207 0
9207 0
9207 0
9207 0
9207 0
9207 0
9207 0
9207 0
9207 0
9207 0
9207 0
9207 47
9207 0
9207 0
9207 0
9207 0
9207 0
9207 0
9239 0
9239 0
9239 0
9239 0
9239 0
9239 0
9239 0
9239 0
9239 0
9239 0
9239 151
9239 0
9239 0
9239 0
9239 0
9239 0
9239 0
9239 0
9239 0
9239 0
9239 0
9239 0
9239 0
9239 0
9239 0
9239 0
9239 0
9239 0
9239 0
9239 0
9239 0
9365 0
9365 0
9365 0
9365 0
9365 0
9365 0
9365 0
9365 0
9365 0
9365 0
9365 849
9365 0
9365 0
9365 0
9365 0
9365 0
9365 0
9365 0
9365 0
9365 0
9365 0
9365 0
9365 0
9365 0
9365 0
9365 0
9365 0
9365 0
9365 0
9365 0
9365 0
9434 0
9434 0
9434 0
9434 0
9434 0
9434 0
9434 0
9434 0
9434 0
9434 0
9434 64
9434 0
9434 0
9434 0
9434 0
9434 0
9434 0
9434 0
9434 0
9434 0
9434 0
9434 0
9434 0
9434 0
9434 0
9434 0
9434 0
9434 0
9434 0
9434 0
9434 0
9435 0
9435 0
9435 0
9435 0
9435 0
9435 0
9435 0
9435 0
9435 0
9435 0
9435 5878
9435 0
9435 0
9435 0
9435 1
9435 0
9435 0
9435 0
9435 0
9435 0
9435 0
9435 0
9435 0
9435 0
9435 111
9435 0
9435 0
9435 0
9435 0
9435 0
9435 0
9445 0
9445 0
9445 0
9445 0
9445 0
9445 0
9445 0
9445 0
9445 0
9445 0
9445 160
9445 0
9445 0
9445 0
9445 0
9445 0
9445 0
9445 0
9445 0
9445 0
9445 0
9445 0
9445 0
9445 0
9445 0
9445 0
9445 0
9445 0
9445 0
9445 0
9445 0
9541 0
9541 0
9541 0
9541 0
9541 0
9541 0
9541 0
9541 0
9541 0
9541 0
9541 1408
9541 0
9541 0
9541 0
9541 0
9541 0
9541 0
9541 0
9541 0
9541 0
9541 0
9541 0
9541 0
9541 0
9541 0
9541 0
9541 0
9541 0
9541 0
9541 0
9541 0
9620 0
9620 0
9620 0
9620 0
9620 0
9620 0
9620 0
9620 0
9620 0
9620 0
9620 160
9620 0
9620 0
9620 0
9620 0
9620 0
9620 0
9620 0
9620 0
9620 0
9620 0
9620 0
9620 0
9620 0
9620 0
9620 0
9620 0
9620 0
9620 0
9620 0
9620 0
9656 0
9656 0
9656 0
9656 0
9656 0
9656 0
9656 0
9656 0
9656 0
9656 0
9656 849
9656 0
9656 0
9656 0
9656 0
9656 0
9656 0
9656 0
9656 0
9656 0
9656 0
9656 0
9656 0
9656 0
9656 0
9656 0
9656 0
9656 0
9656 0
9656 0
9656 0
9726 0
9726 0
9726 0
9726 0
9726 0
9726 0
9726 0
9726 0
9726 0
9726 0
9726 543
9726 0
9726 0
9726 0
9726 0
9726 0
9726 0
9726 0
9726 0
9726 0
9726 0
9726 0
9726 0
9726 0
9726 0
9726 0
9726 0
9726 0
9726 0
9726 0
9726 0
9764 0
9764 0
9764 0
9764 0
9764 0
9764 0
9764 0
9764 0
9764 0
9764 0
9764 494
9764 0
9764 0
9764 0
9764 0
9764 0
9764 0
9764 0
9764 0
9764 0
9764 0
9764 0
9764 0
9764 0
9764 0
9764 0
9764 0
9764 0
9764 0
9764 0
9764 0
9813 0
9813 0
9813 0
9813 0
9813 0
9813 0
9813 0
9813 0
9813 0
9813 0
9813 157
9813 0
9813 0
9813 0
9813 0
9813 0
9813 0
9813 0
9813 0
9813 0
9813 0
9813 0
9813 0
9813 0
9813 0
9813 0
9813 0
9813 0
9813 0
9813 0
9813 0
9818 0
9818 0
9818 0
9818 0
9818 0
9818 0
9818 0
9818 0
9818 0
9818 0
9818 494
9818 0
9818 0
9818 0
9818 0
9818 0
9818 0
9818 0
9818 0
9818 0
9818 0
9818 0
9818 0
9818 0
9818 0
9818 0
9818 0
9818 0
9818 0
9818 0
9818 0
9844 0
9844 0
9844 0
9844 0
9844 0
9844 0
9844 0
9844 0
9844 0
9844 0
9844 1408
9844 0
9844 0
9844 0
9844 0
9844 0
9844 0
9844 0
9844 0
9844 0
9844 0
9844 0
9844 0
9844 0
9844 0
9844 0
9844 0
9844 0
9844 0
9844 0
9844 0
9896 0
9896 0
9896 0
9896 0
9896 0
9896 0
9896 0
9896 0
9896 0
9896 0
9896 160
9896 0
9896 0
9896 0
9896 0
9896 0
9896 0
9896 0
9896 0
9896 0
9896 0
9896 0
9896 0
9896 0
9896 0
9896 0
9896 0
9896 0
9896 0
9896 0
9896 0
10060 0
10060 0
10060 0
10060 0
10060 0
10060 0
10060 0
10060 0
10060 0
10060 0
10060 543
10060 0
10060 0
10060 0
10060 0
10060 0
10060 0
10060 0
10060 0
10060 0
10060 0
10060 0
10060 0
10060 0
10060 0
10060 0
10060 0
10060 0
10060 0
10060 0
10060 0
10117 0
10117 0
10117 0
10117 0
10117 0
10117 0
10117 0
10117 0
10117 0
10117 0
10117 160
10117 0
10117 0
10117 0
10117 0
10117 0
10117 0
10117 0
10117 0
10117 0
10117 0
10117 0
10117 0
10117 0
10117 0
10117 0
10117 0
10117 0
10117 0
10117 0
10117 0
10367 0
10367 0
10367 0
10367 0
10367 0
10367 0
10367 0
10367 0
10367 0
10367 0
10367 1535
10367 0
10367 0
10367 0
10367 0
10367 0
10367 0
10367 0
10367 0
10367 0
10367 0
10367 0
10367 0
10367 0
10367 0
10367 0
10367 0
10367 0
10367 0
10367 0
10367 0
10427 0
10427 0
10427 0
10427 0
10427 0
10427 0
10427 0
10427 0
10427 0
10427 0
10427 160
10427 0
10427 0
10427 0
10427 0
10427 0
10427 0
10427 0
10427 0
10427 0
10427 0
10427 0
10427 0
10427 0
10427 0
10427 0
10427 0
10427 0
10427 0
10427 0
10427 0
10492 0
10492 0
10492 0
10492 0
10492 0
10492 0
10492 0
10492 0
10492 0
10492 0
10492 1048
10492 0
10492 0
10492 0
10492 0
10492 0
10492 0
10492 0
10492 0
10492 0
10492 0
10492 0
10492 0
10492 0
10492 0
10492 0
10492 0
10492 0
10492 0
10492 0
10492 0
