pt_graph scale
616 0
616 0
616 0
616 0
616 0
616 0
616 0
616 0
616 0
616 0
616 0
616 0
616 0
616 0
616 0
616 0
616 0
616 0
616 0
616 0
616 0
616 0
616 0
616 0
616 0
616 0
616 0
616 0
616 0
616 0
616 0
650 0
650 2
650 0
650 0
650 0
650 0
650 0
650 0
650 2
650 0
650 0
650 0
650 0
650 0
650 0
650 0
650 0
650 0
650 0
650 0
650 0
650 0
650 0
650 0
650 0
650 0
650 0
650 0
650 0
650 0
650 0
657 0
657 0
657 0
657 0
657 0
657 0
657 0
657 0
657 0
657 0
657 0
657 0
657 1
657 0
657 0
657 0
657 0
657 0
657 0
657 0
657 0
657 0
657 0
657 0
657 0
657 0
657 0
657 0
657 0
657 0
657 0
737 0
737 2
737 0
737 0
737 0
737 0
737 0
737 0
737 26
737 0
737 0
737 0
737 15
737 0
737 0
737 0
737 0
737 0
737 0
737 0
737 0
737 0
737 0
737 0
737 0
737 0
737 0
737 0
737 0
737 0
737 0
744 0
744 0
744 0
744 0
744 0
744 0
744 0
744 0
744 0
744 0
744 0
744 0
744 0
744 0
744 0
744 0
744 0
744 0
744 0
744 0
744 0
744 0
744 0
744 0
744 0
744 0
744 0
744 0
744 0
744 0
744 0
853 0
853 1
853 0
853 0
853 0
853 0
853 0
853 0
853 0
853 0
853 0
853 0
853 1
853 0
853 0
853 0
853 0
853 0
853 0
853 0
853 0
853 0
853 0
853 0
853 0
853 0
853 0
853 0
853 0
853 0
853 0
859 0
859 3
859 0
859 0
859 0
859 0
859 0
859 0
859 9
859 0
859 0
859 0
859 162
859 0
859 0
859 0
859 0
859 0
859 0
859 0
859 0
859 0
859 0
859 0
859 0
859 0
859 0
859 0
859 0
859 0
859 0
973 0
973 83
973 0
973 0
973 0
973 0
973 0
973 0
973 0
973 0
973 0
973 0
973 0
973 0
973 0
973 0
973 0
973 0
973 0
973 0
973 0
973 0
973 0
973 0
973 0
973 0
973 0
973 0
973 0
973 0
973 0
1087 0
1087 7
1087 0
1087 0
1087 0
1087 0
1087 0
1087 0
1087 4
1087 0
1087 0
1087 0
1087 0
1087 0
1087 0
1087 0
1087 0
1087 0
1087 0
1087 0
1087 0
1087 0
1087 0
1087 0
1087 0
1087 0
1087 0
1087 0
1087 0
1087 0
1087 0
1091 0
1091 0
1091 0
1091 0
1091 0
1091 0
1091 0
1091 0
1091 1
1091 0
1091 0
1091 0
1091 29
1091 0
1091 0
1091 0
1091 0
1091 0
1091 0
1091 0
1091 0
1091 0
1091 0
1091 0
1091 0
1091 0
1091 0
1091 0
1091 0
1091 0
1091 0
1093 0
1093 0
1093 0
1093 0
1093 0
1093 0
1093 0
1093 0
1093 1
1093 0
1093 0
1093 0
1093 0
1093 0
1093 0
1093 0
1093 0
1093 0
1093 0
1093 0
1093 0
1093 0
1093 0
1093 0
1093 0
1093 0
1093 0
1093 0
1093 0
1093 0
1093 0
1094 0
1094 3
1094 0
1094 0
1094 0
1094 0
1094 0
1094 0
1094 2
1094 0
1094 0
1094 0
1094 4
1094 0
1094 0
1094 0
1094 0
1094 0
1094 0
1094 0
1094 0
1094 0
1094 0
1094 0
1094 0
1094 0
1094 0
1094 0
1094 0
1094 0
1094 0
1408 0
1408 12
1408 0
1408 0
1408 0
1408 0
1408 0
1408 0
1408 32
1408 0
1408 0
1408 0
1408 83
1408 0
1408 0
1408 0
1408 0
1408 0
1408 0
1408 0
1408 0
1408 0
1408 0
1408 6
1408 0
1408 0
1408 0
1408 0
1408 0
1408 0
1408 0
1412 0
1412 5
1412 0
1412 0
1412 0
1412 0
1412 0
1412 0
1412 3
1412 0
1412 0
1412 0
1412 11
1412 0
1412 0
1412 0
1412 0
1412 0
1412 0
1412 0
1412 0
1412 0
1412 0
1412 0
1412 0
1412 0
1412 0
1412 0
1412 0
1412 0
1412 0
1416 0
1416 0
1416 0
1416 0
1416 0
1416 0
1416 0
1416 0
1416 68
1416 0
1416 0
1416 0
1416 0
1416 0
1416 0
1416 0
1416 0
1416 0
1416 0
1416 0
1416 0
1416 0
1416 0
1416 0
1416 0
1416 0
1416 0
1416 0
1416 0
1416 0
1416 0
1418 0
1418 5
1418 0
1418 0
1418 0
1418 0
1418 0
1418 0
1418 3
1418 0
1418 0
1418 0
1418 9
1418 0
1418 0
1418 0
1418 0
1418 0
1418 0
1418 0
1418 0
1418 0
1418 0
1418 0
1418 0
1418 0
1418 0
1418 0
1418 0
1418 0
1418 0
1703 0
1703 100
1703 0
1703 0
1703 0
1703 0
1703 0
1703 0
1703 0
1703 35
1703 0
1703 0
1703 0
1703 0
1703 0
1703 0
1703 0
1703 0
1703 0
1703 0
1703 0
1703 0
1703 0
1703 2
1703 0
1703 0
1703 0
1703 0
1703 0
1703 0
1703 0
1763 0
1763 139
1763 0
1763 0
1763 0
1763 0
1763 0
1763 0
1763 0
1763 0
1763 0
1763 0
1763 0
1763 0
1763 0
1763 0
1763 0
1763 0
1763 0
1763 0
1763 0
1763 0
1763 0
1763 0
1763 0
1763 0
1763 0
1763 0
1763 0
1763 0
1763 0
1851 0
1851 11
1851 0
1851 0
1851 0
1851 0
1851 0
1851 0
1851 17
1851 0
1851 0
1851 0
1851 15
1851 0
1851 0
1851 0
1851 0
1851 0
1851 0
1851 0
1851 0
1851 0
1851 0
1851 3
1851 0
1851 0
1851 0
1851 0
1851 0
1851 0
1851 0
1853 0
1853 1
1853 0
1853 0
1853 0
1853 0
1853 0
1853 0
1853 0
1853 0
1853 0
1853 0
1853 0
1853 0
1853 0
1853 0
1853 0
1853 0
1853 0
1853 0
1853 0
1853 0
1853 0
1853 0
1853 0
1853 0
1853 0
1853 0
1853 0
1853 0
1853 0
1857 0
1857 42
1857 0
1857 0
1857 0
1857 0
1857 0
1857 0
1857 3
1857 0
1857 0
1857 0
1857 0
1857 0
1857 0
1857 0
1857 0
1857 0
1857 0
1857 0
1857 0
1857 0
1857 0
1857 3
1857 0
1857 0
1857 0
1857 0
1857 0
1857 0
1857 0
1859 0
1859 23
1859 0
1859 0
1859 0
1859 0
1859 0
1859 0
1859 40
1859 0
1859 0
1859 0
1859 57
1859 0
1859 0
1859 0
1859 0
1859 0
1859 0
1859 0
1859 4
1859 0
1859 0
1859 6
1859 0
1859 0
1859 0
1859 0
1859 0
1859 0
1859 0
1860 0
1860 2
1860 0
1860 0
1860 0
1860 0
1860 0
1860 0
1860 68
1860 0
1860 0
1860 0
1860 8
1860 0
1860 0
1860 0
1860 0
1860 0
1860 0
1860 0
1860 0
1860 0
1860 0
1860 1
1860 0
1860 0
1860 0
1860 0
1860 0
1860 0
1860 0
1981 0
1981 107
1981 0
1981 0
1981 0
1981 0
1981 0
1981 0
1981 0
1981 0
1981 0
1981 0
1981 0
1981 0
1981 0
1981 0
1981 0
1981 0
1981 0
1981 0
1981 0
1981 0
1981 0
1981 0
1981 0
1981 0
1981 0
1981 0
1981 0
1981 0
1981 0
2400 0
2400 40
2400 0
2400 0
2400 0
2400 0
2400 0
2400 0
2400 0
2400 0
2400 0
2400 0
2400 0
2400 0
2400 0
2400 0
2400 0
2400 0
2400 0
2400 0
2400 0
2400 0
2400 0
2400 0
2400 0
2400 0
2400 0
2400 0
2400 0
2400 0
2400 0
2536 0
2536 0
2536 0
2536 0
2536 0
2536 0
2536 0
2536 0
2536 150
2536 0
2536 0
2536 0
2536 0
2536 0
2536 0
2536 0
2536 0
2536 0
2536 0
2536 0
2536 0
2536 0
2536 0
2536 0
2536 0
2536 0
2536 0
2536 0
2536 0
2536 0
2536 0
2537 0
2537 2
2537 0
2537 0
2537 0
2537 0
2537 0
2537 0
2537 16
2537 0
2537 0
2537 0
2537 5
2537 0
2537 0
2537 0
2537 0
2537 0
2537 0
2537 0
2537 1
2537 0
2537 0
2537 1
2537 0
2537 0
2537 0
2537 0
2537 0
2537 0
2537 0
2539 0
2539 1
2539 0
2539 0
2539 0
2539 0
2539 0
2539 0
2539 0
2539 0
2539 0
2539 0
2539 0
2539 0
2539 0
2539 0
2539 0
2539 0
2539 0
2539 0
2539 0
2539 0
2539 0
2539 0
2539 0
2539 0
2539 0
2539 0
2539 0
2539 0
2539 0
2541 0
2541 1
2541 0
2541 0
2541 0
2541 0
2541 0
2541 0
2541 0
2541 0
2541 0
2541 0
2541 0
2541 0
2541 0
2541 0
2541 0
2541 0
2541 0
2541 0
2541 0
2541 0
2541 0
2541 0
2541 0
2541 0
2541 0
2541 0
2541 0
2541 0
2541 0
2545 0
2545 0
2545 0
2545 0
2545 0
2545 0
2545 0
2545 0
2545 0
2545 0
2545 0
2545 0
2545 0
2545 0
2545 0
2545 0
2545 0
2545 0
2545 0
2545 0
2545 0
2545 0
2545 0
2545 0
2545 0
2545 0
2545 0
2545 0
2545 0
2545 0
2545 0
2638 0
2638 20
2638 0
2638 0
2638 0
2638 0
2638 0
2638 0
2638 0
2638 1
2638 0
2638 0
2638 0
2638 0
2638 0
2638 0
2638 0
2638 0
2638 0
2638 0
2638 0
2638 0
2638 0
2638 1
2638 0
2638 0
2638 0
2638 0
2638 0
2638 0
2638 0
2684 0
2684 19
2684 0
2684 0
2684 0
2684 0
2684 0
2684 0
2684 0
2684 0
2684 0
2684 0
2684 0
2684 0
2684 0
2684 0
2684 0
2684 0
2684 0
2684 0
2684 0
2684 0
2684 0
2684 0
2684 0
2684 0
2684 0
2684 0
2684 0
2684 0
2684 0
2797 0
2797 20
2797 0
2797 0
2797 0
2797 0
2797 0
2797 0
2797 0
2797 1
2797 0
2797 0
2797 0
2797 0
2797 0
2797 0
2797 0
2797 0
2797 0
2797 0
2797 0
2797 0
2797 0
2797 1
2797 0
2797 0
2797 0
2797 0
2797 0
2797 0
2797 0
2935 0
2935 19
2935 0
2935 0
2935 0
2935 0
2935 0
2935 0
2935 0
2935 0
2935 0
2935 0
2935 0
2935 0
2935 0
2935 0
2935 0
2935 0
2935 0
2935 0
2935 0
2935 0
2935 0
2935 0
2935 0
2935 0
2935 0
2935 0
2935 0
2935 0
2935 0
2941 0
2941 121
2941 0
2941 0
2941 0
2941 0
2941 0
2941 0
2941 0
2941 0
2941 0
2941 0
2941 0
2941 0
2941 0
2941 0
2941 0
2941 0
2941 0
2941 0
2941 0
2941 0
2941 0
2941 1
2941 0
2941 0
2941 0
2941 0
2941 0
2941 0
2941 0
3010 0
3010 2
3010 0
3010 0
3010 0
3010 0
3010 0
3010 0
3010 0
3010 0
3010 0
3010 0
3010 0
3010 0
3010 0
3010 0
3010 0
3010 0
3010 0
3010 0
3010 0
3010 0
3010 0
3010 0
3010 0
3010 0
3010 0
3010 0
3010 0
3010 0
3010 0
3041 0
3041 63
3041 0
3041 0
3041 0
3041 0
3041 0
3041 0
3041 0
3041 1
3041 0
3041 0
3041 0
3041 0
3041 0
3041 0
3041 0
3041 0
3041 0
3041 0
3041 0
3041 0
3041 0
3041 2
3041 0
3041 0
3041 0
3041 0
3041 0
3041 0
3041 0
3103 0
3103 78
3103 0
3103 0
3103 0
3103 0
3103 0
3103 0
3103 0
3103 0
3103 0
3103 0
3103 0
3103 0
3103 0
3103 0
3103 0
3103 0
3103 0
3103 0
3103 0
3103 0
3103 0
3103 0
3103 0
3103 0
3103 0
3103 0
3103 0
3103 0
3103 0
3166 0
3166 136
3166 0
3166 0
3166 0
3166 0
3166 0
3166 0
3166 0
3166 0
3166 0
3166 0
3166 0
3166 0
3166 0
3166 0
3166 0
3166 0
3166 0
3166 0
3166 0
3166 0
3166 0
3166 0
3166 0
3166 0
3166 0
3166 0
3166 0
3166 0
3166 0
3196 0
3196 78
3196 0
3196 0
3196 0
3196 0
3196 0
3196 0
3196 0
3196 0
3196 0
3196 0
3196 0
3196 0
3196 0
3196 0
3196 0
3196 0
3196 0
3196 0
3196 0
3196 0
3196 0
3196 0
3196 0
3196 0
3196 0
3196 0
3196 0
3196 0
3196 0
3207 0
3207 78
3207 0
3207 0
3207 0
3207 0
3207 0
3207 0
3207 0
3207 0
3207 0
3207 0
3207 0
3207 0
3207 0
3207 0
3207 0
3207 0
3207 0
3207 0
3207 0
3207 0
3207 0
3207 0
3207 0
3207 0
3207 0
3207 0
3207 0
3207 0
3207 0
3225 0
3225 0
3225 0
3225 0
3225 0
3225 0
3225 0
3225 0
3225 68
3225 0
3225 0
3225 0
3225 0
3225 0
3225 0
3225 0
3225 0
3225 0
3225 0
3225 0
3225 0
3225 0
3225 0
3225 0
3225 0
3225 0
3225 0
3225 0
3225 0
3225 0
3225 0
3226 0
3226 13
3226 0
3226 0
3226 0
3226 0
3226 0
3226 0
3226 17
3226 0
3226 0
3226 0
3226 1
3226 0
3226 0
3226 0
3226 0
3226 0
3226 0
3226 0
3226 0
3226 0
3226 0
3226 10
3226 0
3226 0
3226 0
3226 0
3226 0
3226 0
3226 0
3227 0
3227 24
3227 0
3227 0
3227 0
3227 0
3227 0
3227 0
3227 25
3227 0
3227 0
3227 0
3227 11
3227 0
3227 0
3227 0
3227 0
3227 0
3227 0
3227 0
3227 7
3227 0
3227 0
3227 4
3227 0
3227 0
3227 0
3227 0
3227 0
3227 0
3227 0
3229 0
3229 14
3229 0
3229 0
3229 0
3229 0
3229 0
3229 0
3229 9
3229 0
3229 0
3229 0
3229 1
3229 0
3229 0
3229 0
3229 0
3229 0
3229 0
3229 0
3229 0
3229 0
3229 0
3229 8
3229 0
3229 0
3229 0
3229 0
3229 0
3229 0
3229 0
3230 0
3230 7
3230 0
3230 0
3230 0
3230 0
3230 0
3230 0
3230 133
3230 0
3230 0
3230 0
3230 7
3230 0
3230 0
3230 0
3230 0
3230 0
3230 0
3230 0
3230 1
3230 0
3230 0
3230 5
3230 0
3230 0
3230 0
3230 0
3230 0
3230 0
3230 0
3271 0
3271 35
3271 0
3271 0
3271 0
3271 0
3271 0
3271 0
3271 0
3271 0
3271 0
3271 0
3271 0
3271 0
3271 0
3271 0
3271 0
3271 0
3271 0
3271 0
3271 0
3271 0
3271 0
3271 0
3271 0
3271 0
3271 0
3271 0
3271 0
3271 0
3271 0
3453 0
3453 10
3453 0
3453 0
3453 0
3453 0
3453 0
3453 0
3453 0
3453 0
3453 0
3453 0
3453 0
3453 0
3453 0
3453 0
3453 0
3453 0
3453 0
3453 0
3453 0
3453 0
3453 0
3453 0
3453 0
3453 0
3453 0
3453 0
3453 0
3453 0
3453 0
3578 0
3578 6
3578 0
3578 0
3578 0
3578 0
3578 0
3578 0
3578 0
3578 1
3578 0
3578 0
3578 0
3578 0
3578 0
3578 0
3578 0
3578 0
3578 0
3578 0
3578 0
3578 0
3578 0
3578 0
3578 0
3578 0
3578 0
3578 0
3578 0
3578 0
3578 0
3719 0
3719 81
3719 0
3719 0
3719 0
3719 0
3719 0
3719 0
3719 0
3719 0
3719 0
3719 0
3719 0
3719 0
3719 0
3719 0
3719 0
3719 0
3719 0
3719 0
3719 0
3719 0
3719 0
3719 0
3719 0
3719 0
3719 0
3719 0
3719 0
3719 0
3719 0
3736 0
3736 61
3736 0
3736 0
3736 0
3736 0
3736 0
3736 0
3736 0
3736 0
3736 0
3736 0
3736 0
3736 0
3736 0
3736 0
3736 0
3736 0
3736 0
3736 0
3736 0
3736 0
3736 0
3736 0
3736 0
3736 0
3736 0
3736 0
3736 0
3736 0
3736 0
3852 0
3852 2
3852 0
3852 0
3852 0
3852 0
3852 0
3852 0
3852 0
3852 0
3852 0
3852 0
3852 0
3852 0
3852 0
3852 0
3852 0
3852 0
3852 0
3852 0
3852 0
3852 0
3852 0
3852 0
3852 0
3852 0
3852 0
3852 0
3852 0
3852 0
3852 0
3853 0
3853 1
3853 0
3853 0
3853 0
3853 0
3853 0
3853 0
3853 0
3853 0
3853 0
3853 0
3853 0
3853 0
3853 0
3853 0
3853 0
3853 0
3853 0
3853 0
3853 0
3853 0
3853 0
3853 0
3853 0
3853 0
3853 0
3853 0
3853 0
3853 0
3853 0
3854 0
3854 2
3854 0
3854 0
3854 0
3854 0
3854 0
3854 0
3854 1
3854 0
3854 0
3854 0
3854 0
3854 0
3854 0
3854 0
3854 0
3854 0
3854 0
3854 0
3854 0
3854 0
3854 0
3854 0
3854 0
3854 0
3854 0
3854 0
3854 0
3854 0
3854 0
3890 0
3890 17
3890 0
3890 0
3890 0
3890 0
3890 0
3890 0
3890 0
3890 0
3890 0
3890 0
3890 0
3890 0
3890 0
3890 0
3890 0
3890 0
3890 0
3890 0
3890 0
3890 0
3890 0
3890 0
3890 0
3890 0
3890 0
3890 0
3890 0
3890 0
3890 0
