pt_graph shape
2311 0
2311 0
2311 0
2311 0
2311 0
2311 0
2311 0
2311 0
2311 0
2311 0
2311 34.11
2311 0
2311 0
2311 0
2311 0
2311 0
2311 0
2311 0
2311 0
2311 37.69
2311 0
2311 1.99
2311 0
2311 0
2311 2.02
2311 0
2311 0
2311 0
2311 0
2311 0
2311 0
2600 0
2600 0
2600 0
2600 0
2600 0
2600 0
2600 0
2600 0
2600 0
2600 0
2600 34.11
2600 0
2600 0
2600 0
2600 0
2600 0
2600 0
2600 0
2600 0
2600 37.69
2600 0
2600 1.99
2600 0
2600 0
2600 2.02
2600 0
2600 0
2600 0
2600 0
2600 0
2600 0
2653 0
2653 0
2653 0
2653 0
2653 0
2653 0
2653 0
2653 0
2653 0
2653 0
2653 34.11
2653 0
2653 0
2653 0
2653 0
2653 0
2653 0
2653 0
2653 0
2653 37.69
2653 0
2653 1.99
2653 0
2653 0
2653 2.02
2653 0
2653 0
2653 0
2653 0
2653 0
2653 0
2743 0
2743 0
2743 0
2743 0
2743 0
2743 0
2743 0
2743 0
2743 0
2743 0
2743 34.11
2743 0
2743 0
2743 0
2743 0
2743 0
2743 0
2743 0
2743 0
2743 37.69
2743 0
2743 1.99
2743 0
2743 0
2743 2.02
2743 0
2743 0
2743 0
2743 0
2743 0
2743 0
6924 0
6924 0
6924 0
6924 0
6924 0
6924 0
6924 0
6924 0
6924 0
6924 0
6924 1.47
6924 0
6924 0
6924 0
6924 1.97
6924 0
6924 0
6924 0
6924 0
6924 0
6924 0
6924 0
6924 0
6924 0
6924 1.66
6924 0
6924 0
6924 0
6924 0
6924 0
6924 0
8392 0
8392 0
8392 0
8392 0
8392 0
8392 0
8392 0
8392 0
8392 0
8392 0
8392 1.47
8392 0
8392 0
8392 0
8392 21.32
8392 0
8392 0
8392 0
8392 0
8392 0
8392 0
8392 0
8392 0
8392 0
8392 34.53
8392 0
8392 0
8392 0
8392 0
8392 0
8392 0
8486 0
8486 0
8486 0
8486 0
8486 0
8486 0
8486 0
8486 0
8486 0
8486 0
8486 1.47
8486 0
8486 0
8486 0
8486 21.32
8486 0
8486 0
8486 0
8486 0
8486 0
8486 0
8486 0
8486 0
8486 0
8486 34.53
8486 0
8486 0
8486 0
8486 0
8486 0
8486 0
8509 0
8509 0
8509 0
8509 0
8509 0
8509 0
8509 0
8509 0
8509 0
8509 0
8509 1.48
8509 0
8509 0
8509 0
8509 18.09
8509 0
8509 0
8509 0
8509 0
8509 0
8509 0
8509 0
8509 0
8509 0
8509 27.36
8509 0
8509 0
8509 0
8509 0
8509 0
8509 0
8543 0
8543 0
8543 0
8543 0
8543 0
8543 0
8543 0
8543 0
8543 0
8543 0
8543 1.47
8543 0
8543 0
8543 0
8543 31.86
8543 0
8543 0
8543 0
8543 0
8543 0
8543 0
8543 0
8543 0
8543 0
8543 31.64
8543 0
8543 0
8543 0
8543 0
8543 0
8543 0
8553 0
8553 0
8553 0
8553 0
8553 0
8553 0
8553 0
8553 0
8553 0
8553 0
8553 1.47
8553 0
8553 0
8553 0
8553 1.97
8553 0
8553 0
8553 0
8553 0
8553 0
8553 0
8553 0
8553 0
8553 0
8553 2.06
8553 0
8553 0
8553 0
8553 0
8553 0
8553 0
8692 0
8692 0
8692 0
8692 0
8692 0
8692 0
8692 0
8692 0
8692 0
8692 0
8692 1.47
8692 0
8692 0
8692 0
8692 1.97
8692 0
8692 0
8692 0
8692 0
8692 0
8692 0
8692 0
8692 0
8692 0
8692 2.06
8692 0
8692 0
8692 0
8692 0
8692 0
8692 0
8696 0
8696 0
8696 0
8696 0
8696 0
8696 0
8696 0
8696 0
8696 0
8696 0
8696 0.74
8696 0
8696 0
8696 0
8696 0.75
8696 0
8696 0
8696 0
8696 0
8696 0
8696 0
8696 0
8696 0
8696 0
8696 1.4
8696 0
8696 0
8696 0
8696 0
8696 0
8696 0
8735 0
8735 0
8735 0
8735 0
8735 0
8735 0
8735 0
8735 0
8735 0
8735 0
8735 0.93
8735 0
8735 0
8735 0
8735 1.05
8735 0
8735 0
8735 0
8735 0
8735 0
8735 0
8735 0
8735 0
8735 0
8735 0.94
8735 0
8735 0
8735 0
8735 0
8735 0
8735 0
8764 0
8764 0
8764 0
8764 0
8764 0
8764 0
8764 0
8764 0
8764 0
8764 0
8764 1.47
8764 0
8764 0
8764 0
8764 1.97
8764 0
8764 0
8764 0
8764 0
8764 0
8764 0
8764 0
8764 0
8764 0
8764 2.06
8764 0
8764 0
8764 0
8764 0
8764 0
8764 0
8781 0
8781 0
8781 0
8781 0
8781 0
8781 0
8781 0
8781 0
8781 0
8781 0
8781 1.48
8781 0
8781 0
8781 0
8781 18.09
8781 0
8781 0
8781 0
8781 0
8781 0
8781 0
8781 0
8781 0
8781 0
8781 27.36
8781 0
8781 0
8781 0
8781 0
8781 0
8781 0
8835 0
8835 0
8835 0
8835 0
8835 0
8835 0
8835 0
8835 0
8835 0
8835 0
8835 1.47
8835 0
8835 0
8835 0
8835 1.97
8835 0
8835 0
8835 0
8835 0
8835 0
8835 0
8835 0
8835 0
8835 0
8835 2.06
8835 0
8835 0
8835 0
8835 0
8835 0
8835 0
8858 0
8858 0
8858 0
8858 0
8858 0
8858 0
8858 0
8858 0
8858 0
8858 0
8858 1.47
8858 0
8858 0
8858 0
8858 21.32
8858 0
8858 0
8858 0
8858 0
8858 0
8858 0
8858 0
8858 0
8858 0
8858 34.53
8858 0
8858 0
8858 0
8858 0
8858 0
8858 0
9288 0
9288 0
9288 0
9288 0
9288 0
9288 0
9288 0
9288 0
9288 0
9288 0
9288 1.47
9288 0
9288 0
9288 0
9288 1.97
9288 0
9288 0
9288 0
9288 0
9288 0
9288 0
9288 0
9288 0
9288 0
9288 1.66
9288 0
9288 0
9288 0
9288 0
9288 0
9288 0
9431 0
9431 0
9431 0
9431 0
9431 0
9431 0
9431 0
9431 0
9431 0
9431 0
9431 1.48
9431 0
9431 0
9431 0
9431 0
9431 0
9431 0
9431 0
9431 0
9431 0
9431 0
9431 0
9431 0
9431 0
9431 1.69
9431 0
9431 0
9431 0
9431 0
9431 0
9431 0
9524 0
9524 0
9524 0
9524 0
9524 0
9524 0
9524 0
9524 0
9524 0
9524 0
9524 1.47
9524 0
9524 0
9524 0
9524 30.56
9524 0
9524 0
9524 0
9524 0
9524 0
9524 0
9524 0
9524 0
9524 0
9524 1.63
9524 0
9524 0
9524 0
9524 0
9524 0
9524 0
9552 0
9552 0
9552 0
9552 0
9552 0
9552 0
9552 0
9552 0
9552 0
9552 0
9552 1.48
9552 0
9552 0
9552 0
9552 0
9552 0
9552 0
9552 0
9552 0
9552 0
9552 0
9552 0
9552 0
9552 0
9552 1.69
9552 0
9552 0
9552 0
9552 0
9552 0
9552 0
9641 0
9641 0
9641 0
9641 0
9641 0
9641 0
9641 0
9641 0
9641 0
9641 0
9641 1.47
9641 0
9641 0
9641 0
9641 30.56
9641 0
9641 0
9641 0
9641 0
9641 0
9641 0
9641 0
9641 0
9641 0
9641 1.63
9641 0
9641 0
9641 0
9641 0
9641 0
9641 0
9643 0
9643 0
9643 0
9643 0
9643 0
9643 0
9643 0
9643 0
9643 0
9643 0
9643 0.87
9643 0
9643 0
9643 0
9643 1
9643 0
9643 0
9643 0
9643 0
9643 0
9643 0
9643 0
9643 0
9643 0
9643 0.86
9643 0
9643 0
9643 0
9643 0
9643 0
9643 0
9764 0
9764 0
9764 0
9764 0
9764 0
9764 0
9764 0
9764 0
9764 0
9764 0
9764 1.63
9764 0
9764 0
9764 0
9764 36.04
9764 0
9764 0
9764 0
9764 0
9764 0
9764 0
9764 0
9764 0
9764 0
9764 1.56
9764 0
9764 0
9764 0
9764 0
9764 0
9764 0
9799 0
9799 0
9799 0
9799 0
9799 0
9799 0
9799 0
9799 0
9799 0
9799 0
9799 1.47
9799 0
9799 0
9799 0
9799 30.56
9799 0
9799 0
9799 0
9799 0
9799 0
9799 0
9799 0
9799 0
9799 0
9799 1.63
9799 0
9799 0
9799 0
9799 0
9799 0
9799 0
10466 0
10466 0
10466 0
10466 0
10466 0
10466 0
10466 0
10466 0
10466 0
10466 0
10466 1.47
10466 0
10466 0
10466 0
10466 1.97
10466 0
10466 0
10466 0
10466 0
10466 0
10466 0
10466 0
10466 0
10466 0
10466 1.66
10466 0
10466 0
10466 0
10466 0
10466 0
10466 0
10684 0
10684 0
10684 0
10684 0
10684 0
10684 0
10684 0
10684 0
10684 0
10684 0
10684 1.46
10684 0
10684 0
10684 0
10684 0
10684 0
10684 0
10684 0
10684 0
10684 0
10684 0
10684 0
10684 0
10684 0
10684 0
10684 0
10684 0
10684 0
10684 0
10684 0
10684 0
10695 0
10695 0
10695 0
10695 0
10695 0
10695 0
10695 0
10695 0
10695 0
10695 0
10695 1.46
10695 0
10695 0
10695 0
10695 0
10695 0
10695 0
10695 0
10695 0
10695 0
10695 0
10695 0
10695 0
10695 0
10695 0
10695 0
10695 0
10695 0
10695 0
10695 0
10695 0
10701 0
10701 0
10701 0
10701 0
10701 0
10701 0
10701 0
10701 0
10701 0
10701 0
10701 1.48
10701 0
10701 0
10701 0
10701 30.56
10701 0
10701 0
10701 0
10701 0
10701 0
10701 0
10701 0
10701 0
10701 0
10701 28.49
10701 0
10701 0
10701 0
10701 0
10701 0
10701 0
10702 0
10702 0
10702 0
10702 0
10702 0
10702 0
10702 0
10702 0
10702 0
10702 0
10702 1.46
10702 0
10702 0
10702 0
10702 0
10702 0
10702 0
10702 0
10702 0
10702 0
10702 0
10702 0
10702 0
10702 0
10702 0
10702 0
10702 0
10702 0
10702 0
10702 0
10702 0
10711 0
10711 0
10711 0
10711 0
10711 0
10711 0
10711 0
10711 0
10711 0
10711 0
10711 1.46
10711 0
10711 0
10711 0
10711 0
10711 0
10711 0
10711 0
10711 0
10711 0
10711 0
10711 0
10711 0
10711 0
10711 0
10711 0
10711 0
10711 0
10711 0
10711 0
10711 0
10720 0
10720 0
10720 0
10720 0
10720 0
10720 0
10720 0
10720 0
10720 0
10720 0
10720 1.48
10720 0
10720 0
10720 0
10720 30.56
10720 0
10720 0
10720 0
10720 0
10720 0
10720 0
10720 0
10720 0
10720 0
10720 28.49
10720 0
10720 0
10720 0
10720 0
10720 0
10720 0
10754 0
10754 0
10754 0
10754 0
10754 0
10754 0
10754 0
10754 0
10754 0
10754 0
10754 1.48
10754 0
10754 0
10754 0
10754 30.56
10754 0
10754 0
10754 0
10754 0
10754 0
10754 0
10754 0
10754 0
10754 0
10754 28.49
10754 0
10754 0
10754 0
10754 0
10754 0
10754 0
10847 0
10847 0
10847 0
10847 0
10847 0
10847 0
10847 0
10847 0
10847 0
10847 0
10847 1.48
10847 0
10847 0
10847 0
10847 0
10847 0
10847 0
10847 0
10847 0
10847 0
10847 0
10847 0
10847 0
10847 0
10847 0
10847 0
10847 0
10847 0
10847 0
10847 0
10847 0
10854 0
10854 0
10854 0
10854 0
10854 0
10854 0
10854 0
10854 0
10854 0
10854 0
10854 1.48
10854 0
10854 0
10854 0
10854 30.56
10854 0
10854 0
10854 0
10854 0
10854 0
10854 0
10854 0
10854 0
10854 0
10854 28.49
10854 0
10854 0
10854 0
10854 0
10854 0
10854 0
10883 0
10883 0
10883 0
10883 0
10883 0
10883 0
10883 0
10883 0
10883 0
10883 0
10883 0
10883 0.68
10883 0
10883 0
10883 0
10883 0
10883 0
10883 0
10883 0
10883 0
10883 0
10883 0
10883 0
10883 0
10883 0
10883 0
10883 0
10883 0
10883 0
10883 0
10883 0
10887 0
10887 0
10887 0
10887 0
10887 0
10887 0
10887 0
10887 0
10887 0
10887 0
10887 0
10887 0.47
10887 0
10887 0
10887 0
10887 0
10887 0
10887 0
10887 0
10887 0
10887 0
10887 0
10887 0
10887 0
10887 0
10887 0
10887 0
10887 0
10887 0
10887 0
10887 0
10893 0
10893 0
10893 0
10893 0
10893 0
10893 0
10893 0
10893 0
10893 0
10893 0
10893 0
10893 0.73
10893 0
10893 0
10893 0
10893 0
10893 0
10893 0
10893 0
10893 0
10893 0
10893 0
10893 0
10893 0
10893 0
10893 0
10893 0
10893 0
10893 0
10893 0
10893 0
10897 0
10897 0
10897 0
10897 0
10897 0
10897 0
10897 0
10897 0
10897 0
10897 0
10897 0
10897 0.47
10897 0
10897 0
10897 0
10897 0
10897 0
10897 0
10897 0
10897 0
10897 0
10897 0
10897 0
10897 0
10897 0
10897 0
10897 0
10897 0
10897 0
10897 0
10897 0
10899 0
10899 0
10899 0
10899 0
10899 0
10899 0
10899 0
10899 0
10899 0
10899 0
10899 0
10899 0.53
10899 0
10899 0
10899 0
10899 0
10899 0
10899 0
10899 0
10899 0
10899 0
10899 0
10899 0
10899 0
10899 0
10899 0
10899 0
10899 0
10899 0
10899 0
10899 0
10902 0
10902 0
10902 0
10902 0
10902 0
10902 0
10902 0
10902 0
10902 0
10902 0
10902 0
10902 0.88
10902 0
10902 0
10902 0
10902 0
10902 0
10902 0
10902 0
10902 0
10902 0
10902 0
10902 0
10902 0
10902 0
10902 0
10902 0
10902 0
10902 0
10902 0
10902 0
10904 0
10904 0
10904 0
10904 0
10904 0
10904 0
10904 0
10904 0
10904 0
10904 0
10904 0
10904 0.57
10904 0
10904 0
10904 0
10904 0
10904 0
10904 0
10904 0
10904 0
10904 0
10904 0
10904 0
10904 0
10904 0
10904 0
10904 0
10904 0
10904 0
10904 0
10904 0
10905 0
10905 0
10905 0
10905 0
10905 0
10905 0
10905 0
10905 0
10905 0
10905 0
10905 0
10905 0.8
10905 0
10905 0
10905 0
10905 0
10905 0
10905 0
10905 0
10905 0
10905 0
10905 0
10905 0
10905 0
10905 0
10905 0
10905 0
10905 0
10905 0
10905 0
10905 0
10907 0
10907 0
10907 0
10907 0
10907 0
10907 0
10907 0
10907 0
10907 0
10907 0
10907 0
10907 2.83
10907 0
10907 0
10907 0
10907 0
10907 0
10907 0
10907 0
10907 0
10907 0
10907 0
10907 0
10907 0
10907 0
10907 0
10907 0
10907 0
10907 0
10907 0
10907 0
10909 0
10909 0
10909 0
10909 0
10909 0
10909 0
10909 0
10909 0
10909 0
10909 0
10909 0
10909 0.46
10909 0
10909 0
10909 0
10909 0
10909 0
10909 0
10909 0
10909 0
10909 0
10909 0
10909 0
10909 0
10909 0
10909 0
10909 0
10909 0
10909 0
10909 0
10909 0
10913 0
10913 0
10913 0
10913 0
10913 0
10913 0
10913 0
10913 0
10913 0
10913 0
10913 0
10913 1.47
10913 0
10913 0
10913 0
10913 0
10913 0
10913 0
10913 0
10913 0
10913 0
10913 0
10913 0
10913 0
10913 0
10913 0
10913 0
10913 0
10913 0
10913 0
10913 0
10914 0
10914 0
10914 0
10914 0
10914 0
10914 0
10914 0
10914 0
10914 0
10914 0
10914 0
10914 1.47
10914 0
10914 0
10914 0
10914 0
10914 0
10914 0
10914 0
10914 0
10914 0
10914 0
10914 0
10914 0
10914 0
10914 0
10914 0
10914 0
10914 0
10914 0
10914 0
10915 0
10915 0
10915 0
10915 0
10915 0
10915 0
10915 0
10915 0
10915 0
10915 0
10915 0
10915 2.83
10915 0
10915 0
10915 0
10915 0
10915 0
10915 0
10915 0
10915 0
10915 0
10915 0
10915 0
10915 0
10915 0
10915 0
10915 0
10915 0
10915 0
10915 0
10915 0
10916 0
10916 0
10916 0
10916 0
10916 0
10916 0
10916 0
10916 0
10916 0
10916 0
10916 0
10916 2.83
10916 0
10916 0
10916 0
10916 0
10916 0
10916 0
10916 0
10916 0
10916 0
10916 0
10916 0
10916 0
10916 0
10916 0
10916 0
10916 0
10916 0
10916 0
10916 0
10918 0
10918 0
10918 0
10918 0
10918 0
10918 0
10918 0
10918 0
10918 0
10918 0
10918 0
10918 0.86
10918 0
10918 0
10918 0
10918 0
10918 0
10918 0
10918 0
10918 0
10918 0
10918 0
10918 0
10918 0
10918 0
10918 0
10918 0
10918 0
10918 0
10918 0
10918 0
10920 0
10920 0
10920 0
10920 0
10920 0
10920 0
10920 0
10920 0
10920 0
10920 0
10920 0
10920 0.85
10920 0
10920 0
10920 0
10920 0
10920 0
10920 0
10920 0
10920 0
10920 0
10920 0
10920 0
10920 0
10920 0
10920 0
10920 0
10920 0
10920 0
10920 0
10920 0
10924 0
10924 0
10924 0
10924 0
10924 0
10924 0
10924 0
10924 0
10924 0
10924 0
10924 0
10924 1.38
10924 0
10924 0
10924 0
10924 0
10924 0
10924 0
10924 0
10924 0
10924 0
10924 0
10924 0
10924 0
10924 0
10924 0
10924 0
10924 0
10924 0
10924 0
10924 0
10926 0
10926 0
10926 0
10926 0
10926 0
10926 0
10926 0
10926 0
10926 0
10926 0
10926 0
10926 0.56
10926 0
10926 0
10926 0
10926 0
10926 0
10926 0
10926 0
10926 0
10926 0
10926 0
10926 0
10926 0
10926 0
10926 0
10926 0
10926 0
10926 0
10926 0
10926 0
10929 0
10929 0
10929 0
10929 0
10929 0
10929 0
10929 0
10929 0
10929 0
10929 0
10929 0
10929 0.68
10929 0
10929 0
10929 0
10929 0
10929 0
10929 0
10929 0
10929 0
10929 0
10929 0
10929 0
10929 0
10929 0
10929 0
10929 0
10929 0
10929 0
10929 0
10929 0
10930 0
10930 0
10930 0
10930 0
10930 0
10930 0
10930 0
10930 0
10930 0
10930 0
10930 0
10930 0.54
10930 0
10930 0
10930 0
10930 0
10930 0
10930 0
10930 0
10930 0
10930 0
10930 0
10930 0
10930 0
10930 0
10930 0
10930 0
10930 0
10930 0
10930 0
10930 0
10934 0
10934 0
10934 0
10934 0
10934 0
10934 0
10934 0
10934 0
10934 0
10934 0
10934 0
10934 1.47
10934 0
10934 0
10934 0
10934 0
10934 0
10934 0
10934 0
10934 0
10934 0
10934 0
10934 0
10934 0
10934 0
10934 0
10934 0
10934 0
10934 0
10934 0
10934 0
10935 0
10935 0
10935 0
10935 0
10935 0
10935 0
10935 0
10935 0
10935 0
10935 0
10935 0
10935 0.64
10935 0
10935 0
10935 0
10935 0
10935 0
10935 0
10935 0
10935 0
10935 0
10935 0
10935 0
10935 0
10935 0
10935 0
10935 0
10935 0
10935 0
10935 0
10935 0
10938 0
10938 0
10938 0
10938 0
10938 0
10938 0
10938 0
10938 0
10938 0
10938 0
10938 0
10938 0.9
10938 0
10938 0
10938 0
10938 0
10938 0
10938 0
10938 0
10938 0
10938 0
10938 0
10938 0
10938 0
10938 0
10938 0
10938 0
10938 0
10938 0
10938 0
10938 0
10940 0
10940 0
10940 0
10940 0
10940 0
10940 0
10940 0
10940 0
10940 0
10940 0
10940 0
10940 0.89
10940 0
10940 0
10940 0
10940 0
10940 0
10940 0
10940 0
10940 0
10940 0
10940 0
10940 0
10940 0
10940 0
10940 0
10940 0
10940 0
10940 0
10940 0
10940 0
10941 0
10941 0
10941 0
10941 0
10941 0
10941 0
10941 0
10941 0
10941 0
10941 0
10941 0
10941 1.47
10941 0
10941 0
10941 0
10941 0
10941 0
10941 0
10941 0
10941 0
10941 0
10941 0
10941 0
10941 0
10941 0
10941 0
10941 0
10941 0
10941 0
10941 0
10941 0
10942 0
10942 0
10942 0
10942 0
10942 0
10942 0
10942 0
10942 0
10942 0
10942 0
10942 0
10942 0.91
10942 0
10942 0
10942 0
10942 0
10942 0
10942 0
10942 0
10942 0
10942 0
10942 0
10942 0
10942 0
10942 0
10942 0
10942 0
10942 0
10942 0
10942 0
10942 0
10944 0
10944 0
10944 0
10944 0
10944 0
10944 0
10944 0
10944 0
10944 0
10944 0
10944 0
10944 1.47
10944 0
10944 0
10944 0
10944 0
10944 0
10944 0
10944 0
10944 0
10944 0
10944 0
10944 0
10944 0
10944 0
10944 0
10944 0
10944 0
10944 0
10944 0
10944 0
10947 0
10947 0
10947 0
10947 0
10947 0
10947 0
10947 0
10947 0
10947 0
10947 0
10947 0
10947 1.48
10947 0
10947 0
10947 0
10947 0
10947 0
10947 0
10947 0
10947 0
10947 0
10947 0
10947 0
10947 0
10947 0
10947 0
10947 0
10947 0
10947 0
10947 0
10947 0
10953 0
10953 0
10953 0
10953 0
10953 0
10953 0
10953 0
10953 0
10953 0
10953 0
10953 0
10953 0.51
10953 0
10953 0
10953 0
10953 0
10953 0
10953 0
10953 0
10953 0
10953 0
10953 0
10953 0
10953 0
10953 0
10953 0
10953 0
10953 0
10953 0
10953 0
10953 0
10955 0
10955 0
10955 0
10955 0
10955 0
10955 0
10955 0
10955 0
10955 0
10955 0
10955 0
10955 0.63
10955 0
10955 0
10955 0
10955 0
10955 0
10955 0
10955 0
10955 0
10955 0
10955 0
10955 0
10955 0
10955 0
10955 0
10955 0
10955 0
10955 0
10955 0
10955 0
10959 0
10959 0
10959 0
10959 0
10959 0
10959 0
10959 0
10959 0
10959 0
10959 0
10959 0
10959 0.5
10959 0
10959 0
10959 0
10959 0
10959 0
10959 0
10959 0
10959 0
10959 0
10959 0
10959 0
10959 0
10959 0
10959 0
10959 0
10959 0
10959 0
10959 0
10959 0
10961 0
10961 0
10961 0
10961 0
10961 0
10961 0
10961 0
10961 0
10961 0
10961 0
10961 0
10961 0.45
10961 0
10961 0
10961 0
10961 0
10961 0
10961 0
10961 0
10961 0
10961 0
10961 0
10961 0
10961 0
10961 0
10961 0
10961 0
10961 0
10961 0
10961 0
10961 0
10962 0
10962 0
10962 0
10962 0
10962 0
10962 0
10962 0
10962 0
10962 0
10962 0
10962 0
10962 0.68
10962 0
10962 0
10962 0
10962 0
10962 0
10962 0
10962 0
10962 0
10962 0
10962 0
10962 0
10962 0
10962 0
10962 0
10962 0
10962 0
10962 0
10962 0
10962 0
10963 0
10963 0
10963 0
10963 0
10963 0
10963 0
10963 0
10963 0
10963 0
10963 0
10963 0
10963 0.61
10963 0
10963 0
10963 0
10963 0
10963 0
10963 0
10963 0
10963 0
10963 0
10963 0
10963 0
10963 0
10963 0
10963 0
10963 0
10963 0
10963 0
10963 0
10963 0
10965 0
10965 0
10965 0
10965 0
10965 0
10965 0
10965 0
10965 0
10965 0
10965 0
10965 0
10965 0.73
10965 0
10965 0
10965 0
10965 0
10965 0
10965 0
10965 0
10965 0
10965 0
10965 0
10965 0
10965 0
10965 0
10965 0
10965 0
10965 0
10965 0
10965 0
10965 0
10968 0
10968 0
10968 0
10968 0
10968 0
10968 0
10968 0
10968 0
10968 0
10968 0
10968 0
10968 0.48
10968 0
10968 0
10968 0
10968 0
10968 0
10968 0
10968 0
10968 0
10968 0
10968 0
10968 0
10968 0
10968 0
10968 0
10968 0
10968 0
10968 0
10968 0
10968 0
10972 0
10972 0
10972 0
10972 0
10972 0
10972 0
10972 0
10972 0
10972 0
10972 0
10972 0
10972 0.93
10972 0
10972 0
10972 0
10972 0
10972 0
10972 0
10972 0
10972 0
10972 0
10972 0
10972 0
10972 0
10972 0
10972 0
10972 0
10972 0
10972 0
10972 0
10972 0
10973 0
10973 0
10973 0
10973 0
10973 0
10973 0
10973 0
10973 0
10973 0
10973 0
10973 0
10973 1.48
10973 0
10973 0
10973 0
10973 0
10973 0
10973 0
10973 0
10973 0
10973 0
10973 0
10973 0
10973 0
10973 0
10973 0
10973 0
10973 0
10973 0
10973 0
10973 0
10976 0
10976 0
10976 0
10976 0
10976 0
10976 0
10976 0
10976 0
10976 0
10976 0
10976 0
10976 1.48
10976 0
10976 0
10976 0
10976 0
10976 0
10976 0
10976 0
10976 0
10976 0
10976 0
10976 0
10976 0
10976 0
10976 0
10976 0
10976 0
10976 0
10976 0
10976 0
10977 0
10977 0
10977 0
10977 0
10977 0
10977 0
10977 0
10977 0
10977 0
10977 0
10977 0
10977 1.48
10977 0
10977 0
10977 0
10977 0
10977 0
10977 0
10977 0
10977 0
10977 0
10977 0
10977 0
10977 0
10977 0
10977 0
10977 0
10977 0
10977 0
10977 0
10977 0
10984 0
10984 0
10984 0
10984 0
10984 0
10984 0
10984 0
10984 0
10984 0
10984 0
10984 0
10984 0.92
10984 0
10984 0
10984 0
10984 0
10984 0
10984 0
10984 0
10984 0
10984 0
10984 0
10984 0
10984 0
10984 0
10984 0
10984 0
10984 0
10984 0
10984 0
10984 0
10986 0
10986 0
10986 0
10986 0
10986 0
10986 0
10986 0
10986 0
10986 0
10986 0
10986 0
10986 0.74
10986 0
10986 0
10986 0
10986 0
10986 0
10986 0
10986 0
10986 0
10986 0
10986 0
10986 0
10986 0
10986 0
10986 0
10986 0
10986 0
10986 0
10986 0
10986 0
10988 0
10988 0
10988 0
10988 0
10988 0
10988 0
10988 0
10988 0
10988 0
10988 0
10988 0
10988 0.79
10988 0
10988 0
10988 0
10988 0
10988 0
10988 0
10988 0
10988 0
10988 0
10988 0
10988 0
10988 0
10988 0
10988 0
10988 0
10988 0
10988 0
10988 0
10988 0
10993 0
10993 0
10993 0
10993 0
10993 0
10993 0
10993 0
10993 0
10993 0
10993 0
10993 0
10993 0.62
10993 0
10993 0
10993 0
10993 0
10993 0
10993 0
10993 0
10993 0
10993 0
10993 0
10993 0
10993 0
10993 0
10993 0
10993 0
10993 0
10993 0
10993 0
10993 0
10994 0
10994 0
10994 0
10994 0
10994 0
10994 0
10994 0
10994 0
10994 0
10994 0
10994 0
10994 0.5
10994 0
10994 0
10994 0
10994 0
10994 0
10994 0
10994 0
10994 0
10994 0
10994 0
10994 0
10994 0
10994 0
10994 0
10994 0
10994 0
10994 0
10994 0
10994 0
11000 0
11000 0
11000 0
11000 0
11000 0
11000 0
11000 0
11000 0
11000 0
11000 0
11000 0
11000 1.48
11000 0
11000 0
11000 0
11000 0
11000 0
11000 0
11000 0
11000 0
11000 0
11000 0
11000 0
11000 0
11000 0
11000 0
11000 0
11000 0
11000 0
11000 0
11000 0
11008 0
11008 0
11008 0
11008 0
11008 0
11008 0
11008 0
11008 0
11008 0
11008 0
11008 0
11008 1.07
11008 0
11008 0
11008 0
11008 0
11008 0
11008 0
11008 0
11008 0
11008 0
11008 0
11008 0
11008 0
11008 0
11008 0
11008 0
11008 0
11008 0
11008 0
11008 0
11010 0
11010 0
11010 0
11010 0
11010 0
11010 0
11010 0
11010 0
11010 0
11010 0
11010 0
11010 1.48
11010 0
11010 0
11010 0
11010 0
11010 0
11010 0
11010 0
11010 0
11010 0
11010 0
11010 0
11010 0
11010 0
11010 0
11010 0
11010 0
11010 0
11010 0
11010 0
11013 0
11013 0
11013 0
11013 0
11013 0
11013 0
11013 0
11013 0
11013 0
11013 0
11013 0
11013 1.47
11013 0
11013 0
11013 0
11013 0
11013 0
11013 0
11013 0
11013 0
11013 0
11013 0
11013 0
11013 0
11013 0
11013 0
11013 0
11013 0
11013 0
11013 0
11013 0
11018 0
11018 0
11018 0
11018 0
11018 0
11018 0
11018 0
11018 0
11018 0
11018 0
11018 0
11018 1.48
11018 0
11018 0
11018 0
11018 0
11018 0
11018 0
11018 0
11018 0
11018 0
11018 0
11018 0
11018 0
11018 0
11018 0
11018 0
11018 0
11018 0
11018 0
11018 0
11021 0
11021 0
11021 0
11021 0
11021 0
11021 0
11021 0
11021 0
11021 0
11021 0
11021 0
11021 1.47
11021 0
11021 0
11021 0
11021 0
11021 0
11021 0
11021 0
11021 0
11021 0
11021 0
11021 0
11021 0
11021 0
11021 0
11021 0
11021 0
11021 0
11021 0
11021 0
11023 0
11023 0
11023 0
11023 0
11023 0
11023 0
11023 0
11023 0
11023 0
11023 0
11023 0
11023 1.48
11023 0
11023 0
11023 0
11023 0
11023 0
11023 0
11023 0
11023 0
11023 0
11023 0
11023 0
11023 0
11023 0
11023 0
11023 0
11023 0
11023 0
11023 0
11023 0
11025 0
11025 0
11025 0
11025 0
11025 0
11025 0
11025 0
11025 0
11025 0
11025 0
11025 0
11025 1.47
11025 0
11025 0
11025 0
11025 0
11025 0
11025 0
11025 0
11025 0
11025 0
11025 0
11025 0
11025 0
11025 0
11025 0
11025 0
11025 0
11025 0
11025 0
11025 0
