pt_graph cpue_kghour
485 0
485 21
485 0
485 0
485 0
485 0
485 0
485 0
485 39
485 0
485 0
485 0
485 33
485 0
485 0
485 0
485 0
485 0
485 0
485 0
485 0
485 0
485 0
485 0
485 0
485 0
485 0
485 0
485 0
485 0
485 0
524 0
524 14
524 0
524 0
524 0
524 0
524 0
524 0
524 31
524 0
524 0
524 0
524 37
524 0
524 0
524 0
524 0
524 0
524 0
524 0
524 0
524 0
524 0
524 0
524 0
524 0
524 0
524 0
524 0
524 0
524 0
529 0
529 17
529 0
529 0
529 0
529 0
529 0
529 0
529 35
529 0
529 0
529 0
529 35
529 0
529 0
529 0
529 0
529 0
529 0
529 0
529 0
529 0
529 0
529 0
529 0
529 0
529 0
529 0
529 0
529 0
529 0
553 0
553 17
553 0
553 0
553 0
553 0
553 0
553 0
553 34
553 0
553 0
553 0
553 35
553 0
553 0
553 0
553 0
553 0
553 0
553 0
553 0
553 0
553 0
553 0
553 0
553 0
553 0
553 0
553 0
553 0
553 0
570 0
570 14
570 0
570 0
570 0
570 0
570 0
570 0
570 52
570 0
570 0
570 0
570 53
570 0
570 0
570 0
570 0
570 0
570 0
570 0
570 0
570 0
570 0
570 1
570 0
570 0
570 0
570 0
570 0
570 0
570 0
590 0
590 21
590 0
590 0
590 0
590 0
590 0
590 0
590 65
590 0
590 0
590 0
590 52
590 0
590 0
590 0
590 0
590 0
590 0
590 0
590 0
590 0
590 0
590 2
590 0
590 0
590 0
590 0
590 0
590 0
590 0
592 0
592 14
592 0
592 0
592 0
592 0
592 0
592 0
592 52
592 0
592 0
592 0
592 53
592 0
592 0
592 0
592 0
592 0
592 0
592 0
592 0
592 0
592 0
592 1
592 0
592 0
592 0
592 0
592 0
592 0
592 0
616 0
616 13
616 0
616 0
616 0
616 0
616 0
616 0
616 50
616 0
616 0
616 0
616 54
616 0
616 0
616 0
616 0
616 0
616 0
616 0
616 0
616 0
616 0
616 1
616 0
616 0
616 0
616 0
616 0
616 0
616 0
647 0
647 7
647 0
647 0
647 0
647 0
647 0
647 0
647 40
647 0
647 0
647 0
647 55
647 0
647 0
647 0
647 0
647 0
647 0
647 0
647 0
647 0
647 0
647 0
647 0
647 0
647 0
647 0
647 0
647 0
647 0
650 0
650 14
650 0
650 0
650 0
650 0
650 0
650 0
650 52
650 0
650 0
650 0
650 53
650 0
650 0
650 0
650 0
650 0
650 0
650 0
650 0
650 0
650 0
650 1
650 0
650 0
650 0
650 0
650 0
650 0
650 0
853 0
853 224
853 0
853 0
853 0
853 0
853 0
853 0
853 17
853 0
853 0
853 0
853 0
853 0
853 0
853 0
853 0
853 0
853 0
853 0
853 0
853 0
853 0
853 0
853 0
853 0
853 0
853 0
853 0
853 0
853 0
1094 0
1094 6
1094 0
1094 0
1094 0
1094 0
1094 0
1094 0
1094 89
1094 0
1094 0
1094 0
1094 77
1094 0
1094 0
1094 0
1094 0
1094 0
1094 0
1094 0
1094 0
1094 0
1094 0
1094 6
1094 0
1094 0
1094 0
1094 0
1094 0
1094 0
1094 0
1412 0
1412 6
1412 0
1412 0
1412 0
1412 0
1412 0
1412 0
1412 89
1412 0
1412 0
1412 0
1412 77
1412 0
1412 0
1412 0
1412 0
1412 0
1412 0
1412 0
1412 0
1412 0
1412 0
1412 6
1412 0
1412 0
1412 0
1412 0
1412 0
1412 0
1412 0
1418 0
1418 6
1418 0
1418 0
1418 0
1418 0
1418 0
1418 0
1418 89
1418 0
1418 0
1418 0
1418 77
1418 0
1418 0
1418 0
1418 0
1418 0
1418 0
1418 0
1418 0
1418 0
1418 0
1418 6
1418 0
1418 0
1418 0
1418 0
1418 0
1418 0
1418 0
1851 0
1851 6
1851 0
1851 0
1851 0
1851 0
1851 0
1851 0
1851 89
1851 0
1851 0
1851 0
1851 77
1851 0
1851 0
1851 0
1851 0
1851 0
1851 0
1851 0
1851 0
1851 0
1851 0
1851 6
1851 0
1851 0
1851 0
1851 0
1851 0
1851 0
1851 0
2536 0
2536 96
2536 0
2536 0
2536 0
2536 0
2536 0
2536 0
2536 1471
2536 0
2536 0
2536 0
2536 30
2536 0
2536 0
2536 0
2536 0
2536 0
2536 0
2536 0
2536 10
2536 0
2536 0
2536 64
2536 0
2536 1
2536 0
2536 0
2536 0
2536 0
2536 0
2538 0
2538 4
2538 0
2538 0
2538 0
2538 0
2538 0
2538 0
2538 68
2538 0
2538 0
2538 0
2538 1
2538 0
2538 0
2538 0
2538 0
2538 0
2538 0
2538 0
2538 0
2538 0
2538 0
2538 3
2538 0
2538 0
2538 0
2538 0
2538 0
2538 0
2538 0
2542 0
2542 4
2542 0
2542 0
2542 0
2542 0
2542 0
2542 0
2542 68
2542 0
2542 0
2542 0
2542 1
2542 0
2542 0
2542 0
2542 0
2542 0
2542 0
2542 0
2542 0
2542 0
2542 0
2542 3
2542 0
2542 0
2542 0
2542 0
2542 0
2542 0
2542 0
3225 0
3225 4
3225 0
3225 0
3225 0
3225 0
3225 0
3225 0
3225 68
3225 0
3225 0
3225 0
3225 1
3225 0
3225 0
3225 0
3225 0
3225 0
3225 0
3225 0
3225 0
3225 0
3225 0
3225 3
3225 0
3225 0
3225 0
3225 0
3225 0
3225 0
3225 0
3227 0
3227 4
3227 0
3227 0
3227 0
3227 0
3227 0
3227 0
3227 68
3227 0
3227 0
3227 0
3227 1
3227 0
3227 0
3227 0
3227 0
3227 0
3227 0
3227 0
3227 0
3227 0
3227 0
3227 3
3227 0
3227 0
3227 0
3227 0
3227 0
3227 0
3227 0
10410 0
10410 0
10410 0
10410 0
10410 0
10410 0
10410 0
10410 0
10410 0
10410 0
10410 3052
10410 0
10410 0
10410 0
10410 0
10410 0
10410 0
10410 0
10410 0
10410 0
10410 0
10410 0
10410 0
10410 0
10410 0
10410 0
10410 0
10410 0
10410 0
10410 0
10410 0
10832 0
10832 0
10832 0
10832 0
10832 0
10832 0
10832 0
10832 0
10832 0
10832 0
10832 164
10832 0
10832 0
10832 0
10832 0
10832 0
10832 0
10832 0
10832 0
10832 0
10832 0
10832 0
10832 0
10832 0
10832 0
10832 0
10832 0
10832 0
10832 0
10832 0
10832 0
10840 0
10840 0
10840 0
10840 0
10840 0
10840 0
10840 0
10840 0
10840 0
10840 0
10840 485
10840 0
10840 0
10840 0
10840 0
10840 0
10840 0
10840 0
10840 0
10840 0
10840 0
10840 0
10840 0
10840 0
10840 0
10840 0
10840 0
10840 0
10840 0
10840 0
10840 0
10844 0
10844 0
10844 0
10844 0
10844 0
10844 0
10844 0
10844 0
10844 0
10844 0
10844 485
10844 0
10844 0
10844 0
10844 0
10844 0
10844 0
10844 0
10844 0
10844 0
10844 0
10844 0
10844 0
10844 0
10844 0
10844 0
10844 0
10844 0
10844 0
10844 0
10844 0
10847 0
10847 0
10847 0
10847 0
10847 0
10847 0
10847 0
10847 0
10847 0
10847 0
10847 150
10847 0
10847 0
10847 0
10847 0
10847 0
10847 0
10847 0
10847 0
10847 0
10847 0
10847 0
10847 0
10847 0
10847 0
10847 0
10847 0
10847 0
10847 0
10847 0
10847 0
10854 0
10854 0
10854 0
10854 0
10854 0
10854 0
10854 0
10854 0
10854 0
10854 0
10854 485
10854 0
10854 0
10854 0
10854 0
10854 0
10854 0
10854 0
10854 0
10854 0
10854 0
10854 0
10854 0
10854 0
10854 0
10854 0
10854 0
10854 0
10854 0
10854 0
10854 0
10880 0
10880 0
10880 0
10880 0
10880 0
10880 0
10880 0
10880 0
10880 0
10880 0
10880 0
10880 109
10880 0
10880 0
10880 0
10880 0
10880 0
10880 0
10880 0
10880 0
10880 0
10880 0
10880 0
10880 0
10880 0
10880 0
10880 0
10880 0
10880 0
10880 0
10880 0
10883 0
10883 0
10883 0
10883 0
10883 0
10883 0
10883 0
10883 0
10883 0
10883 0
10883 0
10883 219
10883 0
10883 0
10883 0
10883 0
10883 0
10883 0
10883 0
10883 0
10883 0
10883 0
10883 0
10883 0
10883 0
10883 0
10883 0
10883 0
10883 0
10883 0
10883 0
10887 0
10887 0
10887 0
10887 0
10887 0
10887 0
10887 0
10887 0
10887 0
10887 0
10887 0
10887 164
10887 0
10887 0
10887 0
10887 0
10887 0
10887 0
10887 0
10887 0
10887 0
10887 0
10887 0
10887 0
10887 0
10887 0
10887 0
10887 0
10887 0
10887 0
10887 0
10891 0
10891 0
10891 0
10891 0
10891 0
10891 0
10891 0
10891 0
10891 0
10891 0
10891 0
10891 311
10891 0
10891 0
10891 0
10891 0
10891 0
10891 0
10891 0
10891 0
10891 0
10891 0
10891 0
10891 0
10891 0
10891 0
10891 0
10891 0
10891 0
10891 0
10891 0
10897 0
10897 0
10897 0
10897 0
10897 0
10897 0
10897 0
10897 0
10897 0
10897 0
10897 0
10897 414
10897 0
10897 0
10897 0
10897 0
10897 0
10897 0
10897 0
10897 0
10897 0
10897 0
10897 0
10897 0
10897 0
10897 0
10897 0
10897 0
10897 0
10897 0
10897 0
10899 0
10899 0
10899 0
10899 0
10899 0
10899 0
10899 0
10899 0
10899 0
10899 0
10899 0
10899 466
10899 0
10899 0
10899 0
10899 0
10899 0
10899 0
10899 0
10899 0
10899 0
10899 0
10899 0
10899 0
10899 0
10899 0
10899 0
10899 0
10899 0
10899 0
10899 0
10901 0
10901 0
10901 0
10901 0
10901 0
10901 0
10901 0
10901 0
10901 0
10901 0
10901 0
10901 217
10901 0
10901 0
10901 0
10901 0
10901 0
10901 0
10901 0
10901 0
10901 0
10901 0
10901 0
10901 0
10901 0
10901 0
10901 0
10901 0
10901 0
10901 0
10901 0
10902 0
10902 0
10902 0
10902 0
10902 0
10902 0
10902 0
10902 0
10902 0
10902 0
10902 0
10902 366
10902 0
10902 0
10902 0
10902 0
10902 0
10902 0
10902 0
10902 0
10902 0
10902 0
10902 0
10902 0
10902 0
10902 0
10902 0
10902 0
10902 0
10902 0
10902 0
10909 0
10909 0
10909 0
10909 0
10909 0
10909 0
10909 0
10909 0
10909 0
10909 0
10909 0
10909 356
10909 0
10909 0
10909 0
10909 0
10909 0
10909 0
10909 0
10909 0
10909 0
10909 0
10909 0
10909 0
10909 0
10909 0
10909 0
10909 0
10909 0
10909 0
10909 0
10913 0
10913 0
10913 0
10913 0
10913 0
10913 0
10913 0
10913 0
10913 0
10913 0
10913 0
10913 459
10913 0
10913 0
10913 0
10913 0
10913 0
10913 0
10913 0
10913 0
10913 0
10913 0
10913 0
10913 0
10913 0
10913 0
10913 0
10913 0
10913 0
10913 0
10913 0
10914 0
10914 0
10914 0
10914 0
10914 0
10914 0
10914 0
10914 0
10914 0
10914 0
10914 0
10914 573
10914 0
10914 0
10914 0
10914 0
10914 0
10914 0
10914 0
10914 0
10914 0
10914 0
10914 0
10914 0
10914 0
10914 0
10914 0
10914 0
10914 0
10914 0
10914 0
10915 0
10915 0
10915 0
10915 0
10915 0
10915 0
10915 0
10915 0
10915 0
10915 0
10915 0
10915 485
10915 0
10915 0
10915 0
10915 0
10915 0
10915 0
10915 0
10915 0
10915 0
10915 0
10915 0
10915 0
10915 0
10915 0
10915 0
10915 0
10915 0
10915 0
10915 0
10916 0
10916 0
10916 0
10916 0
10916 0
10916 0
10916 0
10916 0
10916 0
10916 0
10916 0
10916 401
10916 0
10916 0
10916 0
10916 0
10916 0
10916 0
10916 0
10916 0
10916 0
10916 0
10916 0
10916 0
10916 0
10916 0
10916 0
10916 0
10916 0
10916 0
10916 0
10918 0
10918 0
10918 0
10918 0
10918 0
10918 0
10918 0
10918 0
10918 0
10918 0
10918 0
10918 405
10918 0
10918 0
10918 0
10918 0
10918 0
10918 0
10918 0
10918 0
10918 0
10918 0
10918 0
10918 0
10918 0
10918 0
10918 0
10918 0
10918 0
10918 0
10918 0
10920 0
10920 0
10920 0
10920 0
10920 0
10920 0
10920 0
10920 0
10920 0
10920 0
10920 0
10920 371
10920 0
10920 0
10920 0
10920 0
10920 0
10920 0
10920 0
10920 0
10920 0
10920 0
10920 0
10920 0
10920 0
10920 0
10920 0
10920 0
10920 0
10920 0
10920 0
10924 0
10924 0
10924 0
10924 0
10924 0
10924 0
10924 0
10924 0
10924 0
10924 0
10924 0
10924 475
10924 0
10924 0
10924 0
10924 0
10924 0
10924 0
10924 0
10924 0
10924 0
10924 0
10924 0
10924 0
10924 0
10924 0
10924 0
10924 0
10924 0
10924 0
10924 0
10926 0
10926 0
10926 0
10926 0
10926 0
10926 0
10926 0
10926 0
10926 0
10926 0
10926 0
10926 1024
10926 0
10926 0
10926 0
10926 0
10926 0
10926 0
10926 0
10926 0
10926 0
10926 0
10926 0
10926 0
10926 0
10926 0
10926 0
10926 0
10926 0
10926 0
10926 0
10929 0
10929 0
10929 0
10929 0
10929 0
10929 0
10929 0
10929 0
10929 0
10929 0
10929 0
10929 241
10929 0
10929 0
10929 0
10929 0
10929 0
10929 0
10929 0
10929 0
10929 0
10929 0
10929 0
10929 0
10929 0
10929 0
10929 0
10929 0
10929 0
10929 0
10929 0
10930 0
10930 0
10930 0
10930 0
10930 0
10930 0
10930 0
10930 0
10930 0
10930 0
10930 0
10930 282
10930 0
10930 0
10930 0
10930 0
10930 0
10930 0
10930 0
10930 0
10930 0
10930 0
10930 0
10930 0
10930 0
10930 0
10930 0
10930 0
10930 0
10930 0
10930 0
10935 0
10935 0
10935 0
10935 0
10935 0
10935 0
10935 0
10935 0
10935 0
10935 0
10935 0
10935 298
10935 0
10935 0
10935 0
10935 0
10935 0
10935 0
10935 0
10935 0
10935 0
10935 0
10935 0
10935 0
10935 0
10935 0
10935 0
10935 0
10935 0
10935 0
10935 0
10938 0
10938 0
10938 0
10938 0
10938 0
10938 0
10938 0
10938 0
10938 0
10938 0
10938 0
10938 591
10938 0
10938 0
10938 0
10938 0
10938 0
10938 0
10938 0
10938 0
10938 0
10938 0
10938 0
10938 0
10938 0
10938 0
10938 0
10938 0
10938 0
10938 0
10938 0
10942 0
10942 0
10942 0
10942 0
10942 0
10942 0
10942 0
10942 0
10942 0
10942 0
10942 0
10942 525
10942 0
10942 0
10942 0
10942 0
10942 0
10942 0
10942 0
10942 0
10942 0
10942 0
10942 0
10942 0
10942 0
10942 0
10942 0
10942 0
10942 0
10942 0
10942 0
10944 0
10944 0
10944 0
10944 0
10944 0
10944 0
10944 0
10944 0
10944 0
10944 0
10944 0
10944 690
10944 0
10944 0
10944 0
10944 0
10944 0
10944 0
10944 0
10944 0
10944 0
10944 0
10944 0
10944 0
10944 0
10944 0
10944 0
10944 0
10944 0
10944 0
10944 0
10945 0
10945 0
10945 0
10945 0
10945 0
10945 0
10945 0
10945 0
10945 0
10945 0
10945 0
10945 542
10945 0
10945 0
10945 0
10945 0
10945 0
10945 0
10945 0
10945 0
10945 0
10945 0
10945 0
10945 0
10945 0
10945 0
10945 0
10945 0
10945 0
10945 0
10945 0
10947 0
10947 0
10947 0
10947 0
10947 0
10947 0
10947 0
10947 0
10947 0
10947 0
10947 0
10947 298
10947 0
10947 0
10947 0
10947 0
10947 0
10947 0
10947 0
10947 0
10947 0
10947 0
10947 0
10947 0
10947 0
10947 0
10947 0
10947 0
10947 0
10947 0
10947 0
10948 0
10948 0
10948 0
10948 0
10948 0
10948 0
10948 0
10948 0
10948 0
10948 0
10948 0
10948 395
10948 0
10948 0
10948 0
10948 0
10948 0
10948 0
10948 0
10948 0
10948 0
10948 0
10948 0
10948 0
10948 0
10948 0
10948 0
10948 0
10948 0
10948 0
10948 0
10949 0
10949 0
10949 0
10949 0
10949 0
10949 0
10949 0
10949 0
10949 0
10949 0
10949 0
10949 395
10949 0
10949 0
10949 0
10949 0
10949 0
10949 0
10949 0
10949 0
10949 0
10949 0
10949 0
10949 0
10949 0
10949 0
10949 0
10949 0
10949 0
10949 0
10949 0
10951 0
10951 0
10951 0
10951 0
10951 0
10951 0
10951 0
10951 0
10951 0
10951 0
10951 0
10951 631
10951 0
10951 0
10951 0
10951 0
10951 0
10951 0
10951 0
10951 0
10951 0
10951 0
10951 0
10951 0
10951 0
10951 0
10951 0
10951 0
10951 0
10951 0
10951 0
10953 0
10953 0
10953 0
10953 0
10953 0
10953 0
10953 0
10953 0
10953 0
10953 0
10953 0
10953 525
10953 0
10953 0
10953 0
10953 0
10953 0
10953 0
10953 0
10953 0
10953 0
10953 0
10953 0
10953 0
10953 0
10953 0
10953 0
10953 0
10953 0
10953 0
10953 0
10955 0
10955 0
10955 0
10955 0
10955 0
10955 0
10955 0
10955 0
10955 0
10955 0
10955 0
10955 400
10955 0
10955 0
10955 0
10955 0
10955 0
10955 0
10955 0
10955 0
10955 0
10955 0
10955 0
10955 0
10955 0
10955 0
10955 0
10955 0
10955 0
10955 0
10955 0
10959 0
10959 0
10959 0
10959 0
10959 0
10959 0
10959 0
10959 0
10959 0
10959 0
10959 0
10959 267
10959 0
10959 0
10959 0
10959 0
10959 0
10959 0
10959 0
10959 0
10959 0
10959 0
10959 0
10959 0
10959 0
10959 0
10959 0
10959 0
10959 0
10959 0
10959 0
10961 0
10961 0
10961 0
10961 0
10961 0
10961 0
10961 0
10961 0
10961 0
10961 0
10961 0
10961 298
10961 0
10961 0
10961 0
10961 0
10961 0
10961 0
10961 0
10961 0
10961 0
10961 0
10961 0
10961 0
10961 0
10961 0
10961 0
10961 0
10961 0
10961 0
10961 0
10962 0
10962 0
10962 0
10962 0
10962 0
10962 0
10962 0
10962 0
10962 0
10962 0
10962 0
10962 699
10962 0
10962 0
10962 0
10962 0
10962 0
10962 0
10962 0
10962 0
10962 0
10962 0
10962 0
10962 0
10962 0
10962 0
10962 0
10962 0
10962 0
10962 0
10962 0
10963 0
10963 0
10963 0
10963 0
10963 0
10963 0
10963 0
10963 0
10963 0
10963 0
10963 0
10963 295
10963 0
10963 0
10963 0
10963 0
10963 0
10963 0
10963 0
10963 0
10963 0
10963 0
10963 0
10963 0
10963 0
10963 0
10963 0
10963 0
10963 0
10963 0
10963 0
10965 0
10965 0
10965 0
10965 0
10965 0
10965 0
10965 0
10965 0
10965 0
10965 0
10965 0
10965 690
10965 0
10965 0
10965 0
10965 0
10965 0
10965 0
10965 0
10965 0
10965 0
10965 0
10965 0
10965 0
10965 0
10965 0
10965 0
10965 0
10965 0
10965 0
10965 0
10966 0
10966 0
10966 0
10966 0
10966 0
10966 0
10966 0
10966 0
10966 0
10966 0
10966 0
10966 690
10966 0
10966 0
10966 0
10966 0
10966 0
10966 0
10966 0
10966 0
10966 0
10966 0
10966 0
10966 0
10966 0
10966 0
10966 0
10966 0
10966 0
10966 0
10966 0
10968 0
10968 0
10968 0
10968 0
10968 0
10968 0
10968 0
10968 0
10968 0
10968 0
10968 0
10968 542
10968 0
10968 0
10968 0
10968 0
10968 0
10968 0
10968 0
10968 0
10968 0
10968 0
10968 0
10968 0
10968 0
10968 0
10968 0
10968 0
10968 0
10968 0
10968 0
10969 0
10969 0
10969 0
10969 0
10969 0
10969 0
10969 0
10969 0
10969 0
10969 0
10969 0
10969 395
10969 0
10969 0
10969 0
10969 0
10969 0
10969 0
10969 0
10969 0
10969 0
10969 0
10969 0
10969 0
10969 0
10969 0
10969 0
10969 0
10969 0
10969 0
10969 0
10984 0
10984 0
10984 0
10984 0
10984 0
10984 0
10984 0
10984 0
10984 0
10984 0
10984 0
10984 2864
10984 0
10984 0
10984 0
10984 0
10984 0
10984 0
10984 0
10984 0
10984 0
10984 0
10984 0
10984 0
10984 0
10984 0
10984 0
10984 1
10984 0
10984 0
10984 0
10988 0
10988 0
10988 0
10988 0
10988 0
10988 0
10988 0
10988 0
10988 0
10988 0
10988 0
10988 1026
10988 0
10988 0
10988 0
10988 0
10988 0
10988 0
10988 0
10988 0
10988 0
10988 0
10988 0
10988 0
10988 0
10988 0
10988 0
10988 0
10988 0
10988 0
10988 0
10989 0
10989 0
10989 0
10989 0
10989 0
10989 0
10989 0
10989 0
10989 0
10989 0
10989 0
10989 692
10989 0
10989 0
10989 0
10989 0
10989 0
10989 0
10989 0
10989 0
10989 0
10989 0
10989 0
10989 0
10989 0
10989 0
10989 0
10989 0
10989 0
10989 0
10989 0
10993 0
10993 0
10993 0
10993 0
10993 0
10993 0
10993 0
10993 0
10993 0
10993 0
10993 0
10993 458
10993 0
10993 0
10993 0
10993 0
10993 0
10993 0
10993 0
10993 0
10993 0
10993 0
10993 0
10993 0
10993 0
10993 0
10993 0
10993 0
10993 0
10993 0
10993 0
10994 0
10994 0
10994 0
10994 0
10994 0
10994 0
10994 0
10994 0
10994 0
10994 0
10994 0
10994 1181
10994 0
10994 0
10994 0
10994 0
10994 0
10994 0
10994 0
10994 0
10994 0
10994 0
10994 0
10994 0
10994 0
10994 0
10994 0
10994 0
10994 0
10994 0
10994 0
11008 0
11008 0
11008 0
11008 0
11008 0
11008 0
11008 0
11008 0
11008 0
11008 0
11008 0
11008 480
11008 0
11008 0
11008 0
11008 0
11008 0
11008 0
11008 0
11008 0
11008 0
11008 0
11008 0
11008 0
11008 0
11008 0
11008 0
11008 0
11008 0
11008 0
11008 0
11051 0
11051 0
11051 0
11051 0
11051 0
11051 0
11051 0
11051 0
11051 0
11051 0
11051 0
11051 4315
11051 0
11051 0
11051 0
11051 0
11051 0
11051 0
11051 0
11051 0
11051 0
11051 0
11051 0
11051 0
11051 0
11051 0
11051 0
11051 0
11051 0
11051 0
11051 0
11056 0
11056 0
11056 0
11056 0
11056 0
11056 0
11056 0
11056 0
11056 0
11056 0
11056 0
11056 199
11056 0
11056 0
11056 0
11056 0
11056 0
11056 0
11056 0
11056 0
11056 0
11056 0
11056 0
11056 0
11056 0
11056 0
11056 0
11056 0
11056 0
11056 0
11056 0
11060 0
11060 0
11060 0
11060 0
11060 0
11060 0
11060 0
11060 0
11060 0
11060 0
11060 0
11060 947
11060 0
11060 0
11060 0
11060 0
11060 0
11060 0
11060 0
11060 0
11060 0
11060 0
11060 0
11060 0
11060 0
11060 0
11060 0
11060 0
11060 0
11060 0
11060 0
11068 0
11068 0
11068 0
11068 0
11068 0
11068 0
11068 0
11068 0
11068 0
11068 0
11068 0
11068 2220
11068 0
11068 0
11068 0
11068 0
11068 0
11068 0
11068 0
11068 0
11068 0
11068 0
11068 0
11068 0
11068 0
11068 0
11068 0
11068 0
11068 0
11068 0
11068 0
11122 0
11122 0
11122 0
11122 0
11122 0
11122 0
11122 0
11122 0
11122 0
11122 0
11122 0
11122 728
11122 0
11122 0
11122 0
11122 0
11122 0
11122 0
11122 0
11122 0
11122 0
11122 0
11122 0
11122 0
11122 0
11122 0
11122 0
11122 0
11122 0
11122 0
11122 0
