pt_graph scale
4993 0
4993 53
4993 0
4993 0
4993 0
4993 0
4993 0
4993 0
4993 0
4993 0
4993 0
4993 0
4993 0
4993 0
4993 0
4993 0
4993 0
4993 0
4993 0
4993 0
4993 0
4993 0
4993 0
4993 0
4993 0
4993 0
4993 0
4993 0
4993 0
4993 0
4993 0
5017 0
5017 143
5017 0
5017 0
5017 0
5017 0
5017 0
5017 0
5017 0
5017 0
5017 0
5017 0
5017 0
5017 0
5017 0
5017 0
5017 0
5017 0
5017 0
5017 0
5017 0
5017 0
5017 0
5017 0
5017 0
5017 0
5017 0
5017 0
5017 0
5017 0
5017 0
5077 0
5077 53
5077 0
5077 0
5077 0
5077 0
5077 0
5077 0
5077 0
5077 0
5077 0
5077 0
5077 0
5077 0
5077 0
5077 0
5077 0
5077 0
5077 0
5077 0
5077 0
5077 0
5077 0
5077 0
5077 0
5077 0
5077 0
5077 0
5077 0
5077 0
5077 0
5080 0
5080 220
5080 0
5080 0
5080 0
5080 0
5080 0
5080 0
5080 0
5080 0
5080 0
5080 0
5080 0
5080 0
5080 0
5080 0
5080 0
5080 0
5080 0
5080 0
5080 0
5080 0
5080 0
5080 0
5080 0
5080 0
5080 0
5080 0
5080 0
5080 0
5080 0
5085 0
5085 157
5085 0
5085 0
5085 0
5085 0
5085 0
5085 0
5085 0
5085 0
5085 0
5085 0
5085 0
5085 0
5085 0
5085 0
5085 0
5085 0
5085 0
5085 0
5085 0
5085 0
5085 0
5085 0
5085 0
5085 0
5085 0
5085 0
5085 0
5085 0
5085 0
5114 0
5114 143
5114 0
5114 0
5114 0
5114 0
5114 0
5114 0
5114 0
5114 0
5114 0
5114 0
5114 0
5114 0
5114 0
5114 0
5114 0
5114 0
5114 0
5114 0
5114 0
5114 0
5114 0
5114 0
5114 0
5114 0
5114 0
5114 0
5114 0
5114 0
5114 0
5142 0
5142 19
5142 0
5142 0
5142 0
5142 0
5142 0
5142 0
5142 0
5142 0
5142 0
5142 0
5142 0
5142 0
5142 0
5142 0
5142 0
5142 0
5142 0
5142 0
5142 0
5142 0
5142 0
5142 0
5142 0
5142 0
5142 0
5142 0
5142 0
5142 0
5142 0
5150 0
5150 303
5150 0
5150 0
5150 0
5150 0
5150 0
5150 0
5150 0
5150 0
5150 0
5150 0
5150 0
5150 0
5150 0
5150 0
5150 0
5150 0
5150 0
5150 0
5150 0
5150 0
5150 0
5150 11
5150 0
5150 0
5150 0
5150 0
5150 0
5150 0
5150 0
5174 0
5174 76
5174 0
5174 0
5174 0
5174 0
5174 0
5174 0
5174 0
5174 0
5174 0
5174 0
5174 0
5174 0
5174 0
5174 0
5174 0
5174 0
5174 0
5174 0
5174 0
5174 0
5174 0
5174 0
5174 0
5174 0
5174 0
5174 0
5174 0
5174 0
5174 0
5200 0
5200 3
5200 0
5200 0
5200 0
5200 0
5200 0
5200 0
5200 0
5200 0
5200 0
5200 0
5200 0
5200 0
5200 0
5200 0
5200 0
5200 0
5200 0
5200 0
5200 0
5200 0
5200 0
5200 0
5200 0
5200 0
5200 0
5200 0
5200 0
5200 0
5200 0
5245 0
5245 53
5245 0
5245 0
5245 0
5245 0
5245 0
5245 0
5245 0
5245 0
5245 0
5245 0
5245 0
5245 0
5245 0
5245 0
5245 0
5245 0
5245 0
5245 0
5245 0
5245 0
5245 0
5245 0
5245 0
5245 0
5245 0
5245 0
5245 0
5245 0
5245 0
5259 0
5259 58
5259 0
5259 0
5259 0
5259 0
5259 0
5259 0
5259 0
5259 0
5259 0
5259 0
5259 0
5259 0
5259 0
5259 0
5259 0
5259 0
5259 0
5259 0
5259 0
5259 0
5259 0
5259 0
5259 0
5259 0
5259 0
5259 0
5259 0
5259 0
5259 0
5261 0
5261 1
5261 0
5261 0
5261 0
5261 0
5261 0
5261 0
5261 0
5261 0
5261 0
5261 0
5261 0
5261 0
5261 0
5261 0
5261 0
5261 0
5261 0
5261 0
5261 0
5261 0
5261 0
5261 0
5261 0
5261 0
5261 0
5261 0
5261 0
5261 0
5261 0
5301 0
5301 33
5301 0
5301 0
5301 0
5301 0
5301 0
5301 0
5301 0
5301 0
5301 0
5301 0
5301 0
5301 0
5301 0
5301 0
5301 0
5301 0
5301 0
5301 0
5301 0
5301 0
5301 0
5301 0
5301 0
5301 0
5301 0
5301 0
5301 0
5301 0
5301 0
5307 0
5307 53
5307 0
5307 0
5307 0
5307 0
5307 0
5307 0
5307 0
5307 0
5307 0
5307 0
5307 0
5307 0
5307 0
5307 0
5307 0
5307 0
5307 0
5307 0
5307 0
5307 0
5307 0
5307 0
5307 0
5307 0
5307 0
5307 0
5307 0
5307 0
5307 0
5331 0
5331 1
5331 0
5331 0
5331 0
5331 0
5331 0
5331 0
5331 0
5331 0
5331 0
5331 0
5331 0
5331 0
5331 0
5331 0
5331 0
5331 0
5331 0
5331 0
5331 0
5331 0
5331 0
5331 0
5331 0
5331 0
5331 0
5331 0
5331 0
5331 0
5331 0
5350 0
5350 33
5350 0
5350 0
5350 0
5350 0
5350 0
5350 0
5350 0
5350 0
5350 0
5350 0
5350 0
5350 0
5350 0
5350 0
5350 0
5350 0
5350 0
5350 0
5350 0
5350 0
5350 0
5350 0
5350 0
5350 0
5350 0
5350 0
5350 0
5350 0
5350 0
5371 0
5371 1
5371 0
5371 0
5371 0
5371 0
5371 0
5371 0
5371 0
5371 0
5371 0
5371 0
5371 0
5371 0
5371 0
5371 0
5371 0
5371 0
5371 0
5371 0
5371 0
5371 0
5371 0
5371 0
5371 0
5371 0
5371 0
5371 0
5371 0
5371 0
5371 0
5372 0
5372 53
5372 0
5372 0
5372 0
5372 0
5372 0
5372 0
5372 0
5372 0
5372 0
5372 0
5372 0
5372 0
5372 0
5372 0
5372 0
5372 0
5372 0
5372 0
5372 0
5372 0
5372 0
5372 0
5372 0
5372 0
5372 0
5372 0
5372 0
5372 0
5372 0
5387 0
5387 1
5387 0
5387 0
5387 0
5387 0
5387 0
5387 0
5387 0
5387 0
5387 0
5387 0
5387 0
5387 0
5387 0
5387 0
5387 0
5387 0
5387 0
5387 0
5387 0
5387 0
5387 0
5387 0
5387 0
5387 0
5387 0
5387 0
5387 0
5387 0
5387 0
5389 0
5389 40
5389 0
5389 0
5389 0
5389 0
5389 0
5389 0
5389 0
5389 0
5389 0
5389 0
5389 0
5389 0
5389 0
5389 0
5389 0
5389 0
5389 0
5389 0
5389 0
5389 0
5389 0
5389 0
5389 0
5389 0
5389 0
5389 0
5389 0
5389 0
5389 0
5404 0
5404 0
5404 0
5404 0
5404 0
5404 0
5404 0
5404 0
5404 0
5404 0
5404 0
5404 0
5404 0
5404 0
5404 0
5404 0
5404 0
5404 0
5404 0
5404 0
5404 0
5404 0
5404 0
5404 0
5404 0
5404 0
5404 0
5404 0
5404 0
5404 0
5404 0
5408 0
5408 0
5408 0
5408 0
5408 0
5408 0
5408 0
5408 0
5408 0
5408 0
5408 0
5408 0
5408 0
5408 0
5408 0
5408 0
5408 0
5408 0
5408 0
5408 0
5408 0
5408 0
5408 0
5408 0
5408 0
5408 0
5408 0
5408 0
5408 0
5408 0
5408 0
5416 0
5416 114
5416 0
5416 0
5416 0
5416 0
5416 0
5416 0
5416 0
5416 0
5416 0
5416 0
5416 0
5416 0
5416 0
5416 0
5416 0
5416 0
5416 0
5416 0
5416 0
5416 0
5416 0
5416 0
5416 0
5416 0
5416 0
5416 0
5416 0
5416 0
5416 0
5446 0
5446 1
5446 0
5446 0
5446 0
5446 0
5446 0
5446 0
5446 0
5446 0
5446 0
5446 0
5446 0
5446 0
5446 0
5446 0
5446 0
5446 0
5446 0
5446 0
5446 0
5446 0
5446 0
5446 0
5446 0
5446 0
5446 0
5446 0
5446 0
5446 0
5446 0
5472 0
5472 0
5472 0
5472 0
5472 0
5472 0
5472 0
5472 0
5472 0
5472 0
5472 0
5472 0
5472 0
5472 0
5472 0
5472 0
5472 0
5472 0
5472 0
5472 0
5472 0
5472 0
5472 0
5472 0
5472 0
5472 0
5472 0
5472 0
5472 0
5472 0
5472 0
5499 0
5499 228
5499 0
5499 0
5499 0
5499 0
5499 0
5499 0
5499 0
5499 0
5499 0
5499 0
5499 0
5499 0
5499 0
5499 0
5499 0
5499 0
5499 0
5499 0
5499 0
5499 0
5499 0
5499 0
5499 0
5499 0
5499 0
5499 0
5499 0
5499 0
5499 0
5522 0
5522 73
5522 0
5522 0
5522 0
5522 0
5522 0
5522 0
5522 0
5522 0
5522 0
5522 0
5522 0
5522 0
5522 0
5522 0
5522 0
5522 0
5522 0
5522 0
5522 0
5522 0
5522 0
5522 0
5522 0
5522 0
5522 0
5522 0
5522 0
5522 0
5522 0
5529 0
5529 1
5529 0
5529 0
5529 0
5529 0
5529 0
5529 0
5529 0
5529 0
5529 0
5529 0
5529 0
5529 0
5529 0
5529 0
5529 0
5529 0
5529 0
5529 0
5529 0
5529 0
5529 0
5529 0
5529 0
5529 0
5529 0
5529 0
5529 0
5529 0
5529 0
5533 0
5533 1
5533 0
5533 0
5533 0
5533 0
5533 0
5533 0
5533 0
5533 0
5533 0
5533 0
5533 0
5533 0
5533 0
5533 0
5533 0
5533 0
5533 0
5533 0
5533 0
5533 0
5533 0
5533 0
5533 0
5533 0
5533 0
5533 0
5533 0
5533 0
5533 0
5538 0
5538 6
5538 0
5538 0
5538 0
5538 0
5538 0
5538 0
5538 0
5538 0
5538 0
5538 0
5538 0
5538 0
5538 0
5538 0
5538 0
5538 0
5538 0
5538 0
5538 0
5538 0
5538 0
5538 4
5538 0
5538 0
5538 0
5538 0
5538 0
5538 0
5538 0
5554 0
5554 2
5554 0
5554 0
5554 0
5554 0
5554 0
5554 0
5554 0
5554 0
5554 0
5554 0
5554 0
5554 0
5554 0
5554 0
5554 0
5554 0
5554 0
5554 0
5554 0
5554 0
5554 0
5554 0
5554 0
5554 0
5554 0
5554 0
5554 0
5554 0
5554 0
5557 0
5557 38
5557 0
5557 0
5557 0
5557 0
5557 0
5557 0
5557 0
5557 0
5557 0
5557 0
5557 0
5557 0
5557 0
5557 0
5557 0
5557 0
5557 0
5557 0
5557 0
5557 0
5557 0
5557 1
5557 0
5557 0
5557 0
5557 0
5557 0
5557 0
5557 0
5563 0
5563 0
5563 0
5563 0
5563 0
5563 0
5563 0
5563 0
5563 0
5563 0
5563 0
5563 0
5563 0
5563 0
5563 0
5563 0
5563 0
5563 0
5563 0
5563 0
5563 0
5563 0
5563 0
5563 0
5563 0
5563 0
5563 0
5563 0
5563 0
5563 0
5563 0
5566 0
5566 73
5566 0
5566 0
5566 0
5566 0
5566 0
5566 0
5566 0
5566 0
5566 0
5566 0
5566 0
5566 0
5566 0
5566 0
5566 0
5566 0
5566 0
5566 0
5566 0
5566 0
5566 0
5566 0
5566 0
5566 0
5566 0
5566 0
5566 0
5566 0
5566 0
5570 0
5570 1
5570 0
5570 0
5570 0
5570 0
5570 0
5570 0
5570 0
5570 0
5570 0
5570 0
5570 0
5570 0
5570 0
5570 0
5570 0
5570 0
5570 0
5570 0
5570 0
5570 0
5570 0
5570 0
5570 0
5570 0
5570 0
5570 0
5570 0
5570 0
5570 0
5578 0
5578 6
5578 0
5578 0
5578 0
5578 0
5578 0
5578 0
5578 0
5578 0
5578 0
5578 0
5578 0
5578 0
5578 0
5578 0
5578 0
5578 0
5578 0
5578 0
5578 0
5578 0
5578 0
5578 0
5578 0
5578 0
5578 0
5578 0
5578 0
5578 0
5578 0
5597 0
5597 1
5597 0
5597 0
5597 0
5597 0
5597 0
5597 0
5597 0
5597 0
5597 0
5597 0
5597 0
5597 0
5597 0
5597 0
5597 0
5597 0
5597 0
5597 0
5597 0
5597 0
5597 0
5597 0
5597 0
5597 0
5597 0
5597 0
5597 0
5597 0
5597 0
5604 0
5604 87
5604 0
5604 0
5604 0
5604 0
5604 0
5604 0
5604 0
5604 0
5604 0
5604 0
5604 0
5604 0
5604 0
5604 0
5604 0
5604 0
5604 0
5604 0
5604 0
5604 0
5604 0
5604 0
5604 0
5604 0
5604 0
5604 0
5604 0
5604 0
5604 0
5608 0
5608 19
5608 0
5608 0
5608 0
5608 0
5608 0
5608 0
5608 0
5608 0
5608 0
5608 0
5608 0
5608 0
5608 0
5608 0
5608 0
5608 0
5608 0
5608 0
5608 0
5608 0
5608 0
5608 0
5608 0
5608 0
5608 0
5608 0
5608 0
5608 0
5608 0
5638 0
5638 25
5638 0
5638 0
5638 0
5638 0
5638 0
5638 0
5638 0
5638 0
5638 0
5638 0
5638 0
5638 0
5638 0
5638 0
5638 0
5638 0
5638 0
5638 0
5638 0
5638 0
5638 0
5638 0
5638 0
5638 0
5638 0
5638 0
5638 0
5638 0
5638 0
5642 0
5642 0
5642 0
5642 0
5642 0
5642 0
5642 0
5642 0
5642 0
5642 0
5642 0
5642 0
5642 0
5642 0
5642 0
5642 0
5642 0
5642 0
5642 0
5642 0
5642 0
5642 0
5642 0
5642 0
5642 0
5642 0
5642 0
5642 0
5642 0
5642 0
5642 0
5650 0
5650 14
5650 0
5650 0
5650 0
5650 0
5650 0
5650 0
5650 0
5650 0
5650 0
5650 0
5650 0
5650 0
5650 0
5650 0
5650 0
5650 0
5650 0
5650 0
5650 0
5650 0
5650 0
5650 2
5650 0
5650 0
5650 0
5650 0
5650 0
5650 0
5650 0
5656 0
5656 76
5656 0
5656 0
5656 0
5656 0
5656 0
5656 0
5656 0
5656 0
5656 0
5656 0
5656 0
5656 0
5656 0
5656 0
5656 0
5656 0
5656 0
5656 0
5656 0
5656 0
5656 0
5656 0
5656 0
5656 0
5656 0
5656 0
5656 0
5656 0
5656 0
5662 0
5662 44
5662 0
5662 0
5662 0
5662 0
5662 0
5662 0
5662 0
5662 0
5662 0
5662 0
5662 0
5662 0
5662 0
5662 0
5662 0
5662 0
5662 0
5662 0
5662 0
5662 0
5662 0
5662 0
5662 0
5662 0
5662 0
5662 0
5662 0
5662 0
5662 0
5672 0
5672 73
5672 0
5672 0
5672 0
5672 0
5672 0
5672 0
5672 0
5672 0
5672 0
5672 0
5672 0
5672 0
5672 0
5672 0
5672 0
5672 0
5672 0
5672 0
5672 0
5672 0
5672 0
5672 0
5672 0
5672 0
5672 0
5672 0
5672 0
5672 0
5672 0
5674 0
5674 1
5674 0
5674 0
5674 0
5674 0
5674 0
5674 0
5674 0
5674 0
5674 0
5674 0
5674 0
5674 0
5674 0
5674 0
5674 0
5674 0
5674 0
5674 0
5674 0
5674 0
5674 0
5674 0
5674 0
5674 0
5674 0
5674 0
5674 0
5674 0
5674 0
5676 0
5676 14
5676 0
5676 0
5676 0
5676 0
5676 0
5676 0
5676 0
5676 0
5676 0
5676 0
5676 0
5676 0
5676 0
5676 0
5676 0
5676 0
5676 0
5676 0
5676 0
5676 0
5676 0
5676 0
5676 0
5676 0
5676 0
5676 0
5676 0
5676 0
5676 0
5687 0
5687 10
5687 0
5687 0
5687 0
5687 0
5687 0
5687 0
5687 0
5687 0
5687 0
5687 0
5687 0
5687 0
5687 0
5687 0
5687 0
5687 0
5687 0
5687 0
5687 0
5687 0
5687 0
5687 0
5687 0
5687 0
5687 0
5687 0
5687 0
5687 0
5687 0
5688 0
5688 1
5688 0
5688 0
5688 0
5688 0
5688 0
5688 0
5688 0
5688 0
5688 0
5688 0
5688 0
5688 0
5688 0
5688 0
5688 0
5688 0
5688 0
5688 0
5688 0
5688 0
5688 0
5688 0
5688 0
5688 0
5688 0
5688 0
5688 0
5688 0
5688 0
5711 0
5711 0
5711 0
5711 0
5711 0
5711 0
5711 0
5711 0
5711 0
5711 0
5711 0
5711 0
5711 0
5711 0
5711 0
5711 0
5711 0
5711 0
5711 0
5711 0
5711 0
5711 0
5711 0
5711 0
5711 0
5711 0
5711 0
5711 0
5711 0
5711 0
5711 0
5717 0
5717 249
5717 0
5717 0
5717 0
5717 0
5717 0
5717 0
5717 0
5717 0
5717 0
5717 0
5717 0
5717 0
5717 0
5717 0
5717 0
5717 0
5717 0
5717 0
5717 0
5717 0
5717 0
5717 1
5717 0
5717 0
5717 0
5717 0
5717 0
5717 0
5717 0
5731 0
5731 5
5731 0
5731 0
5731 0
5731 0
5731 0
5731 0
5731 0
5731 0
5731 0
5731 0
5731 0
5731 0
5731 0
5731 0
5731 0
5731 0
5731 0
5731 0
5731 0
5731 0
5731 0
5731 0
5731 0
5731 0
5731 0
5731 0
5731 0
5731 0
5731 0
5737 0
5737 11
5737 0
5737 0
5737 0
5737 0
5737 0
5737 0
5737 0
5737 0
5737 0
5737 0
5737 0
5737 0
5737 0
5737 0
5737 0
5737 0
5737 0
5737 0
5737 0
5737 0
5737 0
5737 0
5737 0
5737 0
5737 0
5737 0
5737 0
5737 0
5737 0
5743 0
5743 0
5743 0
5743 0
5743 0
5743 0
5743 0
5743 0
5743 0
5743 0
5743 0
5743 0
5743 0
5743 0
5743 0
5743 0
5743 0
5743 0
5743 0
5743 0
5743 0
5743 0
5743 0
5743 0
5743 0
5743 0
5743 0
5743 0
5743 0
5743 0
5743 0
5757 0
5757 6
5757 0
5757 0
5757 0
5757 0
5757 0
5757 0
5757 0
5757 0
5757 0
5757 0
5757 0
5757 0
5757 0
5757 0
5757 0
5757 0
5757 0
5757 0
5757 0
5757 0
5757 0
5757 0
5757 0
5757 0
5757 0
5757 0
5757 0
5757 0
5757 0
5768 0
5768 1
5768 0
5768 0
5768 0
5768 0
5768 0
5768 0
5768 0
5768 0
5768 0
5768 0
5768 0
5768 0
5768 0
5768 0
5768 0
5768 0
5768 0
5768 0
5768 0
5768 0
5768 0
5768 0
5768 0
5768 0
5768 0
5768 0
5768 0
5768 0
5768 0
5769 0
5769 591
5769 0
5769 0
5769 0
5769 0
5769 0
5769 0
5769 0
5769 1
5769 0
5769 0
5769 0
5769 0
5769 0
5769 0
5769 0
5769 0
5769 0
5769 0
5769 0
5769 0
5769 0
5769 5
5769 0
5769 0
5769 0
5769 0
5769 0
5769 0
5769 0
5781 0
5781 16
5781 0
5781 0
5781 0
5781 0
5781 0
5781 0
5781 0
5781 0
5781 0
5781 0
5781 0
5781 0
5781 0
5781 0
5781 0
5781 0
5781 0
5781 0
5781 0
5781 0
5781 0
5781 0
5781 0
5781 0
5781 0
5781 0
5781 0
5781 0
5781 0
5787 0
5787 8
5787 0
5787 0
5787 0
5787 0
5787 0
5787 0
5787 0
5787 0
5787 0
5787 0
5787 0
5787 0
5787 0
5787 0
5787 0
5787 0
5787 0
5787 0
5787 0
5787 0
5787 0
5787 0
5787 0
5787 0
5787 0
5787 0
5787 0
5787 0
5787 0
5813 0
5813 64
5813 0
5813 0
5813 0
5813 0
5813 0
5813 0
5813 0
5813 0
5813 0
5813 0
5813 0
5813 0
5813 0
5813 0
5813 0
5813 0
5813 0
5813 0
5813 0
5813 0
5813 0
5813 0
5813 0
5813 0
5813 0
5813 0
5813 0
5813 0
5813 0
5821 0
5821 1
5821 0
5821 0
5821 0
5821 0
5821 0
5821 0
5821 0
5821 0
5821 0
5821 0
5821 0
5821 0
5821 0
5821 0
5821 0
5821 0
5821 0
5821 0
5821 0
5821 0
5821 0
5821 0
5821 0
5821 0
5821 0
5821 0
5821 0
5821 0
5821 0
5834 0
5834 2
5834 0
5834 0
5834 0
5834 0
5834 0
5834 0
5834 0
5834 0
5834 0
5834 0
5834 0
5834 0
5834 0
5834 0
5834 0
5834 0
5834 0
5834 0
5834 0
5834 0
5834 0
5834 0
5834 0
5834 0
5834 0
5834 0
5834 0
5834 0
5834 0
5842 0
5842 11
5842 0
5842 0
5842 0
5842 0
5842 0
5842 0
5842 0
5842 0
5842 0
5842 0
5842 0
5842 0
5842 0
5842 0
5842 0
5842 0
5842 0
5842 0
5842 0
5842 0
5842 0
5842 0
5842 0
5842 0
5842 0
5842 0
5842 0
5842 0
5842 0
5853 0
5853 58
5853 0
5853 0
5853 0
5853 0
5853 0
5853 0
5853 0
5853 0
5853 0
5853 0
5853 0
5853 0
5853 0
5853 0
5853 0
5853 0
5853 0
5853 0
5853 0
5853 0
5853 0
5853 0
5853 0
5853 0
5853 0
5853 0
5853 0
5853 0
5853 0
5865 0
5865 6
5865 0
5865 0
5865 0
5865 0
5865 0
5865 0
5865 0
5865 0
5865 0
5865 0
5865 0
5865 0
5865 0
5865 0
5865 0
5865 0
5865 0
5865 0
5865 0
5865 0
5865 0
5865 0
5865 0
5865 0
5865 0
5865 0
5865 0
5865 0
5865 0
5877 0
5877 15
5877 0
5877 0
5877 0
5877 0
5877 0
5877 0
5877 0
5877 0
5877 0
5877 0
5877 0
5877 0
5877 0
5877 0
5877 0
5877 0
5877 0
5877 0
5877 0
5877 0
5877 0
5877 3
5877 0
5877 0
5877 0
5877 0
5877 0
5877 0
5877 0
5905 0
5905 12
5905 0
5905 0
5905 0
5905 0
5905 0
5905 0
5905 0
5905 0
5905 0
5905 0
5905 0
5905 0
5905 0
5905 0
5905 0
5905 0
5905 0
5905 0
5905 0
5905 0
5905 0
5905 0
5905 0
5905 0
5905 0
5905 0
5905 0
5905 0
5905 0
5910 0
5910 12
5910 0
5910 0
5910 0
5910 0
5910 0
5910 0
5910 0
5910 0
5910 0
5910 0
5910 0
5910 0
5910 0
5910 0
5910 0
5910 0
5910 0
5910 0
5910 0
5910 0
5910 0
5910 0
5910 0
5910 0
5910 0
5910 0
5910 0
5910 0
5910 0
5913 0
5913 2
5913 0
5913 0
5913 0
5913 0
5913 0
5913 0
5913 0
5913 0
5913 0
5913 0
5913 0
5913 0
5913 0
5913 0
5913 0
5913 0
5913 0
5913 0
5913 0
5913 0
5913 0
5913 4
5913 0
5913 0
5913 0
5913 0
5913 0
5913 0
5913 0
5924 0
5924 2
5924 0
5924 0
5924 0
5924 0
5924 0
5924 0
5924 0
5924 0
5924 0
5924 0
5924 0
5924 0
5924 0
5924 0
5924 0
5924 0
5924 0
5924 0
5924 0
5924 0
5924 0
5924 0
5924 0
5924 0
5924 0
5924 0
5924 0
5924 0
5924 0
5938 0
5938 0
5938 0
5938 0
5938 0
5938 0
5938 0
5938 0
5938 0
5938 0
5938 0
5938 0
5938 0
5938 0
5938 0
5938 0
5938 0
5938 0
5938 0
5938 0
5938 0
5938 0
5938 0
5938 0
5938 0
5938 0
5938 0
5938 0
5938 0
5938 0
5938 0
5953 0
5953 49
5953 0
5953 0
5953 0
5953 0
5953 0
5953 0
5953 0
5953 0
5953 0
5953 0
5953 0
5953 0
5953 0
5953 0
5953 0
5953 0
5953 0
5953 0
5953 0
5953 0
5953 0
5953 0
5953 0
5953 0
5953 0
5953 0
5953 0
5953 0
5953 0
5963 0
5963 49
5963 0
5963 0
5963 0
5963 0
5963 0
5963 0
5963 0
5963 0
5963 0
5963 0
5963 0
5963 0
5963 0
5963 0
5963 0
5963 0
5963 0
5963 0
5963 0
5963 0
5963 0
5963 0
5963 0
5963 0
5963 0
5963 0
5963 0
5963 0
5963 0
5978 0
5978 1
5978 0
5978 0
5978 0
5978 0
5978 0
5978 0
5978 0
5978 0
5978 0
5978 0
5978 0
5978 0
5978 0
5978 0
5978 0
5978 0
5978 0
5978 0
5978 0
5978 0
5978 0
5978 0
5978 0
5978 0
5978 0
5978 0
5978 0
5978 0
5978 0
5985 0
5985 395
5985 0
5985 0
5985 0
5985 0
5985 0
5985 0
5985 0
5985 0
5985 0
5985 0
5985 0
5985 0
5985 0
5985 0
5985 0
5985 0
5985 0
5985 0
5985 0
5985 0
5985 0
5985 0
5985 0
5985 0
5985 0
5985 0
5985 0
5985 0
5985 0
6000 0
6000 9
6000 0
6000 0
6000 0
6000 0
6000 0
6000 0
6000 0
6000 0
6000 0
6000 0
6000 0
6000 0
6000 0
6000 0
6000 0
6000 0
6000 0
6000 0
6000 0
6000 0
6000 0
6000 0
6000 0
6000 0
6000 0
6000 0
6000 0
6000 0
6000 0
6017 0
6017 0
6017 0
6017 0
6017 0
6017 0
6017 0
6017 0
6017 0
6017 0
6017 0
6017 0
6017 0
6017 0
6017 0
6017 0
6017 0
6017 0
6017 0
6017 0
6017 0
6017 0
6017 0
6017 0
6017 0
6017 0
6017 0
6017 0
6017 0
6017 0
6017 0
6018 0
6018 24
6018 0
6018 0
6018 0
6018 0
6018 0
6018 0
6018 0
6018 0
6018 0
6018 0
6018 0
6018 0
6018 0
6018 0
6018 0
6018 0
6018 0
6018 0
6018 0
6018 0
6018 0
6018 1
6018 0
6018 0
6018 0
6018 0
6018 0
6018 0
6018 0
6035 0
6035 12
6035 0
6035 0
6035 0
6035 0
6035 0
6035 0
6035 0
6035 0
6035 0
6035 0
6035 0
6035 0
6035 0
6035 0
6035 0
6035 0
6035 0
6035 0
6035 0
6035 0
6035 0
6035 0
6035 0
6035 0
6035 0
6035 0
6035 0
6035 0
6035 0
6042 0
6042 55
6042 0
6042 0
6042 0
6042 0
6042 0
6042 0
6042 0
6042 13
6042 0
6042 0
6042 0
6042 0
6042 0
6042 0
6042 0
6042 0
6042 0
6042 0
6042 0
6042 0
6042 0
6042 5
6042 0
6042 0
6042 0
6042 0
6042 0
6042 0
6042 0
6069 0
6069 0
6069 0
6069 0
6069 0
6069 0
6069 0
6069 0
6069 0
6069 0
6069 0
6069 0
6069 0
6069 0
6069 0
6069 0
6069 0
6069 0
6069 0
6069 0
6069 0
6069 0
6069 0
6069 0
6069 0
6069 0
6069 0
6069 0
6069 0
6069 0
6069 0
6074 0
6074 192
6074 0
6074 0
6074 0
6074 0
6074 0
6074 0
6074 0
6074 0
6074 0
6074 0
6074 0
6074 0
6074 0
6074 0
6074 0
6074 0
6074 0
6074 0
6074 0
6074 0
6074 0
6074 0
6074 0
6074 0
6074 0
6074 0
6074 0
6074 0
6074 0
6090 0
6090 1
6090 0
6090 0
6090 0
6090 0
6090 0
6090 0
6090 0
6090 0
6090 0
6090 0
6090 0
6090 0
6090 0
6090 0
6090 0
6090 0
6090 0
6090 0
6090 0
6090 0
6090 0
6090 0
6090 0
6090 0
6090 0
6090 0
6090 0
6090 0
6090 0
6100 0
6100 168
6100 0
6100 0
6100 0
6100 0
6100 0
6100 0
6100 0
6100 0
6100 0
6100 0
6100 0
6100 0
6100 0
6100 0
6100 0
6100 0
6100 0
6100 0
6100 0
6100 0
6100 0
6100 2
6100 0
6100 0
6100 0
6100 0
6100 0
6100 0
6100 0
6106 0
6106 1
6106 0
6106 0
6106 0
6106 0
6106 0
6106 0
6106 0
6106 0
6106 0
6106 0
6106 0
6106 0
6106 0
6106 0
6106 0
6106 0
6106 0
6106 0
6106 0
6106 0
6106 0
6106 0
6106 0
6106 0
6106 0
6106 0
6106 0
6106 0
6106 0
6113 0
6113 72
6113 0
6113 0
6113 0
6113 0
6113 0
6113 0
6113 0
6113 0
6113 0
6113 0
6113 0
6113 0
6113 0
6113 0
6113 0
6113 0
6113 0
6113 0
6113 0
6113 0
6113 0
6113 0
6113 0
6113 0
6113 0
6113 0
6113 0
6113 0
6113 0
6120 0
6120 1
6120 0
6120 0
6120 0
6120 0
6120 0
6120 0
6120 0
6120 0
6120 0
6120 0
6120 0
6120 0
6120 0
6120 0
6120 0
6120 0
6120 0
6120 0
6120 0
6120 0
6120 0
6120 0
6120 0
6120 0
6120 0
6120 0
6120 0
6120 0
6120 0
6125 0
6125 1
6125 0
6125 0
6125 0
6125 0
6125 0
6125 0
6125 0
6125 0
6125 0
6125 0
6125 0
6125 0
6125 0
6125 0
6125 0
6125 0
6125 0
6125 0
6125 0
6125 0
6125 0
6125 0
6125 0
6125 0
6125 0
6125 0
6125 0
6125 0
6125 0
6165 0
6165 110
6165 0
6165 0
6165 0
6165 0
6165 0
6165 0
6165 0
6165 1
6165 0
6165 0
6165 0
6165 0
6165 0
6165 0
6165 0
6165 0
6165 0
6165 0
6165 0
6165 0
6165 0
6165 2
6165 0
6165 0
6165 0
6165 0
6165 0
6165 0
6165 0
6173 0
6173 198
6173 0
6173 0
6173 0
6173 0
6173 0
6173 0
6173 0
6173 0
6173 0
6173 0
6173 0
6173 0
6173 0
6173 0
6173 0
6173 0
6173 0
6173 0
6173 0
6173 0
6173 0
6173 4
6173 0
6173 0
6173 0
6173 0
6173 0
6173 0
6173 0
6174 0
6174 1
6174 0
6174 0
6174 0
6174 0
6174 0
6174 0
6174 0
6174 0
6174 0
6174 0
6174 0
6174 0
6174 0
6174 0
6174 0
6174 0
6174 0
6174 0
6174 0
6174 0
6174 0
6174 3
6174 0
6174 0
6174 0
6174 0
6174 0
6174 0
6174 0
6180 0
6180 0
6180 0
6180 0
6180 0
6180 0
6180 0
6180 0
6180 0
6180 0
6180 0
6180 0
6180 0
6180 0
6180 0
6180 0
6180 0
6180 0
6180 0
6180 0
6180 0
6180 0
6180 0
6180 0
6180 0
6180 0
6180 0
6180 0
6180 0
6180 0
6180 0
6197 0
6197 16
6197 0
6197 0
6197 0
6197 0
6197 0
6197 0
6197 0
6197 0
6197 0
6197 0
6197 0
6197 0
6197 0
6197 0
6197 0
6197 0
6197 0
6197 0
6197 0
6197 0
6197 0
6197 0
6197 0
6197 0
6197 0
6197 0
6197 0
6197 0
6197 0
6208 0
6208 32
6208 0
6208 0
6208 0
6208 0
6208 0
6208 0
6208 0
6208 0
6208 0
6208 0
6208 0
6208 0
6208 0
6208 0
6208 0
6208 0
6208 0
6208 0
6208 0
6208 0
6208 0
6208 1
6208 0
6208 0
6208 0
6208 0
6208 0
6208 0
6208 0
6238 0
6238 0
6238 0
6238 0
6238 0
6238 0
6238 0
6238 0
6238 0
6238 0
6238 0
6238 0
6238 0
6238 0
6238 0
6238 0
6238 0
6238 0
6238 0
6238 0
6238 0
6238 0
6238 0
6238 1
6238 0
6238 0
6238 0
6238 0
6238 0
6238 0
6238 0
6258 0
6258 1
6258 0
6258 0
6258 0
6258 0
6258 0
6258 0
6258 0
6258 0
6258 0
6258 0
6258 0
6258 0
6258 0
6258 0
6258 0
6258 0
6258 0
6258 0
6258 0
6258 0
6258 0
6258 0
6258 0
6258 0
6258 0
6258 0
6258 0
6258 0
6258 0
6269 0
6269 0
6269 0
6269 0
6269 0
6269 0
6269 0
6269 0
6269 0
6269 0
6269 0
6269 0
6269 0
6269 0
6269 0
6269 0
6269 0
6269 0
6269 0
6269 0
6269 0
6269 0
6269 0
6269 0
6269 0
6269 0
6269 0
6269 0
6269 0
6269 0
6269 0
6270 0
6270 0
6270 0
6270 0
6270 0
6270 0
6270 0
6270 0
6270 0
6270 0
6270 0
6270 0
6270 0
6270 0
6270 0
6270 0
6270 0
6270 0
6270 0
6270 0
6270 0
6270 0
6270 0
6270 0
6270 0
6270 0
6270 0
6270 0
6270 0
6270 0
6270 0
6280 0
6280 0
6280 0
6280 0
6280 0
6280 0
6280 0
6280 0
6280 0
6280 0
6280 0
6280 0
6280 0
6280 0
6280 0
6280 0
6280 0
6280 0
6280 0
6280 0
6280 0
6280 0
6280 0
6280 0
6280 0
6280 0
6280 0
6280 0
6280 0
6280 0
6280 0
6283 0
6283 0
6283 0
6283 0
6283 0
6283 0
6283 0
6283 0
6283 0
6283 0
6283 0
6283 0
6283 0
6283 0
6283 0
6283 0
6283 0
6283 0
6283 0
6283 0
6283 0
6283 0
6283 0
6283 0
6283 0
6283 0
6283 0
6283 0
6283 0
6283 0
6283 0
6343 0
6343 0
6343 0
6343 0
6343 0
6343 0
6343 0
6343 0
6343 0
6343 0
6343 0
6343 0
6343 0
6343 0
6343 0
6343 0
6343 0
6343 0
6343 0
6343 0
6343 0
6343 0
6343 0
6343 0
6343 0
6343 0
6343 0
6343 0
6343 0
6343 0
6343 0
6350 0
6350 1
6350 0
6350 0
6350 0
6350 0
6350 0
6350 0
6350 0
6350 0
6350 0
6350 0
6350 0
6350 0
6350 0
6350 0
6350 0
6350 0
6350 0
6350 0
6350 0
6350 0
6350 0
6350 0
6350 0
6350 0
6350 0
6350 0
6350 0
6350 0
6350 0
6362 0
6362 0
6362 0
6362 0
6362 0
6362 0
6362 0
6362 0
6362 0
6362 0
6362 0
6362 0
6362 0
6362 0
6362 0
6362 0
6362 0
6362 0
6362 0
6362 0
6362 0
6362 0
6362 0
6362 0
6362 0
6362 0
6362 0
6362 0
6362 0
6362 0
6362 0
6533 0
6533 0
6533 0
6533 0
6533 0
6533 0
6533 0
6533 0
6533 0
6533 0
6533 0
6533 0
6533 0
6533 0
6533 0
6533 0
6533 0
6533 0
6533 0
6533 0
6533 0
6533 0
6533 0
6533 0
6533 0
6533 0
6533 0
6533 0
6533 0
6533 0
6533 0
6636 0
6636 8
6636 0
6636 0
6636 0
6636 0
6636 0
6636 0
6636 0
6636 0
6636 0
6636 0
6636 0
6636 0
6636 0
6636 0
6636 0
6636 0
6636 0
6636 0
6636 0
6636 0
6636 0
6636 0
6636 0
6636 0
6636 0
6636 0
6636 0
6636 0
6636 0
6771 0
6771 0
6771 0
6771 0
6771 0
6771 0
6771 0
6771 0
6771 0
6771 0
6771 0
6771 0
6771 0
6771 0
6771 0
6771 0
6771 0
6771 0
6771 0
6771 0
6771 0
6771 0
6771 0
6771 44
6771 0
6771 0
6771 0
6771 0
6771 0
6771 0
6771 0
6781 0
6781 138
6781 0
6781 0
6781 0
6781 0
6781 0
6781 0
6781 0
6781 0
6781 0
6781 0
6781 0
6781 0
6781 0
6781 0
6781 0
6781 0
6781 0
6781 0
6781 0
6781 0
6781 0
6781 0
6781 0
6781 0
6781 0
6781 0
6781 0
6781 0
6781 0
6794 0
6794 64
6794 0
6794 0
6794 0
6794 0
6794 0
6794 0
6794 0
6794 0
6794 0
6794 0
6794 0
6794 0
6794 0
6794 0
6794 0
6794 0
6794 0
6794 0
6794 0
6794 0
6794 0
6794 0
6794 0
6794 0
6794 0
6794 0
6794 0
6794 0
6794 0
6815 0
6815 18
6815 0
6815 0
6815 0
6815 0
6815 0
6815 0
6815 0
6815 0
6815 0
6815 0
6815 0
6815 0
6815 0
6815 0
6815 0
6815 0
6815 0
6815 0
6815 0
6815 0
6815 0
6815 0
6815 0
6815 0
6815 0
6815 0
6815 0
6815 0
6815 0
6846 0
6846 85
6846 0
6846 0
6846 0
6846 0
6846 0
6846 0
6846 0
6846 0
6846 0
6846 0
6846 0
6846 0
6846 0
6846 0
6846 0
6846 0
6846 0
6846 0
6846 0
6846 0
6846 0
6846 0
6846 0
6846 0
6846 0
6846 0
6846 0
6846 0
6846 0
6847 0
6847 64
6847 0
6847 0
6847 0
6847 0
6847 0
6847 0
6847 0
6847 0
6847 0
6847 0
6847 0
6847 0
6847 0
6847 0
6847 0
6847 0
6847 0
6847 0
6847 0
6847 0
6847 0
6847 0
6847 0
6847 0
6847 0
6847 0
6847 0
6847 0
6847 0
6856 0
6856 1
6856 0
6856 0
6856 0
6856 0
6856 0
6856 0
6856 0
6856 0
6856 0
6856 0
6856 0
6856 0
6856 0
6856 0
6856 0
6856 0
6856 0
6856 0
6856 0
6856 0
6856 0
6856 0
6856 0
6856 0
6856 0
6856 0
6856 0
6856 0
6856 0
6871 0
6871 97
6871 0
6871 0
6871 0
6871 0
6871 0
6871 0
6871 0
6871 0
6871 0
6871 0
6871 0
6871 0
6871 0
6871 0
6871 0
6871 0
6871 0
6871 0
6871 0
6871 0
6871 0
6871 0
6871 0
6871 0
6871 0
6871 0
6871 0
6871 0
6871 0
6879 0
6879 202
6879 0
6879 0
6879 0
6879 0
6879 0
6879 0
6879 0
6879 0
6879 0
6879 0
6879 0
6879 0
6879 0
6879 0
6879 0
6879 0
6879 0
6879 0
6879 0
6879 0
6879 0
6879 0
6879 0
6879 0
6879 0
6879 0
6879 0
6879 0
6879 0
6886 0
6886 69
6886 0
6886 0
6886 0
6886 0
6886 0
6886 0
6886 0
6886 0
6886 0
6886 0
6886 0
6886 0
6886 0
6886 0
6886 0
6886 0
6886 0
6886 0
6886 0
6886 0
6886 0
6886 0
6886 0
6886 0
6886 0
6886 0
6886 0
6886 0
6886 0
6892 0
6892 85
6892 0
6892 0
6892 0
6892 0
6892 0
6892 0
6892 0
6892 0
6892 0
6892 0
6892 0
6892 0
6892 0
6892 0
6892 0
6892 0
6892 0
6892 0
6892 0
6892 0
6892 0
6892 0
6892 0
6892 0
6892 0
6892 0
6892 0
6892 0
6892 0
6959 0
6959 8
6959 0
6959 0
6959 0
6959 0
6959 0
6959 0
6959 0
6959 0
6959 0
6959 0
6959 0
6959 0
6959 0
6959 0
6959 0
6959 0
6959 0
6959 0
6959 0
6959 0
6959 0
6959 0
6959 0
6959 0
6959 0
6959 0
6959 0
6959 0
6959 0
6967 0
6967 1
6967 0
6967 0
6967 0
6967 0
6967 0
6967 0
6967 0
6967 0
6967 0
6967 0
6967 0
6967 0
6967 0
6967 0
6967 0
6967 0
6967 0
6967 0
6967 0
6967 0
6967 0
6967 0
6967 0
6967 0
6967 0
6967 0
6967 0
6967 0
6967 0
6996 0
6996 99
6996 0
6996 0
6996 0
6996 0
6996 0
6996 0
6996 0
6996 0
6996 0
6996 0
6996 0
6996 0
6996 0
6996 0
6996 0
6996 0
6996 0
6996 0
6996 0
6996 0
6996 0
6996 0
6996 0
6996 0
6996 0
6996 0
6996 0
6996 0
6996 0
7002 0
7002 139
7002 0
7002 0
7002 0
7002 0
7002 0
7002 0
7002 0
7002 0
7002 0
7002 0
7002 0
7002 0
7002 0
7002 0
7002 0
7002 0
7002 0
7002 0
7002 0
7002 0
7002 0
7002 0
7002 0
7002 0
7002 0
7002 0
7002 0
7002 0
7002 0
