pt_graph scale
7664 0
7664 0
7664 0
7664 0
7664 0
7664 0
7664 0
7664 0
7664 0
7664 0
7664 1
7664 0
7664 0
7664 0
7664 0
7664 0
7664 0
7664 0
7664 0
7664 1
7664 0
7664 158
7664 0
7664 0
7664 2
7664 0
7664 0
7664 0
7664 0
7664 0
7664 0
7711 0
7711 0
7711 0
7711 0
7711 0
7711 0
7711 0
7711 0
7711 0
7711 0
7711 96
7711 0
7711 0
7711 0
7711 0
7711 0
7711 0
7711 0
7711 0
7711 1
7711 0
7711 150
7711 0
7711 0
7711 146
7711 0
7711 0
7711 0
7711 0
7711 0
7711 0
7741 0
7741 0
7741 0
7741 0
7741 0
7741 0
7741 0
7741 0
7741 0
7741 0
7741 1
7741 0
7741 0
7741 0
7741 0
7741 0
7741 0
7741 0
7741 0
7741 1
7741 0
7741 158
7741 0
7741 0
7741 2
7741 0
7741 0
7741 0
7741 0
7741 0
7741 0
7748 0
7748 0
7748 0
7748 0
7748 0
7748 0
7748 0
7748 0
7748 0
7748 0
7748 1
7748 0
7748 0
7748 0
7748 0
7748 0
7748 0
7748 0
7748 0
7748 1
7748 0
7748 158
7748 0
7748 0
7748 2
7748 0
7748 0
7748 0
7748 0
7748 0
7748 0
7863 0
7863 0
7863 0
7863 0
7863 0
7863 0
7863 0
7863 0
7863 0
7863 0
7863 96
7863 0
7863 0
7863 0
7863 0
7863 0
7863 0
7863 0
7863 0
7863 1
7863 0
7863 150
7863 0
7863 0
7863 146
7863 0
7863 0
7863 0
7863 0
7863 0
7863 0
8026 0
8026 0
8026 0
8026 0
8026 0
8026 0
8026 0
8026 0
8026 0
8026 0
8026 96
8026 0
8026 0
8026 0
8026 0
8026 0
8026 0
8026 0
8026 0
8026 1
8026 0
8026 150
8026 0
8026 0
8026 146
8026 0
8026 0
8026 0
8026 0
8026 0
8026 0
8056 0
8056 0
8056 0
8056 0
8056 0
8056 0
8056 0
8056 0
8056 0
8056 0
8056 96
8056 0
8056 0
8056 0
8056 0
8056 0
8056 0
8056 0
8056 0
8056 0
8056 0
8056 154
8056 0
8056 0
8056 21
8056 0
8056 0
8056 0
8056 0
8056 0
8056 0
8135 0
8135 0
8135 0
8135 0
8135 0
8135 0
8135 0
8135 0
8135 0
8135 0
8135 636
8135 0
8135 0
8135 0
8135 0
8135 0
8135 0
8135 0
8135 0
8135 0
8135 0
8135 1
8135 0
8135 0
8135 1
8135 0
8135 0
8135 0
8135 0
8135 0
8135 0
8157 0
8157 0
8157 0
8157 0
8157 0
8157 0
8157 0
8157 0
8157 0
8157 0
8157 224
8157 0
8157 0
8157 0
8157 1
8157 0
8157 0
8157 0
8157 0
8157 0
8157 0
8157 90
8157 0
8157 0
8157 1
8157 0
8157 0
8157 0
8157 0
8157 0
8157 0
8160 0
8160 0
8160 0
8160 0
8160 0
8160 0
8160 0
8160 0
8160 0
8160 0
8160 483
8160 0
8160 0
8160 0
8160 0
8160 0
8160 0
8160 0
8160 0
8160 0
8160 0
8160 0
8160 0
8160 0
8160 0
8160 0
8160 0
8160 0
8160 0
8160 0
8160 0
8171 0
8171 0
8171 0
8171 0
8171 0
8171 0
8171 0
8171 0
8171 0
8171 0
8171 233
8171 0
8171 0
8171 0
8171 1
8171 0
8171 0
8171 0
8171 0
8171 0
8171 0
8171 1
8171 0
8171 0
8171 1
8171 0
8171 0
8171 0
8171 0
8171 0
8171 0
8174 0
8174 0
8174 0
8174 0
8174 0
8174 0
8174 0
8174 0
8174 0
8174 0
8174 492
8174 0
8174 0
8174 0
8174 0
8174 0
8174 0
8174 0
8174 0
8174 0
8174 0
8174 0
8174 0
8174 0
8174 0
8174 0
8174 0
8174 0
8174 0
8174 0
8174 0
8194 0
8194 0
8194 0
8194 0
8194 0
8194 0
8194 0
8194 0
8194 0
8194 0
8194 1913
8194 0
8194 0
8194 0
8194 0
8194 0
8194 0
8194 0
8194 0
8194 0
8194 0
8194 0
8194 0
8194 0
8194 0
8194 0
8194 0
8194 0
8194 0
8194 0
8194 0
8196 0
8196 0
8196 0
8196 0
8196 0
8196 0
8196 0
8196 0
8196 0
8196 0
8196 1314
8196 0
8196 0
8196 0
8196 0
8196 0
8196 0
8196 0
8196 0
8196 1
8196 0
8196 81
8196 0
8196 0
8196 38
8196 0
8196 0
8196 0
8196 0
8196 0
8196 0
8200 0
8200 0
8200 0
8200 0
8200 0
8200 0
8200 0
8200 0
8200 0
8200 0
8200 873
8200 0
8200 0
8200 0
8200 0
8200 0
8200 0
8200 0
8200 0
8200 0
8200 0
8200 35
8200 0
8200 0
8200 29
8200 0
8200 0
8200 0
8200 0
8200 0
8200 0
8205 0
8205 0
8205 0
8205 0
8205 0
8205 0
8205 0
8205 0
8205 0
8205 0
8205 307
8205 0
8205 0
8205 0
8205 0
8205 0
8205 0
8205 0
8205 0
8205 0
8205 0
8205 35
8205 0
8205 0
8205 0
8205 0
8205 0
8205 0
8205 0
8205 0
8205 0
8210 0
8210 0
8210 0
8210 0
8210 0
8210 0
8210 0
8210 0
8210 0
8210 0
8210 345
8210 0
8210 0
8210 0
8210 0
8210 0
8210 0
8210 0
8210 0
8210 0
8210 0
8210 1
8210 0
8210 0
8210 75
8210 0
8210 0
8210 0
8210 0
8210 0
8210 0
8212 0
8212 0
8212 0
8212 0
8212 0
8212 0
8212 0
8212 0
8212 0
8212 0
8212 96
8212 0
8212 0
8212 0
8212 0
8212 0
8212 0
8212 0
8212 0
8212 0
8212 0
8212 154
8212 0
8212 0
8212 21
8212 0
8212 0
8212 0
8212 0
8212 0
8212 0
8218 0
8218 0
8218 0
8218 0
8218 0
8218 0
8218 0
8218 0
8218 0
8218 0
8218 1622
8218 0
8218 0
8218 0
8218 0
8218 0
8218 0
8218 0
8218 0
8218 0
8218 0
8218 0
8218 0
8218 0
8218 0
8218 0
8218 0
8218 0
8218 0
8218 0
8218 0
8230 0
8230 0
8230 0
8230 0
8230 0
8230 0
8230 0
8230 0
8230 0
8230 0
8230 224
8230 0
8230 0
8230 0
8230 1
8230 0
8230 0
8230 0
8230 0
8230 0
8230 0
8230 90
8230 0
8230 0
8230 1
8230 0
8230 0
8230 0
8230 0
8230 0
8230 0
8236 0
8236 0
8236 0
8236 0
8236 0
8236 0
8236 0
8236 0
8236 0
8236 0
8236 322
8236 0
8236 0
8236 0
8236 0
8236 0
8236 0
8236 0
8236 0
8236 0
8236 0
8236 16
8236 0
8236 0
8236 1
8236 0
8236 0
8236 0
8236 0
8236 0
8236 0
8248 0
8248 0
8248 0
8248 0
8248 0
8248 0
8248 0
8248 0
8248 0
8248 0
8248 1622
8248 0
8248 0
8248 0
8248 0
8248 0
8248 0
8248 0
8248 0
8248 0
8248 0
8248 0
8248 0
8248 0
8248 0
8248 0
8248 0
8248 0
8248 0
8248 0
8248 0
8267 0
8267 0
8267 0
8267 0
8267 0
8267 0
8267 0
8267 0
8267 0
8267 0
8267 487
8267 0
8267 0
8267 0
8267 0
8267 0
8267 0
8267 0
8267 0
8267 56
8267 0
8267 207
8267 0
8267 0
8267 255
8267 0
8267 0
8267 1
8267 0
8267 0
8267 0
8271 0
8271 0
8271 0
8271 0
8271 0
8271 0
8271 0
8271 0
8271 0
8271 0
8271 492
8271 0
8271 0
8271 0
8271 0
8271 0
8271 0
8271 0
8271 0
8271 0
8271 0
8271 0
8271 0
8271 0
8271 0
8271 0
8271 0
8271 0
8271 0
8271 0
8271 0
8283 0
8283 0
8283 0
8283 0
8283 0
8283 0
8283 0
8283 0
8283 0
8283 0
8283 885
8283 0
8283 0
8283 0
8283 8
8283 0
8283 0
8283 0
8283 0
8283 2
8283 0
8283 7
8283 0
8283 0
8283 26
8283 0
8283 0
8283 0
8283 0
8283 0
8283 0
8288 0
8288 0
8288 0
8288 0
8288 0
8288 0
8288 0
8288 0
8288 0
8288 0
8288 679
8288 0
8288 0
8288 0
8288 0
8288 0
8288 0
8288 0
8288 0
8288 0
8288 0
8288 1
8288 0
8288 0
8288 29
8288 0
8288 0
8288 0
8288 0
8288 0
8288 0
8292 0
8292 0
8292 0
8292 0
8292 0
8292 0
8292 0
8292 0
8292 0
8292 0
8292 130
8292 0
8292 0
8292 0
8292 0
8292 0
8292 0
8292 0
8292 0
8292 0
8292 0
8292 1
8292 0
8292 0
8292 1
8292 0
8292 0
8292 0
8292 0
8292 0
8292 0
8312 0
8312 0
8312 0
8312 0
8312 0
8312 0
8312 0
8312 0
8312 0
8312 0
8312 130
8312 0
8312 0
8312 0
8312 0
8312 0
8312 0
8312 0
8312 0
8312 0
8312 0
8312 1
8312 0
8312 0
8312 1
8312 0
8312 0
8312 0
8312 0
8312 0
8312 0
8313 0
8313 0
8313 0
8313 0
8313 0
8313 0
8313 0
8313 0
8313 0
8313 0
8313 5981
8313 0
8313 0
8313 0
8313 0
8313 0
8313 0
8313 0
8313 0
8313 0
8313 0
8313 196
8313 0
8313 0
8313 76
8313 0
8313 0
8313 0
8313 0
8313 0
8313 0
8314 0
8314 0
8314 0
8314 0
8314 0
8314 0
8314 0
8314 0
8314 0
8314 0
8314 0
8314 0
8314 0
8314 0
8314 0
8314 0
8314 0
8314 0
8314 0
8314 0
8314 0
8314 0
8314 0
8314 0
8314 0
8314 0
8314 0
8314 0
8314 0
8314 0
8314 0
8317 0
8317 0
8317 0
8317 0
8317 0
8317 0
8317 0
8317 0
8317 0
8317 0
8317 1622
8317 0
8317 0
8317 0
8317 0
8317 0
8317 0
8317 0
8317 0
8317 0
8317 0
8317 0
8317 0
8317 0
8317 0
8317 0
8317 0
8317 0
8317 0
8317 0
8317 0
8332 0
8332 0
8332 0
8332 0
8332 0
8332 0
8332 0
8332 0
8332 0
8332 0
8332 643
8332 0
8332 0
8332 0
8332 0
8332 0
8332 0
8332 0
8332 0
8332 0
8332 0
8332 0
8332 0
8332 0
8332 0
8332 0
8332 0
8332 0
8332 0
8332 0
8332 0
8333 0
8333 0
8333 0
8333 0
8333 0
8333 0
8333 0
8333 0
8333 0
8333 0
8333 1
8333 0
8333 0
8333 0
8333 0
8333 0
8333 0
8333 0
8333 0
8333 0
8333 0
8333 0
8333 0
8333 0
8333 0
8333 0
8333 0
8333 0
8333 0
8333 0
8333 0
8340 0
8340 0
8340 0
8340 0
8340 0
8340 0
8340 0
8340 0
8340 0
8340 0
8340 115
8340 0
8340 0
8340 0
8340 0
8340 0
8340 0
8340 0
8340 0
8340 0
8340 0
8340 0
8340 0
8340 0
8340 0
8340 0
8340 0
8340 0
8340 0
8340 0
8340 0
8351 0
8351 0
8351 0
8351 0
8351 0
8351 0
8351 0
8351 0
8351 0
8351 0
8351 740
8351 0
8351 0
8351 0
8351 1
8351 0
8351 0
8351 0
8351 0
8351 0
8351 0
8351 1
8351 0
8351 0
8351 59
8351 0
8351 0
8351 0
8351 0
8351 0
8351 0
8364 0
8364 0
8364 0
8364 0
8364 0
8364 0
8364 0
8364 0
8364 0
8364 0
8364 224
8364 0
8364 0
8364 0
8364 1
8364 0
8364 0
8364 0
8364 0
8364 0
8364 0
8364 90
8364 0
8364 0
8364 1
8364 0
8364 0
8364 0
8364 0
8364 0
8364 0
8369 0
8369 0
8369 0
8369 0
8369 0
8369 0
8369 0
8369 0
8369 0
8369 0
8369 3740
8369 0
8369 0
8369 0
8369 0
8369 0
8369 0
8369 0
8369 0
8369 0
8369 0
8369 0
8369 0
8369 0
8369 0
8369 0
8369 0
8369 0
8369 0
8369 0
8369 0
8398 0
8398 0
8398 0
8398 0
8398 0
8398 0
8398 0
8398 0
8398 0
8398 0
8398 217
8398 0
8398 0
8398 0
8398 0
8398 0
8398 0
8398 0
8398 0
8398 0
8398 0
8398 10
8398 0
8398 0
8398 0
8398 0
8398 0
8398 0
8398 0
8398 0
8398 0
8400 0
8400 0
8400 0
8400 0
8400 0
8400 0
8400 0
8400 0
8400 0
8400 0
8400 1
8400 0
8400 0
8400 0
8400 0
8400 0
8400 0
8400 0
8400 0
8400 0
8400 0
8400 0
8400 0
8400 0
8400 0
8400 0
8400 0
8400 0
8400 0
8400 0
8400 0
8402 0
8402 0
8402 0
8402 0
8402 0
8402 0
8402 0
8402 0
8402 0
8402 0
8402 224
8402 0
8402 0
8402 0
8402 1
8402 0
8402 0
8402 0
8402 0
8402 0
8402 0
8402 90
8402 0
8402 0
8402 1
8402 0
8402 0
8402 0
8402 0
8402 0
8402 0
8419 0
8419 0
8419 0
8419 0
8419 0
8419 0
8419 0
8419 0
8419 0
8419 0
8419 1622
8419 0
8419 0
8419 0
8419 0
8419 0
8419 0
8419 0
8419 0
8419 0
8419 0
8419 0
8419 0
8419 0
8419 0
8419 0
8419 0
8419 0
8419 0
8419 0
8419 0
8438 0
8438 0
8438 0
8438 0
8438 0
8438 0
8438 0
8438 0
8438 0
8438 0
8438 84
8438 0
8438 0
8438 0
8438 0
8438 0
8438 0
8438 0
8438 0
8438 0
8438 0
8438 0
8438 0
8438 0
8438 0
8438 0
8438 0
8438 0
8438 0
8438 0
8438 0
8442 0
8442 0
8442 0
8442 0
8442 0
8442 0
8442 0
8442 0
8442 0
8442 0
8442 115
8442 0
8442 0
8442 0
8442 0
8442 0
8442 0
8442 0
8442 0
8442 0
8442 0
8442 0
8442 0
8442 0
8442 0
8442 0
8442 0
8442 0
8442 0
8442 0
8442 0
8455 0
8455 0
8455 0
8455 0
8455 0
8455 0
8455 0
8455 0
8455 0
8455 0
8455 35
8455 0
8455 0
8455 0
8455 1
8455 0
8455 0
8455 0
8455 0
8455 0
8455 0
8455 0
8455 0
8455 0
8455 1
8455 0
8455 0
8455 0
8455 0
8455 0
8455 0
8478 0
8478 0
8478 0
8478 0
8478 0
8478 0
8478 0
8478 0
8478 0
8478 0
8478 1
8478 0
8478 0
8478 0
8478 0
8478 0
8478 0
8478 0
8478 0
8478 0
8478 0
8478 0
8478 0
8478 0
8478 0
8478 0
8478 0
8478 0
8478 0
8478 0
8478 0
8489 0
8489 0
8489 0
8489 0
8489 0
8489 0
8489 0
8489 0
8489 0
8489 0
8489 700
8489 0
8489 0
8489 0
8489 0
8489 0
8489 0
8489 0
8489 0
8489 0
8489 0
8489 0
8489 0
8489 0
8489 0
8489 0
8489 0
8489 0
8489 0
8489 0
8489 0
8510 0
8510 0
8510 0
8510 0
8510 0
8510 0
8510 0
8510 0
8510 0
8510 0
8510 1302
8510 0
8510 0
8510 0
8510 1
8510 0
8510 0
8510 0
8510 0
8510 0
8510 0
8510 0
8510 0
8510 0
8510 0
8510 0
8510 0
8510 0
8510 0
8510 0
8510 0
8518 0
8518 0
8518 0
8518 0
8518 0
8518 0
8518 0
8518 0
8518 0
8518 0
8518 579
8518 0
8518 0
8518 0
8518 0
8518 0
8518 0
8518 0
8518 0
8518 0
8518 0
8518 0
8518 0
8518 0
8518 0
8518 0
8518 0
8518 0
8518 0
8518 0
8518 0
8540 0
8540 0
8540 0
8540 0
8540 0
8540 0
8540 0
8540 0
8540 0
8540 0
8540 115
8540 0
8540 0
8540 0
8540 0
8540 0
8540 0
8540 0
8540 0
8540 0
8540 0
8540 0
8540 0
8540 0
8540 0
8540 0
8540 0
8540 0
8540 0
8540 0
8540 0
8563 0
8563 0
8563 0
8563 0
8563 0
8563 0
8563 0
8563 0
8563 0
8563 0
8563 140
8563 0
8563 0
8563 0
8563 0
8563 0
8563 0
8563 0
8563 0
8563 0
8563 0
8563 0
8563 0
8563 0
8563 0
8563 0
8563 0
8563 0
8563 0
8563 0
8563 0
8564 0
8564 0
8564 0
8564 0
8564 0
8564 0
8564 0
8564 0
8564 0
8564 0
8564 1168
8564 0
8564 0
8564 0
8564 2
8564 0
8564 0
8564 0
8564 0
8564 0
8564 0
8564 0
8564 0
8564 0
8564 0
8564 0
8564 0
8564 0
8564 0
8564 0
8564 0
8571 0
8571 0
8571 0
8571 0
8571 0
8571 0
8571 0
8571 0
8571 0
8571 0
8571 140
8571 0
8571 0
8571 0
8571 0
8571 0
8571 0
8571 0
8571 0
8571 0
8571 0
8571 0
8571 0
8571 0
8571 0
8571 0
8571 0
8571 0
8571 0
8571 0
8571 0
8572 0
8572 0
8572 0
8572 0
8572 0
8572 0
8572 0
8572 0
8572 0
8572 0
8572 579
8572 0
8572 0
8572 0
8572 0
8572 0
8572 0
8572 0
8572 0
8572 0
8572 0
8572 0
8572 0
8572 0
8572 0
8572 0
8572 0
8572 0
8572 0
8572 0
8572 0
8575 0
8575 0
8575 0
8575 0
8575 0
8575 0
8575 0
8575 0
8575 0
8575 0
8575 816
8575 0
8575 0
8575 0
8575 0
8575 0
8575 0
8575 0
8575 0
8575 0
8575 0
8575 0
8575 0
8575 0
8575 0
8575 0
8575 0
8575 0
8575 0
8575 0
8575 0
8578 0
8578 0
8578 0
8578 0
8578 0
8578 0
8578 0
8578 0
8578 0
8578 0
8578 724
8578 0
8578 0
8578 0
8578 1
8578 0
8578 0
8578 0
8578 0
8578 0
8578 0
8578 0
8578 0
8578 0
8578 0
8578 0
8578 0
8578 0
8578 0
8578 0
8578 0
8590 0
8590 0
8590 0
8590 0
8590 0
8590 0
8590 0
8590 0
8590 0
8590 0
8590 245
8590 0
8590 0
8590 0
8590 0
8590 0
8590 0
8590 0
8590 0
8590 0
8590 0
8590 0
8590 0
8590 0
8590 0
8590 0
8590 0
8590 0
8590 0
8590 0
8590 0
8600 0
8600 0
8600 0
8600 0
8600 0
8600 0
8600 0
8600 0
8600 0
8600 0
8600 724
8600 0
8600 0
8600 0
8600 1
8600 0
8600 0
8600 0
8600 0
8600 0
8600 0
8600 0
8600 0
8600 0
8600 0
8600 0
8600 0
8600 0
8600 0
8600 0
8600 0
8612 0
8612 0
8612 0
8612 0
8612 0
8612 0
8612 0
8612 0
8612 0
8612 0
8612 1765
8612 0
8612 0
8612 0
8612 1
8612 0
8612 0
8612 0
8612 0
8612 0
8612 0
8612 0
8612 0
8612 0
8612 1
8612 0
8612 0
8612 0
8612 0
8612 0
8612 0
8617 0
8617 0
8617 0
8617 0
8617 0
8617 0
8617 0
8617 0
8617 0
8617 0
8617 2016
8617 0
8617 0
8617 0
8617 4
8617 0
8617 0
8617 0
8617 0
8617 0
8617 0
8617 40
8617 0
8617 0
8617 0
8617 0
8617 0
8617 0
8617 0
8617 0
8617 0
8622 0
8622 0
8622 0
8622 0
8622 0
8622 0
8622 0
8622 0
8622 0
8622 0
8622 157
8622 0
8622 0
8622 0
8622 0
8622 0
8622 0
8622 0
8622 0
8622 0
8622 0
8622 1
8622 0
8622 0
8622 0
8622 0
8622 0
8622 0
8622 0
8622 0
8622 0
8623 0
8623 0
8623 0
8623 0
8623 0
8623 0
8623 0
8623 0
8623 0
8623 0
8623 452
8623 0
8623 0
8623 0
8623 0
8623 0
8623 0
8623 0
8623 0
8623 0
8623 0
8623 0
8623 0
8623 0
8623 0
8623 0
8623 0
8623 0
8623 0
8623 0
8623 0
8631 0
8631 0
8631 0
8631 0
8631 0
8631 0
8631 0
8631 0
8631 0
8631 0
8631 140
8631 0
8631 0
8631 0
8631 0
8631 0
8631 0
8631 0
8631 0
8631 0
8631 0
8631 0
8631 0
8631 0
8631 0
8631 0
8631 0
8631 0
8631 0
8631 0
8631 0
8643 0
8643 0
8643 0
8643 0
8643 0
8643 0
8643 0
8643 0
8643 0
8643 0
8643 1984
8643 0
8643 0
8643 0
8643 4
8643 0
8643 0
8643 0
8643 0
8643 0
8643 0
8643 0
8643 0
8643 0
8643 0
8643 0
8643 0
8643 0
8643 0
8643 0
8643 0
8644 0
8644 0
8644 0
8644 0
8644 0
8644 0
8644 0
8644 0
8644 0
8644 0
8644 157
8644 0
8644 0
8644 0
8644 0
8644 0
8644 0
8644 0
8644 0
8644 0
8644 0
8644 1
8644 0
8644 0
8644 0
8644 0
8644 0
8644 0
8644 0
8644 0
8644 0
8645 0
8645 0
8645 0
8645 0
8645 0
8645 0
8645 0
8645 0
8645 0
8645 0
8645 1217
8645 0
8645 0
8645 0
8645 0
8645 0
8645 0
8645 0
8645 0
8645 0
8645 0
8645 0
8645 0
8645 0
8645 0
8645 0
8645 0
8645 0
8645 0
8645 0
8645 0
8652 0
8652 0
8652 0
8652 0
8652 0
8652 0
8652 0
8652 0
8652 0
8652 0
8652 245
8652 0
8652 0
8652 0
8652 0
8652 0
8652 0
8652 0
8652 0
8652 0
8652 0
8652 0
8652 0
8652 0
8652 0
8652 0
8652 0
8652 0
8652 0
8652 0
8652 0
8655 0
8655 0
8655 0
8655 0
8655 0
8655 0
8655 0
8655 0
8655 0
8655 0
8655 1161
8655 0
8655 0
8655 0
8655 0
8655 0
8655 0
8655 0
8655 0
8655 0
8655 0
8655 0
8655 0
8655 0
8655 0
8655 0
8655 0
8655 0
8655 0
8655 0
8655 0
8682 0
8682 0
8682 0
8682 0
8682 0
8682 0
8682 0
8682 0
8682 0
8682 0
8682 294
8682 0
8682 0
8682 0
8682 0
8682 0
8682 0
8682 0
8682 0
8682 0
8682 0
8682 0
8682 0
8682 0
8682 0
8682 0
8682 0
8682 0
8682 0
8682 0
8682 0
8686 0
8686 0
8686 0
8686 0
8686 0
8686 0
8686 0
8686 0
8686 0
8686 0
8686 924
8686 0
8686 0
8686 0
8686 2
8686 0
8686 0
8686 0
8686 0
8686 0
8686 0
8686 0
8686 0
8686 0
8686 0
8686 0
8686 0
8686 0
8686 0
8686 0
8686 0
8689 0
8689 0
8689 0
8689 0
8689 0
8689 0
8689 0
8689 0
8689 0
8689 0
8689 767
8689 0
8689 0
8689 0
8689 0
8689 0
8689 0
8689 0
8689 0
8689 0
8689 0
8689 4
8689 0
8689 0
8689 34
8689 0
8689 0
8689 0
8689 0
8689 0
8689 0
8696 0
8696 0
8696 0
8696 0
8696 0
8696 0
8696 0
8696 0
8696 0
8696 0
8696 245
8696 0
8696 0
8696 0
8696 0
8696 0
8696 0
8696 0
8696 0
8696 0
8696 0
8696 0
8696 0
8696 0
8696 0
8696 0
8696 0
8696 0
8696 0
8696 0
8696 0
8708 0
8708 0
8708 0
8708 0
8708 0
8708 0
8708 0
8708 0
8708 0
8708 0
8708 140
8708 0
8708 0
8708 0
8708 0
8708 0
8708 0
8708 0
8708 0
8708 0
8708 0
8708 0
8708 0
8708 0
8708 0
8708 0
8708 0
8708 0
8708 0
8708 0
8708 0
8728 0
8728 0
8728 0
8728 0
8728 0
8728 0
8728 0
8728 0
8728 0
8728 0
8728 888
8728 0
8728 0
8728 0
8728 0
8728 0
8728 0
8728 0
8728 0
8728 0
8728 0
8728 0
8728 0
8728 0
8728 0
8728 0
8728 0
8728 0
8728 0
8728 0
8728 0
8735 0
8735 0
8735 0
8735 0
8735 0
8735 0
8735 0
8735 0
8735 0
8735 0
8735 112
8735 0
8735 0
8735 0
8735 0
8735 0
8735 0
8735 0
8735 0
8735 0
8735 0
8735 0
8735 0
8735 0
8735 0
8735 0
8735 0
8735 0
8735 0
8735 0
8735 0
8767 0
8767 0
8767 0
8767 0
8767 0
8767 0
8767 0
8767 0
8767 0
8767 0
8767 811
8767 0
8767 0
8767 0
8767 0
8767 0
8767 0
8767 0
8767 0
8767 0
8767 0
8767 0
8767 0
8767 0
8767 0
8767 0
8767 0
8767 0
8767 0
8767 0
8767 0
8771 0
8771 0
8771 0
8771 0
8771 0
8771 0
8771 0
8771 0
8771 0
8771 0
8771 579
8771 0
8771 0
8771 0
8771 0
8771 0
8771 0
8771 0
8771 0
8771 0
8771 0
8771 0
8771 0
8771 0
8771 0
8771 0
8771 0
8771 0
8771 0
8771 0
8771 0
8789 0
8789 0
8789 0
8789 0
8789 0
8789 0
8789 0
8789 0
8789 0
8789 0
8789 767
8789 0
8789 0
8789 0
8789 0
8789 0
8789 0
8789 0
8789 0
8789 0
8789 0
8789 4
8789 0
8789 0
8789 34
8789 0
8789 0
8789 0
8789 0
8789 0
8789 0
8818 0
8818 0
8818 0
8818 0
8818 0
8818 0
8818 0
8818 0
8818 0
8818 0
8818 599
8818 0
8818 0
8818 0
8818 0
8818 0
8818 0
8818 0
8818 0
8818 0
8818 0
8818 0
8818 0
8818 0
8818 0
8818 0
8818 0
8818 0
8818 0
8818 0
8818 0
8833 0
8833 0
8833 0
8833 0
8833 0
8833 0
8833 0
8833 0
8833 0
8833 0
8833 140
8833 0
8833 0
8833 0
8833 0
8833 0
8833 0
8833 0
8833 0
8833 0
8833 0
8833 0
8833 0
8833 0
8833 0
8833 0
8833 0
8833 0
8833 0
8833 0
8833 0
8853 0
8853 0
8853 0
8853 0
8853 0
8853 0
8853 0
8853 0
8853 0
8853 0
8853 8
8853 0
8853 0
8853 0
8853 0
8853 0
8853 0
8853 0
8853 0
8853 0
8853 0
8853 0
8853 0
8853 0
8853 0
8853 0
8853 0
8853 0
8853 0
8853 0
8853 0
8854 0
8854 0
8854 0
8854 0
8854 0
8854 0
8854 0
8854 0
8854 0
8854 0
8854 811
8854 0
8854 0
8854 0
8854 0
8854 0
8854 0
8854 0
8854 0
8854 0
8854 0
8854 0
8854 0
8854 0
8854 0
8854 0
8854 0
8854 0
8854 0
8854 0
8854 0
8856 0
8856 0
8856 0
8856 0
8856 0
8856 0
8856 0
8856 0
8856 0
8856 0
8856 294
8856 0
8856 0
8856 0
8856 0
8856 0
8856 0
8856 0
8856 0
8856 0
8856 0
8856 0
8856 0
8856 0
8856 0
8856 0
8856 0
8856 0
8856 0
8856 0
8856 0
8866 0
8866 0
8866 0
8866 0
8866 0
8866 0
8866 0
8866 0
8866 0
8866 0
8866 140
8866 0
8866 0
8866 0
8866 0
8866 0
8866 0
8866 0
8866 0
8866 0
8866 0
8866 0
8866 0
8866 0
8866 0
8866 0
8866 0
8866 0
8866 0
8866 0
8866 0
8894 0
8894 0
8894 0
8894 0
8894 0
8894 0
8894 0
8894 0
8894 0
8894 0
8894 294
8894 0
8894 0
8894 0
8894 0
8894 0
8894 0
8894 0
8894 0
8894 0
8894 0
8894 0
8894 0
8894 0
8894 0
8894 0
8894 0
8894 0
8894 0
8894 0
8894 0
8932 0
8932 0
8932 0
8932 0
8932 0
8932 0
8932 0
8932 0
8932 0
8932 0
8932 96
8932 0
8932 0
8932 0
8932 0
8932 0
8932 0
8932 0
8932 0
8932 0
8932 0
8932 154
8932 0
8932 0
8932 21
8932 0
8932 0
8932 0
8932 0
8932 0
8932 0
8956 0
8956 0
8956 0
8956 0
8956 0
8956 0
8956 0
8956 0
8956 0
8956 0
8956 1475
8956 0
8956 0
8956 0
8956 0
8956 0
8956 0
8956 0
8956 0
8956 0
8956 0
8956 51
8956 0
8956 0
8956 105
8956 0
8956 0
8956 0
8956 0
8956 0
8956 0
8982 0
8982 0
8982 0
8982 0
8982 0
8982 0
8982 0
8982 0
8982 0
8982 0
8982 294
8982 0
8982 0
8982 0
8982 0
8982 0
8982 0
8982 0
8982 0
8982 0
8982 0
8982 0
8982 0
8982 0
8982 0
8982 0
8982 0
8982 0
8982 0
8982 0
8982 0
9025 0
9025 0
9025 0
9025 0
9025 0
9025 0
9025 0
9025 0
9025 0
9025 0
9025 8
9025 0
9025 0
9025 0
9025 0
9025 0
9025 0
9025 0
9025 0
9025 0
9025 0
9025 0
9025 0
9025 0
9025 0
9025 0
9025 0
9025 0
9025 0
9025 0
9025 0
9041 0
9041 0
9041 0
9041 0
9041 0
9041 0
9041 0
9041 0
9041 0
9041 0
9041 140
9041 0
9041 0
9041 0
9041 0
9041 0
9041 0
9041 0
9041 0
9041 0
9041 0
9041 0
9041 0
9041 0
9041 0
9041 0
9041 0
9041 0
9041 0
9041 0
9041 0
9046 0
9046 0
9046 0
9046 0
9046 0
9046 0
9046 0
9046 0
9046 0
9046 0
9046 785
9046 0
9046 0
9046 0
9046 0
9046 0
9046 0
9046 0
9046 0
9046 0
9046 0
9046 0
9046 0
9046 0
9046 0
9046 0
9046 0
9046 0
9046 0
9046 0
9046 0
9061 0
9061 0
9061 0
9061 0
9061 0
9061 0
9061 0
9061 0
9061 0
9061 0
9061 294
9061 0
9061 0
9061 0
9061 0
9061 0
9061 0
9061 0
9061 0
9061 0
9061 0
9061 0
9061 0
9061 0
9061 0
9061 0
9061 0
9061 0
9061 0
9061 0
9061 0
9073 0
9073 0
9073 0
9073 0
9073 0
9073 0
9073 0
9073 0
9073 0
9073 0
9073 294
9073 0
9073 0
9073 0
9073 0
9073 0
9073 0
9073 0
9073 0
9073 0
9073 0
9073 0
9073 0
9073 0
9073 0
9073 0
9073 0
9073 0
9073 0
9073 0
9073 0
9081 0
9081 0
9081 0
9081 0
9081 0
9081 0
9081 0
9081 0
9081 0
9081 0
9081 294
9081 0
9081 0
9081 0
9081 0
9081 0
9081 0
9081 0
9081 0
9081 0
9081 0
9081 0
9081 0
9081 0
9081 0
9081 0
9081 0
9081 0
9081 0
9081 0
9081 0
9090 0
9090 0
9090 0
9090 0
9090 0
9090 0
9090 0
9090 0
9090 0
9090 0
9090 767
9090 0
9090 0
9090 0
9090 0
9090 0
9090 0
9090 0
9090 0
9090 0
9090 0
9090 4
9090 0
9090 0
9090 34
9090 0
9090 0
9090 0
9090 0
9090 0
9090 0
9097 0
9097 0
9097 0
9097 0
9097 0
9097 0
9097 0
9097 0
9097 0
9097 0
9097 690
9097 0
9097 0
9097 0
9097 0
9097 0
9097 0
9097 0
9097 0
9097 0
9097 0
9097 1
9097 0
9097 0
9097 52
9097 0
9097 0
9097 0
9097 0
9097 0
9097 0
9114 0
9114 0
9114 0
9114 0
9114 0
9114 0
9114 0
9114 0
9114 0
9114 0
9114 96
9114 0
9114 0
9114 0
9114 0
9114 0
9114 0
9114 0
9114 0
9114 0
9114 0
9114 154
9114 0
9114 0
9114 21
9114 0
9114 0
9114 0
9114 0
9114 0
9114 0
9158 0
9158 0
9158 0
9158 0
9158 0
9158 0
9158 0
9158 0
9158 0
9158 0
9158 8
9158 0
9158 0
9158 0
9158 0
9158 0
9158 0
9158 0
9158 0
9158 0
9158 0
9158 0
9158 0
9158 0
9158 0
9158 0
9158 0
9158 0
9158 0
9158 0
9158 0
9184 0
9184 0
9184 0
9184 0
9184 0
9184 0
9184 0
9184 0
9184 0
9184 0
9184 2000
9184 0
9184 0
9184 0
9184 0
9184 0
9184 0
9184 0
9184 0
9184 0
9184 0
9184 0
9184 0
9184 0
9184 0
9184 0
9184 0
9184 0
9184 0
9184 0
9184 0
9221 0
9221 0
9221 0
9221 0
9221 0
9221 0
9221 0
9221 0
9221 0
9221 0
9221 1475
9221 0
9221 0
9221 0
9221 0
9221 0
9221 0
9221 0
9221 0
9221 0
9221 0
9221 51
9221 0
9221 0
9221 105
9221 0
9221 0
9221 0
9221 0
9221 0
9221 0
9222 0
9222 0
9222 0
9222 0
9222 0
9222 0
9222 0
9222 0
9222 0
9222 0
9222 2416
9222 0
9222 0
9222 0
9222 0
9222 0
9222 0
9222 0
9222 0
9222 0
9222 0
9222 4
9222 0
9222 0
9222 34
9222 0
9222 0
9222 0
9222 0
9222 0
9222 0
9231 0
9231 0
9231 0
9231 0
9231 0
9231 0
9231 0
9231 0
9231 0
9231 0
9231 588
9231 0
9231 0
9231 0
9231 0
9231 0
9231 0
9231 0
9231 0
9231 0
9231 0
9231 125
9231 0
9231 0
9231 77
9231 0
9231 0
9231 0
9231 0
9231 0
9231 0
9239 0
9239 0
9239 0
9239 0
9239 0
9239 0
9239 0
9239 0
9239 0
9239 0
9239 0
9239 0
9239 0
9239 0
9239 0
9239 0
9239 0
9239 0
9239 0
9239 0
9239 0
9239 0
9239 0
9239 0
9239 0
9239 0
9239 0
9239 0
9239 0
9239 0
9239 0
9247 0
9247 0
9247 0
9247 0
9247 0
9247 0
9247 0
9247 0
9247 0
9247 0
9247 294
9247 0
9247 0
9247 0
9247 0
9247 0
9247 0
9247 0
9247 0
9247 0
9247 0
9247 0
9247 0
9247 0
9247 0
9247 0
9247 0
9247 0
9247 0
9247 0
9247 0
9298 0
9298 0
9298 0
9298 0
9298 0
9298 0
9298 0
9298 0
9298 0
9298 0
9298 690
9298 0
9298 0
9298 0
9298 0
9298 0
9298 0
9298 0
9298 0
9298 0
9298 0
9298 1
9298 0
9298 0
9298 52
9298 0
9298 0
9298 0
9298 0
9298 0
9298 0
9303 0
9303 0
9303 0
9303 0
9303 0
9303 0
9303 0
9303 0
9303 0
9303 0
9303 423
9303 0
9303 0
9303 0
9303 0
9303 0
9303 0
9303 0
9303 0
9303 0
9303 0
9303 1
9303 0
9303 0
9303 25
9303 0
9303 0
9303 0
9303 0
9303 0
9303 0
9316 0
9316 0
9316 0
9316 0
9316 0
9316 0
9316 0
9316 0
9316 0
9316 0
9316 3006
9316 0
9316 0
9316 0
9316 0
9316 0
9316 0
9316 0
9316 0
9316 105
9316 0
9316 104
9316 0
9316 0
9316 137
9316 0
9316 0
9316 0
9316 0
9316 0
9316 0
9328 0
9328 0
9328 0
9328 0
9328 0
9328 0
9328 0
9328 0
9328 0
9328 0
9328 124
9328 0
9328 0
9328 0
9328 1
9328 0
9328 0
9328 0
9328 0
9328 0
9328 0
9328 73
9328 0
9328 0
9328 30
9328 0
9328 0
9328 0
9328 0
9328 0
9328 0
9330 0
9330 0
9330 0
9330 0
9330 0
9330 0
9330 0
9330 0
9330 0
9330 0
9330 593
9330 0
9330 0
9330 0
9330 0
9330 0
9330 0
9330 0
9330 0
9330 0
9330 0
9330 68
9330 0
9330 0
9330 64
9330 0
9330 0
9330 0
9330 0
9330 0
9330 0
9353 0
9353 0
9353 0
9353 0
9353 0
9353 0
9353 0
9353 0
9353 0
9353 0
9353 126
9353 0
9353 0
9353 0
9353 0
9353 0
9353 0
9353 0
9353 0
9353 0
9353 0
9353 77
9353 0
9353 0
9353 17
9353 0
9353 0
9353 0
9353 0
9353 0
9353 0
9364 0
9364 0
9364 0
9364 0
9364 0
9364 0
9364 0
9364 0
9364 0
9364 0
9364 126
9364 0
9364 0
9364 0
9364 0
9364 0
9364 0
9364 0
9364 0
9364 0
9364 0
9364 77
9364 0
9364 0
9364 17
9364 0
9364 0
9364 0
9364 0
9364 0
9364 0
9371 0
9371 0
9371 0
9371 0
9371 0
9371 0
9371 0
9371 0
9371 0
9371 0
9371 467
9371 0
9371 0
9371 0
9371 2
9371 0
9371 0
9371 0
9371 0
9371 0
9371 0
9371 324
9371 0
9371 0
9371 160
9371 0
9371 0
9371 0
9371 0
9371 0
9371 0
9407 0
9407 0
9407 0
9407 0
9407 0
9407 0
9407 0
9407 0
9407 0
9407 0
9407 395
9407 0
9407 0
9407 0
9407 0
9407 0
9407 0
9407 0
9407 0
9407 0
9407 0
9407 116
9407 0
9407 0
9407 37
9407 0
9407 0
9407 0
9407 0
9407 0
9407 0
9423 0
9423 0
9423 0
9423 0
9423 0
9423 0
9423 0
9423 0
9423 0
9423 0
9423 649
9423 0
9423 0
9423 0
9423 0
9423 0
9423 0
9423 0
9423 0
9423 0
9423 0
9423 10
9423 0
9423 0
9423 46
9423 0
9423 0
9423 0
9423 0
9423 0
9423 0
9436 0
9436 0
9436 0
9436 0
9436 0
9436 0
9436 0
9436 0
9436 0
9436 0
9436 157
9436 0
9436 0
9436 0
9436 0
9436 0
9436 0
9436 0
9436 0
9436 0
9436 0
9436 1
9436 0
9436 0
9436 1
9436 0
9436 0
9436 0
9436 0
9436 0
9436 0
9477 0
9477 0
9477 0
9477 0
9477 0
9477 0
9477 0
9477 0
9477 0
9477 0
9477 894
9477 0
9477 0
9477 0
9477 7
9477 0
9477 0
9477 0
9477 0
9477 0
9477 0
9477 322
9477 0
9477 0
9477 8
9477 0
9477 0
9477 0
9477 0
9477 0
9477 0
9497 0
9497 0
9497 0
9497 0
9497 0
9497 0
9497 0
9497 0
9497 0
9497 0
9497 2152
9497 0
9497 0
9497 0
9497 0
9497 0
9497 0
9497 0
9497 0
9497 0
9497 0
9497 9
9497 0
9497 0
9497 18
9497 0
9497 0
9497 0
9497 0
9497 0
9497 0
9507 0
9507 0
9507 0
9507 0
9507 0
9507 0
9507 0
9507 0
9507 0
9507 0
9507 1042
9507 0
9507 0
9507 0
9507 0
9507 0
9507 0
9507 0
9507 0
9507 0
9507 0
9507 41
9507 0
9507 0
9507 86
9507 0
9507 0
9507 0
9507 0
9507 0
9507 0
9520 0
9520 0
9520 0
9520 0
9520 0
9520 0
9520 0
9520 0
9520 0
9520 0
9520 439
9520 0
9520 0
9520 0
9520 21
9520 0
9520 0
9520 0
9520 0
9520 0
9520 0
9520 149
9520 0
9520 0
9520 68
9520 0
9520 0
9520 0
9520 0
9520 0
9520 0
9521 0
9521 0
9521 0
9521 0
9521 0
9521 0
9521 0
9521 0
9521 0
9521 0
9521 148
9521 0
9521 0
9521 0
9521 0
9521 0
9521 0
9521 0
9521 0
9521 0
9521 0
9521 34
9521 0
9521 0
9521 1
9521 0
9521 0
9521 0
9521 0
9521 0
9521 0
9534 0
9534 0
9534 0
9534 0
9534 0
9534 0
9534 0
9534 0
9534 0
9534 0
9534 579
9534 0
9534 0
9534 0
9534 37
9534 0
9534 0
9534 0
9534 0
9534 0
9534 0
9534 251
9534 0
9534 0
9534 110
9534 0
9534 0
9534 0
9534 0
9534 0
9534 0
9554 0
9554 0
9554 0
9554 0
9554 0
9554 0
9554 0
9554 0
9554 0
9554 0
9554 898
9554 0
9554 0
9554 0
9554 1
9554 0
9554 0
9554 0
9554 0
9554 0
9554 0
9554 8
9554 0
9554 0
9554 8
9554 0
9554 0
9554 0
9554 0
9554 0
9554 0
9567 0
9567 0
9567 0
9567 0
9567 0
9567 0
9567 0
9567 0
9567 0
9567 0
9567 445
9567 0
9567 0
9567 0
9567 0
9567 0
9567 0
9567 0
9567 0
9567 0
9567 0
9567 56
9567 0
9567 0
9567 2
9567 0
9567 0
9567 0
9567 0
9567 0
9567 0
9575 0
9575 0
9575 0
9575 0
9575 0
9575 0
9575 0
9575 0
9575 0
9575 0
9575 368
9575 0
9575 0
9575 0
9575 0
9575 0
9575 0
9575 0
9575 0
9575 0
9575 0
9575 52
9575 0
9575 0
9575 2
9575 0
9575 0
9575 0
9575 0
9575 0
9575 0
9590 0
9590 0
9590 0
9590 0
9590 0
9590 0
9590 0
9590 0
9590 0
9590 0
9590 1077
9590 0
9590 0
9590 0
9590 0
9590 0
9590 0
9590 0
9590 0
9590 0
9590 0
9590 23
9590 0
9590 0
9590 90
9590 0
9590 0
9590 0
9590 0
9590 0
9590 0
9599 0
9599 0
9599 0
9599 0
9599 0
9599 0
9599 0
9599 0
9599 0
9599 0
9599 186
9599 0
9599 0
9599 0
9599 0
9599 0
9599 0
9599 0
9599 0
9599 0
9599 0
9599 0
9599 0
9599 0
9599 1
9599 0
9599 0
9599 0
9599 0
9599 0
9599 0
9621 0
9621 0
9621 0
9621 0
9621 0
9621 0
9621 0
9621 0
9621 0
9621 0
9621 876
9621 0
9621 0
9621 0
9621 13
9621 0
9621 0
9621 0
9621 0
9621 0
9621 0
9621 265
9621 0
9621 0
9621 85
9621 0
9621 0
9621 0
9621 0
9621 0
9621 0
9626 0
9626 0
9626 0
9626 0
9626 0
9626 0
9626 0
9626 0
9626 0
9626 0
9626 293
9626 0
9626 0
9626 0
9626 0
9626 0
9626 0
9626 0
9626 0
9626 0
9626 0
9626 1
9626 0
9626 0
9626 0
9626 0
9626 0
9626 0
9626 0
9626 0
9626 0
9673 0
9673 0
9673 0
9673 0
9673 0
9673 0
9673 0
9673 0
9673 0
9673 0
9673 1238
9673 0
9673 0
9673 0
9673 6
9673 0
9673 0
9673 0
9673 0
9673 0
9673 0
9673 26
9673 0
9673 0
9673 15
9673 0
9673 0
9673 0
9673 0
9673 0
9673 0
9685 0
9685 0
9685 0
9685 0
9685 0
9685 0
9685 0
9685 0
9685 0
9685 0
9685 1310
9685 0
9685 0
9685 0
9685 0
9685 0
9685 0
9685 0
9685 0
9685 0
9685 0
9685 55
9685 0
9685 0
9685 87
9685 0
9685 0
9685 0
9685 0
9685 0
9685 0
9688 0
9688 0
9688 0
9688 0
9688 0
9688 0
9688 0
9688 0
9688 0
9688 0
9688 855
9688 0
9688 0
9688 0
9688 0
9688 0
9688 0
9688 0
9688 0
9688 0
9688 0
9688 35
9688 0
9688 0
9688 75
9688 0
9688 0
9688 0
9688 0
9688 0
9688 0
9717 0
9717 0
9717 0
9717 0
9717 0
9717 0
9717 0
9717 0
9717 0
9717 0
9717 1439
9717 0
9717 0
9717 0
9717 0
9717 0
9717 0
9717 0
9717 0
9717 0
9717 0
9717 16
9717 0
9717 0
9717 119
9717 0
9717 0
9717 0
9717 0
9717 0
9717 0
9725 0
9725 0
9725 0
9725 0
9725 0
9725 0
9725 0
9725 0
9725 0
9725 0
9725 483
9725 0
9725 0
9725 0
9725 0
9725 0
9725 0
9725 0
9725 0
9725 0
9725 0
9725 46
9725 0
9725 0
9725 7
9725 0
9725 0
9725 0
9725 0
9725 0
9725 0
9740 0
9740 0
9740 0
9740 0
9740 0
9740 0
9740 0
9740 0
9740 0
9740 0
9740 630
9740 0
9740 0
9740 0
9740 0
9740 0
9740 0
9740 0
9740 0
9740 0
9740 0
9740 1
9740 0
9740 0
9740 4
9740 0
9740 0
9740 0
9740 0
9740 0
9740 0
9769 0
9769 0
9769 0
9769 0
9769 0
9769 0
9769 0
9769 0
9769 0
9769 0
9769 439
9769 0
9769 0
9769 0
9769 21
9769 0
9769 0
9769 0
9769 0
9769 0
9769 0
9769 149
9769 0
9769 0
9769 68
9769 0
9769 0
9769 0
9769 0
9769 0
9769 0
9777 0
9777 0
9777 0
9777 0
9777 0
9777 0
9777 0
9777 0
9777 0
9777 0
9777 1108
9777 0
9777 0
9777 0
9777 0
9777 0
9777 0
9777 0
9777 0
9777 0
9777 0
9777 111
9777 0
9777 0
9777 66
9777 0
9777 0
9777 0
9777 0
9777 0
9777 0
9808 0
9808 0
9808 0
9808 0
9808 0
9808 0
9808 0
9808 0
9808 0
9808 0
9808 186
9808 0
9808 0
9808 0
9808 0
9808 0
9808 0
9808 0
9808 0
9808 0
9808 0
9808 0
9808 0
9808 0
9808 1
9808 0
9808 0
9808 0
9808 0
9808 0
9808 0
9822 0
9822 0
9822 0
9822 0
9822 0
9822 0
9822 0
9822 0
9822 0
9822 0
9822 2240
9822 0
9822 0
9822 0
9822 0
9822 0
9822 0
9822 0
9822 0
9822 0
9822 0
9822 234
9822 0
9822 0
9822 146
9822 0
9822 0
9822 0
9822 0
9822 0
9822 0
9914 0
9914 0
9914 0
9914 0
9914 0
9914 0
9914 0
9914 0
9914 0
9914 0
9914 186
9914 0
9914 0
9914 0
9914 0
9914 0
9914 0
9914 0
9914 0
9914 0
9914 0
9914 0
9914 0
9914 0
9914 1
9914 0
9914 0
9914 0
9914 0
9914 0
9914 0
9929 0
9929 0
9929 0
9929 0
9929 0
9929 0
9929 0
9929 0
9929 0
9929 0
9929 1072
9929 0
9929 0
9929 0
9929 0
9929 0
9929 0
9929 0
9929 0
9929 0
9929 0
9929 107
9929 0
9929 0
9929 64
9929 0
9929 0
9929 0
9929 0
9929 0
9929 0
9961 0
9961 0
9961 0
9961 0
9961 0
9961 0
9961 0
9961 0
9961 0
9961 0
9961 1108
9961 0
9961 0
9961 0
9961 0
9961 0
9961 0
9961 0
9961 0
9961 0
9961 0
9961 111
9961 0
9961 0
9961 66
9961 0
9961 0
9961 0
9961 0
9961 0
9961 0
9966 0
9966 0
9966 0
9966 0
9966 0
9966 0
9966 0
9966 0
9966 0
9966 0
9966 1108
9966 0
9966 0
9966 0
9966 0
9966 0
9966 0
9966 0
9966 0
9966 0
9966 0
9966 111
9966 0
9966 0
9966 66
9966 0
9966 0
9966 0
9966 0
9966 0
9966 0
10058 0
10058 0
10058 0
10058 0
10058 0
10058 0
10058 0
10058 0
10058 0
10058 0
10058 186
10058 0
10058 0
10058 0
10058 0
10058 0
10058 0
10058 0
10058 0
10058 0
10058 0
10058 0
10058 0
10058 0
10058 1
10058 0
10058 0
10058 0
10058 0
10058 0
10058 0
10222 0
10222 0
10222 0
10222 0
10222 0
10222 0
10222 0
10222 0
10222 0
10222 0
10222 186
10222 0
10222 0
10222 0
10222 0
10222 0
10222 0
10222 0
10222 0
10222 0
10222 0
10222 0
10222 0
10222 0
10222 1
10222 0
10222 0
10222 0
10222 0
10222 0
10222 0
10228 0
10228 0
10228 0
10228 0
10228 0
10228 0
10228 0
10228 0
10228 0
10228 0
10228 400
10228 0
10228 0
10228 0
10228 0
10228 0
10228 0
10228 0
10228 0
10228 0
10228 0
10228 34
10228 0
10228 0
10228 1
10228 0
10228 0
10228 0
10228 0
10228 0
10228 0
10349 0
10349 0
10349 0
10349 0
10349 0
10349 0
10349 0
10349 0
10349 0
10349 0
10349 1077
10349 0
10349 0
10349 0
10349 0
10349 0
10349 0
10349 0
10349 0
10349 0
10349 0
10349 23
10349 0
10349 0
10349 90
10349 0
10349 0
10349 0
10349 0
10349 0
10349 0
10403 0
10403 0
10403 0
10403 0
10403 0
10403 0
10403 0
10403 0
10403 0
10403 0
10403 400
10403 0
10403 0
10403 0
10403 0
10403 0
10403 0
10403 0
10403 0
10403 0
10403 0
10403 34
10403 0
10403 0
10403 1
10403 0
10403 0
10403 0
10403 0
10403 0
10403 0
10567 0
10567 0
10567 0
10567 0
10567 0
10567 0
10567 0
10567 0
10567 0
10567 0
10567 400
10567 0
10567 0
10567 0
10567 0
10567 0
10567 0
10567 0
10567 0
10567 0
10567 0
10567 34
10567 0
10567 0
10567 1
10567 0
10567 0
10567 0
10567 0
10567 0
10567 0
10576 0
10576 0
10576 0
10576 0
10576 0
10576 0
10576 0
10576 0
10576 0
10576 0
10576 400
10576 0
10576 0
10576 0
10576 0
10576 0
10576 0
10576 0
10576 0
10576 0
10576 0
10576 34
10576 0
10576 0
10576 1
10576 0
10576 0
10576 0
10576 0
10576 0
10576 0
10595 0
10595 0
10595 0
10595 0
10595 0
10595 0
10595 0
10595 0
10595 0
10595 0
10595 400
10595 0
10595 0
10595 0
10595 0
10595 0
10595 0
10595 0
10595 0
10595 0
10595 0
10595 34
10595 0
10595 0
10595 1
10595 0
10595 0
10595 0
10595 0
10595 0
10595 0
10614 0
10614 0
10614 0
10614 0
10614 0
10614 0
10614 0
10614 0
10614 0
10614 0
10614 400
10614 0
10614 0
10614 0
10614 0
10614 0
10614 0
10614 0
10614 0
10614 0
10614 0
10614 34
10614 0
10614 0
10614 1
10614 0
10614 0
10614 0
10614 0
10614 0
10614 0
10716 0
10716 0
10716 0
10716 0
10716 0
10716 0
10716 0
10716 0
10716 0
10716 0
10716 400
10716 0
10716 0
10716 0
10716 0
10716 0
10716 0
10716 0
10716 0
10716 0
10716 0
10716 34
10716 0
10716 0
10716 1
10716 0
10716 0
10716 0
10716 0
10716 0
10716 0
10732 0
10732 0
10732 0
10732 0
10732 0
10732 0
10732 0
10732 0
10732 0
10732 0
10732 400
10732 0
10732 0
10732 0
10732 0
10732 0
10732 0
10732 0
10732 0
10732 0
10732 0
10732 34
10732 0
10732 0
10732 1
10732 0
10732 0
10732 0
10732 0
10732 0
10732 0
10744 0
10744 0
10744 0
10744 0
10744 0
10744 0
10744 0
10744 0
10744 0
10744 0
10744 400
10744 0
10744 0
10744 0
10744 0
10744 0
10744 0
10744 0
10744 0
10744 0
10744 0
10744 34
10744 0
10744 0
10744 1
10744 0
10744 0
10744 0
10744 0
10744 0
10744 0
