pt_graph shape
10421 0
10421 0
10421 0
10421 0
10421 0
10421 0
10421 0
10421 0
10421 0
10421 0
10421 1.47
10421 0
10421 0
10421 0
10421 0
10421 0
10421 0
10421 0
10421 0
10421 0
10421 0
10421 0
10421 0
10421 0
10421 0
10421 0
10421 0
10421 0
10421 0
10421 0
10421 0
10527 0
10527 0
10527 0
10527 0
10527 0
10527 0
10527 0
10527 0
10527 0
10527 0
10527 1.48
10527 0
10527 0
10527 0
10527 0
10527 0
10527 0
10527 0
10527 0
10527 0
10527 0
10527 0
10527 0
10527 0
10527 0
10527 0
10527 0
10527 0
10527 0
10527 0
10527 0
10593 0
10593 0
10593 0
10593 0
10593 0
10593 0
10593 0
10593 0
10593 0
10593 0
10593 1.48
10593 0
10593 0
10593 0
10593 0
10593 0
10593 0
10593 0
10593 0
10593 0
10593 0
10593 0
10593 0
10593 0
10593 0
10593 0
10593 0
10593 0
10593 0
10593 0
10593 0
10595 0
10595 0
10595 0
10595 0
10595 0
10595 0
10595 0
10595 0
10595 0
10595 0
10595 1.46
10595 0
10595 0
10595 0
10595 0
10595 0
10595 0
10595 0
10595 0
10595 0
10595 0
10595 0
10595 0
10595 0
10595 27.5
10595 0
10595 0
10595 0
10595 0
10595 0
10595 0
10629 0
10629 0
10629 0
10629 0
10629 0
10629 0
10629 0
10629 0
10629 0
10629 0
10629 1.48
10629 0
10629 0
10629 0
10629 0
10629 0
10629 0
10629 0
10629 0
10629 0
10629 0
10629 0
10629 0
10629 0
10629 0
10629 0
10629 0
10629 0
10629 0
10629 0
10629 0
10640 0
10640 0
10640 0
10640 0
10640 0
10640 0
10640 0
10640 0
10640 0
10640 0
10640 1.48
10640 0
10640 0
10640 0
10640 0
10640 0
10640 0
10640 0
10640 0
10640 0
10640 0
10640 0
10640 0
10640 0
10640 38.67
10640 0
10640 0
10640 0
10640 0
10640 0
10640 0
10642 0
10642 0
10642 0
10642 0
10642 0
10642 0
10642 0
10642 0
10642 0
10642 0
10642 1.48
10642 0
10642 0
10642 0
10642 0
10642 0
10642 0
10642 0
10642 0
10642 0
10642 0
10642 0
10642 0
10642 0
10642 0
10642 0
10642 0
10642 0
10642 0
10642 0
10642 0
10682 0
10682 0
10682 0
10682 0
10682 0
10682 0
10682 0
10682 0
10682 0
10682 0
10682 1.46
10682 0
10682 0
10682 0
10682 0
10682 0
10682 0
10682 0
10682 0
10682 0
10682 0
10682 0
10682 0
10682 0
10682 27.5
10682 0
10682 0
10682 0
10682 0
10682 0
10682 0
10695 0
10695 0
10695 0
10695 0
10695 0
10695 0
10695 0
10695 0
10695 0
10695 0
10695 0.86
10695 0
10695 0
10695 0
10695 0
10695 0
10695 0
10695 0
10695 0
10695 0
10695 0
10695 0
10695 0
10695 0
10695 2.4
10695 0
10695 0
10695 0
10695 0
10695 0
10695 0
10697 0
10697 0
10697 0
10697 0
10697 0
10697 0
10697 0
10697 0
10697 0
10697 0
10697 1.46
10697 0
10697 0
10697 0
10697 0
10697 0
10697 0
10697 0
10697 0
10697 0
10697 0
10697 0
10697 0
10697 0
10697 27.5
10697 0
10697 0
10697 0
10697 0
10697 0
10697 0
10710 0
10710 0
10710 0
10710 0
10710 0
10710 0
10710 0
10710 0
10710 0
10710 0
10710 0.93
10710 0
10710 0
10710 0
10710 0
10710 0
10710 0
10710 0
10710 0
10710 0
10710 0
10710 0
10710 0
10710 0
10710 57.62
10710 0
10710 0
10710 0
10710 0
10710 0
10710 0
10711 0
10711 0
10711 0
10711 0
10711 0
10711 0
10711 0
10711 0
10711 0
10711 0
10711 1.48
10711 0
10711 0
10711 0
10711 0
10711 0
10711 0
10711 0
10711 0
10711 0
10711 0
10711 0
10711 0
10711 0
10711 38.67
10711 0
10711 0
10711 0
10711 0
10711 0
10711 0
10778 0
10778 0
10778 0
10778 0
10778 0
10778 0
10778 0
10778 0
10778 0
10778 0
10778 1.48
10778 0
10778 0
10778 0
10778 0
10778 0
10778 0
10778 0
10778 0
10778 0
10778 0
10778 0
10778 0
10778 0
10778 0
10778 0
10778 0
10778 0
10778 0
10778 0
10778 0
10813 0
10813 0
10813 0
10813 0
10813 0
10813 0
10813 0
10813 0
10813 0
10813 0
10813 1.48
10813 0
10813 0
10813 0
10813 0
10813 0
10813 0
10813 0
10813 0
10813 0
10813 0
10813 0
10813 0
10813 0
10813 38.67
10813 0
10813 0
10813 0
10813 0
10813 0
10813 0
10823 0
10823 0
10823 0
10823 0
10823 0
10823 0
10823 0
10823 0
10823 0
10823 0
10823 1.48
10823 0
10823 0
10823 0
10823 0
10823 0
10823 0
10823 0
10823 0
10823 0
10823 0
10823 0
10823 0
10823 0
10823 38.67
10823 0
10823 0
10823 0
10823 0
10823 0
10823 0
10832 0
10832 0
10832 0
10832 0
10832 0
10832 0
10832 0
10832 0
10832 0
10832 0
10832 1.46
10832 0
10832 0
10832 0
10832 0
10832 0
10832 0
10832 0
10832 0
10832 0
10832 0
10832 1.69
10832 0
10832 0
10832 33.71
10832 0
10832 0
10832 37.94
10832 0
10832 0
10832 0
10836 0
10836 0
10836 0
10836 0
10836 0
10836 0
10836 0
10836 0
10836 0
10836 0
10836 1.47
10836 0
10836 0
10836 0
10836 0
10836 0
10836 0
10836 0
10836 0
10836 0
10836 0
10836 2.03
10836 0
10836 0
10836 29.26
10836 0
10836 0
10836 0
10836 0
10836 0
10836 0
10840 0
10840 0
10840 0
10840 0
10840 0
10840 0
10840 0
10840 0
10840 0
10840 0
10840 0.88
10840 0
10840 0
10840 0
10840 0
10840 0
10840 0
10840 0
10840 0
10840 0
10840 0
10840 31.91
10840 0
10840 0
10840 0.87
10840 0
10840 0
10840 0
10840 0
10840 0
10840 0
10842 0
10842 0
10842 0
10842 0
10842 0
10842 0
10842 0
10842 0
10842 0
10842 0
10842 0.75
10842 0
10842 0
10842 0
10842 0
10842 0
10842 0
10842 0
10842 0
10842 0
10842 0
10842 58.55
10842 0
10842 0
10842 34.7
10842 0
10842 0
10842 0
10842 0
10842 0
10842 0
10844 0
10844 0
10844 0
10844 0
10844 0
10844 0
10844 0
10844 0
10844 0
10844 0
10844 2.21
10844 0
10844 0
10844 0
10844 0
10844 0
10844 0
10844 0
10844 0
10844 0
10844 0
10844 9.65
10844 0
10844 0
10844 26.94
10844 0
10844 0
10844 0
10844 0
10844 0
10844 0
10847 0
10847 0
10847 0
10847 0
10847 0
10847 0
10847 0
10847 0
10847 0
10847 0
10847 1.47
10847 0
10847 0
10847 0
10847 0
10847 0
10847 0
10847 0
10847 0
10847 0
10847 0
10847 2.03
10847 0
10847 0
10847 29.26
10847 0
10847 0
10847 0
10847 0
10847 0
10847 0
10854 0
10854 0
10854 0
10854 0
10854 0
10854 0
10854 0
10854 0
10854 0
10854 0
10854 0.68
10854 0
10854 0
10854 0
10854 0
10854 0
10854 0
10854 0
10854 0
10854 0
10854 0
10854 1.01
10854 0
10854 0
10854 1.55
10854 0
10854 0
10854 0
10854 0
10854 0
10854 0
10861 0
10861 0
10861 0
10861 0
10861 0
10861 0
10861 0
10861 0
10861 0
10861 0
10861 0.93
10861 0
10861 0
10861 0
10861 0
10861 0
10861 0
10861 0
10861 0
10861 0
10861 0
10861 41.59
10861 0
10861 0
10861 5.07
10861 0
10861 0
10861 0
10861 0
10861 0
10861 0
10883 0
10883 0
10883 0
10883 0
10883 0
10883 0
10883 0
10883 0
10883 0
10883 0
10883 0
10883 0.57
10883 0
10883 0
10883 0
10883 0
10883 0
10883 0
10883 0
10883 0
10883 0
10883 1.48
10883 0
10883 0
10883 0.94
10883 0
10883 0
10883 51.4
10883 0
10883 0
10883 0
10887 0
10887 0
10887 0
10887 0
10887 0
10887 0
10887 0
10887 0
10887 0
10887 0
10887 0
10887 0.51
10887 0
10887 0
10887 0
10887 0
10887 0
10887 0
10887 0
10887 0
10887 0
10887 0.91
10887 0
10887 0
10887 2.37
10887 0
10887 0
10887 37.94
10887 0
10887 0
10887 0
10892 0
10892 0
10892 0
10892 0
10892 0
10892 0
10892 0
10892 0
10892 0
10892 0
10892 0
10892 0.93
10892 0
10892 0
10892 0
10892 0
10892 0
10892 0
10892 0
10892 0
10892 0
10892 55.95
10892 0
10892 0
10892 49.9
10892 0
10892 0
10892 0
10892 0
10892 0
10892 0
10893 0
10893 0
10893 0
10893 0
10893 0
10893 0
10893 0
10893 0
10893 0
10893 0
10893 0
10893 1.1
10893 0
10893 0
10893 0
10893 0
10893 0
10893 0
10893 0
10893 0
10893 0
10893 0.57
10893 0
10893 0
10893 0.72
10893 0
10893 0
10893 14.91
10893 0
10893 0
10893 0
10897 0
10897 0
10897 0
10897 0
10897 0
10897 0
10897 0
10897 0
10897 0
10897 0
10897 0
10897 0.73
10897 0
10897 0
10897 0
10897 0
10897 0
10897 0
10897 0
10897 0
10897 0
10897 5.68
10897 0
10897 0
10897 1.91
10897 0
10897 0
10897 51.4
10897 0
10897 0
10897 0
10899 0
10899 0
10899 0
10899 0
10899 0
10899 0
10899 0
10899 0
10899 0
10899 0
10899 0
10899 0.56
10899 0
10899 0
10899 0
10899 0
10899 0
10899 0
10899 0
10899 0
10899 0
10899 0.59
10899 0
10899 0
10899 3.4
10899 0
10899 0
10899 0
10899 0
10899 0
10899 0
10901 0
10901 0
10901 0
10901 0
10901 0
10901 0
10901 0
10901 0
10901 0
10901 0
10901 0
10901 0.45
10901 0
10901 0
10901 0
10901 0
10901 0
10901 0
10901 0
10901 0
10901 0
10901 1.2
10901 0
10901 0
10901 2.34
10901 0
10901 0
10901 0
10901 0
10901 0
10901 0
10902 0
10902 0
10902 0
10902 0
10902 0
10902 0
10902 0
10902 0
10902 0
10902 0
10902 0
10902 1.48
10902 0
10902 0
10902 0
10902 0
10902 0
10902 0
10902 0
10902 0
10902 0
10902 1.59
10902 0
10902 0
10902 43.25
10902 0
10902 0
10902 0
10902 0
10902 0
10902 0
10904 0
10904 0
10904 0
10904 0
10904 0
10904 0
10904 0
10904 0
10904 0
10904 0
10904 0
10904 1.35
10904 0
10904 0
10904 0
10904 0
10904 0
10904 0
10904 0
10904 0
10904 0
10904 0.64
10904 0
10904 0
10904 3.25
10904 0
10904 0
10904 14.91
10904 0
10904 0
10904 0
10905 0
10905 0
10905 0
10905 0
10905 0
10905 0
10905 0
10905 0
10905 0
10905 0
10905 0
10905 0.49
10905 0
10905 0
10905 0
10905 0
10905 0
10905 0
10905 0
10905 0
10905 0
10905 0.74
10905 0
10905 0
10905 65.24
10905 0
10905 0
10905 0
10905 0
10905 0
10905 0
10909 0
10909 0
10909 0
10909 0
10909 0
10909 0
10909 0
10909 0
10909 0
10909 0
10909 0
10909 0.58
10909 0
10909 0
10909 0
10909 0
10909 0
10909 0
10909 0
10909 0
10909 0
10909 5.3
10909 0
10909 0
10909 3.42
10909 0
10909 0
10909 0
10909 0
10909 0
10909 0
10913 0
10913 0
10913 0
10913 0
10913 0
10913 0
10913 0
10913 0
10913 0
10913 0
10913 0
10913 0.52
10913 0
10913 0
10913 0
10913 0
10913 0
10913 0
10913 0
10913 0
10913 0
10913 1.33
10913 0
10913 0
10913 22.31
10913 0
10913 0
10913 0
10913 0
10913 0
10913 0
10918 0
10918 0
10918 0
10918 0
10918 0
10918 0
10918 0
10918 0
10918 0
10918 0
10918 0
10918 0.59
10918 0
10918 0
10918 0
10918 0
10918 0
10918 0
10918 0
10918 0
10918 0
10918 0.58
10918 0
10918 0
10918 5.59
10918 0
10918 0
10918 0
10918 0
10918 0
10918 0
10920 0
10920 0
10920 0
10920 0
10920 0
10920 0
10920 0
10920 0
10920 0
10920 0
10920 0
10920 0.51
10920 0
10920 0
10920 0
10920 0
10920 0
10920 0
10920 0
10920 0
10920 0
10920 1
10920 0
10920 0
10920 2.24
10920 0
10920 0
10920 0
10920 0
10920 0
10920 0
10924 0
10924 0
10924 0
10924 0
10924 0
10924 0
10924 0
10924 0
10924 0
10924 0
10924 0
10924 0.58
10924 0
10924 0
10924 0
10924 0
10924 0
10924 0
10924 0
10924 0
10924 0
10924 0.98
10924 0
10924 0
10924 29.71
10924 0
10924 0
10924 0
10924 0
10924 0
10924 0
10926 0
10926 0
10926 0
10926 0
10926 0
10926 0
10926 0
10926 0
10926 0
10926 0
10926 0
10926 0.8
10926 0
10926 0
10926 0
10926 0
10926 0
10926 0
10926 0
10926 0
10926 0
10926 2.57
10926 0
10926 0
10926 3.44
10926 0
10926 0
10926 0
10926 0
10926 0
10926 0
10929 0
10929 0
10929 0
10929 0
10929 0
10929 0
10929 0
10929 0
10929 0
10929 0
10929 0
10929 0.54
10929 0
10929 0
10929 0
10929 0
10929 0
10929 0
10929 0
10929 0
10929 0
10929 0.58
10929 0
10929 0
10929 1.25
10929 0
10929 0
10929 0
10929 0
10929 0
10929 0
10930 0
10930 0
10930 0
10930 0
10930 0
10930 0
10930 0
10930 0
10930 0
10930 0
10930 0
10930 0.68
10930 0
10930 0
10930 0
10930 0
10930 0
10930 0
10930 0
10930 0
10930 0
10930 0.75
10930 0
10930 0
10930 2.33
10930 0
10930 0
10930 0
10930 0
10930 0
10930 0
10935 0
10935 0
10935 0
10935 0
10935 0
10935 0
10935 0
10935 0
10935 0
10935 0
10935 0
10935 0.56
10935 0
10935 0
10935 0
10935 0
10935 0
10935 0
10935 0
10935 0
10935 0
10935 0.58
10935 0
10935 0
10935 14.76
10935 0
10935 0
10935 0
10935 0
10935 0
10935 0
10940 0
10940 0
10940 0
10940 0
10940 0
10940 0
10940 0
10940 0
10940 0
10940 0
10940 0
10940 0.73
10940 0
10940 0
10940 0
10940 0
10940 0
10940 0
10940 0
10940 0
10940 0
10940 0.75
10940 0
10940 0
10940 25.23
10940 0
10940 0
10940 0
10940 0
10940 0
10940 0
10942 0
10942 0
10942 0
10942 0
10942 0
10942 0
10942 0
10942 0
10942 0
10942 0
10942 0
10942 0.91
10942 0
10942 0
10942 0
10942 0
10942 0
10942 0
10942 0
10942 0
10942 0
10942 0.93
10942 0
10942 0
10942 12.62
10942 0
10942 0
10942 0
10942 0
10942 0
10942 0
10945 0
10945 0
10945 0
10945 0
10945 0
10945 0
10945 0
10945 0
10945 0
10945 0
10945 0
10945 0.73
10945 0
10945 0
10945 0
10945 0
10945 0
10945 0
10945 0
10945 0
10945 0
10945 0.75
10945 0
10945 0
10945 25.23
10945 0
10945 0
10945 0
10945 0
10945 0
10945 0
10953 0
10953 0
10953 0
10953 0
10953 0
10953 0
10953 0
10953 0
10953 0
10953 0
10953 0
10953 0.93
10953 0
10953 0
10953 0
10953 0
10953 0
10953 0
10953 0
10953 0
10953 0
10953 0.89
10953 0
10953 0
10953 57.54
10953 0
10953 0
10953 0
10953 0
10953 0
10953 0
10955 0
10955 0
10955 0
10955 0
10955 0
10955 0
10955 0
10955 0
10955 0
10955 0
10955 0
10955 1.01
10955 0
10955 0
10955 0
10955 0
10955 0
10955 0
10955 0
10955 0
10955 0
10955 2.42
10955 0
10955 0
10955 3.99
10955 0
10955 0
10955 0
10955 0
10955 0
10955 0
10959 0
10959 0
10959 0
10959 0
10959 0
10959 0
10959 0
10959 0
10959 0
10959 0
10959 0
10959 0.54
10959 0
10959 0
10959 0
10959 0
10959 0
10959 0
10959 0
10959 0
10959 0
10959 0.59
10959 0
10959 0
10959 2.12
10959 0
10959 0
10959 0
10959 0
10959 0
10959 0
10961 0
10961 0
10961 0
10961 0
10961 0
10961 0
10961 0
10961 0
10961 0
10961 0
10961 0
10961 0.93
10961 0
10961 0
10961 0
10961 0
10961 0
10961 0
10961 0
10961 0
10961 0
10961 0.96
10961 0
10961 0
10961 40.67
10961 0
10961 0
10961 0
10961 0
10961 0
10961 0
10962 0
10962 0
10962 0
10962 0
10962 0
10962 0
10962 0
10962 0
10962 0
10962 0
10962 0
10962 0.47
10962 0
10962 0
10962 0
10962 0
10962 0
10962 0
10962 0
10962 0
10962 0
10962 1.36
10962 0
10962 0
10962 2.43
10962 0
10962 0
10962 0
10962 0
10962 0
10962 0
10986 0
10986 0
10986 0
10986 0
10986 0
10986 0
10986 0
10986 0
10986 0
10986 0
10986 0
10986 0.58
10986 0
10986 0
10986 0
10986 0
10986 0
10986 0
10986 0
10986 0
10986 0
10986 0
10986 0
10986 0
10986 83.56
10986 0
10986 0
10986 0
10986 0
10986 0
10986 0
10993 0
10993 0
10993 0
10993 0
10993 0
10993 0
10993 0
10993 0
10993 0
10993 0
10993 0
10993 1.36
10993 0
10993 0
10993 0
10993 0
10993 0
10993 0
10993 0
10993 0
10993 0
10993 0.62
10993 0
10993 0
10993 2.59
10993 0
10993 0
10993 0
10993 0
10993 0
10993 0
10994 0
10994 0
10994 0
10994 0
10994 0
10994 0
10994 0
10994 0
10994 0
10994 0
10994 0
10994 1.46
10994 0
10994 0
10994 0
10994 0
10994 0
10994 0
10994 0
10994 0
10994 0
10994 1.66
10994 0
10994 0
10994 42.04
10994 0
10994 0
10994 0
10994 0
10994 0
10994 0
11001 0
11001 0
11001 0
11001 0
11001 0
11001 0
11001 0
11001 0
11001 0
11001 0
11001 0
11001 0.75
11001 0
11001 0
11001 0
11001 0
11001 0
11001 0
11001 0
11001 0
11001 0
11001 0
11001 0
11001 0
11001 64.28
11001 0
11001 0
11001 0
11001 0
11001 0
11001 0
11008 0
11008 0
11008 0
11008 0
11008 0
11008 0
11008 0
11008 0
11008 0
11008 0
11008 0
11008 0.65
11008 0
11008 0
11008 0
11008 0
11008 0
11008 0
11008 0
11008 0
11008 0
11008 0
11008 0
11008 0
11008 56.19
11008 0
11008 0
11008 0
11008 0
11008 0
11008 0
11010 0
11010 0
11010 0
11010 0
11010 0
11010 0
11010 0
11010 0
11010 0
11010 0
11010 0
11010 0.65
11010 0
11010 0
11010 0
11010 0
11010 0
11010 0
11010 0
11010 0
11010 0
11010 0
11010 0
11010 0
11010 56.19
11010 0
11010 0
11010 0
11010 0
11010 0
11010 0
