pt_graph shape
9439 0
9439 0
9439 0
9439 0
9439 0
9439 0
9439 0
9439 0
9439 0
9439 0
9439 1.55
9439 0
9439 0
9439 0
9439 38.37
9439 0
9439 0
9439 0
9439 0
9439 0
9439 0
9439 36.47
9439 0
9439 0
9439 50
9439 0
9439 0
9439 0
9439 0
9439 0
9439 0
9441 0
9441 0
9441 0
9441 0
9441 0
9441 0
9441 0
9441 0
9441 0
9441 0
9441 0.77
9441 0
9441 0
9441 0
9441 23.69
9441 0
9441 0
9441 0
9441 0
9441 0
9441 0
9441 0
9441 0
9441 0
9441 1.08
9441 0
9441 0
9441 0
9441 0
9441 0
9441 0
9445 0
9445 0
9445 0
9445 0
9445 0
9445 0
9445 0
9445 0
9445 0
9445 0
9445 0.93
9445 0
9445 0
9445 0
9445 32.98
9445 0
9445 0
9445 0
9445 0
9445 0
9445 0
9445 0
9445 0
9445 0
9445 1.06
9445 0
9445 0
9445 0
9445 0
9445 0
9445 0
9456 0
9456 0
9456 0
9456 0
9456 0
9456 0
9456 0
9456 0
9456 0
9456 0
9456 0.93
9456 0
9456 0
9456 0
9456 24.29
9456 0
9456 0
9456 0
9456 0
9456 0
9456 0
9456 2.28
9456 0
9456 0
9456 1
9456 0
9456 0
9456 0
9456 0
9456 0
9456 0
9496 0
9496 0
9496 0
9496 0
9496 0
9496 0
9496 0
9496 0
9496 0
9496 0
9496 1.63
9496 0
9496 0
9496 0
9496 0
9496 0
9496 0
9496 0
9496 0
9496 0
9496 0
9496 0
9496 0
9496 0
9496 2.71
9496 0
9496 0
9496 0
9496 0
9496 0
9496 0
9524 0
9524 0
9524 0
9524 0
9524 0
9524 0
9524 0
9524 0
9524 0
9524 0
9524 0.89
9524 0
9524 0
9524 0
9524 41.69
9524 0
9524 0
9524 0
9524 0
9524 0
9524 0
9524 1.12
9524 0
9524 0
9524 1.18
9524 0
9524 0
9524 0
9524 0
9524 0
9524 0
9526 0
9526 0
9526 0
9526 0
9526 0
9526 0
9526 0
9526 0
9526 0
9526 0
9526 1.56
9526 0
9526 0
9526 0
9526 33.42
9526 0
9526 0
9526 0
9526 0
9526 0
9526 0
9526 0
9526 0
9526 0
9526 26.51
9526 0
9526 0
9526 0
9526 0
9526 0
9526 0
9541 0
9541 0
9541 0
9541 0
9541 0
9541 0
9541 0
9541 0
9541 0
9541 0
9541 0.66
9541 0
9541 0
9541 0
9541 35.26
9541 0
9541 0
9541 0
9541 0
9541 0
9541 0
9541 0
9541 0
9541 0
9541 4.61
9541 0
9541 0
9541 0
9541 0
9541 0
9541 0
9579 0
9579 0
9579 0
9579 0
9579 0
9579 0
9579 0
9579 0
9579 0
9579 0
9579 1.55
9579 0
9579 0
9579 0
9579 0
9579 0
9579 0
9579 0
9579 0
9579 0
9579 0
9579 0
9579 0
9579 0
9579 33.55
9579 0
9579 0
9579 0
9579 0
9579 0
9579 0
9593 0
9593 0
9593 0
9593 0
9593 0
9593 0
9593 0
9593 0
9593 0
9593 0
9593 0.93
9593 0
9593 0
9593 0
9593 0
9593 0
9593 0
9593 0
9593 0
9593 0
9593 0
9593 0
9593 0
9593 0
9593 1.09
9593 0
9593 0
9593 0
9593 0
9593 0
9593 0
9609 0
9609 0
9609 0
9609 0
9609 0
9609 0
9609 0
9609 0
9609 0
9609 0
9609 1.55
9609 0
9609 0
9609 0
9609 38.37
9609 0
9609 0
9609 0
9609 0
9609 0
9609 0
9609 36.47
9609 0
9609 0
9609 50
9609 0
9609 0
9609 0
9609 0
9609 0
9609 0
9620 0
9620 0
9620 0
9620 0
9620 0
9620 0
9620 0
9620 0
9620 0
9620 0
9620 1.56
9620 0
9620 0
9620 0
9620 0
9620 0
9620 0
9620 0
9620 0
9620 0
9620 0
9620 0
9620 0
9620 0
9620 37.46
9620 0
9620 0
9620 0
9620 0
9620 0
9620 0
9641 0
9641 0
9641 0
9641 0
9641 0
9641 0
9641 0
9641 0
9641 0
9641 0
9641 0.63
9641 0
9641 0
9641 0
9641 1.25
9641 0
9641 0
9641 0
9641 0
9641 0
9641 0
9641 2.6
9641 0
9641 0
9641 3.7
9641 0
9641 0
9641 0
9641 0
9641 0
9641 0
9643 0
9643 0
9643 0
9643 0
9643 0
9643 0
9643 0
9643 0
9643 0
9643 0
9643 1.49
9643 0
9643 0
9643 0
9643 28.35
9643 0
9643 0
9643 0
9643 0
9643 0
9643 0
9643 2.6
9643 0
9643 0
9643 5.52
9643 0
9643 0
9643 0
9643 0
9643 0
9643 0
9644 0
9644 0
9644 0
9644 0
9644 0
9644 0
9644 0
9644 0
9644 0
9644 0
9644 0.64
9644 0
9644 0
9644 0
9644 33.6
9644 0
9644 0
9644 0
9644 0
9644 0
9644 0
9644 2.28
9644 0
9644 0
9644 8.97
9644 0
9644 0
9644 0
9644 0
9644 0
9644 0
9656 0
9656 0
9656 0
9656 0
9656 0
9656 0
9656 0
9656 0
9656 0
9656 0
9656 1.25
9656 0
9656 0
9656 0
9656 3.44
9656 0
9656 0
9656 0
9656 0
9656 0
9656 0
9656 0
9656 0
9656 0
9656 3.17
9656 0
9656 0
9656 0
9656 0
9656 0
9656 0
9676 0
9676 0
9676 0
9676 0
9676 0
9676 0
9676 0
9676 0
9676 0
9676 0
9676 1.57
9676 0
9676 0
9676 0
9676 31.02
9676 0
9676 0
9676 0
9676 0
9676 0
9676 0
9676 0
9676 0
9676 0
9676 30.39
9676 0
9676 0
9676 0
9676 0
9676 0
9676 0
9682 0
9682 0
9682 0
9682 0
9682 0
9682 0
9682 0
9682 0
9682 0
9682 0
9682 1.67
9682 0
9682 0
9682 0
9682 0
9682 0
9682 0
9682 0
9682 0
9682 0
9682 0
9682 0
9682 0
9682 0
9682 39.32
9682 0
9682 0
9682 0
9682 0
9682 0
9682 0
9693 0
9693 0
9693 0
9693 0
9693 0
9693 0
9693 0
9693 0
9693 0
9693 0
9693 1.55
9693 0
9693 0
9693 0
9693 38.37
9693 0
9693 0
9693 0
9693 0
9693 0
9693 0
9693 36.47
9693 0
9693 0
9693 50
9693 0
9693 0
9693 0
9693 0
9693 0
9693 0
9721 0
9721 0
9721 0
9721 0
9721 0
9721 0
9721 0
9721 0
9721 0
9721 0
9721 0.69
9721 0
9721 0
9721 0
9721 38.37
9721 0
9721 0
9721 0
9721 0
9721 0
9721 0
9721 0.9
9721 0
9721 0
9721 9.59
9721 0
9721 0
9721 35.79
9721 0
9721 0
9721 0
9723 0
9723 0
9723 0
9723 0
9723 0
9723 0
9723 0
9723 0
9723 0
9723 0
9723 0.95
9723 0
9723 0
9723 0
9723 32.98
9723 0
9723 0
9723 0
9723 0
9723 0
9723 0
9723 0
9723 0
9723 0
9723 38.33
9723 0
9723 0
9723 0
9723 0
9723 0
9723 0
9726 0
9726 0
9726 0
9726 0
9726 0
9726 0
9726 0
9726 0
9726 0
9726 0
9726 0.66
9726 0
9726 0
9726 0
9726 24.29
9726 0
9726 0
9726 0
9726 0
9726 0
9726 0
9726 2.28
9726 0
9726 0
9726 2.4
9726 0
9726 0
9726 0
9726 0
9726 0
9726 0
9737 0
9737 0
9737 0
9737 0
9737 0
9737 0
9737 0
9737 0
9737 0
9737 0
9737 1.58
9737 0
9737 0
9737 0
9737 0
9737 0
9737 0
9737 0
9737 0
9737 0
9737 0
9737 1.66
9737 0
9737 0
9737 40.35
9737 0
9737 0
9737 35.79
9737 0
9737 0
9737 0
9741 0
9741 0
9741 0
9741 0
9741 0
9741 0
9741 0
9741 0
9741 0
9741 0
9741 0.89
9741 0
9741 0
9741 0
9741 39.55
9741 0
9741 0
9741 0
9741 0
9741 0
9741 0
9741 0
9741 0
9741 0
9741 1.05
9741 0
9741 0
9741 0
9741 0
9741 0
9741 0
9748 0
9748 0
9748 0
9748 0
9748 0
9748 0
9748 0
9748 0
9748 0
9748 0
9748 1.63
9748 0
9748 0
9748 0
9748 0
9748 0
9748 0
9748 0
9748 0
9748 0
9748 0
9748 0
9748 0
9748 0
9748 2.71
9748 0
9748 0
9748 0
9748 0
9748 0
9748 0
9769 0
9769 0
9769 0
9769 0
9769 0
9769 0
9769 0
9769 0
9769 0
9769 0
9769 1.47
9769 0
9769 0
9769 0
9769 29.37
9769 0
9769 0
9769 0
9769 0
9769 0
9769 0
9769 1.58
9769 0
9769 0
9769 36.36
9769 0
9769 0
9769 47.07
9769 0
9769 0
9769 0
9799 0
9799 0
9799 0
9799 0
9799 0
9799 0
9799 0
9799 0
9799 0
9799 0
9799 1.49
9799 0
9799 0
9799 0
9799 28.35
9799 0
9799 0
9799 0
9799 0
9799 0
9799 0
9799 2.6
9799 0
9799 0
9799 5.52
9799 0
9799 0
9799 0
9799 0
9799 0
9799 0
9802 0
9802 0
9802 0
9802 0
9802 0
9802 0
9802 0
9802 0
9802 0
9802 0
9802 1.69
9802 0
9802 0
9802 0
9802 0
9802 0
9802 0
9802 0
9802 0
9802 0
9802 0
9802 0
9802 0
9802 0
9802 26.45
9802 0
9802 0
9802 0
9802 0
9802 0
9802 0
9806 0
9806 0
9806 0
9806 0
9806 0
9806 0
9806 0
9806 0
9806 0
9806 0
9806 0.94
9806 0
9806 0
9806 0
9806 32.98
9806 0
9806 0
9806 0
9806 0
9806 0
9806 0
9806 0
9806 0
9806 0
9806 48.12
9806 0
9806 0
9806 0
9806 0
9806 0
9806 0
9813 0
9813 0
9813 0
9813 0
9813 0
9813 0
9813 0
9813 0
9813 0
9813 0
9813 0.75
9813 0
9813 0
9813 0
9813 0.72
9813 0
9813 0
9813 0
9813 0
9813 0
9813 0
9813 0
9813 0
9813 0
9813 4.94
9813 0
9813 0
9813 28.03
9813 0
9813 0
9813 0
9818 0
9818 0
9818 0
9818 0
9818 0
9818 0
9818 0
9818 0
9818 0
9818 0
9818 2.29
9818 0
9818 0
9818 0
9818 0
9818 0
9818 0
9818 0
9818 0
9818 0
9818 0
9818 1.79
9818 0
9818 0
9818 40.84
9818 0
9818 0
9818 41.14
9818 0
9818 0
9818 0
9819 0
9819 0
9819 0
9819 0
9819 0
9819 0
9819 0
9819 0
9819 0
9819 0
9819 0.6
9819 0
9819 0
9819 0
9819 6.49
9819 0
9819 0
9819 0
9819 0
9819 0
9819 0
9819 0.76
9819 0
9819 0
9819 3.9
9819 0
9819 0
9819 41.14
9819 0
9819 0
9819 0
9835 0
9835 0
9835 0
9835 0
9835 0
9835 0
9835 0
9835 0
9835 0
9835 0
9835 0.77
9835 0
9835 0
9835 0
9835 30.86
9835 0
9835 0
9835 0
9835 0
9835 0
9835 0
9835 0
9835 0
9835 0
9835 1.32
9835 0
9835 0
9835 0
9835 0
9835 0
9835 0
9838 0
9838 0
9838 0
9838 0
9838 0
9838 0
9838 0
9838 0
9838 0
9838 0
9838 0.84
9838 0
9838 0
9838 0
9838 29.37
9838 0
9838 0
9838 0
9838 0
9838 0
9838 0
9838 0.95
9838 0
9838 0
9838 4.31
9838 0
9838 0
9838 6.53
9838 0
9838 0
9838 0
9844 0
9844 0
9844 0
9844 0
9844 0
9844 0
9844 0
9844 0
9844 0
9844 0
9844 0.59
9844 0
9844 0
9844 0
9844 1.06
9844 0
9844 0
9844 0
9844 0
9844 0
9844 0
9844 1.55
9844 0
9844 0
9844 3.42
9844 0
9844 0
9844 0
9844 0
9844 0
9844 0
9852 0
9852 0
9852 0
9852 0
9852 0
9852 0
9852 0
9852 0
9852 0
9852 0
9852 0.95
9852 0
9852 0
9852 0
9852 38.37
9852 0
9852 0
9852 0
9852 0
9852 0
9852 0
9852 36.47
9852 0
9852 0
9852 13.67
9852 0
9852 0
9852 0
9852 0
9852 0
9852 0
9855 0
9855 0
9855 0
9855 0
9855 0
9855 0
9855 0
9855 0
9855 0
9855 0
9855 0.77
9855 0
9855 0
9855 0
9855 0.68
9855 0
9855 0
9855 0
9855 0
9855 0
9855 0
9855 0
9855 0
9855 0
9855 1.05
9855 0
9855 0
9855 0
9855 0
9855 0
9855 0
9869 0
9869 0
9869 0
9869 0
9869 0
9869 0
9869 0
9869 0
9869 0
9869 0
9869 0.84
9869 0
9869 0
9869 0
9869 0
9869 0
9869 0
9869 0
9869 0
9869 0
9869 0
9869 0
9869 0
9869 0
9869 7.4
9869 0
9869 0
9869 0
9869 0
9869 0
9869 0
9874 0
9874 0
9874 0
9874 0
9874 0
9874 0
9874 0
9874 0
9874 0
9874 0
9874 0.91
9874 0
9874 0
9874 0
9874 9.83
9874 0
9874 0
9874 0
9874 0
9874 0
9874 0
9874 1.05
9874 0
9874 0
9874 1.03
9874 0
9874 0
9874 0
9874 0
9874 0
9874 0
9888 0
9888 0
9888 0
9888 0
9888 0
9888 0
9888 0
9888 0
9888 0
9888 0
9888 1.59
9888 0
9888 0
9888 0
9888 0
9888 0
9888 0
9888 0
9888 0
9888 0
9888 0
9888 1.55
9888 0
9888 0
9888 1.64
9888 0
9888 0
9888 0
9888 0
9888 0
9888 0
9896 0
9896 0
9896 0
9896 0
9896 0
9896 0
9896 0
9896 0
9896 0
9896 0
9896 0.67
9896 0
9896 0
9896 0
9896 0.49
9896 0
9896 0
9896 0
9896 0
9896 0
9896 0
9896 0
9896 0
9896 0
9896 6.98
9896 0
9896 0
9896 34.27
9896 0
9896 0
9896 0
9904 0
9904 0
9904 0
9904 0
9904 0
9904 0
9904 0
9904 0
9904 0
9904 0
9904 0.47
9904 0
9904 0
9904 0
9904 6.57
9904 0
9904 0
9904 0
9904 0
9904 0
9904 0
9904 5.9
9904 0
9904 0
9904 4.63
9904 0
9904 0
9904 15.64
9904 0
9904 0
9904 0
9914 0
9914 0
9914 0
9914 0
9914 0
9914 0
9914 0
9914 0
9914 0
9914 0
9914 0.94
9914 0
9914 0
9914 0
9914 33.64
9914 0
9914 0
9914 0
9914 0
9914 0
9914 0
9914 2.28
9914 0
9914 0
9914 0.9
9914 0
9914 0
9914 28.71
9914 0
9914 0
9914 0
9931 0
9931 0
9931 0
9931 0
9931 0
9931 0
9931 0
9931 0
9931 0
9931 0
9931 0.91
9931 0
9931 0
9931 0
9931 23.69
9931 0
9931 0
9931 0
9931 0
9931 0
9931 0
9931 0
9931 0
9931 0
9931 1.49
9931 0
9931 0
9931 28.03
9931 0
9931 0
9931 0
9950 0
9950 0
9950 0
9950 0
9950 0
9950 0
9950 0
9950 0
9950 0
9950 0
9950 0.68
9950 0
9950 0
9950 0
9950 1.3
9950 0
9950 0
9950 0
9950 0
9950 0
9950 0
9950 0
9950 0
9950 0
9950 4.36
9950 0
9950 0
9950 28.03
9950 0
9950 0
9950 0
9951 0
9951 0
9951 0
9951 0
9951 0
9951 0
9951 0
9951 0
9951 0
9951 0
9951 1.26
9951 0
9951 0
9951 0
9951 7.26
9951 0
9951 0
9951 0
9951 0
9951 0
9951 0
9951 0.55
9951 0
9951 0
9951 3.92
9951 0
9951 0
9951 37.86
9951 0
9951 0
9951 0
9971 0
9971 0
9971 0
9971 0
9971 0
9971 0
9971 0
9971 0
9971 0
9971 0
9971 0.83
9971 0
9971 0
9971 0
9971 26.5
9971 0
9971 0
9971 0
9971 0
9971 0
9971 0
9971 1.55
9971 0
9971 0
9971 0.95
9971 0
9971 0
9971 36.52
9971 0
9971 0
9971 0
9975 0
9975 0
9975 0
9975 0
9975 0
9975 0
9975 0
9975 0
9975 0
9975 0
9975 0.92
9975 0
9975 0
9975 0
9975 0
9975 0
9975 0
9975 0
9975 0
9975 0
9975 0
9975 1.55
9975 0
9975 0
9975 0.94
9975 0
9975 0
9975 32.99
9975 0
9975 0
9975 0
9986 0
9986 0
9986 0
9986 0
9986 0
9986 0
9986 0
9986 0
9986 0
9986 0
9986 0.93
9986 0
9986 0
9986 0
9986 0.9
9986 0
9986 0
9986 0
9986 0
9986 0
9986 0
9986 0
9986 0
9986 0
9986 1.24
9986 0
9986 0
9986 34.27
9986 0
9986 0
9986 0
9989 0
9989 0
9989 0
9989 0
9989 0
9989 0
9989 0
9989 0
9989 0
9989 0
9989 1.57
9989 0
9989 0
9989 0
9989 31.02
9989 0
9989 0
9989 0
9989 0
9989 0
9989 0
9989 0
9989 0
9989 0
9989 30.39
9989 0
9989 0
9989 0
9989 0
9989 0
9989 0
10029 0
10029 0
10029 0
10029 0
10029 0
10029 0
10029 0
10029 0
10029 0
10029 0
10029 1.58
10029 0
10029 0
10029 0
10029 0
10029 0
10029 0
10029 0
10029 0
10029 0
10029 0
10029 1.66
10029 0
10029 0
10029 40.35
10029 0
10029 0
10029 35.79
10029 0
10029 0
10029 0
10033 0
10033 0
10033 0
10033 0
10033 0
10033 0
10033 0
10033 0
10033 0
10033 0
10033 0.94
10033 0
10033 0
10033 0
10033 32.98
10033 0
10033 0
10033 0
10033 0
10033 0
10033 0
10033 1.55
10033 0
10033 0
10033 0.85
10033 0
10033 0
10033 0
10033 0
10033 0
10033 0
10040 0
10040 0
10040 0
10040 0
10040 0
10040 0
10040 0
10040 0
10040 0
10040 0
10040 1.56
10040 0
10040 0
10040 0
10040 0
10040 0
10040 0
10040 0
10040 0
10040 0
10040 0
10040 0
10040 0
10040 0
10040 37.46
10040 0
10040 0
10040 0
10040 0
10040 0
10040 0
10056 0
10056 0
10056 0
10056 0
10056 0
10056 0
10056 0
10056 0
10056 0
10056 0
10056 1.5
10056 0
10056 0
10056 0
10056 26.5
10056 0
10056 0
10056 0
10056 0
10056 0
10056 0
10056 0
10056 0
10056 0
10056 1.58
10056 0
10056 0
10056 36.52
10056 0
10056 0
10056 0
10058 0
10058 0
10058 0
10058 0
10058 0
10058 0
10058 0
10058 0
10058 0
10058 0
10058 0.67
10058 0
10058 0
10058 0
10058 1.48
10058 0
10058 0
10058 0
10058 0
10058 0
10058 0
10058 0
10058 0
10058 0
10058 2.98
10058 0
10058 0
10058 0
10058 0
10058 0
10058 0
10060 0
10060 0
10060 0
10060 0
10060 0
10060 0
10060 0
10060 0
10060 0
10060 0
10060 0.47
10060 0
10060 0
10060 0
10060 0.5
10060 0
10060 0
10060 0
10060 0
10060 0
10060 0
10060 1.55
10060 0
10060 0
10060 3.51
10060 0
10060 0
10060 34.27
10060 0
10060 0
10060 0
10062 0
10062 0
10062 0
10062 0
10062 0
10062 0
10062 0
10062 0
10062 0
10062 0
10062 1.49
10062 0
10062 0
10062 0
10062 0
10062 0
10062 0
10062 0
10062 0
10062 0
10062 0
10062 1.63
10062 0
10062 0
10062 1.64
10062 0
10062 0
10062 38.19
10062 0
10062 0
10062 0
10093 0
10093 0
10093 0
10093 0
10093 0
10093 0
10093 0
10093 0
10093 0
10093 0
10093 0.81
10093 0
10093 0
10093 0
10093 0
10093 0
10093 0
10093 0
10093 0
10093 0
10093 0
10093 0.95
10093 0
10093 0
10093 0.97
10093 0
10093 0
10093 32.99
10093 0
10093 0
10093 0
10102 0
10102 0
10102 0
10102 0
10102 0
10102 0
10102 0
10102 0
10102 0
10102 0
10102 0.8
10102 0
10102 0
10102 0
10102 0.91
10102 0
10102 0
10102 0
10102 0
10102 0
10102 0
10102 0
10102 0
10102 0
10102 13.49
10102 0
10102 0
10102 15.62
10102 0
10102 0
10102 0
10116 0
10116 0
10116 0
10116 0
10116 0
10116 0
10116 0
10116 0
10116 0
10116 0
10116 0.72
10116 0
10116 0
10116 0
10116 33.64
10116 0
10116 0
10116 0
10116 0
10116 0
10116 0
10116 0.87
10116 0
10116 0
10116 0.73
10116 0
10116 0
10116 42.55
10116 0
10116 0
10116 0
10119 0
10119 0
10119 0
10119 0
10119 0
10119 0
10119 0
10119 0
10119 0
10119 0
10119 0.77
10119 0
10119 0
10119 0
10119 0.75
10119 0
10119 0
10119 0
10119 0
10119 0
10119 0
10119 1.57
10119 0
10119 0
10119 1.06
10119 0
10119 0
10119 12.08
10119 0
10119 0
10119 0
10142 0
10142 0
10142 0
10142 0
10142 0
10142 0
10142 0
10142 0
10142 0
10142 0
10142 0.5
10142 0
10142 0
10142 0
10142 38.66
10142 0
10142 0
10142 0
10142 0
10142 0
10142 0
10142 0.63
10142 0
10142 0
10142 15.6
10142 0
10142 0
10142 9.25
10142 0
10142 0
10142 0
10151 0
10151 0
10151 0
10151 0
10151 0
10151 0
10151 0
10151 0
10151 0
10151 0
10151 0.81
10151 0
10151 0
10151 0
10151 29.37
10151 0
10151 0
10151 0
10151 0
10151 0
10151 0
10151 0.94
10151 0
10151 0
10151 0.87
10151 0
10151 0
10151 47.07
10151 0
10151 0
10151 0
10164 0
10164 0
10164 0
10164 0
10164 0
10164 0
10164 0
10164 0
10164 0
10164 0
10164 0.89
10164 0
10164 0
10164 0
10164 0.57
10164 0
10164 0
10164 0
10164 0
10164 0
10164 0
10164 0
10164 0
10164 0
10164 11.18
10164 0
10164 0
10164 34.27
10164 0
10164 0
10164 0
10167 0
10167 0
10167 0
10167 0
10167 0
10167 0
10167 0
10167 0
10167 0
10167 0
10167 1.69
10167 0
10167 0
10167 0
10167 36.96
10167 0
10167 0
10167 0
10167 0
10167 0
10167 0
10167 0
10167 0
10167 0
10167 1.87
10167 0
10167 0
10167 0
10167 0
10167 0
10167 0
10170 0
10170 0
10170 0
10170 0
10170 0
10170 0
10170 0
10170 0
10170 0
10170 0
10170 0.97
10170 0
10170 0
10170 0
10170 0
10170 0
10170 0
10170 0
10170 0
10170 0
10170 0
10170 1.69
10170 0
10170 0
10170 27.85
10170 0
10170 0
10170 36.52
10170 0
10170 0
10170 0
10174 0
10174 0
10174 0
10174 0
10174 0
10174 0
10174 0
10174 0
10174 0
10174 0
10174 0.64
10174 0
10174 0
10174 0
10174 9.79
10174 0
10174 0
10174 0
10174 0
10174 0
10174 0
10174 0.66
10174 0
10174 0
10174 9.27
10174 0
10174 0
10174 38.53
10174 0
10174 0
10174 0
10182 0
10182 0
10182 0
10182 0
10182 0
10182 0
10182 0
10182 0
10182 0
10182 0
10182 0.74
10182 0
10182 0
10182 0
10182 43.92
10182 0
10182 0
10182 0
10182 0
10182 0
10182 0
10182 1.63
10182 0
10182 0
10182 0.72
10182 0
10182 0
10182 34.61
10182 0
10182 0
10182 0
10208 0
10208 0
10208 0
10208 0
10208 0
10208 0
10208 0
10208 0
10208 0
10208 0
10208 1.47
10208 0
10208 0
10208 0
10208 27.39
10208 0
10208 0
10208 0
10208 0
10208 0
10208 0
10208 0
10208 0
10208 0
10208 1.57
10208 0
10208 0
10208 28.71
10208 0
10208 0
10208 0
10217 0
10217 0
10217 0
10217 0
10217 0
10217 0
10217 0
10217 0
10217 0
10217 0
10217 1.48
10217 0
10217 0
10217 0
10217 26.37
10217 0
10217 0
10217 0
10217 0
10217 0
10217 0
10217 0
10217 0
10217 0
10217 1.68
10217 0
10217 0
10217 40.93
10217 0
10217 0
10217 0
10218 0
10218 0
10218 0
10218 0
10218 0
10218 0
10218 0
10218 0
10218 0
10218 0
10218 1.08
10218 0
10218 0
10218 0
10218 0
10218 0
10218 0
10218 0
10218 0
10218 0
10218 0
10218 0.97
10218 0
10218 0
10218 44.07
10218 0
10218 0
10218 13.18
10218 0
10218 0
10218 0
10232 0
10232 0
10232 0
10232 0
10232 0
10232 0
10232 0
10232 0
10232 0
10232 0
10232 0.64
10232 0
10232 0
10232 0
10232 41.07
10232 0
10232 0
10232 0
10232 0
10232 0
10232 0
10232 0.93
10232 0
10232 0
10232 2.78
10232 0
10232 0
10232 38.53
10232 0
10232 0
10232 0
10242 0
10242 0
10242 0
10242 0
10242 0
10242 0
10242 0
10242 0
10242 0
10242 0
10242 0.65
10242 0
10242 0
10242 0
10242 36.96
10242 0
10242 0
10242 0
10242 0
10242 0
10242 0
10242 0.74
10242 0
10242 0
10242 19.24
10242 0
10242 0
10242 71.59
10242 0
10242 0
10242 0
10260 0
10260 0
10260 0
10260 0
10260 0
10260 0
10260 0
10260 0
10260 0
10260 0
10260 1.48
10260 0
10260 0
10260 0
10260 45.78
10260 0
10260 0
10260 0
10260 0
10260 0
10260 0
10260 0
10260 0
10260 0
10260 1.67
10260 0
10260 0
10260 32.74
10260 0
10260 0
10260 0
10266 0
10266 0
10266 0
10266 0
10266 0
10266 0
10266 0
10266 0
10266 0
10266 0
10266 0.65
10266 0
10266 0
10266 0
10266 0
10266 0
10266 0
10266 0
10266 0
10266 0
10266 0
10266 1.56
10266 0
10266 0
10266 2.59
10266 0
10266 0
10266 35.03
10266 0
10266 0
10266 0
10276 0
10276 0
10276 0
10276 0
10276 0
10276 0
10276 0
10276 0
10276 0
10276 0
10276 0.93
10276 0
10276 0
10276 0
10276 55.85
10276 0
10276 0
10276 0
10276 0
10276 0
10276 0
10276 0.95
10276 0
10276 0
10276 1.07
10276 0
10276 0
10276 53.8
10276 0
10276 0
10276 0
10307 0
10307 0
10307 0
10307 0
10307 0
10307 0
10307 0
10307 0
10307 0
10307 0
10307 0.75
10307 0
10307 0
10307 0
10307 0
10307 0
10307 0
10307 0
10307 0
10307 0
10307 0
10307 0.95
10307 0
10307 0
10307 0.9
10307 0
10307 0
10307 35.03
10307 0
10307 0
10307 0
10309 0
10309 0
10309 0
10309 0
10309 0
10309 0
10309 0
10309 0
10309 0
10309 0
10309 0.47
10309 0
10309 0
10309 0
10309 0.55
10309 0
10309 0
10309 0
10309 0
10309 0
10309 0
10309 0.59
10309 0
10309 0
10309 3.69
10309 0
10309 0
10309 11.21
10309 0
10309 0
10309 0
10311 0
10311 0
10311 0
10311 0
10311 0
10311 0
10311 0
10311 0
10311 0
10311 0
10311 0.92
10311 0
10311 0
10311 0
10311 49.48
10311 0
10311 0
10311 0
10311 0
10311 0
10311 0
10311 0.93
10311 0
10311 0
10311 1.02
10311 0
10311 0
10311 38.53
10311 0
10311 0
10311 0
10313 0
10313 0
10313 0
10313 0
10313 0
10313 0
10313 0
10313 0
10313 0
10313 0
10313 1.67
10313 0
10313 0
10313 0
10313 0
10313 0
10313 0
10313 0
10313 0
10313 0
10313 0
10313 0
10313 0
10313 0
10313 39.32
10313 0
10313 0
10313 0
10313 0
10313 0
10313 0
10321 0
10321 0
10321 0
10321 0
10321 0
10321 0
10321 0
10321 0
10321 0
10321 0
10321 0.94
10321 0
10321 0
10321 0
10321 0
10321 0
10321 0
10321 0
10321 0
10321 0
10321 0
10321 0.94
10321 0
10321 0
10321 0.97
10321 0
10321 0
10321 45.42
10321 0
10321 0
10321 0
10349 0
10349 0
10349 0
10349 0
10349 0
10349 0
10349 0
10349 0
10349 0
10349 0
10349 1.55
10349 0
10349 0
10349 0
10349 32.98
10349 0
10349 0
10349 0
10349 0
10349 0
10349 0
10349 0
10349 0
10349 0
10349 40.84
10349 0
10349 0
10349 0
10349 0
10349 0
10349 0
10492 0
10492 0
10492 0
10492 0
10492 0
10492 0
10492 0
10492 0
10492 0
10492 0
10492 0.61
10492 0
10492 0
10492 0
10492 0.83
10492 0
10492 0
10492 0
10492 0
10492 0
10492 0
10492 1.06
10492 0
10492 0
10492 3.54
10492 0
10492 0
10492 0
10492 0
10492 0
10492 0
10594 0
10594 0
10594 0
10594 0
10594 0
10594 0
10594 0
10594 0
10594 0
10594 0
10594 1.68
10594 0
10594 0
10594 0
10594 0
10594 0
10594 0
10594 0
10594 0
10594 0
10594 0
10594 0
10594 0
10594 0
10594 38.67
10594 0
10594 0
10594 40.13
10594 0
10594 0
10594 0
10615 0
10615 0
10615 0
10615 0
10615 0
10615 0
10615 0
10615 0
10615 0
10615 0
10615 1.68
10615 0
10615 0
10615 0
10615 0
10615 0
10615 0
10615 0
10615 0
10615 0
10615 0
10615 0
10615 0
10615 0
10615 38.67
10615 0
10615 0
10615 40.13
10615 0
10615 0
10615 0
10622 0
10622 0
10622 0
10622 0
10622 0
10622 0
10622 0
10622 0
10622 0
10622 0
10622 0.94
10622 0
10622 0
10622 0
10622 0
10622 0
10622 0
10622 0
10622 0
10622 0
10622 0
10622 0
10622 0
10622 0
10622 57.62
10622 0
10622 0
10622 40.13
10622 0
10622 0
10622 0
10629 0
10629 0
10629 0
10629 0
10629 0
10629 0
10629 0
10629 0
10629 0
10629 0
10629 1.66
10629 0
10629 0
10629 0
10629 0
10629 0
10629 0
10629 0
10629 0
10629 0
10629 0
10629 0
10629 0
10629 0
10629 38.67
10629 0
10629 0
10629 0
10629 0
10629 0
10629 0
10631 0
10631 0
10631 0
10631 0
10631 0
10631 0
10631 0
10631 0
10631 0
10631 0
10631 0.94
10631 0
10631 0
10631 0
10631 0
10631 0
10631 0
10631 0
10631 0
10631 0
10631 0
10631 0
10631 0
10631 0
10631 57.62
10631 0
10631 0
10631 40.13
10631 0
10631 0
10631 0
10699 0
10699 0
10699 0
10699 0
10699 0
10699 0
10699 0
10699 0
10699 0
10699 0
10699 1.66
10699 0
10699 0
10699 0
10699 0
10699 0
10699 0
10699 0
10699 0
10699 0
10699 0
10699 0
10699 0
10699 0
10699 38.67
10699 0
10699 0
10699 0
10699 0
10699 0
10699 0
10701 0
10701 0
10701 0
10701 0
10701 0
10701 0
10701 0
10701 0
10701 0
10701 0
10701 1.66
10701 0
10701 0
10701 0
10701 0
10701 0
10701 0
10701 0
10701 0
10701 0
10701 0
10701 0
10701 0
10701 0
10701 38.67
10701 0
10701 0
10701 0
10701 0
10701 0
10701 0
10736 0
10736 0
10736 0
10736 0
10736 0
10736 0
10736 0
10736 0
10736 0
10736 0
10736 1.66
10736 0
10736 0
10736 0
10736 0
10736 0
10736 0
10736 0
10736 0
10736 0
10736 0
10736 0
10736 0
10736 0
10736 38.67
10736 0
10736 0
10736 0
10736 0
10736 0
10736 0
10745 0
10745 0
10745 0
10745 0
10745 0
10745 0
10745 0
10745 0
10745 0
10745 0
10745 1.68
10745 0
10745 0
10745 0
10745 0
10745 0
10745 0
10745 0
10745 0
10745 0
10745 0
10745 0
10745 0
10745 0
10745 38.67
10745 0
10745 0
10745 40.13
10745 0
10745 0
10745 0
10778 0
10778 0
10778 0
10778 0
10778 0
10778 0
10778 0
10778 0
10778 0
10778 0
10778 1.68
10778 0
10778 0
10778 0
10778 0
10778 0
10778 0
10778 0
10778 0
10778 0
10778 0
10778 0
10778 0
10778 0
10778 38.67
10778 0
10778 0
10778 40.13
10778 0
10778 0
10778 0
10813 0
10813 0
10813 0
10813 0
10813 0
10813 0
10813 0
10813 0
10813 0
10813 0
10813 1.68
10813 0
10813 0
10813 0
10813 0
10813 0
10813 0
10813 0
10813 0
10813 0
10813 0
10813 0
10813 0
10813 0
10813 38.67
10813 0
10813 0
10813 40.13
10813 0
10813 0
10813 0
10861 0
10861 0
10861 0
10861 0
10861 0
10861 0
10861 0
10861 0
10861 0
10861 0
10861 1.66
10861 0
10861 0
10861 0
10861 0
10861 0
10861 0
10861 0
10861 0
10861 0
10861 0
10861 0
10861 0
10861 0
10861 38.67
10861 0
10861 0
10861 0
10861 0
10861 0
10861 0
