pt_graph LE_MET_level6
2013 8
2078 8
1898 8
8714 8
9070 8
8910 8
8969 8
9087 8
9191 8
9614 8
9802 8
9888 8
9723 8
9641 8
9855 8
9813 8
9559 8
9656 8
10492 8
9541 8
9524 8
9403 8
9593 8
9439 8
9239 8
9100 8
9057 8
9274 8
9295 8
9142 8
9032 8
8927 8
9265 8
9207 8
9386 8
9373 8
9441 8
9682 8
9806 8
9609 8
7021 8
7831 8
7759 8
7711 8
7785 8
7775 8
7678 8
7748 8
7144 8
7817 8
7837 8
7721 8
7741 8
7664 8
7287 8
8533 8
8631 8
8575 8
8518 8
8655 8
8708 8
8645 8
3004 8
2770 8
2332 8
2113 8
2211 8
1493 8
1823 8
1594 8
1380 8
1209 8
1403 8
1642 8
2294 8
2337 8
2089 8
1863 8
