pt_graph cpue_kghour
471 0
471 0
471 0
471 0
471 0
471 0
471 0
471 0
471 15
471 0
471 0
471 0
471 2
471 0
471 0
471 0
471 0
471 0
471 0
471 0
471 29
471 0
471 0
471 60
471 0
471 4
471 0
471 0
471 0
471 0
471 0
486 0
486 0
486 0
486 0
486 0
486 0
486 0
486 0
486 5
486 0
486 0
486 0
486 1
486 0
486 0
486 0
486 0
486 0
486 0
486 0
486 35
486 0
486 0
486 46
486 0
486 4
486 0
486 0
486 0
486 0
486 0
494 0
494 0
494 0
494 0
494 0
494 0
494 0
494 0
494 0
494 0
494 0
494 0
494 0
494 0
494 0
494 0
494 0
494 0
494 0
494 0
494 6
494 0
494 0
494 6
494 0
494 1
494 0
494 0
494 0
494 0
494 0
523 0
523 0
523 0
523 0
523 0
523 0
523 0
523 0
523 4
523 0
523 0
523 0
523 1
523 0
523 0
523 0
523 0
523 0
523 0
523 0
523 21
523 0
523 0
523 28
523 0
523 2
523 0
523 0
523 0
523 0
523 0
527 0
527 0
527 0
527 0
527 0
527 0
527 0
527 0
527 11
527 0
527 0
527 0
527 2
527 0
527 0
527 0
527 0
527 0
527 0
527 0
527 51
527 0
527 0
527 70
527 0
527 6
527 0
527 0
527 0
527 0
527 0
548 0
548 0
548 0
548 0
548 0
548 0
548 0
548 0
548 6
548 0
548 0
548 0
548 1
548 0
548 0
548 0
548 0
548 0
548 0
548 0
548 30
548 0
548 0
548 41
548 0
548 2
548 0
548 0
548 0
548 0
548 0
551 0
551 0
551 0
551 0
551 0
551 0
551 0
551 0
551 0
551 0
551 0
551 0
551 0
551 0
551 0
551 0
551 0
551 0
551 0
551 0
551 6
551 0
551 0
551 6
551 0
551 1
551 0
551 0
551 0
551 0
551 0
576 0
576 0
576 0
576 0
576 0
576 0
576 0
576 0
576 9
576 0
576 0
576 0
576 0
576 0
576 0
576 0
576 0
576 0
576 0
576 0
576 21
576 0
576 0
576 30
576 0
576 3
576 0
576 0
576 0
576 0
576 0
596 0
596 0
596 0
596 0
596 0
596 0
596 0
596 0
596 9
596 0
596 0
596 0
596 0
596 0
596 0
596 0
596 0
596 0
596 0
596 0
596 21
596 0
596 0
596 30
596 0
596 3
596 0
596 0
596 0
596 0
596 0
609 0
609 0
609 0
609 0
609 0
609 0
609 0
609 0
609 1
609 0
609 0
609 0
609 0
609 0
609 0
609 0
609 0
609 0
609 0
609 0
609 10
609 0
609 0
609 25
609 0
609 3
609 0
609 0
609 0
609 0
609 0
652 0
652 0
652 0
652 0
652 0
652 0
652 0
652 0
652 1
652 0
652 0
652 0
652 0
652 0
652 0
652 0
652 0
652 0
652 0
652 0
652 10
652 0
652 0
652 25
652 0
652 3
652 0
652 0
652 0
652 0
652 0
656 0
656 0
656 0
656 0
656 0
656 0
656 0
656 0
656 1
656 0
656 0
656 0
656 0
656 0
656 0
656 0
656 0
656 0
656 0
656 0
656 10
656 0
656 0
656 25
656 0
656 3
656 0
656 0
656 0
656 0
656 0
743 0
743 0
743 0
743 0
743 0
743 0
743 0
743 0
743 1
743 0
743 0
743 0
743 0
743 0
743 0
743 0
743 0
743 0
743 0
743 0
743 10
743 0
743 0
743 25
743 0
743 3
743 0
743 0
743 0
743 0
743 0
747 0
747 53
747 0
747 0
747 0
747 0
747 0
747 0
747 5
747 0
747 0
747 0
747 0
747 0
747 0
747 0
747 0
747 0
747 0
747 0
747 0
747 0
747 0
747 4
747 0
747 0
747 0
747 0
747 0
747 0
747 0
853 0
853 21
853 0
853 0
853 0
853 0
853 0
853 0
853 81
853 0
853 0
853 0
853 5
853 0
853 0
853 0
853 0
853 0
853 0
853 0
853 4
853 0
853 0
853 40
853 0
853 8
853 0
853 0
853 0
853 0
853 0
857 0
857 16
857 0
857 0
857 0
857 0
857 0
857 0
857 25
857 0
857 0
857 0
857 49
857 1
857 0
857 0
857 0
857 0
857 0
857 0
857 1
857 0
857 0
857 1
857 0
857 1
857 0
857 0
857 0
857 0
857 0
859 0
859 49
859 0
859 0
859 0
859 0
859 0
859 0
859 6
859 0
859 0
859 0
859 6
859 1
859 0
859 0
859 0
859 0
859 0
859 0
859 0
859 0
859 0
859 2
859 0
859 0
859 0
859 0
859 0
859 0
859 0
973 0
973 34
973 0
973 0
973 0
973 0
973 0
973 0
973 7
973 0
973 0
973 0
973 9
973 1
973 0
973 0
973 0
973 0
973 0
973 0
973 0
973 0
973 0
973 2
973 0
973 1
973 0
973 0
973 0
973 0
973 0
1087 0
1087 37
1087 0
1087 0
1087 0
1087 0
1087 0
1087 0
1087 21
1087 0
1087 0
1087 0
1087 3
1087 0
1087 0
1087 0
1087 0
1087 0
1087 0
1087 0
1087 1
1087 0
1087 0
1087 8
1087 0
1087 3
1087 0
1087 0
1087 0
1087 0
1087 0
1091 0
1091 53
1091 0
1091 0
1091 0
1091 0
1091 0
1091 0
1091 6
1091 0
1091 0
1091 0
1091 3
1091 1
1091 0
1091 0
1091 0
1091 0
1091 0
1091 0
1091 0
1091 0
1091 0
1091 1
1091 0
1091 0
1091 0
1091 0
1091 0
1091 0
1091 0
1093 0
1093 31
1093 0
1093 0
1093 0
1093 0
1093 0
1093 0
1093 8
1093 0
1093 0
1093 0
1093 7
1093 1
1093 0
1093 0
1093 0
1093 0
1093 0
1093 0
1093 0
1093 0
1093 0
1093 1
1093 0
1093 0
1093 0
1093 0
1093 0
1093 0
1093 0
1408 0
1408 29
1408 0
1408 0
1408 0
1408 0
1408 0
1408 0
1408 52
1408 0
1408 0
1408 0
1408 4
1408 0
1408 0
1408 0
1408 0
1408 0
1408 0
1408 0
1408 1
1408 0
1408 0
1408 16
1408 0
1408 1
1408 0
1408 0
1408 0
1408 0
1408 0
1416 0
1416 28
1416 0
1416 0
1416 0
1416 0
1416 0
1416 0
1416 11
1416 0
1416 0
1416 0
1416 5
1416 0
1416 0
1416 0
1416 0
1416 0
1416 0
1416 0
1416 0
1416 0
1416 0
1416 1
1416 0
1416 0
1416 0
1416 0
1416 0
1416 0
1416 0
1703 0
1703 47
1703 0
1703 0
1703 0
1703 0
1703 0
1703 0
1703 0
1703 29
1703 0
1703 0
1703 0
1703 0
1703 0
1703 0
1703 0
1703 0
1703 0
1703 0
1703 1
1703 0
1703 0
1703 20
1703 0
1703 3
1703 0
1703 0
1703 0
1703 0
1703 0
1763 0
1763 0
1763 0
1763 0
1763 0
1763 0
1763 0
1763 0
1763 0
1763 481
1763 0
1763 0
1763 0
1763 0
1763 0
1763 0
1763 0
1763 0
1763 0
1763 0
1763 12
1763 0
1763 0
1763 212
1763 0
1763 8
1763 0
1763 0
1763 0
1763 0
1763 0
1851 0
1851 0
1851 0
1851 0
1851 0
1851 0
1851 0
1851 0
1851 28
1851 0
1851 0
1851 0
1851 143
1851 0
1851 0
1851 0
1851 0
1851 0
1851 0
1851 0
1851 0
1851 0
1851 0
1851 1
1851 0
1851 0
1851 0
1851 0
1851 0
1851 0
1851 0
1853 0
1853 34
1853 0
1853 0
1853 0
1853 0
1853 0
1853 0
1853 4
1853 0
1853 0
1853 0
1853 1
1853 1
1853 0
1853 0
1853 0
1853 0
1853 0
1853 0
1853 1
1853 0
1853 0
1853 2
1853 0
1853 0
1853 0
1853 0
1853 0
1853 0
1853 0
1857 0
1857 33
1857 0
1857 0
1857 0
1857 0
1857 0
1857 0
1857 5
1857 0
1857 0
1857 0
1857 1
1857 1
1857 0
1857 0
1857 0
1857 0
1857 0
1857 0
1857 1
1857 0
1857 0
1857 3
1857 0
1857 0
1857 0
1857 0
1857 0
1857 0
1857 0
1859 0
1859 5
1859 0
1859 0
1859 0
1859 0
1859 0
1859 0
1859 202
1859 0
1859 0
1859 0
1859 1
1859 0
1859 0
1859 0
1859 0
1859 0
1859 0
1859 0
1859 5
1859 0
1859 0
1859 93
1859 0
1859 4
1859 0
1859 0
1859 0
1859 0
1859 0
1860 0
1860 35
1860 0
1860 0
1860 0
1860 0
1860 0
1860 0
1860 28
1860 0
1860 0
1860 0
1860 32
1860 0
1860 0
1860 0
1860 0
1860 0
1860 0
1860 0
1860 0
1860 0
1860 0
1860 2
1860 0
1860 1
1860 0
1860 0
1860 0
1860 0
1860 0
1866 0
1866 8
1866 0
1866 0
1866 0
1866 0
1866 0
1866 0
1866 0
1866 14
1866 0
1866 0
1866 0
1866 0
1866 0
1866 0
1866 0
1866 0
1866 0
1866 0
1866 0
1866 0
1866 0
1866 1
1866 0
1866 1
1866 0
1866 0
1866 0
1866 0
1866 0
2537 0
2537 3
2537 0
2537 0
2537 0
2537 0
2537 0
2537 0
2537 25
2537 0
2537 0
2537 0
2537 62
2537 0
2537 0
2537 0
2537 0
2537 0
2537 0
2537 0
2537 0
2537 0
2537 0
2537 1
2537 0
2537 0
2537 0
2537 0
2537 0
2537 0
2537 0
2540 0
2540 47
2540 0
2540 0
2540 0
2540 0
2540 0
2540 0
2540 6
2540 0
2540 0
2540 0
2540 0
2540 1
2540 0
2540 0
2540 0
2540 0
2540 0
2540 0
2540 1
2540 0
2540 0
2540 3
2540 0
2540 0
2540 0
2540 0
2540 0
2540 0
2540 0
2545 0
2545 45
2545 0
2545 0
2545 0
2545 0
2545 0
2545 0
2545 4
2545 0
2545 0
2545 0
2545 0
2545 1
2545 0
2545 0
2545 0
2545 0
2545 0
2545 0
2545 1
2545 0
2545 0
2545 2
2545 0
2545 0
2545 0
2545 0
2545 0
2545 0
2545 0
3113 0
3113 7
3113 0
3113 0
3113 0
3113 0
3113 0
3113 0
3113 0
3113 6
3113 0
3113 0
3113 0
3113 0
3113 0
3113 0
3113 0
3113 0
3113 0
3113 0
3113 0
3113 0
3113 0
3113 2
3113 0
3113 0
3113 0
3113 0
3113 0
3113 0
3113 0
3204 0
3204 7
3204 0
3204 0
3204 0
3204 0
3204 0
3204 0
3204 0
3204 6
3204 0
3204 0
3204 0
3204 0
3204 0
3204 0
3204 0
3204 0
3204 0
3204 0
3204 0
3204 0
3204 0
3204 2
3204 0
3204 0
3204 0
3204 0
3204 0
3204 0
3204 0
3230 0
3230 0
3230 0
3230 0
3230 0
3230 0
3230 0
3230 0
3230 9
3230 0
3230 0
3230 0
3230 0
3230 0
3230 0
3230 0
3230 0
3230 0
3230 0
3230 0
3230 0
3230 0
3230 0
3230 5
3230 0
3230 0
3230 0
3230 0
3230 0
3230 0
3230 0
3368 0
3368 7
3368 0
3368 0
3368 0
3368 0
3368 0
3368 0
3368 0
3368 6
3368 0
3368 0
3368 0
3368 0
3368 0
3368 0
3368 0
3368 0
3368 0
3368 0
3368 0
3368 0
3368 0
3368 2
3368 0
3368 0
3368 0
3368 0
3368 0
3368 0
3368 0
3502 0
3502 7
3502 0
3502 0
3502 0
3502 0
3502 0
3502 0
3502 0
3502 6
3502 0
3502 0
3502 0
3502 0
3502 0
3502 0
3502 0
3502 0
3502 0
3502 0
3502 0
3502 0
3502 0
3502 2
3502 0
3502 0
3502 0
3502 0
3502 0
3502 0
3502 0
3653 0
3653 7
3653 0
3653 0
3653 0
3653 0
3653 0
3653 0
3653 0
3653 6
3653 0
3653 0
3653 0
3653 0
3653 0
3653 0
3653 0
3653 0
3653 0
3653 0
3653 0
3653 0
3653 0
3653 2
3653 0
3653 0
3653 0
3653 0
3653 0
3653 0
3653 0
3736 0
3736 7
3736 0
3736 0
3736 0
3736 0
3736 0
3736 0
3736 0
3736 6
3736 0
3736 0
3736 0
3736 0
3736 0
3736 0
3736 0
3736 0
3736 0
3736 0
3736 0
3736 0
3736 0
3736 2
3736 0
3736 0
3736 0
3736 0
3736 0
3736 0
3736 0
3852 0
3852 0
3852 0
3852 0
3852 0
3852 0
3852 0
3852 0
3852 9
3852 0
3852 0
3852 0
3852 0
3852 0
3852 0
3852 0
3852 0
3852 0
3852 0
3852 0
3852 0
3852 0
3852 0
3852 5
3852 0
3852 0
3852 0
3852 0
3852 0
3852 0
3852 0
3853 0
3853 0
3853 0
3853 0
3853 0
3853 0
3853 0
3853 0
3853 9
3853 0
3853 0
3853 0
3853 0
3853 0
3853 0
3853 0
3853 0
3853 0
3853 0
3853 0
3853 0
3853 0
3853 0
3853 5
3853 0
3853 0
3853 0
3853 0
3853 0
3853 0
3853 0
3972 0
3972 7
3972 0
3972 0
3972 0
3972 0
3972 0
3972 0
3972 0
3972 6
3972 0
3972 0
3972 0
3972 0
3972 0
3972 0
3972 0
3972 0
3972 0
3972 0
3972 0
3972 0
3972 0
3972 2
3972 0
3972 0
3972 0
3972 0
3972 0
3972 0
3972 0
4114 0
4114 7
4114 0
4114 0
4114 0
4114 0
4114 0
4114 0
4114 0
4114 6
4114 0
4114 0
4114 0
4114 0
4114 0
4114 0
4114 0
4114 0
4114 0
4114 0
4114 0
4114 0
4114 0
4114 2
4114 0
4114 0
4114 0
4114 0
4114 0
4114 0
4114 0
