pt_graph cpue_kghour
10421 0
10421 0
10421 0
10421 0
10421 0
10421 0
10421 0
10421 0
10421 0
10421 0
10421 483
10421 0
10421 0
10421 0
10421 0
10421 0
10421 0
10421 0
10421 0
10421 0
10421 0
10421 0
10421 0
10421 0
10421 0
10421 0
10421 0
10421 0
10421 0
10421 0
10421 0
10527 0
10527 0
10527 0
10527 0
10527 0
10527 0
10527 0
10527 0
10527 0
10527 0
10527 966
10527 0
10527 0
10527 0
10527 0
10527 0
10527 0
10527 0
10527 0
10527 0
10527 0
10527 0
10527 0
10527 0
10527 0
10527 0
10527 0
10527 0
10527 0
10527 0
10527 0
10593 0
10593 0
10593 0
10593 0
10593 0
10593 0
10593 0
10593 0
10593 0
10593 0
10593 966
10593 0
10593 0
10593 0
10593 0
10593 0
10593 0
10593 0
10593 0
10593 0
10593 0
10593 0
10593 0
10593 0
10593 0
10593 0
10593 0
10593 0
10593 0
10593 0
10593 0
10595 0
10595 0
10595 0
10595 0
10595 0
10595 0
10595 0
10595 0
10595 0
10595 0
10595 2653
10595 0
10595 0
10595 0
10595 0
10595 0
10595 0
10595 0
10595 0
10595 0
10595 0
10595 0
10595 0
10595 0
10595 15
10595 0
10595 0
10595 0
10595 0
10595 0
10595 0
10629 0
10629 0
10629 0
10629 0
10629 0
10629 0
10629 0
10629 0
10629 0
10629 0
10629 966
10629 0
10629 0
10629 0
10629 0
10629 0
10629 0
10629 0
10629 0
10629 0
10629 0
10629 0
10629 0
10629 0
10629 0
10629 0
10629 0
10629 0
10629 0
10629 0
10629 0
10640 0
10640 0
10640 0
10640 0
10640 0
10640 0
10640 0
10640 0
10640 0
10640 0
10640 902
10640 0
10640 0
10640 0
10640 0
10640 0
10640 0
10640 0
10640 0
10640 0
10640 0
10640 0
10640 0
10640 0
10640 4
10640 0
10640 0
10640 0
10640 0
10640 0
10640 0
10642 0
10642 0
10642 0
10642 0
10642 0
10642 0
10642 0
10642 0
10642 0
10642 0
10642 966
10642 0
10642 0
10642 0
10642 0
10642 0
10642 0
10642 0
10642 0
10642 0
10642 0
10642 0
10642 0
10642 0
10642 0
10642 0
10642 0
10642 0
10642 0
10642 0
10642 0
10682 0
10682 0
10682 0
10682 0
10682 0
10682 0
10682 0
10682 0
10682 0
10682 0
10682 2653
10682 0
10682 0
10682 0
10682 0
10682 0
10682 0
10682 0
10682 0
10682 0
10682 0
10682 0
10682 0
10682 0
10682 15
10682 0
10682 0
10682 0
10682 0
10682 0
10682 0
10695 0
10695 0
10695 0
10695 0
10695 0
10695 0
10695 0
10695 0
10695 0
10695 0
10695 1777
10695 0
10695 0
10695 0
10695 0
10695 0
10695 0
10695 0
10695 0
10695 0
10695 0
10695 0
10695 0
10695 0
10695 9
10695 0
10695 0
10695 0
10695 0
10695 0
10695 0
10697 0
10697 0
10697 0
10697 0
10697 0
10697 0
10697 0
10697 0
10697 0
10697 0
10697 2653
10697 0
10697 0
10697 0
10697 0
10697 0
10697 0
10697 0
10697 0
10697 0
10697 0
10697 0
10697 0
10697 0
10697 15
10697 0
10697 0
10697 0
10697 0
10697 0
10697 0
10710 0
10710 0
10710 0
10710 0
10710 0
10710 0
10710 0
10710 0
10710 0
10710 0
10710 902
10710 0
10710 0
10710 0
10710 0
10710 0
10710 0
10710 0
10710 0
10710 0
10710 0
10710 0
10710 0
10710 0
10710 4
10710 0
10710 0
10710 0
10710 0
10710 0
10710 0
10711 0
10711 0
10711 0
10711 0
10711 0
10711 0
10711 0
10711 0
10711 0
10711 0
10711 902
10711 0
10711 0
10711 0
10711 0
10711 0
10711 0
10711 0
10711 0
10711 0
10711 0
10711 0
10711 0
10711 0
10711 4
10711 0
10711 0
10711 0
10711 0
10711 0
10711 0
10778 0
10778 0
10778 0
10778 0
10778 0
10778 0
10778 0
10778 0
10778 0
10778 0
10778 966
10778 0
10778 0
10778 0
10778 0
10778 0
10778 0
10778 0
10778 0
10778 0
10778 0
10778 0
10778 0
10778 0
10778 0
10778 0
10778 0
10778 0
10778 0
10778 0
10778 0
10813 0
10813 0
10813 0
10813 0
10813 0
10813 0
10813 0
10813 0
10813 0
10813 0
10813 902
10813 0
10813 0
10813 0
10813 0
10813 0
10813 0
10813 0
10813 0
10813 0
10813 0
10813 0
10813 0
10813 0
10813 4
10813 0
10813 0
10813 0
10813 0
10813 0
10813 0
10823 0
10823 0
10823 0
10823 0
10823 0
10823 0
10823 0
10823 0
10823 0
10823 0
10823 902
10823 0
10823 0
10823 0
10823 0
10823 0
10823 0
10823 0
10823 0
10823 0
10823 0
10823 0
10823 0
10823 0
10823 4
10823 0
10823 0
10823 0
10823 0
10823 0
10823 0
10832 0
10832 0
10832 0
10832 0
10832 0
10832 0
10832 0
10832 0
10832 0
10832 0
10832 1382
10832 0
10832 0
10832 0
10832 0
10832 0
10832 0
10832 0
10832 0
10832 0
10832 0
10832 67
10832 0
10832 0
10832 20
10832 0
10832 0
10832 3
10832 0
10832 0
10832 0
10836 0
10836 0
10836 0
10836 0
10836 0
10836 0
10836 0
10836 0
10836 0
10836 0
10836 436
10836 0
10836 0
10836 0
10836 0
10836 0
10836 0
10836 0
10836 0
10836 0
10836 0
10836 43
10836 0
10836 0
10836 17
10836 0
10836 0
10836 0
10836 0
10836 0
10836 0
10840 0
10840 0
10840 0
10840 0
10840 0
10840 0
10840 0
10840 0
10840 0
10840 0
10840 1347
10840 0
10840 0
10840 0
10840 0
10840 0
10840 0
10840 0
10840 0
10840 0
10840 0
10840 6
10840 0
10840 0
10840 39
10840 0
10840 0
10840 0
10840 0
10840 0
10840 0
10842 0
10842 0
10842 0
10842 0
10842 0
10842 0
10842 0
10842 0
10842 0
10842 0
10842 632
10842 0
10842 0
10842 0
10842 0
10842 0
10842 0
10842 0
10842 0
10842 0
10842 0
10842 36
10842 0
10842 0
10842 20
10842 0
10842 0
10842 0
10842 0
10842 0
10842 0
10844 0
10844 0
10844 0
10844 0
10844 0
10844 0
10844 0
10844 0
10844 0
10844 0
10844 632
10844 0
10844 0
10844 0
10844 0
10844 0
10844 0
10844 0
10844 0
10844 0
10844 0
10844 36
10844 0
10844 0
10844 20
10844 0
10844 0
10844 0
10844 0
10844 0
10844 0
10847 0
10847 0
10847 0
10847 0
10847 0
10847 0
10847 0
10847 0
10847 0
10847 0
10847 436
10847 0
10847 0
10847 0
10847 0
10847 0
10847 0
10847 0
10847 0
10847 0
10847 0
10847 43
10847 0
10847 0
10847 17
10847 0
10847 0
10847 0
10847 0
10847 0
10847 0
10854 0
10854 0
10854 0
10854 0
10854 0
10854 0
10854 0
10854 0
10854 0
10854 0
10854 1272
10854 0
10854 0
10854 0
10854 0
10854 0
10854 0
10854 0
10854 0
10854 0
10854 0
10854 19
10854 0
10854 0
10854 38
10854 0
10854 0
10854 0
10854 0
10854 0
10854 0
10861 0
10861 0
10861 0
10861 0
10861 0
10861 0
10861 0
10861 0
10861 0
10861 0
10861 2300
10861 0
10861 0
10861 0
10861 0
10861 0
10861 0
10861 0
10861 0
10861 0
10861 0
10861 11
10861 0
10861 0
10861 9
10861 0
10861 0
10861 0
10861 0
10861 0
10861 0
10883 0
10883 0
10883 0
10883 0
10883 0
10883 0
10883 0
10883 0
10883 0
10883 0
10883 0
10883 978
10883 0
10883 0
10883 0
10883 0
10883 0
10883 0
10883 0
10883 0
10883 0
10883 26
10883 0
10883 0
10883 18
10883 0
10883 0
10883 0
10883 0
10883 0
10883 0
10887 0
10887 0
10887 0
10887 0
10887 0
10887 0
10887 0
10887 0
10887 0
10887 0
10887 0
10887 688
10887 0
10887 0
10887 0
10887 0
10887 0
10887 0
10887 0
10887 0
10887 0
10887 14
10887 0
10887 0
10887 39
10887 0
10887 0
10887 0
10887 0
10887 0
10887 0
10892 0
10892 0
10892 0
10892 0
10892 0
10892 0
10892 0
10892 0
10892 0
10892 0
10892 0
10892 2656
10892 0
10892 0
10892 0
10892 0
10892 0
10892 0
10892 0
10892 0
10892 0
10892 10
10892 0
10892 0
10892 5
10892 0
10892 0
10892 0
10892 0
10892 0
10892 0
10893 0
10893 0
10893 0
10893 0
10893 0
10893 0
10893 0
10893 0
10893 0
10893 0
10893 0
10893 2392
10893 0
10893 0
10893 0
10893 0
10893 0
10893 0
10893 0
10893 0
10893 0
10893 225
10893 0
10893 0
10893 45
10893 0
10893 0
10893 0
10893 0
10893 0
10893 0
10897 0
10897 0
10897 0
10897 0
10897 0
10897 0
10897 0
10897 0
10897 0
10897 0
10897 0
10897 865
10897 0
10897 0
10897 0
10897 0
10897 0
10897 0
10897 0
10897 0
10897 0
10897 41
10897 0
10897 0
10897 29
10897 0
10897 0
10897 0
10897 0
10897 0
10897 0
10899 0
10899 0
10899 0
10899 0
10899 0
10899 0
10899 0
10899 0
10899 0
10899 0
10899 0
10899 708
10899 0
10899 0
10899 0
10899 0
10899 0
10899 0
10899 0
10899 0
10899 0
10899 138
10899 0
10899 0
10899 6
10899 0
10899 0
10899 0
10899 0
10899 0
10899 0
10901 0
10901 0
10901 0
10901 0
10901 0
10901 0
10901 0
10901 0
10901 0
10901 0
10901 0
10901 477
10901 0
10901 0
10901 0
10901 0
10901 0
10901 0
10901 0
10901 0
10901 0
10901 114
10901 0
10901 0
10901 5
10901 0
10901 0
10901 0
10901 0
10901 0
10901 0
10902 0
10902 0
10902 0
10902 0
10902 0
10902 0
10902 0
10902 0
10902 0
10902 0
10902 0
10902 329
10902 0
10902 0
10902 0
10902 0
10902 0
10902 0
10902 0
10902 0
10902 0
10902 162
10902 0
10902 0
10902 3
10902 0
10902 0
10902 0
10902 0
10902 0
10902 0
10904 0
10904 0
10904 0
10904 0
10904 0
10904 0
10904 0
10904 0
10904 0
10904 0
10904 0
10904 2039
10904 0
10904 0
10904 0
10904 0
10904 0
10904 0
10904 0
10904 0
10904 0
10904 241
10904 0
10904 0
10904 86
10904 0
10904 0
10904 1
10904 0
10904 0
10904 0
10905 0
10905 0
10905 0
10905 0
10905 0
10905 0
10905 0
10905 0
10905 0
10905 0
10905 0
10905 1033
10905 0
10905 0
10905 0
10905 0
10905 0
10905 0
10905 0
10905 0
10905 0
10905 25
10905 0
10905 0
10905 6
10905 0
10905 0
10905 0
10905 0
10905 0
10905 0
10909 0
10909 0
10909 0
10909 0
10909 0
10909 0
10909 0
10909 0
10909 0
10909 0
10909 0
10909 752
10909 0
10909 0
10909 0
10909 0
10909 0
10909 0
10909 0
10909 0
10909 0
10909 43
10909 0
10909 0
10909 11
10909 0
10909 0
10909 0
10909 0
10909 0
10909 0
10913 0
10913 0
10913 0
10913 0
10913 0
10913 0
10913 0
10913 0
10913 0
10913 0
10913 0
10913 1212
10913 0
10913 0
10913 0
10913 0
10913 0
10913 0
10913 0
10913 0
10913 0
10913 143
10913 0
10913 0
10913 7
10913 0
10913 0
10913 0
10913 0
10913 0
10913 0
10918 0
10918 0
10918 0
10918 0
10918 0
10918 0
10918 0
10918 0
10918 0
10918 0
10918 0
10918 786
10918 0
10918 0
10918 0
10918 0
10918 0
10918 0
10918 0
10918 0
10918 0
10918 141
10918 0
10918 0
10918 8
10918 0
10918 0
10918 0
10918 0
10918 0
10918 0
10920 0
10920 0
10920 0
10920 0
10920 0
10920 0
10920 0
10920 0
10920 0
10920 0
10920 0
10920 818
10920 0
10920 0
10920 0
10920 0
10920 0
10920 0
10920 0
10920 0
10920 0
10920 16
10920 0
10920 0
10920 8
10920 0
10920 0
10920 0
10920 0
10920 0
10920 0
10924 0
10924 0
10924 0
10924 0
10924 0
10924 0
10924 0
10924 0
10924 0
10924 0
10924 0
10924 1131
10924 0
10924 0
10924 0
10924 0
10924 0
10924 0
10924 0
10924 0
10924 0
10924 26
10924 0
10924 0
10924 7
10924 0
10924 0
10924 0
10924 0
10924 0
10924 0
10926 0
10926 0
10926 0
10926 0
10926 0
10926 0
10926 0
10926 0
10926 0
10926 0
10926 0
10926 721
10926 0
10926 0
10926 0
10926 0
10926 0
10926 0
10926 0
10926 0
10926 0
10926 51
10926 0
10926 0
10926 12
10926 0
10926 0
10926 0
10926 0
10926 0
10926 0
10929 0
10929 0
10929 0
10929 0
10929 0
10929 0
10929 0
10929 0
10929 0
10929 0
10929 0
10929 1017
10929 0
10929 0
10929 0
10929 0
10929 0
10929 0
10929 0
10929 0
10929 0
10929 171
10929 0
10929 0
10929 22
10929 0
10929 0
10929 0
10929 0
10929 0
10929 0
10930 0
10930 0
10930 0
10930 0
10930 0
10930 0
10930 0
10930 0
10930 0
10930 0
10930 0
10930 655
10930 0
10930 0
10930 0
10930 0
10930 0
10930 0
10930 0
10930 0
10930 0
10930 139
10930 0
10930 0
10930 8
10930 0
10930 0
10930 0
10930 0
10930 0
10930 0
10935 0
10935 0
10935 0
10935 0
10935 0
10935 0
10935 0
10935 0
10935 0
10935 0
10935 0
10935 1016
10935 0
10935 0
10935 0
10935 0
10935 0
10935 0
10935 0
10935 0
10935 0
10935 171
10935 0
10935 0
10935 8
10935 0
10935 0
10935 0
10935 0
10935 0
10935 0
10940 0
10940 0
10940 0
10940 0
10940 0
10940 0
10940 0
10940 0
10940 0
10940 0
10940 0
10940 1158
10940 0
10940 0
10940 0
10940 0
10940 0
10940 0
10940 0
10940 0
10940 0
10940 53
10940 0
10940 0
10940 10
10940 0
10940 0
10940 0
10940 0
10940 0
10940 0
10942 0
10942 0
10942 0
10942 0
10942 0
10942 0
10942 0
10942 0
10942 0
10942 0
10942 0
10942 1009
10942 0
10942 0
10942 0
10942 0
10942 0
10942 0
10942 0
10942 0
10942 0
10942 173
10942 0
10942 0
10942 8
10942 0
10942 0
10942 0
10942 0
10942 0
10942 0
10945 0
10945 0
10945 0
10945 0
10945 0
10945 0
10945 0
10945 0
10945 0
10945 0
10945 0
10945 1158
10945 0
10945 0
10945 0
10945 0
10945 0
10945 0
10945 0
10945 0
10945 0
10945 53
10945 0
10945 0
10945 10
10945 0
10945 0
10945 0
10945 0
10945 0
10945 0
10953 0
10953 0
10953 0
10953 0
10953 0
10953 0
10953 0
10953 0
10953 0
10953 0
10953 0
10953 762
10953 0
10953 0
10953 0
10953 0
10953 0
10953 0
10953 0
10953 0
10953 0
10953 132
10953 0
10953 0
10953 13
10953 0
10953 0
10953 0
10953 0
10953 0
10953 0
10955 0
10955 0
10955 0
10955 0
10955 0
10955 0
10955 0
10955 0
10955 0
10955 0
10955 0
10955 652
10955 0
10955 0
10955 0
10955 0
10955 0
10955 0
10955 0
10955 0
10955 0
10955 49
10955 0
10955 0
10955 7
10955 0
10955 0
10955 0
10955 0
10955 0
10955 0
10959 0
10959 0
10959 0
10959 0
10959 0
10959 0
10959 0
10959 0
10959 0
10959 0
10959 0
10959 709
10959 0
10959 0
10959 0
10959 0
10959 0
10959 0
10959 0
10959 0
10959 0
10959 135
10959 0
10959 0
10959 10
10959 0
10959 0
10959 0
10959 0
10959 0
10959 0
10961 0
10961 0
10961 0
10961 0
10961 0
10961 0
10961 0
10961 0
10961 0
10961 0
10961 0
10961 704
10961 0
10961 0
10961 0
10961 0
10961 0
10961 0
10961 0
10961 0
10961 0
10961 75
10961 0
10961 0
10961 13
10961 0
10961 0
10961 0
10961 0
10961 0
10961 0
10962 0
10962 0
10962 0
10962 0
10962 0
10962 0
10962 0
10962 0
10962 0
10962 0
10962 0
10962 866
10962 0
10962 0
10962 0
10962 0
10962 0
10962 0
10962 0
10962 0
10962 0
10962 186
10962 0
10962 0
10962 10
10962 0
10962 0
10962 0
10962 0
10962 0
10962 0
10986 0
10986 0
10986 0
10986 0
10986 0
10986 0
10986 0
10986 0
10986 0
10986 0
10986 0
10986 652
10986 0
10986 0
10986 0
10986 0
10986 0
10986 0
10986 0
10986 0
10986 0
10986 0
10986 0
10986 0
10986 2
10986 0
10986 0
10986 0
10986 0
10986 0
10986 0
10993 0
10993 0
10993 0
10993 0
10993 0
10993 0
10993 0
10993 0
10993 0
10993 0
10993 0
10993 2506
10993 0
10993 0
10993 0
10993 0
10993 0
10993 0
10993 0
10993 0
10993 0
10993 294
10993 0
10993 0
10993 21
10993 0
10993 0
10993 0
10993 0
10993 0
10993 0
10994 0
10994 0
10994 0
10994 0
10994 0
10994 0
10994 0
10994 0
10994 0
10994 0
10994 0
10994 2822
10994 0
10994 0
10994 0
10994 0
10994 0
10994 0
10994 0
10994 0
10994 0
10994 188
10994 0
10994 0
10994 13
10994 0
10994 0
10994 0
10994 0
10994 0
10994 0
11001 0
11001 0
11001 0
11001 0
11001 0
11001 0
11001 0
11001 0
11001 0
11001 0
11001 0
11001 652
11001 0
11001 0
11001 0
11001 0
11001 0
11001 0
11001 0
11001 0
11001 0
11001 0
11001 0
11001 0
11001 2
11001 0
11001 0
11001 0
11001 0
11001 0
11001 0
11008 0
11008 0
11008 0
11008 0
11008 0
11008 0
11008 0
11008 0
11008 0
11008 0
11008 0
11008 652
11008 0
11008 0
11008 0
11008 0
11008 0
11008 0
11008 0
11008 0
11008 0
11008 0
11008 0
11008 0
11008 2
11008 0
11008 0
11008 0
11008 0
11008 0
11008 0
11010 0
11010 0
11010 0
11010 0
11010 0
11010 0
11010 0
11010 0
11010 0
11010 0
11010 0
11010 652
11010 0
11010 0
11010 0
11010 0
11010 0
11010 0
11010 0
11010 0
11010 0
11010 0
11010 0
11010 0
11010 2
11010 0
11010 0
11010 0
11010 0
11010 0
11010 0
