pt_graph cpue_kghour
985 0
985 0
985 0
985 0
985 0
985 0
985 0
985 0
985 0
985 0
985 4
985 0
985 0
985 0
985 0
985 0
985 0
985 0
985 0
985 28
985 0
985 0
985 0
985 0
985 2
985 0
985 0
985 0
985 0
985 0
985 0
1084 0
1084 0
1084 0
1084 0
1084 0
1084 0
1084 0
1084 0
1084 0
1084 0
1084 0
1084 0
1084 0
1084 0
1084 0
1084 0
1084 0
1084 0
1084 0
1084 4
1084 0
1084 65
1084 0
1084 0
1084 9
1084 0
1084 0
1084 0
1084 0
1084 0
1084 0
1142 0
1142 0
1142 0
1142 0
1142 0
1142 0
1142 0
1142 0
1142 0
1142 0
1142 0
1142 0
1142 0
1142 0
1142 0
1142 0
1142 0
1142 0
1142 0
1142 2
1142 0
1142 16
1142 0
1142 0
1142 6
1142 0
1142 0
1142 0
1142 0
1142 0
1142 0
1202 0
1202 0
1202 0
1202 0
1202 0
1202 0
1202 0
1202 0
1202 0
1202 0
1202 0
1202 0
1202 0
1202 0
1202 0
1202 0
1202 0
1202 0
1202 0
1202 2
1202 0
1202 16
1202 0
1202 0
1202 6
1202 0
1202 0
1202 0
1202 0
1202 0
1202 0
1301 0
1301 0
1301 0
1301 0
1301 0
1301 0
1301 0
1301 0
1301 0
1301 0
1301 0
1301 0
1301 0
1301 0
1301 0
1301 0
1301 0
1301 0
1301 0
1301 2
1301 0
1301 28
1301 0
1301 0
1301 3
1301 0
1301 0
1301 1
1301 0
1301 0
1301 0
1349 0
1349 0
1349 0
1349 0
1349 0
1349 0
1349 0
1349 0
1349 0
1349 0
1349 0
1349 0
1349 0
1349 0
1349 0
1349 0
1349 0
1349 0
1349 0
1349 2
1349 0
1349 16
1349 0
1349 0
1349 6
1349 0
1349 0
1349 0
1349 0
1349 0
1349 0
1536 0
1536 33
1536 0
1536 0
1536 0
1536 0
1536 0
1536 0
1536 0
1536 0
1536 0
1536 0
1536 0
1536 0
1536 0
1536 0
1536 0
1536 0
1536 0
1536 0
1536 0
1536 0
1536 0
1536 0
1536 0
1536 10
1536 0
1536 0
1536 0
1536 0
1536 0
1569 0
1569 0
1569 0
1569 0
1569 0
1569 0
1569 0
1569 0
1569 0
1569 0
1569 0
1569 0
1569 0
1569 0
1569 0
1569 0
1569 0
1569 0
1569 0
1569 2
1569 0
1569 19
1569 0
1569 0
1569 5
1569 0
1569 0
1569 1
1569 0
1569 0
1569 0
1583 0
1583 9
1583 0
1583 0
1583 0
1583 0
1583 0
1583 0
1583 0
1583 0
1583 0
1583 0
1583 0
1583 0
1583 0
1583 0
1583 0
1583 0
1583 0
1583 0
1583 0
1583 0
1583 0
1583 1
1583 0
1583 1
1583 0
1583 0
1583 0
1583 0
1583 0
1595 0
1595 24
1595 0
1595 0
1595 0
1595 0
1595 0
1595 0
1595 0
1595 0
1595 0
1595 0
1595 0
1595 0
1595 0
1595 0
1595 0
1595 0
1595 0
1595 0
1595 0
1595 0
1595 0
1595 4
1595 0
1595 15
1595 0
1595 0
1595 0
1595 0
1595 0
1674 0
1674 16
1674 0
1674 0
1674 0
1674 0
1674 0
1674 0
1674 0
1674 0
1674 0
1674 0
1674 0
1674 0
1674 0
1674 0
1674 0
1674 0
1674 0
1674 0
1674 0
1674 0
1674 0
1674 1
1674 0
1674 10
1674 0
1674 0
1674 0
1674 0
1674 0
1746 0
1746 8
1746 0
1746 0
1746 0
1746 0
1746 0
1746 0
1746 0
1746 0
1746 0
1746 0
1746 0
1746 0
1746 0
1746 0
1746 0
1746 0
1746 0
1746 0
1746 0
1746 0
1746 0
1746 1
1746 0
1746 2
1746 0
1746 0
1746 0
1746 0
1746 0
1924 0
1924 32
1924 0
1924 0
1924 0
1924 0
1924 0
1924 0
1924 0
1924 0
1924 0
1924 0
1924 0
1924 0
1924 0
1924 0
1924 0
1924 0
1924 0
1924 0
1924 0
1924 0
1924 0
1924 2
1924 0
1924 15
1924 0
1924 0
1924 0
1924 0
1924 0
1944 0
1944 16
1944 0
1944 0
1944 0
1944 0
1944 0
1944 0
1944 0
1944 0
1944 0
1944 0
1944 0
1944 0
1944 0
1944 0
1944 0
1944 0
1944 0
1944 0
1944 0
1944 0
1944 0
1944 1
1944 0
1944 10
1944 0
1944 0
1944 0
1944 0
1944 0
1960 0
1960 8
1960 0
1960 0
1960 0
1960 0
1960 0
1960 0
1960 0
1960 0
1960 0
1960 0
1960 0
1960 0
1960 0
1960 0
1960 0
1960 0
1960 0
1960 0
1960 0
1960 0
1960 0
1960 1
1960 0
1960 2
1960 0
1960 0
1960 0
1960 0
1960 0
1989 0
1989 9
1989 0
1989 0
1989 0
1989 0
1989 0
1989 0
1989 0
1989 0
1989 0
1989 0
1989 0
1989 0
1989 0
1989 0
1989 0
1989 0
1989 0
1989 0
1989 0
1989 0
1989 0
1989 1
1989 0
1989 1
1989 0
1989 0
1989 0
1989 0
1989 0
1991 0
1991 8
1991 0
1991 0
1991 0
1991 0
1991 0
1991 0
1991 0
1991 0
1991 0
1991 0
1991 0
1991 0
1991 0
1991 0
1991 0
1991 0
1991 0
1991 0
1991 0
1991 0
1991 0
1991 1
1991 0
1991 1
1991 0
1991 0
1991 0
1991 0
1991 0
1994 0
1994 53
1994 0
1994 0
1994 0
1994 0
1994 0
1994 0
1994 0
1994 0
1994 0
1994 0
1994 0
1994 0
1994 0
1994 0
1994 0
1994 0
1994 0
1994 0
1994 0
1994 0
1994 0
1994 1
1994 0
1994 20
1994 0
1994 0
1994 0
1994 0
1994 0
2005 0
2005 8
2005 0
2005 0
2005 0
2005 0
2005 0
2005 0
2005 0
2005 0
2005 0
2005 0
2005 0
2005 0
2005 0
2005 0
2005 0
2005 0
2005 0
2005 0
2005 0
2005 0
2005 0
2005 1
2005 0
2005 2
2005 0
2005 0
2005 0
2005 0
2005 0
2053 0
2053 8
2053 0
2053 0
2053 0
2053 0
2053 0
2053 0
2053 0
2053 0
2053 0
2053 0
2053 0
2053 0
2053 0
2053 0
2053 0
2053 0
2053 0
2053 0
2053 0
2053 0
2053 0
2053 1
2053 0
2053 2
2053 0
2053 0
2053 0
2053 0
2053 0
2086 0
2086 8
2086 0
2086 0
2086 0
2086 0
2086 0
2086 0
2086 0
2086 0
2086 0
2086 0
2086 0
2086 0
2086 0
2086 0
2086 0
2086 0
2086 0
2086 0
2086 0
2086 0
2086 0
2086 1
2086 0
2086 2
2086 0
2086 0
2086 0
2086 0
2086 0
2112 0
2112 0
2112 0
2112 0
2112 0
2112 0
2112 0
2112 0
2112 0
2112 0
2112 0
2112 0
2112 0
2112 0
2112 0
2112 0
2112 0
2112 0
2112 0
2112 2
2112 0
2112 39
2112 0
2112 0
2112 4
2112 0
2112 0
2112 0
2112 0
2112 0
2112 0
2139 0
2139 0
2139 0
2139 0
2139 0
2139 0
2139 0
2139 0
2139 0
2139 0
2139 0
2139 0
2139 0
2139 0
2139 0
2139 0
2139 0
2139 0
2139 0
2139 8
2139 0
2139 156
2139 0
2139 0
2139 17
2139 0
2139 0
2139 0
2139 0
2139 0
2139 0
2173 0
2173 27
2173 0
2173 0
2173 0
2173 0
2173 0
2173 0
2173 0
2173 0
2173 0
2173 0
2173 0
2173 0
2173 0
2173 0
2173 0
2173 0
2173 0
2173 0
2173 0
2173 0
2173 0
2173 0
2173 0
2173 1
2173 0
2173 0
2173 0
2173 0
2173 0
2188 0
2188 43
2188 0
2188 0
2188 0
2188 0
2188 0
2188 0
2188 0
2188 0
2188 0
2188 0
2188 0
2188 0
2188 0
2188 0
2188 0
2188 0
2188 0
2188 0
2188 0
2188 0
2188 0
2188 0
2188 0
2188 2
2188 0
2188 0
2188 0
2188 0
2188 0
2202 0
2202 38
2202 0
2202 0
2202 0
2202 0
2202 0
2202 0
2202 0
2202 0
2202 0
2202 0
2202 0
2202 0
2202 0
2202 0
2202 0
2202 0
2202 0
2202 0
2202 0
2202 0
2202 0
2202 1
2202 0
2202 1
2202 0
2202 0
2202 0
2202 0
2202 0
2210 0
2210 33
2210 0
2210 0
2210 0
2210 0
2210 0
2210 0
2210 0
2210 0
2210 0
2210 0
2210 0
2210 0
2210 0
2210 0
2210 0
2210 0
2210 0
2210 0
2210 0
2210 0
2210 0
2210 0
2210 0
2210 2
2210 0
2210 0
2210 0
2210 0
2210 0
2221 0
2221 28
2221 0
2221 0
2221 0
2221 0
2221 0
2221 0
2221 0
2221 0
2221 0
2221 0
2221 0
2221 0
2221 0
2221 0
2221 0
2221 0
2221 0
2221 0
2221 0
2221 0
2221 0
2221 0
2221 0
2221 0
2221 0
2221 0
2221 0
2221 0
2221 0
2235 0
2235 40
2235 0
2235 0
2235 0
2235 0
2235 0
2235 0
2235 0
2235 0
2235 0
2235 0
2235 0
2235 0
2235 0
2235 0
2235 0
2235 0
2235 0
2235 0
2235 0
2235 0
2235 0
2235 0
2235 0
2235 1
2235 0
2235 0
2235 0
2235 0
2235 0
2325 0
2325 28
2325 0
2325 0
2325 0
2325 0
2325 0
2325 0
2325 0
2325 0
2325 0
2325 0
2325 0
2325 0
2325 0
2325 0
2325 0
2325 0
2325 0
2325 0
2325 0
2325 0
2325 0
2325 0
2325 0
2325 0
2325 0
2325 0
2325 0
2325 0
2325 0
2700 0
2700 66
2700 0
2700 0
2700 0
2700 0
2700 0
2700 0
2700 0
2700 0
2700 0
2700 0
2700 0
2700 0
2700 0
2700 0
2700 0
2700 0
2700 0
2700 0
2700 0
2700 0
2700 0
2700 1
2700 0
2700 0
2700 0
2700 0
2700 0
2700 0
2700 0
10832 0
10832 0
10832 0
10832 0
10832 0
10832 0
10832 0
10832 0
10832 0
10832 0
10832 147
10832 0
10832 0
10832 0
10832 0
10832 0
10832 0
10832 0
10832 0
10832 0
10832 0
10832 0
10832 0
10832 0
10832 0
10832 0
10832 0
10832 0
10832 0
10832 0
10832 0
10840 0
10840 0
10840 0
10840 0
10840 0
10840 0
10840 0
10840 0
10840 0
10840 0
10840 253
10840 0
10840 0
10840 0
10840 0
10840 0
10840 0
10840 0
10840 0
10840 0
10840 0
10840 0
10840 0
10840 0
10840 0
10840 0
10840 0
10840 0
10840 0
10840 0
10840 0
10842 0
10842 0
10842 0
10842 0
10842 0
10842 0
10842 0
10842 0
10842 0
10842 0
10842 209
10842 0
10842 0
10842 0
10842 0
10842 0
10842 0
10842 0
10842 0
10842 0
10842 0
10842 0
10842 0
10842 0
10842 0
10842 0
10842 0
10842 0
10842 0
10842 0
10842 0
10844 0
10844 0
10844 0
10844 0
10844 0
10844 0
10844 0
10844 0
10844 0
10844 0
10844 219
10844 0
10844 0
10844 0
10844 0
10844 0
10844 0
10844 0
10844 0
10844 0
10844 0
10844 0
10844 0
10844 0
10844 0
10844 0
10844 0
10844 0
10844 0
10844 0
10844 0
10845 0
10845 0
10845 0
10845 0
10845 0
10845 0
10845 0
10845 0
10845 0
10845 0
10845 117
10845 0
10845 0
10845 0
10845 0
10845 0
10845 0
10845 0
10845 0
10845 0
10845 0
10845 0
10845 0
10845 0
10845 0
10845 0
10845 0
10845 0
10845 0
10845 0
10845 0
10850 0
10850 0
10850 0
10850 0
10850 0
10850 0
10850 0
10850 0
10850 0
10850 0
10850 158
10850 0
10850 0
10850 0
10850 0
10850 0
10850 0
10850 0
10850 0
10850 0
10850 0
10850 0
10850 0
10850 0
10850 0
10850 0
10850 0
10850 0
10850 0
10850 0
10850 0
10854 0
10854 0
10854 0
10854 0
10854 0
10854 0
10854 0
10854 0
10854 0
10854 0
10854 117
10854 0
10854 0
10854 0
10854 0
10854 0
10854 0
10854 0
10854 0
10854 0
10854 0
10854 0
10854 0
10854 0
10854 0
10854 0
10854 0
10854 0
10854 0
10854 0
10854 0
10861 0
10861 0
10861 0
10861 0
10861 0
10861 0
10861 0
10861 0
10861 0
10861 0
10861 238
10861 0
10861 0
10861 0
10861 0
10861 0
10861 0
10861 0
10861 0
10861 0
10861 0
10861 0
10861 0
10861 0
10861 0
10861 0
10861 0
10861 0
10861 0
10861 0
10861 0
10865 0
10865 0
10865 0
10865 0
10865 0
10865 0
10865 0
10865 0
10865 0
10865 0
10865 241
10865 0
10865 0
10865 0
10865 0
10865 0
10865 0
10865 0
10865 0
10865 0
10865 0
10865 0
10865 0
10865 0
10865 0
10865 0
10865 0
10865 0
10865 0
10865 0
10865 0
10883 0
10883 0
10883 0
10883 0
10883 0
10883 0
10883 0
10883 0
10883 0
10883 0
10883 0
10883 192
10883 0
10883 0
10883 0
10883 0
10883 0
10883 0
10883 0
10883 0
10883 0
10883 0
10883 0
10883 0
10883 0
10883 0
10883 0
10883 0
10883 0
10883 0
10883 0
10887 0
10887 0
10887 0
10887 0
10887 0
10887 0
10887 0
10887 0
10887 0
10887 0
10887 0
10887 197
10887 0
10887 0
10887 0
10887 0
10887 0
10887 0
10887 0
10887 0
10887 0
10887 0
10887 0
10887 0
10887 0
10887 0
10887 0
10887 0
10887 0
10887 0
10887 0
10892 0
10892 0
10892 0
10892 0
10892 0
10892 0
10892 0
10892 0
10892 0
10892 0
10892 0
10892 189
10892 0
10892 0
10892 0
10892 0
10892 0
10892 0
10892 0
10892 0
10892 0
10892 0
10892 0
10892 0
10892 0
10892 0
10892 0
10892 0
10892 0
10892 0
10892 0
10893 0
10893 0
10893 0
10893 0
10893 0
10893 0
10893 0
10893 0
10893 0
10893 0
10893 0
10893 984
10893 0
10893 0
10893 0
10893 0
10893 0
10893 0
10893 0
10893 0
10893 0
10893 0
10893 0
10893 0
10893 0
10893 0
10893 0
10893 0
10893 0
10893 0
10893 0
10897 0
10897 0
10897 0
10897 0
10897 0
10897 0
10897 0
10897 0
10897 0
10897 0
10897 0
10897 183
10897 0
10897 0
10897 0
10897 0
10897 0
10897 0
10897 0
10897 0
10897 0
10897 0
10897 0
10897 0
10897 0
10897 0
10897 0
10897 0
10897 0
10897 0
10897 0
10904 0
10904 0
10904 0
10904 0
10904 0
10904 0
10904 0
10904 0
10904 0
10904 0
10904 0
10904 175
10904 0
10904 0
10904 0
10904 0
10904 0
10904 0
10904 0
10904 0
10904 0
10904 0
10904 0
10904 0
10904 0
10904 0
10904 0
10904 0
10904 0
10904 0
10904 0
10905 0
10905 0
10905 0
10905 0
10905 0
10905 0
10905 0
10905 0
10905 0
10905 0
10905 0
10905 184
10905 0
10905 0
10905 0
10905 0
10905 0
10905 0
10905 0
10905 0
10905 0
10905 0
10905 0
10905 0
10905 0
10905 0
10905 0
10905 0
10905 0
10905 0
10905 0
10909 0
10909 0
10909 0
10909 0
10909 0
10909 0
10909 0
10909 0
10909 0
10909 0
10909 0
10909 227
10909 0
10909 0
10909 0
10909 0
10909 0
10909 0
10909 0
10909 0
10909 0
10909 0
10909 0
10909 0
10909 0
10909 0
10909 0
10909 0
10909 0
10909 0
10909 0
10920 0
10920 0
10920 0
10920 0
10920 0
10920 0
10920 0
10920 0
10920 0
10920 0
10920 0
10920 172
10920 0
10920 0
10920 0
10920 0
10920 0
10920 0
10920 0
10920 0
10920 0
10920 0
10920 0
10920 0
10920 0
10920 0
10920 0
10920 0
10920 0
10920 0
10920 0
10926 0
10926 0
10926 0
10926 0
10926 0
10926 0
10926 0
10926 0
10926 0
10926 0
10926 0
10926 225
10926 0
10926 0
10926 0
10926 0
10926 0
10926 0
10926 0
10926 0
10926 0
10926 0
10926 0
10926 0
10926 0
10926 0
10926 0
10926 0
10926 0
10926 0
10926 0
10929 0
10929 0
10929 0
10929 0
10929 0
10929 0
10929 0
10929 0
10929 0
10929 0
10929 0
10929 274
10929 0
10929 0
10929 0
10929 0
10929 0
10929 0
10929 0
10929 0
10929 0
10929 0
10929 0
10929 0
10929 0
10929 0
10929 0
10929 0
10929 0
10929 0
10929 0
10930 0
10930 0
10930 0
10930 0
10930 0
10930 0
10930 0
10930 0
10930 0
10930 0
10930 0
10930 391
10930 0
10930 0
10930 0
10930 0
10930 0
10930 0
10930 0
10930 0
10930 0
10930 0
10930 0
10930 0
10930 0
10930 0
10930 0
10930 0
10930 0
10930 0
10930 0
10959 0
10959 0
10959 0
10959 0
10959 0
10959 0
10959 0
10959 0
10959 0
10959 0
10959 0
10959 198
10959 0
10959 0
10959 0
10959 0
10959 0
10959 0
10959 0
10959 0
10959 0
10959 0
10959 0
10959 0
10959 0
10959 0
10959 0
10959 0
10959 0
10959 0
10959 0
10962 0
10962 0
10962 0
10962 0
10962 0
10962 0
10962 0
10962 0
10962 0
10962 0
10962 0
10962 380
10962 0
10962 0
10962 0
10962 0
10962 0
10962 0
10962 0
10962 0
10962 0
10962 0
10962 0
10962 0
10962 0
10962 0
10962 0
10962 0
10962 0
10962 0
10962 0
