pt_graph scale
5616 0
5616 0
5616 0
5616 0
5616 0
5616 0
5616 0
5616 0
5616 0
5616 0
5616 854
5616 0
5616 0
5616 0
5616 0
5616 0
5616 0
5616 0
5616 0
5616 1
5616 0
5616 0
5616 0
5616 0
5616 0
5616 0
5616 0
5616 0
5616 0
5616 0
5616 0
5618 0
5618 0
5618 0
5618 0
5618 0
5618 0
5618 0
5618 0
5618 0
5618 0
5618 251
5618 0
5618 0
5618 0
5618 0
5618 0
5618 0
5618 0
5618 0
5618 16
5618 0
5618 0
5618 0
5618 0
5618 0
5618 0
5618 0
5618 0
5618 0
5618 0
5618 0
5630 0
5630 0
5630 0
5630 0
5630 0
5630 0
5630 0
5630 0
5630 0
5630 0
5630 517
5630 0
5630 0
5630 0
5630 0
5630 0
5630 0
5630 0
5630 0
5630 79
5630 0
5630 0
5630 0
5630 0
5630 0
5630 0
5630 0
5630 0
5630 0
5630 0
5630 0
5644 0
5644 0
5644 0
5644 0
5644 0
5644 0
5644 0
5644 0
5644 0
5644 0
5644 245
5644 0
5644 0
5644 0
5644 0
5644 0
5644 0
5644 0
5644 0
5644 36
5644 0
5644 0
5644 0
5644 0
5644 0
5644 0
5644 0
5644 0
5644 0
5644 0
5644 0
5752 0
5752 0
5752 0
5752 0
5752 0
5752 0
5752 0
5752 0
5752 0
5752 0
5752 251
5752 0
5752 0
5752 0
5752 0
5752 0
5752 0
5752 0
5752 0
5752 16
5752 0
5752 0
5752 0
5752 0
5752 0
5752 0
5752 0
5752 0
5752 0
5752 0
5752 0
5753 0
5753 0
5753 0
5753 0
5753 0
5753 0
5753 0
5753 0
5753 0
5753 0
5753 245
5753 0
5753 0
5753 0
5753 0
5753 0
5753 0
5753 0
5753 0
5753 36
5753 0
5753 0
5753 0
5753 0
5753 0
5753 0
5753 0
5753 0
5753 0
5753 0
5753 0
5965 0
5965 0
5965 0
5965 0
5965 0
5965 0
5965 0
5965 0
5965 0
5965 0
5965 882
5965 0
5965 0
5965 0
5965 0
5965 0
5965 0
5965 0
5965 0
5965 126
5965 0
5965 0
5965 0
5965 0
5965 0
5965 0
5965 0
5965 0
5965 0
5965 0
5965 0
5987 0
5987 0
5987 0
5987 0
5987 0
5987 0
5987 0
5987 0
5987 0
5987 0
5987 882
5987 0
5987 0
5987 0
5987 0
5987 0
5987 0
5987 0
5987 0
5987 126
5987 0
5987 0
5987 0
5987 0
5987 0
5987 0
5987 0
5987 0
5987 0
5987 0
5987 0
6007 0
6007 0
6007 0
6007 0
6007 0
6007 0
6007 0
6007 0
6007 0
6007 0
6007 119
6007 0
6007 0
6007 0
6007 0
6007 0
6007 0
6007 0
6007 0
6007 62
6007 0
6007 0
6007 0
6007 0
6007 0
6007 0
6007 0
6007 0
6007 0
6007 0
6007 0
6103 0
6103 0
6103 0
6103 0
6103 0
6103 0
6103 0
6103 0
6103 0
6103 0
6103 327
6103 0
6103 0
6103 0
6103 0
6103 0
6103 0
6103 0
6103 0
6103 562
6103 0
6103 494
6103 0
6103 0
6103 2
6103 0
6103 0
6103 0
6103 0
6103 0
6103 0
6275 0
6275 0
6275 0
6275 0
6275 0
6275 0
6275 0
6275 0
6275 0
6275 0
6275 638
6275 0
6275 0
6275 0
6275 0
6275 0
6275 0
6275 0
6275 0
6275 295
6275 0
6275 34
6275 0
6275 0
6275 0
6275 0
6275 0
6275 0
6275 0
6275 0
6275 0
6288 0
6288 0
6288 0
6288 0
6288 0
6288 0
6288 0
6288 0
6288 0
6288 0
6288 16
6288 0
6288 0
6288 0
6288 0
6288 0
6288 0
6288 0
6288 0
6288 36
6288 0
6288 12
6288 0
6288 0
6288 72
6288 0
6288 0
6288 0
6288 0
6288 0
6288 0
6318 0
6318 0
6318 0
6318 0
6318 0
6318 0
6318 0
6318 0
6318 0
6318 0
6318 205
6318 0
6318 0
6318 0
6318 0
6318 0
6318 0
6318 0
6318 0
6318 111
6318 0
6318 0
6318 0
6318 0
6318 0
6318 0
6318 0
6318 0
6318 0
6318 0
6318 0
6360 0
6360 0
6360 0
6360 0
6360 0
6360 0
6360 0
6360 0
6360 0
6360 0
6360 646
6360 0
6360 0
6360 0
6360 0
6360 0
6360 0
6360 0
6360 0
6360 140
6360 0
6360 33
6360 0
6360 0
6360 0
6360 0
6360 0
6360 0
6360 0
6360 0
6360 0
6383 0
6383 0
6383 0
6383 0
6383 0
6383 0
6383 0
6383 0
6383 0
6383 0
6383 205
6383 0
6383 0
6383 0
6383 0
6383 0
6383 0
6383 0
6383 0
6383 111
6383 0
6383 0
6383 0
6383 0
6383 0
6383 0
6383 0
6383 0
6383 0
6383 0
6383 0
6396 0
6396 0
6396 0
6396 0
6396 0
6396 0
6396 0
6396 0
6396 0
6396 0
6396 772
6396 0
6396 0
6396 0
6396 0
6396 0
6396 0
6396 0
6396 0
6396 28
6396 0
6396 14
6396 0
6396 0
6396 0
6396 0
6396 0
6396 0
6396 0
6396 0
6396 0
6470 0
6470 0
6470 0
6470 0
6470 0
6470 0
6470 0
6470 0
6470 0
6470 0
6470 991
6470 0
6470 0
6470 0
6470 0
6470 0
6470 0
6470 0
6470 0
6470 30
6470 0
6470 18
6470 0
6470 0
6470 0
6470 0
6470 0
6470 0
6470 0
6470 0
6470 0
6476 0
6476 0
6476 0
6476 0
6476 0
6476 0
6476 0
6476 0
6476 0
6476 0
6476 929
6476 0
6476 0
6476 0
6476 0
6476 0
6476 0
6476 0
6476 0
6476 26
6476 0
6476 0
6476 0
6476 0
6476 0
6476 0
6476 0
6476 0
6476 0
6476 0
6476 0
6528 0
6528 0
6528 0
6528 0
6528 0
6528 0
6528 0
6528 0
6528 0
6528 0
6528 144
6528 0
6528 0
6528 0
6528 0
6528 0
6528 0
6528 0
6528 0
6528 0
6528 0
6528 0
6528 0
6528 0
6528 0
6528 0
6528 0
6528 0
6528 0
6528 0
6528 0
6583 0
6583 0
6583 0
6583 0
6583 0
6583 0
6583 0
6583 0
6583 0
6583 0
6583 144
6583 0
6583 0
6583 0
6583 0
6583 0
6583 0
6583 0
6583 0
6583 0
6583 0
6583 0
6583 0
6583 0
6583 0
6583 0
6583 0
6583 0
6583 0
6583 0
6583 0
6655 0
6655 0
6655 0
6655 0
6655 0
6655 0
6655 0
6655 0
6655 0
6655 0
6655 487
6655 0
6655 0
6655 0
6655 0
6655 0
6655 0
6655 0
6655 0
6655 61
6655 0
6655 0
6655 0
6655 0
6655 0
6655 0
6655 0
6655 0
6655 0
6655 0
6655 0
6667 0
6667 0
6667 0
6667 0
6667 0
6667 0
6667 0
6667 0
6667 0
6667 0
6667 350
6667 0
6667 0
6667 0
6667 0
6667 0
6667 0
6667 0
6667 0
6667 12
6667 0
6667 0
6667 0
6667 0
6667 0
6667 0
6667 0
6667 0
6667 0
6667 0
6667 0
6668 0
6668 0
6668 0
6668 0
6668 0
6668 0
6668 0
6668 0
6668 0
6668 0
6668 503
6668 0
6668 0
6668 0
6668 0
6668 0
6668 0
6668 0
6668 0
6668 64
6668 0
6668 0
6668 0
6668 0
6668 0
6668 0
6668 0
6668 0
6668 0
6668 0
6668 0
6690 0
6690 0
6690 0
6690 0
6690 0
6690 0
6690 0
6690 0
6690 0
6690 0
6690 187
6690 0
6690 0
6690 0
6690 0
6690 0
6690 0
6690 0
6690 0
6690 96
6690 0
6690 0
6690 0
6690 0
6690 34
6690 0
6690 0
6690 0
6690 0
6690 0
6690 0
6796 0
6796 0
6796 0
6796 0
6796 0
6796 0
6796 0
6796 0
6796 0
6796 0
6796 154
6796 0
6796 0
6796 0
6796 0
6796 0
6796 0
6796 0
6796 0
6796 1
6796 0
6796 0
6796 0
6796 0
6796 0
6796 0
6796 0
6796 0
6796 0
6796 0
6796 0
6799 0
6799 0
6799 0
6799 0
6799 0
6799 0
6799 0
6799 0
6799 0
6799 0
6799 1
6799 0
6799 0
6799 0
6799 0
6799 0
6799 0
6799 0
6799 0
6799 29
6799 0
6799 8
6799 0
6799 0
6799 0
6799 0
6799 0
6799 0
6799 0
6799 0
6799 0
6831 0
6831 0
6831 0
6831 0
6831 0
6831 0
6831 0
6831 0
6831 0
6831 0
6831 271
6831 0
6831 0
6831 0
6831 0
6831 0
6831 0
6831 0
6831 0
6831 72
6831 0
6831 0
6831 0
6831 0
6831 1
6831 0
6831 0
6831 0
6831 0
6831 0
6831 0
6868 0
6868 0
6868 0
6868 0
6868 0
6868 0
6868 0
6868 0
6868 0
6868 0
6868 1
6868 0
6868 0
6868 0
6868 0
6868 0
6868 0
6868 0
6868 0
6868 29
6868 0
6868 8
6868 0
6868 0
6868 0
6868 0
6868 0
6868 0
6868 0
6868 0
6868 0
6891 0
6891 0
6891 0
6891 0
6891 0
6891 0
6891 0
6891 0
6891 0
6891 0
6891 267
6891 0
6891 0
6891 0
6891 0
6891 0
6891 0
6891 0
6891 0
6891 87
6891 0
6891 1
6891 0
6891 0
6891 1
6891 0
6891 0
6891 0
6891 0
6891 0
6891 0
6911 0
6911 0
6911 0
6911 0
6911 0
6911 0
6911 0
6911 0
6911 0
6911 0
6911 1
6911 0
6911 0
6911 0
6911 0
6911 0
6911 0
6911 0
6911 0
6911 8
6911 0
6911 4
6911 0
6911 0
6911 0
6911 0
6911 0
6911 0
6911 0
6911 0
6911 0
6919 0
6919 0
6919 0
6919 0
6919 0
6919 0
6919 0
6919 0
6919 0
6919 0
6919 81
6919 0
6919 0
6919 0
6919 0
6919 0
6919 0
6919 0
6919 0
6919 29
6919 0
6919 0
6919 0
6919 0
6919 5
6919 0
6919 0
6919 0
6919 0
6919 0
6919 0
6929 0
6929 0
6929 0
6929 0
6929 0
6929 0
6929 0
6929 0
6929 0
6929 0
6929 126
6929 0
6929 0
6929 0
6929 0
6929 0
6929 0
6929 0
6929 0
6929 53
6929 0
6929 0
6929 0
6929 0
6929 1
6929 0
6929 0
6929 0
6929 0
6929 0
6929 0
6931 0
6931 0
6931 0
6931 0
6931 0
6931 0
6931 0
6931 0
6931 0
6931 0
6931 239
6931 0
6931 0
6931 0
6931 0
6931 0
6931 0
6931 0
6931 0
6931 1
6931 0
6931 0
6931 0
6931 0
6931 0
6931 0
6931 0
6931 0
6931 0
6931 0
6931 0
6944 0
6944 0
6944 0
6944 0
6944 0
6944 0
6944 0
6944 0
6944 0
6944 0
6944 1
6944 0
6944 0
6944 0
6944 0
6944 0
6944 0
6944 0
6944 0
6944 27
6944 0
6944 5
6944 0
6944 0
6944 0
6944 0
6944 0
6944 0
6944 0
6944 0
6944 0
6952 0
6952 0
6952 0
6952 0
6952 0
6952 0
6952 0
6952 0
6952 0
6952 0
6952 784
6952 0
6952 0
6952 0
6952 0
6952 0
6952 0
6952 0
6952 0
6952 43
6952 0
6952 0
6952 0
6952 0
6952 1
6952 0
6952 0
6952 0
6952 0
6952 0
6952 0
6961 0
6961 0
6961 0
6961 0
6961 0
6961 0
6961 0
6961 0
6961 0
6961 0
6961 1
6961 0
6961 0
6961 0
6961 0
6961 0
6961 0
6961 0
6961 0
6961 1
6961 0
6961 0
6961 0
6961 0
6961 0
6961 0
6961 0
6961 0
6961 0
6961 0
6961 0
6973 0
6973 0
6973 0
6973 0
6973 0
6973 0
6973 0
6973 0
6973 0
6973 0
6973 138
6973 0
6973 0
6973 0
6973 0
6973 0
6973 0
6973 0
6973 0
6973 87
6973 0
6973 0
6973 0
6973 0
6973 13
6973 0
6973 0
6973 0
6973 0
6973 0
6973 0
6981 0
6981 0
6981 0
6981 0
6981 0
6981 0
6981 0
6981 0
6981 0
6981 0
6981 95
6981 0
6981 0
6981 0
6981 0
6981 0
6981 0
6981 0
6981 0
6981 84
6981 0
6981 72
6981 0
6981 0
6981 0
6981 0
6981 0
6981 0
6981 0
6981 0
6981 0
6982 0
6982 0
6982 0
6982 0
6982 0
6982 0
6982 0
6982 0
6982 0
6982 0
6982 612
6982 0
6982 0
6982 0
6982 0
6982 0
6982 0
6982 0
6982 0
6982 160
6982 0
6982 0
6982 0
6982 0
6982 62
6982 0
6982 0
6982 0
6982 0
6982 0
6982 0
6993 0
6993 0
6993 0
6993 0
6993 0
6993 0
6993 0
6993 0
6993 0
6993 0
6993 310
6993 0
6993 0
6993 0
6993 0
6993 0
6993 0
6993 0
6993 0
6993 87
6993 0
6993 1
6993 0
6993 0
6993 1
6993 0
6993 0
6993 0
6993 0
6993 0
6993 0
7032 0
7032 0
7032 0
7032 0
7032 0
7032 0
7032 0
7032 0
7032 0
7032 0
7032 49
7032 0
7032 0
7032 0
7032 0
7032 0
7032 0
7032 0
7032 0
7032 0
7032 0
7032 0
7032 0
7032 0
7032 0
7032 0
7032 0
7032 0
7032 0
7032 0
7032 0
7033 0
7033 0
7033 0
7033 0
7033 0
7033 0
7033 0
7033 0
7033 0
7033 0
7033 1
7033 0
7033 0
7033 0
7033 0
7033 0
7033 0
7033 0
7033 0
7033 0
7033 0
7033 0
7033 0
7033 0
7033 0
7033 0
7033 0
7033 0
7033 0
7033 0
7033 0
7062 0
7062 0
7062 0
7062 0
7062 0
7062 0
7062 0
7062 0
7062 0
7062 0
7062 87
7062 0
7062 0
7062 0
7062 0
7062 0
7062 0
7062 0
7062 0
7062 38
7062 0
7062 0
7062 0
7062 0
7062 1
7062 0
7062 0
7062 0
7062 0
7062 0
7062 0
7063 0
7063 0
7063 0
7063 0
7063 0
7063 0
7063 0
7063 0
7063 0
7063 0
7063 432
7063 0
7063 0
7063 0
7063 0
7063 0
7063 0
7063 0
7063 0
7063 205
7063 0
7063 5
7063 0
7063 0
7063 16
7063 0
7063 0
7063 0
7063 0
7063 0
7063 0
7112 0
7112 0
7112 0
7112 0
7112 0
7112 0
7112 0
7112 0
7112 0
7112 0
7112 0
7112 0
7112 0
7112 0
7112 0
7112 0
7112 0
7112 0
7112 0
7112 38
7112 0
7112 0
7112 0
7112 0
7112 40
7112 0
7112 0
7112 0
7112 0
7112 0
7112 0
7156 0
7156 0
7156 0
7156 0
7156 0
7156 0
7156 0
7156 0
7156 0
7156 0
7156 59
7156 0
7156 0
7156 0
7156 0
7156 0
7156 0
7156 0
7156 0
7156 109
7156 0
7156 64
7156 0
7156 0
7156 0
7156 0
7156 0
7156 0
7156 0
7156 0
7156 0
7159 0
7159 0
7159 0
7159 0
7159 0
7159 0
7159 0
7159 0
7159 0
7159 0
7159 84
7159 0
7159 0
7159 0
7159 0
7159 0
7159 0
7159 0
7159 0
7159 34
7159 0
7159 0
7159 0
7159 0
7159 1
7159 0
7159 0
7159 0
7159 0
7159 0
7159 0
7165 0
7165 0
7165 0
7165 0
7165 0
7165 0
7165 0
7165 0
7165 0
7165 0
7165 229
7165 0
7165 0
7165 0
7165 0
7165 0
7165 0
7165 0
7165 0
7165 226
7165 0
7165 77
7165 0
7165 0
7165 90
7165 0
7165 0
7165 0
7165 0
7165 0
7165 0
7168 0
7168 0
7168 0
7168 0
7168 0
7168 0
7168 0
7168 0
7168 0
7168 0
7168 92
7168 0
7168 0
7168 0
7168 0
7168 0
7168 0
7168 0
7168 0
7168 112
7168 0
7168 70
7168 0
7168 0
7168 0
7168 0
7168 0
7168 0
7168 0
7168 0
7168 0
7174 0
7174 0
7174 0
7174 0
7174 0
7174 0
7174 0
7174 0
7174 0
7174 0
7174 199
7174 0
7174 0
7174 0
7174 0
7174 0
7174 0
7174 0
7174 0
7174 346
7174 0
7174 214
7174 0
7174 0
7174 0
7174 0
7174 0
7174 0
7174 0
7174 0
7174 0
7224 0
7224 0
7224 0
7224 0
7224 0
7224 0
7224 0
7224 0
7224 0
7224 0
7224 0
7224 0
7224 0
7224 0
7224 0
7224 0
7224 0
7224 0
7224 0
7224 100
7224 0
7224 0
7224 0
7224 0
7224 102
7224 0
7224 0
7224 0
7224 0
7224 0
7224 0
7322 0
7322 0
7322 0
7322 0
7322 0
7322 0
7322 0
7322 0
7322 0
7322 0
7322 0
7322 0
7322 0
7322 0
7322 0
7322 0
7322 0
7322 0
7322 0
7322 41
7322 0
7322 0
7322 0
7322 0
7322 40
7322 0
7322 0
7322 0
7322 0
7322 0
7322 0
7711 0
7711 0
7711 0
7711 0
7711 0
7711 0
7711 0
7711 0
7711 0
7711 0
7711 32
7711 0
7711 0
7711 0
7711 0
7711 0
7711 0
7711 0
7711 0
7711 0
7711 0
7711 0
7711 0
7711 0
7711 0
7711 0
7711 0
7711 0
7711 0
7711 0
7711 0
7833 0
7833 0
7833 0
7833 0
7833 0
7833 0
7833 0
7833 0
7833 0
7833 0
7833 2
7833 0
7833 0
7833 0
7833 0
7833 0
7833 0
7833 0
7833 0
7833 0
7833 0
7833 0
7833 0
7833 0
7833 0
7833 0
7833 0
7833 0
7833 0
7833 0
7833 0
7838 0
7838 0
7838 0
7838 0
7838 0
7838 0
7838 0
7838 0
7838 0
7838 0
7838 32
7838 0
7838 0
7838 0
7838 0
7838 0
7838 0
7838 0
7838 0
7838 0
7838 0
7838 0
7838 0
7838 0
7838 0
7838 0
7838 0
7838 0
7838 0
7838 0
7838 0
7909 0
7909 0
7909 0
7909 0
7909 0
7909 0
7909 0
7909 0
7909 0
7909 0
7909 1
7909 0
7909 0
7909 0
7909 0
7909 0
7909 0
7909 0
7909 0
7909 0
7909 0
7909 0
7909 0
7909 0
7909 0
7909 0
7909 0
7909 0
7909 0
7909 0
7909 0
7926 0
7926 0
7926 0
7926 0
7926 0
7926 0
7926 0
7926 0
7926 0
7926 0
7926 32
7926 0
7926 0
7926 0
7926 0
7926 0
7926 0
7926 0
7926 0
7926 0
7926 0
7926 0
7926 0
7926 0
7926 0
7926 0
7926 0
7926 0
7926 0
7926 0
7926 0
7931 0
7931 0
7931 0
7931 0
7931 0
7931 0
7931 0
7931 0
7931 0
7931 0
7931 1
7931 0
7931 0
7931 0
7931 0
7931 0
7931 0
7931 0
7931 0
7931 0
7931 0
7931 0
7931 0
7931 0
7931 0
7931 0
7931 0
7931 0
7931 0
7931 0
7931 0
7972 0
7972 0
7972 0
7972 0
7972 0
7972 0
7972 0
7972 0
7972 0
7972 0
7972 32
7972 0
7972 0
7972 0
7972 0
7972 0
7972 0
7972 0
7972 0
7972 0
7972 0
7972 0
7972 0
7972 0
7972 0
7972 0
7972 0
7972 0
7972 0
7972 0
7972 0
7973 0
7973 0
7973 0
7973 0
7973 0
7973 0
7973 0
7973 0
7973 0
7973 0
7973 2
7973 0
7973 0
7973 0
7973 0
7973 0
7973 0
7973 0
7973 0
7973 0
7973 0
7973 0
7973 0
7973 0
7973 0
7973 0
7973 0
7973 0
7973 0
7973 0
7973 0
