pt_graph shape
471 0
471 0
471 0
471 0
471 0
471 0
471 0
471 0
471 1.91
471 0
471 0
471 0
471 66.56
471 0
471 0
471 0
471 0
471 0
471 0
471 0
471 62.72
471 0
471 0
471 12.12
471 0
471 86.36
471 0
471 0
471 0
471 0
471 0
486 0
486 0
486 0
486 0
486 0
486 0
486 0
486 0
486 1.32
486 0
486 0
486 0
486 16.05
486 0
486 0
486 0
486 0
486 0
486 0
486 0
486 6.49
486 0
486 0
486 8.49
486 0
486 7.59
486 0
486 0
486 0
486 0
486 0
494 0
494 0
494 0
494 0
494 0
494 0
494 0
494 0
494 0
494 0
494 0
494 0
494 0
494 0
494 0
494 0
494 0
494 0
494 0
494 0
494 48.54
494 0
494 0
494 66.07
494 0
494 0
494 0
494 0
494 0
494 0
494 0
523 0
523 0
523 0
523 0
523 0
523 0
523 0
523 0
523 68.97
523 0
523 0
523 0
523 64.53
523 0
523 0
523 0
523 0
523 0
523 0
523 0
523 1.26
523 0
523 0
523 0.97
523 0
523 80.18
523 0
523 0
523 0
523 0
523 0
527 0
527 0
527 0
527 0
527 0
527 0
527 0
527 0
527 1.51
527 0
527 0
527 0
527 16.05
527 0
527 0
527 0
527 0
527 0
527 0
527 0
527 0.94
527 0
527 0
527 0.97
527 0
527 6.59
527 0
527 0
527 0
527 0
527 0
548 0
548 0
548 0
548 0
548 0
548 0
548 0
548 0
548 113.4
548 0
548 0
548 0
548 94.55
548 0
548 0
548 0
548 0
548 0
548 0
548 0
548 1.67
548 0
548 0
548 0.72
548 0
548 86.79
548 0
548 0
548 0
548 0
548 0
551 0
551 0
551 0
551 0
551 0
551 0
551 0
551 0
551 0
551 0
551 0
551 0
551 0
551 0
551 0
551 0
551 0
551 0
551 0
551 0
551 34.63
551 0
551 0
551 41.33
551 0
551 0
551 0
551 0
551 0
551 0
551 0
576 0
576 0
576 0
576 0
576 0
576 0
576 0
576 0
576 86.47
576 0
576 0
576 0
576 0
576 0
576 0
576 0
576 0
576 0
576 0
576 0
576 91.14
576 0
576 0
576 65.7
576 0
576 76.14
576 0
576 0
576 0
576 0
576 0
596 0
596 0
596 0
596 0
596 0
596 0
596 0
596 0
596 26.66
596 0
596 0
596 0
596 0
596 0
596 0
596 0
596 0
596 0
596 0
596 0
596 26.38
596 0
596 0
596 32.53
596 0
596 41.73
596 0
596 0
596 0
596 0
596 0
609 0
609 0
609 0
609 0
609 0
609 0
609 0
609 0
609 0
609 0
609 0
609 0
609 0
609 0
609 0
609 0
609 0
609 0
609 0
609 0
609 38.52
609 0
609 0
609 23.17
609 0
609 27.37
609 0
609 0
609 0
609 0
609 0
652 0
652 0
652 0
652 0
652 0
652 0
652 0
652 0
652 0
652 0
652 0
652 0
652 0
652 0
652 0
652 0
652 0
652 0
652 0
652 0
652 38.52
652 0
652 0
652 23.17
652 0
652 27.37
652 0
652 0
652 0
652 0
652 0
656 0
656 0
656 0
656 0
656 0
656 0
656 0
656 0
656 0
656 0
656 0
656 0
656 0
656 0
656 0
656 0
656 0
656 0
656 0
656 0
656 38.52
656 0
656 0
656 23.17
656 0
656 27.37
656 0
656 0
656 0
656 0
656 0
743 0
743 0
743 0
743 0
743 0
743 0
743 0
743 0
743 0
743 0
743 0
743 0
743 0
743 0
743 0
743 0
743 0
743 0
743 0
743 0
743 46.43
743 0
743 0
743 2.11
743 0
743 49.67
743 0
743 0
743 0
743 0
743 0
747 0
747 1.75
747 0
747 0
747 0
747 0
747 0
747 0
747 28.64
747 0
747 0
747 0
747 0
747 0
747 0
747 0
747 0
747 0
747 0
747 0
747 0
747 0
747 0
747 32.41
747 0
747 0
747 0
747 0
747 0
747 0
747 0
853 0
853 1.16
853 0
853 0
853 0
853 0
853 0
853 0
853 0.39
853 0
853 0
853 0
853 32.28
853 0
853 0
853 0
853 0
853 0
853 0
853 0
853 41
853 0
853 0
853 0.34
853 0
853 1.18
853 0
853 0
853 0
853 0
853 0
857 0
857 59
857 0
857 0
857 0
857 0
857 0
857 0
857 2.2
857 0
857 0
857 0
857 1
857 0
857 0
857 0
857 0
857 0
857 0
857 0
857 59.34
857 0
857 0
857 38.57
857 0
857 0
857 0
857 0
857 0
857 0
857 0
859 0
859 0.76
859 0
859 0
859 0
859 0
859 0
859 0
859 4.67
859 0
859 0
859 0
859 1.87
859 9.37
859 0
859 0
859 0
859 0
859 0
859 0
859 0
859 0
859 0
859 3.46
859 0
859 0
859 0
859 0
859 0
859 0
859 0
973 0
973 1.38
973 0
973 0
973 0
973 0
973 0
973 0
973 2.65
973 0
973 0
973 0
973 1.4
973 9.85
973 0
973 0
973 0
973 0
973 0
973 0
973 47.61
973 0
973 0
973 15.65
973 0
973 6.6
973 0
973 0
973 0
973 0
973 0
1087 0
1087 1.29
1087 0
1087 0
1087 0
1087 0
1087 0
1087 0
1087 0.61
1087 0
1087 0
1087 0
1087 0.74
1087 47.29
1087 0
1087 0
1087 0
1087 0
1087 0
1087 0
1087 1.33
1087 0
1087 0
1087 0.48
1087 0
1087 1.17
1087 0
1087 0
1087 0
1087 0
1087 0
1091 0
1091 2.33
1091 0
1091 0
1091 0
1091 0
1091 0
1091 0
1091 2.79
1091 0
1091 0
1091 0
1091 2.34
1091 6.72
1091 0
1091 0
1091 0
1091 0
1091 0
1091 0
1091 0
1091 0
1091 0
1091 3.61
1091 0
1091 0
1091 0
1091 0
1091 0
1091 0
1091 0
1093 0
1093 1.5
1093 0
1093 0
1093 0
1093 0
1093 0
1093 0
1093 2.18
1093 0
1093 0
1093 0
1093 1.44
1093 10.39
1093 0
1093 0
1093 0
1093 0
1093 0
1093 0
1093 35.03
1093 0
1093 0
1093 12.73
1093 0
1093 3.62
1093 0
1093 0
1093 0
1093 0
1093 0
1408 0
1408 1.11
1408 0
1408 0
1408 0
1408 0
1408 0
1408 0
1408 0.8
1408 0
1408 0
1408 0
1408 1.01
1408 47.29
1408 0
1408 0
1408 0
1408 0
1408 0
1408 0
1408 3.75
1408 0
1408 0
1408 0.41
1408 0
1408 2.54
1408 0
1408 0
1408 0
1408 0
1408 0
1416 0
1416 1.38
1416 0
1416 0
1416 0
1416 0
1416 0
1416 0
1416 1.5
1416 0
1416 0
1416 0
1416 0.78
1416 6.18
1416 0
1416 0
1416 0
1416 0
1416 0
1416 0
1416 51.97
1416 0
1416 0
1416 7.78
1416 0
1416 17.16
1416 0
1416 0
1416 0
1416 0
1416 0
1703 0
1703 0.84
1703 0
1703 0
1703 0
1703 0
1703 0
1703 0
1703 0
1703 1.11
1703 0
1703 0
1703 0
1703 0
1703 0
1703 0
1703 0
1703 0
1703 0
1703 0
1703 41.44
1703 0
1703 0
1703 0.53
1703 0
1703 16.66
1703 0
1703 0
1703 0
1703 0
1703 0
1763 0
1763 0
1763 0
1763 0
1763 0
1763 0
1763 0
1763 0
1763 0
1763 1.47
1763 0
1763 0
1763 0
1763 0
1763 0
1763 0
1763 0
1763 0
1763 0
1763 0
1763 42.08
1763 0
1763 0
1763 1.69
1763 0
1763 30.61
1763 0
1763 0
1763 0
1763 0
1763 0
1851 0
1851 0
1851 0
1851 0
1851 0
1851 0
1851 0
1851 0
1851 57.42
1851 0
1851 0
1851 0
1851 0.65
1851 0
1851 0
1851 0
1851 0
1851 0
1851 0
1851 0
1851 0
1851 0
1851 0
1851 47.23
1851 0
1851 0
1851 0
1851 0
1851 0
1851 0
1851 0
1853 0
1853 62.48
1853 0
1853 0
1853 0
1853 0
1853 0
1853 0
1853 52.02
1853 0
1853 0
1853 0
1853 0
1853 0
1853 0
1853 0
1853 0
1853 0
1853 0
1853 0
1853 0
1853 0
1853 0
1853 63.82
1853 0
1853 0
1853 0
1853 0
1853 0
1853 0
1853 0
1857 0
1857 60.66
1857 0
1857 0
1857 0
1857 0
1857 0
1857 0
1857 6.4
1857 0
1857 0
1857 0
1857 0
1857 0
1857 0
1857 0
1857 0
1857 0
1857 0
1857 0
1857 30.44
1857 0
1857 0
1857 13.02
1857 0
1857 0
1857 0
1857 0
1857 0
1857 0
1857 0
1859 0
1859 3.45
1859 0
1859 0
1859 0
1859 0
1859 0
1859 0
1859 0.68
1859 0
1859 0
1859 0
1859 11.61
1859 0
1859 0
1859 0
1859 0
1859 0
1859 0
1859 0
1859 3.7
1859 0
1859 0
1859 0.49
1859 0
1859 5.04
1859 0
1859 0
1859 0
1859 0
1859 0
1860 0
1860 0.69
1860 0
1860 0
1860 0
1860 0
1860 0
1860 0
1860 4.24
1860 0
1860 0
1860 0
1860 0.46
1860 0
1860 0
1860 0
1860 0
1860 0
1860 0
1860 0
1860 47.61
1860 0
1860 0
1860 5.02
1860 0
1860 0
1860 0
1860 0
1860 0
1860 0
1860 0
1866 0
1866 11.74
1866 0
1866 0
1866 0
1866 0
1866 0
1866 0
1866 0
1866 1.65
1866 0
1866 0
1866 0
1866 0
1866 0
1866 0
1866 0
1866 0
1866 0
1866 0
1866 0
1866 0
1866 0
1866 8.71
1866 0
1866 36.09
1866 0
1866 0
1866 0
1866 0
1866 0
2537 0
2537 28.64
2537 0
2537 0
2537 0
2537 0
2537 0
2537 0
2537 1.5
2537 0
2537 0
2537 0
2537 0.49
2537 0
2537 0
2537 0
2537 0
2537 0
2537 0
2537 0
2537 0
2537 0
2537 0
2537 11.72
2537 0
2537 0
2537 0
2537 0
2537 0
2537 0
2537 0
2540 0
2540 10.73
2540 0
2540 0
2540 0
2540 0
2540 0
2540 0
2540 18.16
2540 0
2540 0
2540 0
2540 0
2540 59.68
2540 0
2540 0
2540 0
2540 0
2540 0
2540 0
2540 50.15
2540 0
2540 0
2540 24.93
2540 0
2540 0
2540 0
2540 0
2540 0
2540 0
2540 0
2545 0
2545 0.85
2545 0
2545 0
2545 0
2545 0
2545 0
2545 0
2545 9.47
2545 0
2545 0
2545 0
2545 0
2545 66.41
2545 0
2545 0
2545 0
2545 0
2545 0
2545 0
2545 57.79
2545 0
2545 0
2545 17.29
2545 0
2545 0
2545 0
2545 0
2545 0
2545 0
2545 0
3113 0
3113 26.45
3113 0
3113 0
3113 0
3113 0
3113 0
3113 0
3113 0
3113 33.61
3113 0
3113 0
3113 0
3113 0
3113 0
3113 0
3113 0
3113 0
3113 0
3113 0
3113 0
3113 0
3113 0
3113 35.44
3113 0
3113 0
3113 0
3113 0
3113 0
3113 0
3113 0
3204 0
3204 26.45
3204 0
3204 0
3204 0
3204 0
3204 0
3204 0
3204 0
3204 33.61
3204 0
3204 0
3204 0
3204 0
3204 0
3204 0
3204 0
3204 0
3204 0
3204 0
3204 0
3204 0
3204 0
3204 35.44
3204 0
3204 0
3204 0
3204 0
3204 0
3204 0
3204 0
3230 0
3230 0
3230 0
3230 0
3230 0
3230 0
3230 0
3230 0
3230 31.02
3230 0
3230 0
3230 0
3230 0
3230 0
3230 0
3230 0
3230 0
3230 0
3230 0
3230 0
3230 0
3230 0
3230 0
3230 32.86
3230 0
3230 0
3230 0
3230 0
3230 0
3230 0
3230 0
3368 0
3368 61.53
3368 0
3368 0
3368 0
3368 0
3368 0
3368 0
3368 0
3368 44.63
3368 0
3368 0
3368 0
3368 0
3368 0
3368 0
3368 0
3368 0
3368 0
3368 0
3368 0
3368 0
3368 0
3368 46.46
3368 0
3368 0
3368 0
3368 0
3368 0
3368 0
3368 0
3502 0
3502 26.45
3502 0
3502 0
3502 0
3502 0
3502 0
3502 0
3502 0
3502 33.61
3502 0
3502 0
3502 0
3502 0
3502 0
3502 0
3502 0
3502 0
3502 0
3502 0
3502 0
3502 0
3502 0
3502 35.44
3502 0
3502 0
3502 0
3502 0
3502 0
3502 0
3502 0
3653 0
3653 26.45
3653 0
3653 0
3653 0
3653 0
3653 0
3653 0
3653 0
3653 33.61
3653 0
3653 0
3653 0
3653 0
3653 0
3653 0
3653 0
3653 0
3653 0
3653 0
3653 0
3653 0
3653 0
3653 35.44
3653 0
3653 0
3653 0
3653 0
3653 0
3653 0
3653 0
3736 0
3736 26.45
3736 0
3736 0
3736 0
3736 0
3736 0
3736 0
3736 0
3736 33.61
3736 0
3736 0
3736 0
3736 0
3736 0
3736 0
3736 0
3736 0
3736 0
3736 0
3736 0
3736 0
3736 0
3736 35.44
3736 0
3736 0
3736 0
3736 0
3736 0
3736 0
3736 0
3852 0
3852 0
3852 0
3852 0
3852 0
3852 0
3852 0
3852 0
3852 43.03
3852 0
3852 0
3852 0
3852 0
3852 0
3852 0
3852 0
3852 0
3852 0
3852 0
3852 0
3852 0
3852 0
3852 0
3852 47.61
3852 0
3852 0
3852 0
3852 0
3852 0
3852 0
3852 0
3853 0
3853 0
3853 0
3853 0
3853 0
3853 0
3853 0
3853 0
3853 31.02
3853 0
3853 0
3853 0
3853 0
3853 0
3853 0
3853 0
3853 0
3853 0
3853 0
3853 0
3853 0
3853 0
3853 0
3853 32.86
3853 0
3853 0
3853 0
3853 0
3853 0
3853 0
3853 0
3972 0
3972 26.45
3972 0
3972 0
3972 0
3972 0
3972 0
3972 0
3972 0
3972 33.61
3972 0
3972 0
3972 0
3972 0
3972 0
3972 0
3972 0
3972 0
3972 0
3972 0
3972 0
3972 0
3972 0
3972 35.44
3972 0
3972 0
3972 0
3972 0
3972 0
3972 0
3972 0
4114 0
4114 26.45
4114 0
4114 0
4114 0
4114 0
4114 0
4114 0
4114 0
4114 33.61
4114 0
4114 0
4114 0
4114 0
4114 0
4114 0
4114 0
4114 0
4114 0
4114 0
4114 0
4114 0
4114 0
4114 35.44
4114 0
4114 0
4114 0
4114 0
4114 0
4114 0
4114 0
