pt_graph cpue_kghour
7021 0
7021 0
7021 0
7021 0
7021 0
7021 0
7021 0
7021 0
7021 0
7021 0
7021 3059
7021 0
7021 0
7021 0
7021 0
7021 0
7021 0
7021 0
7021 0
7021 0
7021 0
7021 0
7021 0
7021 0
7021 22
7021 0
7021 0
7021 0
7021 0
7021 0
7021 0
7144 0
7144 0
7144 0
7144 0
7144 0
7144 0
7144 0
7144 0
7144 0
7144 0
7144 1553
7144 0
7144 0
7144 0
7144 0
7144 0
7144 0
7144 0
7144 0
7144 0
7144 0
7144 0
7144 0
7144 0
7144 16
7144 0
7144 0
7144 0
7144 0
7144 0
7144 0
7201 0
7201 0
7201 0
7201 0
7201 0
7201 0
7201 0
7201 0
7201 0
7201 0
7201 277
7201 0
7201 0
7201 0
7201 0
7201 0
7201 0
7201 0
7201 0
7201 0
7201 0
7201 0
7201 0
7201 0
7201 4
7201 0
7201 0
7201 0
7201 0
7201 0
7201 0
8350 0
8350 0
8350 0
8350 0
8350 0
8350 0
8350 0
8350 0
8350 0
8350 0
8350 277
8350 0
8350 0
8350 0
8350 0
8350 0
8350 0
8350 0
8350 0
8350 0
8350 0
8350 0
8350 0
8350 0
8350 4
8350 0
8350 0
8350 0
8350 0
8350 0
8350 0
8403 0
8403 0
8403 0
8403 0
8403 0
8403 0
8403 0
8403 0
8403 0
8403 0
8403 277
8403 0
8403 0
8403 0
8403 0
8403 0
8403 0
8403 0
8403 0
8403 0
8403 0
8403 0
8403 0
8403 0
8403 4
8403 0
8403 0
8403 0
8403 0
8403 0
8403 0
8434 0
8434 0
8434 0
8434 0
8434 0
8434 0
8434 0
8434 0
8434 0
8434 0
8434 808
8434 0
8434 0
8434 0
8434 0
8434 0
8434 0
8434 0
8434 0
8434 0
8434 0
8434 0
8434 0
8434 0
8434 6
8434 0
8434 0
8434 0
8434 0
8434 0
8434 0
8437 0
8437 0
8437 0
8437 0
8437 0
8437 0
8437 0
8437 0
8437 0
8437 0
8437 505
8437 0
8437 0
8437 0
8437 0
8437 0
8437 0
8437 0
8437 0
8437 0
8437 0
8437 0
8437 0
8437 0
8437 5
8437 0
8437 0
8437 0
8437 0
8437 0
8437 0
8446 0
8446 0
8446 0
8446 0
8446 0
8446 0
8446 0
8446 0
8446 0
8446 0
8446 277
8446 0
8446 0
8446 0
8446 0
8446 0
8446 0
8446 0
8446 0
8446 0
8446 0
8446 0
8446 0
8446 0
8446 4
8446 0
8446 0
8446 0
8446 0
8446 0
8446 0
8452 0
8452 0
8452 0
8452 0
8452 0
8452 0
8452 0
8452 0
8452 0
8452 0
8452 742
8452 0
8452 0
8452 0
8452 0
8452 0
8452 0
8452 0
8452 0
8452 0
8452 0
8452 0
8452 0
8452 0
8452 6
8452 0
8452 0
8452 0
8452 0
8452 0
8452 0
8473 0
8473 0
8473 0
8473 0
8473 0
8473 0
8473 0
8473 0
8473 0
8473 0
8473 759
8473 0
8473 0
8473 0
8473 0
8473 0
8473 0
8473 0
8473 0
8473 0
8473 0
8473 0
8473 0
8473 0
8473 8
8473 0
8473 0
8473 0
8473 0
8473 0
8473 0
8478 0
8478 0
8478 0
8478 0
8478 0
8478 0
8478 0
8478 0
8478 0
8478 0
8478 505
8478 0
8478 0
8478 0
8478 0
8478 0
8478 0
8478 0
8478 0
8478 0
8478 0
8478 0
8478 0
8478 0
8478 5
8478 0
8478 0
8478 0
8478 0
8478 0
8478 0
8481 0
8481 0
8481 0
8481 0
8481 0
8481 0
8481 0
8481 0
8481 0
8481 0
8481 277
8481 0
8481 0
8481 0
8481 0
8481 0
8481 0
8481 0
8481 0
8481 0
8481 0
8481 0
8481 0
8481 0
8481 4
8481 0
8481 0
8481 0
8481 0
8481 0
8481 0
8513 0
8513 0
8513 0
8513 0
8513 0
8513 0
8513 0
8513 0
8513 0
8513 0
8513 663
8513 0
8513 0
8513 0
8513 0
8513 0
8513 0
8513 0
8513 0
8513 0
8513 0
8513 0
8513 0
8513 0
8513 5
8513 0
8513 0
8513 0
8513 0
8513 0
8513 0
8515 0
8515 0
8515 0
8515 0
8515 0
8515 0
8515 0
8515 0
8515 0
8515 0
8515 277
8515 0
8515 0
8515 0
8515 0
8515 0
8515 0
8515 0
8515 0
8515 0
8515 0
8515 0
8515 0
8515 0
8515 4
8515 0
8515 0
8515 0
8515 0
8515 0
8515 0
8518 0
8518 0
8518 0
8518 0
8518 0
8518 0
8518 0
8518 0
8518 0
8518 0
8518 186
8518 0
8518 0
8518 0
8518 0
8518 0
8518 0
8518 0
8518 0
8518 0
8518 0
8518 0
8518 0
8518 0
8518 0
8518 0
8518 0
8518 0
8518 0
8518 0
8518 0
8525 0
8525 0
8525 0
8525 0
8525 0
8525 0
8525 0
8525 0
8525 0
8525 0
8525 473
8525 0
8525 0
8525 0
8525 0
8525 0
8525 0
8525 0
8525 0
8525 0
8525 0
8525 0
8525 0
8525 0
8525 4
8525 0
8525 0
8525 0
8525 0
8525 0
8525 0
8533 0
8533 0
8533 0
8533 0
8533 0
8533 0
8533 0
8533 0
8533 0
8533 0
8533 505
8533 0
8533 0
8533 0
8533 0
8533 0
8533 0
8533 0
8533 0
8533 0
8533 0
8533 0
8533 0
8533 0
8533 5
8533 0
8533 0
8533 0
8533 0
8533 0
8533 0
8551 0
8551 0
8551 0
8551 0
8551 0
8551 0
8551 0
8551 0
8551 0
8551 0
8551 277
8551 0
8551 0
8551 0
8551 0
8551 0
8551 0
8551 0
8551 0
8551 0
8551 0
8551 0
8551 0
8551 0
8551 4
8551 0
8551 0
8551 0
8551 0
8551 0
8551 0
8563 0
8563 0
8563 0
8563 0
8563 0
8563 0
8563 0
8563 0
8563 0
8563 0
8563 637
8563 0
8563 0
8563 0
8563 0
8563 0
8563 0
8563 0
8563 0
8563 0
8563 0
8563 0
8563 0
8563 0
8563 5
8563 0
8563 0
8563 0
8563 0
8563 0
8563 0
8564 0
8564 0
8564 0
8564 0
8564 0
8564 0
8564 0
8564 0
8564 0
8564 0
8564 505
8564 0
8564 0
8564 0
8564 0
8564 0
8564 0
8564 0
8564 0
8564 0
8564 0
8564 0
8564 0
8564 0
8564 5
8564 0
8564 0
8564 0
8564 0
8564 0
8564 0
8566 0
8566 0
8566 0
8566 0
8566 0
8566 0
8566 0
8566 0
8566 0
8566 0
8566 345
8566 0
8566 0
8566 0
8566 0
8566 0
8566 0
8566 0
8566 0
8566 0
8566 0
8566 0
8566 0
8566 0
8566 0
8566 0
8566 0
8566 0
8566 0
8566 0
8566 0
8575 0
8575 0
8575 0
8575 0
8575 0
8575 0
8575 0
8575 0
8575 0
8575 0
8575 346
8575 0
8575 0
8575 0
8575 0
8575 0
8575 0
8575 0
8575 0
8575 0
8575 0
8575 0
8575 0
8575 0
8575 3
8575 0
8575 0
8575 0
8575 0
8575 0
8575 0
8578 0
8578 0
8578 0
8578 0
8578 0
8578 0
8578 0
8578 0
8578 0
8578 0
8578 630
8578 0
8578 0
8578 0
8578 0
8578 0
8578 0
8578 0
8578 0
8578 0
8578 0
8578 0
8578 0
8578 0
8578 4
8578 0
8578 0
8578 0
8578 0
8578 0
8578 0
8588 0
8588 0
8588 0
8588 0
8588 0
8588 0
8588 0
8588 0
8588 0
8588 0
8588 390
8588 0
8588 0
8588 0
8588 0
8588 0
8588 0
8588 0
8588 0
8588 0
8588 0
8588 0
8588 0
8588 0
8588 3
8588 0
8588 0
8588 0
8588 0
8588 0
8588 0
8612 0
8612 0
8612 0
8612 0
8612 0
8612 0
8612 0
8612 0
8612 0
8612 0
8612 759
8612 0
8612 0
8612 0
8612 0
8612 0
8612 0
8612 0
8612 0
8612 0
8612 0
8612 0
8612 0
8612 0
8612 8
8612 0
8612 0
8612 0
8612 0
8612 0
8612 0
8617 0
8617 0
8617 0
8617 0
8617 0
8617 0
8617 0
8617 0
8617 0
8617 0
8617 443
8617 0
8617 0
8617 0
8617 0
8617 0
8617 0
8617 0
8617 0
8617 0
8617 0
8617 0
8617 0
8617 0
8617 1
8617 0
8617 0
8617 0
8617 0
8617 0
8617 0
8631 0
8631 0
8631 0
8631 0
8631 0
8631 0
8631 0
8631 0
8631 0
8631 0
8631 537
8631 0
8631 0
8631 0
8631 0
8631 0
8631 0
8631 0
8631 0
8631 0
8631 0
8631 0
8631 0
8631 0
8631 2
8631 0
8631 0
8631 0
8631 0
8631 0
8631 0
8643 0
8643 0
8643 0
8643 0
8643 0
8643 0
8643 0
8643 0
8643 0
8643 0
8643 540
8643 0
8643 0
8643 0
8643 0
8643 0
8643 0
8643 0
8643 0
8643 0
8643 0
8643 0
8643 0
8643 0
8643 2
8643 0
8643 0
8643 0
8643 0
8643 0
8643 0
8645 0
8645 0
8645 0
8645 0
8645 0
8645 0
8645 0
8645 0
8645 0
8645 0
8645 505
8645 0
8645 0
8645 0
8645 0
8645 0
8645 0
8645 0
8645 0
8645 0
8645 0
8645 0
8645 0
8645 0
8645 5
8645 0
8645 0
8645 0
8645 0
8645 0
8645 0
8652 0
8652 0
8652 0
8652 0
8652 0
8652 0
8652 0
8652 0
8652 0
8652 0
8652 345
8652 0
8652 0
8652 0
8652 0
8652 0
8652 0
8652 0
8652 0
8652 0
8652 0
8652 0
8652 0
8652 0
8652 0
8652 0
8652 0
8652 0
8652 0
8652 0
8652 0
8655 0
8655 0
8655 0
8655 0
8655 0
8655 0
8655 0
8655 0
8655 0
8655 0
8655 353
8655 0
8655 0
8655 0
8655 0
8655 0
8655 0
8655 0
8655 0
8655 0
8655 0
8655 0
8655 0
8655 0
8655 1
8655 0
8655 0
8655 0
8655 0
8655 0
8655 0
8682 0
8682 0
8682 0
8682 0
8682 0
8682 0
8682 0
8682 0
8682 0
8682 0
8682 523
8682 0
8682 0
8682 0
8682 3
8682 0
8682 0
8682 0
8682 0
8682 0
8682 0
8682 0
8682 0
8682 0
8682 3
8682 0
8682 0
8682 0
8682 0
8682 0
8682 0
8686 0
8686 0
8686 0
8686 0
8686 0
8686 0
8686 0
8686 0
8686 0
8686 0
8686 495
8686 0
8686 0
8686 0
8686 0
8686 0
8686 0
8686 0
8686 0
8686 0
8686 0
8686 0
8686 0
8686 0
8686 3
8686 0
8686 0
8686 0
8686 0
8686 0
8686 0
8692 0
8692 0
8692 0
8692 0
8692 0
8692 0
8692 0
8692 0
8692 0
8692 0
8692 345
8692 0
8692 0
8692 0
8692 0
8692 0
8692 0
8692 0
8692 0
8692 0
8692 0
8692 0
8692 0
8692 0
8692 0
8692 0
8692 0
8692 0
8692 0
8692 0
8692 0
8699 0
8699 0
8699 0
8699 0
8699 0
8699 0
8699 0
8699 0
8699 0
8699 0
8699 418
8699 0
8699 0
8699 0
8699 0
8699 0
8699 0
8699 0
8699 0
8699 0
8699 0
8699 0
8699 0
8699 0
8699 1
8699 0
8699 0
8699 0
8699 0
8699 0
8699 0
8708 0
8708 0
8708 0
8708 0
8708 0
8708 0
8708 0
8708 0
8708 0
8708 0
8708 505
8708 0
8708 0
8708 0
8708 0
8708 0
8708 0
8708 0
8708 0
8708 0
8708 0
8708 0
8708 0
8708 0
8708 5
8708 0
8708 0
8708 0
8708 0
8708 0
8708 0
8713 0
8713 0
8713 0
8713 0
8713 0
8713 0
8713 0
8713 0
8713 0
8713 0
8713 720
8713 0
8713 0
8713 0
8713 0
8713 0
8713 0
8713 0
8713 0
8713 0
8713 0
8713 0
8713 0
8713 0
8713 6
8713 0
8713 0
8713 0
8713 0
8713 0
8713 0
8718 0
8718 0
8718 0
8718 0
8718 0
8718 0
8718 0
8718 0
8718 0
8718 0
8718 360
8718 0
8718 0
8718 0
8718 0
8718 0
8718 0
8718 0
8718 0
8718 0
8718 0
8718 0
8718 0
8718 0
8718 1
8718 0
8718 0
8718 0
8718 0
8718 0
8718 0
8774 0
8774 0
8774 0
8774 0
8774 0
8774 0
8774 0
8774 0
8774 0
8774 0
8774 569
8774 0
8774 0
8774 0
8774 3
8774 0
8774 0
8774 0
8774 0
8774 0
8774 0
8774 0
8774 0
8774 0
8774 3
8774 0
8774 0
8774 0
8774 0
8774 0
8774 0
8776 0
8776 0
8776 0
8776 0
8776 0
8776 0
8776 0
8776 0
8776 0
8776 0
8776 320
8776 0
8776 0
8776 0
8776 2
8776 0
8776 0
8776 0
8776 0
8776 0
8776 0
8776 0
8776 0
8776 0
8776 1
8776 0
8776 0
8776 0
8776 0
8776 0
8776 0
8818 0
8818 0
8818 0
8818 0
8818 0
8818 0
8818 0
8818 0
8818 0
8818 0
8818 720
8818 0
8818 0
8818 0
8818 0
8818 0
8818 0
8818 0
8818 0
8818 0
8818 0
8818 0
8818 0
8818 0
8818 6
8818 0
8818 0
8818 0
8818 0
8818 0
8818 0
8821 0
8821 0
8821 0
8821 0
8821 0
8821 0
8821 0
8821 0
8821 0
8821 0
8821 2428
8821 0
8821 0
8821 0
8821 0
8821 0
8821 0
8821 0
8821 0
8821 0
8821 0
8821 0
8821 0
8821 0
8821 38
8821 0
8821 0
8821 0
8821 0
8821 0
8821 0
8833 0
8833 0
8833 0
8833 0
8833 0
8833 0
8833 0
8833 0
8833 0
8833 0
8833 551
8833 0
8833 0
8833 0
8833 3
8833 0
8833 0
8833 0
8833 0
8833 0
8833 0
8833 0
8833 0
8833 0
8833 3
8833 0
8833 0
8833 0
8833 0
8833 0
8833 0
8835 0
8835 0
8835 0
8835 0
8835 0
8835 0
8835 0
8835 0
8835 0
8835 0
8835 363
8835 0
8835 0
8835 0
8835 0
8835 0
8835 0
8835 0
8835 0
8835 0
8835 0
8835 0
8835 0
8835 0
8835 1
8835 0
8835 0
8835 0
8835 0
8835 0
8835 0
8856 0
8856 0
8856 0
8856 0
8856 0
8856 0
8856 0
8856 0
8856 0
8856 0
8856 725
8856 0
8856 0
8856 0
8856 0
8856 0
8856 0
8856 0
8856 0
8856 0
8856 0
8856 0
8856 0
8856 0
8856 4
8856 0
8856 0
8856 0
8856 0
8856 0
8856 0
8863 0
8863 0
8863 0
8863 0
8863 0
8863 0
8863 0
8863 0
8863 0
8863 0
8863 186
8863 0
8863 0
8863 0
8863 0
8863 0
8863 0
8863 0
8863 0
8863 0
8863 0
8863 0
8863 0
8863 0
8863 0
8863 0
8863 0
8863 0
8863 0
8863 0
8863 0
8882 0
8882 0
8882 0
8882 0
8882 0
8882 0
8882 0
8882 0
8882 0
8882 0
8882 1348
8882 0
8882 0
8882 0
8882 0
8882 0
8882 0
8882 0
8882 0
8882 0
8882 0
8882 0
8882 0
8882 0
8882 16
8882 0
8882 0
8882 0
8882 0
8882 0
8882 0
8894 0
8894 0
8894 0
8894 0
8894 0
8894 0
8894 0
8894 0
8894 0
8894 0
8894 408
8894 0
8894 0
8894 0
8894 5
8894 0
8894 0
8894 0
8894 0
8894 0
8894 0
8894 0
8894 0
8894 0
8894 2
8894 0
8894 0
8894 0
8894 0
8894 0
8894 0
8914 0
8914 0
8914 0
8914 0
8914 0
8914 0
8914 0
8914 0
8914 0
8914 0
8914 394
8914 0
8914 0
8914 0
8914 0
8914 0
8914 0
8914 0
8914 0
8914 0
8914 0
8914 0
8914 0
8914 0
8914 1
8914 0
8914 0
8914 0
8914 0
8914 0
8914 0
8925 0
8925 0
8925 0
8925 0
8925 0
8925 0
8925 0
8925 0
8925 0
8925 0
8925 390
8925 0
8925 0
8925 0
8925 0
8925 0
8925 0
8925 0
8925 0
8925 0
8925 0
8925 0
8925 0
8925 0
8925 3
8925 0
8925 0
8925 0
8925 0
8925 0
8925 0
8928 0
8928 0
8928 0
8928 0
8928 0
8928 0
8928 0
8928 0
8928 0
8928 0
8928 325
8928 0
8928 0
8928 0
8928 0
8928 0
8928 0
8928 0
8928 0
8928 0
8928 0
8928 0
8928 0
8928 0
8928 0
8928 0
8928 0
8928 0
8928 0
8928 0
8928 0
8936 0
8936 0
8936 0
8936 0
8936 0
8936 0
8936 0
8936 0
8936 0
8936 0
8936 233
8936 0
8936 0
8936 0
8936 0
8936 0
8936 0
8936 0
8936 0
8936 0
8936 0
8936 0
8936 0
8936 0
8936 0
8936 0
8936 0
8936 0
8936 0
8936 0
8936 0
8969 0
8969 0
8969 0
8969 0
8969 0
8969 0
8969 0
8969 0
8969 0
8969 0
8969 410
8969 0
8969 0
8969 0
8969 0
8969 0
8969 0
8969 0
8969 0
8969 0
8969 0
8969 0
8969 0
8969 0
8969 2
8969 0
8969 0
8969 0
8969 0
8969 0
8969 0
8978 0
8978 0
8978 0
8978 0
8978 0
8978 0
8978 0
8978 0
8978 0
8978 0
8978 1348
8978 0
8978 0
8978 0
8978 0
8978 0
8978 0
8978 0
8978 0
8978 0
8978 0
8978 0
8978 0
8978 0
8978 16
8978 0
8978 0
8978 0
8978 0
8978 0
8978 0
8982 0
8982 0
8982 0
8982 0
8982 0
8982 0
8982 0
8982 0
8982 0
8982 0
8982 522
8982 0
8982 0
8982 0
8982 0
8982 0
8982 0
8982 0
8982 0
8982 0
8982 0
8982 0
8982 0
8982 0
8982 3
8982 0
8982 0
8982 0
8982 0
8982 0
8982 0
8984 0
8984 0
8984 0
8984 0
8984 0
8984 0
8984 0
8984 0
8984 0
8984 0
8984 357
8984 0
8984 0
8984 0
8984 0
8984 0
8984 0
8984 0
8984 0
8984 0
8984 0
8984 0
8984 0
8984 0
8984 2
8984 0
8984 0
8984 0
8984 0
8984 0
8984 0
9025 0
9025 0
9025 0
9025 0
9025 0
9025 0
9025 0
9025 0
9025 0
9025 0
9025 522
9025 0
9025 0
9025 0
9025 0
9025 0
9025 0
9025 0
9025 0
9025 0
9025 0
9025 0
9025 0
9025 0
9025 3
9025 0
9025 0
9025 0
9025 0
9025 0
9025 0
9060 0
9060 0
9060 0
9060 0
9060 0
9060 0
9060 0
9060 0
9060 0
9060 0
9060 233
9060 0
9060 0
9060 0
9060 0
9060 0
9060 0
9060 0
9060 0
9060 0
9060 0
9060 0
9060 0
9060 0
9060 0
9060 0
9060 0
9060 0
9060 0
9060 0
9060 0
9061 0
9061 0
9061 0
9061 0
9061 0
9061 0
9061 0
9061 0
9061 0
9061 0
9061 357
9061 0
9061 0
9061 0
9061 0
9061 0
9061 0
9061 0
9061 0
9061 0
9061 0
9061 0
9061 0
9061 0
9061 2
9061 0
9061 0
9061 0
9061 0
9061 0
9061 0
9073 0
9073 0
9073 0
9073 0
9073 0
9073 0
9073 0
9073 0
9073 0
9073 0
9073 390
9073 0
9073 0
9073 0
9073 0
9073 0
9073 0
9073 0
9073 0
9073 0
9073 0
9073 0
9073 0
9073 0
9073 3
9073 0
9073 0
9073 0
9073 0
9073 0
9073 0
9100 0
9100 0
9100 0
9100 0
9100 0
9100 0
9100 0
9100 0
9100 0
9100 0
9100 1348
9100 0
9100 0
9100 0
9100 0
9100 0
9100 0
9100 0
9100 0
9100 0
9100 0
9100 0
9100 0
9100 0
9100 16
9100 0
9100 0
9100 0
9100 0
9100 0
9100 0
9128 0
9128 0
9128 0
9128 0
9128 0
9128 0
9128 0
9128 0
9128 0
9128 0
9128 808
9128 0
9128 0
9128 0
9128 0
9128 0
9128 0
9128 0
9128 0
9128 0
9128 0
9128 0
9128 0
9128 0
9128 6
9128 0
9128 0
9128 0
9128 0
9128 0
9128 0
9141 0
9141 0
9141 0
9141 0
9141 0
9141 0
9141 0
9141 0
9141 0
9141 0
9141 390
9141 0
9141 0
9141 0
9141 0
9141 0
9141 0
9141 0
9141 0
9141 0
9141 0
9141 0
9141 0
9141 0
9141 3
9141 0
9141 0
9141 0
9141 0
9141 0
9141 0
9159 0
9159 0
9159 0
9159 0
9159 0
9159 0
9159 0
9159 0
9159 0
9159 0
9159 428
9159 0
9159 0
9159 0
9159 7
9159 0
9159 0
9159 0
9159 0
9159 0
9159 0
9159 0
9159 0
9159 0
9159 2
9159 0
9159 0
9159 0
9159 0
9159 0
9159 0
9167 0
9167 0
9167 0
9167 0
9167 0
9167 0
9167 0
9167 0
9167 0
9167 0
9167 720
9167 0
9167 0
9167 0
9167 0
9167 0
9167 0
9167 0
9167 0
9167 0
9167 0
9167 0
9167 0
9167 0
9167 6
9167 0
9167 0
9167 0
9167 0
9167 0
9167 0
9179 0
9179 0
9179 0
9179 0
9179 0
9179 0
9179 0
9179 0
9179 0
9179 0
9179 720
9179 0
9179 0
9179 0
9179 0
9179 0
9179 0
9179 0
9179 0
9179 0
9179 0
9179 0
9179 0
9179 0
9179 6
9179 0
9179 0
9179 0
9179 0
9179 0
9179 0
9183 0
9183 0
9183 0
9183 0
9183 0
9183 0
9183 0
9183 0
9183 0
9183 0
9183 1348
9183 0
9183 0
9183 0
9183 0
9183 0
9183 0
9183 0
9183 0
9183 0
9183 0
9183 0
9183 0
9183 0
9183 16
9183 0
9183 0
9183 0
9183 0
9183 0
9183 0
9233 0
9233 0
9233 0
9233 0
9233 0
9233 0
9233 0
9233 0
9233 0
9233 0
9233 808
9233 0
9233 0
9233 0
9233 0
9233 0
9233 0
9233 0
9233 0
9233 0
9233 0
9233 0
9233 0
9233 0
9233 6
9233 0
9233 0
9233 0
9233 0
9233 0
9233 0
9239 0
9239 0
9239 0
9239 0
9239 0
9239 0
9239 0
9239 0
9239 0
9239 0
9239 1348
9239 0
9239 0
9239 0
9239 0
9239 0
9239 0
9239 0
9239 0
9239 0
9239 0
9239 0
9239 0
9239 0
9239 16
9239 0
9239 0
9239 0
9239 0
9239 0
9239 0
9265 0
9265 0
9265 0
9265 0
9265 0
9265 0
9265 0
9265 0
9265 0
9265 0
9265 692
9265 0
9265 0
9265 0
9265 0
9265 0
9265 0
9265 0
9265 0
9265 0
9265 0
9265 0
9265 0
9265 0
9265 6
9265 0
9265 0
9265 0
9265 0
9265 0
9265 0
9272 0
9272 0
9272 0
9272 0
9272 0
9272 0
9272 0
9272 0
9272 0
9272 0
9272 292
9272 0
9272 0
9272 0
9272 0
9272 0
9272 0
9272 0
9272 0
9272 0
9272 0
9272 0
9272 0
9272 0
9272 3
9272 0
9272 0
9272 0
9272 0
9272 0
9272 0
9288 0
9288 0
9288 0
9288 0
9288 0
9288 0
9288 0
9288 0
9288 0
9288 0
9288 720
9288 0
9288 0
9288 0
9288 0
9288 0
9288 0
9288 0
9288 0
9288 0
9288 0
9288 0
9288 0
9288 0
9288 6
9288 0
9288 0
9288 0
9288 0
9288 0
9288 0
9366 0
9366 0
9366 0
9366 0
9366 0
9366 0
9366 0
9366 0
9366 0
9366 0
9366 936
9366 0
9366 0
9366 0
9366 0
9366 0
9366 0
9366 0
9366 0
9366 0
9366 0
9366 0
9366 0
9366 0
9366 6
9366 0
9366 0
9366 0
9366 0
9366 0
9366 0
9412 0
9412 0
9412 0
9412 0
9412 0
9412 0
9412 0
9412 0
9412 0
9412 0
9412 394
9412 0
9412 0
9412 0
9412 0
9412 0
9412 0
9412 0
9412 0
9412 0
9412 0
9412 0
9412 0
9412 0
9412 4
9412 0
9412 0
9412 0
9412 0
9412 0
9412 0
9439 0
9439 0
9439 0
9439 0
9439 0
9439 0
9439 0
9439 0
9439 0
9439 0
9439 394
9439 0
9439 0
9439 0
9439 0
9439 0
9439 0
9439 0
9439 0
9439 0
9439 0
9439 0
9439 0
9439 0
9439 4
9439 0
9439 0
9439 0
9439 0
9439 0
9439 0
9441 0
9441 0
9441 0
9441 0
9441 0
9441 0
9441 0
9441 0
9441 0
9441 0
9441 692
9441 0
9441 0
9441 0
9441 0
9441 0
9441 0
9441 0
9441 0
9441 0
9441 0
9441 0
9441 0
9441 0
9441 6
9441 0
9441 0
9441 0
9441 0
9441 0
9441 0
9445 0
9445 0
9445 0
9445 0
9445 0
9445 0
9445 0
9445 0
9445 0
9445 0
9445 394
9445 0
9445 0
9445 0
9445 0
9445 0
9445 0
9445 0
9445 0
9445 0
9445 0
9445 0
9445 0
9445 0
9445 4
9445 0
9445 0
9445 0
9445 0
9445 0
9445 0
9496 0
9496 0
9496 0
9496 0
9496 0
9496 0
9496 0
9496 0
9496 0
9496 0
9496 722
9496 0
9496 0
9496 0
9496 0
9496 0
9496 0
9496 0
9496 0
9496 0
9496 0
9496 0
9496 0
9496 0
9496 5
9496 0
9496 0
9496 0
9496 0
9496 0
9496 0
9524 0
9524 0
9524 0
9524 0
9524 0
9524 0
9524 0
9524 0
9524 0
9524 0
9524 343
9524 0
9524 0
9524 0
9524 0
9524 0
9524 0
9524 0
9524 0
9524 0
9524 0
9524 0
9524 0
9524 0
9524 3
9524 0
9524 0
9524 0
9524 0
9524 0
9524 0
9541 0
9541 0
9541 0
9541 0
9541 0
9541 0
9541 0
9541 0
9541 0
9541 0
9541 292
9541 0
9541 0
9541 0
9541 0
9541 0
9541 0
9541 0
9541 0
9541 0
9541 0
9541 0
9541 0
9541 0
9541 3
9541 0
9541 0
9541 0
9541 0
9541 0
9541 0
9556 0
9556 0
9556 0
9556 0
9556 0
9556 0
9556 0
9556 0
9556 0
9556 0
9556 394
9556 0
9556 0
9556 0
9556 0
9556 0
9556 0
9556 0
9556 0
9556 0
9556 0
9556 0
9556 0
9556 0
9556 4
9556 0
9556 0
9556 0
9556 0
9556 0
9556 0
9593 0
9593 0
9593 0
9593 0
9593 0
9593 0
9593 0
9593 0
9593 0
9593 0
9593 702
9593 0
9593 0
9593 0
9593 0
9593 0
9593 0
9593 0
9593 0
9593 0
9593 0
9593 0
9593 0
9593 0
9593 8
9593 0
9593 0
9593 0
9593 0
9593 0
9593 0
9609 0
9609 0
9609 0
9609 0
9609 0
9609 0
9609 0
9609 0
9609 0
9609 0
9609 1180
9609 0
9609 0
9609 0
9609 0
9609 0
9609 0
9609 0
9609 0
9609 0
9609 0
9609 0
9609 0
9609 0
9609 7
9609 0
9609 0
9609 0
9609 0
9609 0
9609 0
9620 0
9620 0
9620 0
9620 0
9620 0
9620 0
9620 0
9620 0
9620 0
9620 0
9620 394
9620 0
9620 0
9620 0
9620 0
9620 0
9620 0
9620 0
9620 0
9620 0
9620 0
9620 0
9620 0
9620 0
9620 4
9620 0
9620 0
9620 0
9620 0
9620 0
9620 0
9643 0
9643 0
9643 0
9643 0
9643 0
9643 0
9643 0
9643 0
9643 0
9643 0
9643 2290
9643 0
9643 0
9643 0
9643 0
9643 0
9643 0
9643 0
9643 0
9643 0
9643 0
9643 0
9643 0
9643 0
9643 13
9643 0
9643 0
9643 0
9643 0
9643 0
9643 0
9666 0
9666 0
9666 0
9666 0
9666 0
9666 0
9666 0
9666 0
9666 0
9666 0
9666 292
9666 0
9666 0
9666 0
9666 0
9666 0
9666 0
9666 0
9666 0
9666 0
9666 0
9666 0
9666 0
9666 0
9666 3
9666 0
9666 0
9666 0
9666 0
9666 0
9666 0
9726 0
9726 0
9726 0
9726 0
9726 0
9726 0
9726 0
9726 0
9726 0
9726 0
9726 292
9726 0
9726 0
9726 0
9726 0
9726 0
9726 0
9726 0
9726 0
9726 0
9726 0
9726 0
9726 0
9726 0
9726 3
9726 0
9726 0
9726 0
9726 0
9726 0
9726 0
9748 0
9748 0
9748 0
9748 0
9748 0
9748 0
9748 0
9748 0
9748 0
9748 0
9748 702
9748 0
9748 0
9748 0
9748 0
9748 0
9748 0
9748 0
9748 0
9748 0
9748 0
9748 0
9748 0
9748 0
9748 8
9748 0
9748 0
9748 0
9748 0
9748 0
9748 0
9844 0
9844 0
9844 0
9844 0
9844 0
9844 0
9844 0
9844 0
9844 0
9844 0
9844 292
9844 0
9844 0
9844 0
9844 0
9844 0
9844 0
9844 0
9844 0
9844 0
9844 0
9844 0
9844 0
9844 0
9844 3
9844 0
9844 0
9844 0
9844 0
9844 0
9844 0
9874 0
9874 0
9874 0
9874 0
9874 0
9874 0
9874 0
9874 0
9874 0
9874 0
9874 702
9874 0
9874 0
9874 0
9874 0
9874 0
9874 0
9874 0
9874 0
9874 0
9874 0
9874 0
9874 0
9874 0
9874 8
9874 0
9874 0
9874 0
9874 0
9874 0
9874 0
10218 0
10218 0
10218 0
10218 0
10218 0
10218 0
10218 0
10218 0
10218 0
10218 0
10218 1145
10218 0
10218 0
10218 0
10218 0
10218 0
10218 0
10218 0
10218 0
10218 0
10218 0
10218 0
10218 0
10218 0
10218 7
10218 0
10218 0
10218 0
10218 0
10218 0
10218 0
10492 0
10492 0
10492 0
10492 0
10492 0
10492 0
10492 0
10492 0
10492 0
10492 0
10492 1180
10492 0
10492 0
10492 0
10492 0
10492 0
10492 0
10492 0
10492 0
10492 0
10492 0
10492 0
10492 0
10492 0
10492 7
10492 0
10492 0
10492 0
10492 0
10492 0
10492 0
10842 0
10842 0
10842 0
10842 0
10842 0
10842 0
10842 0
10842 0
10842 0
10842 0
10842 162
10842 0
10842 0
10842 0
10842 0
10842 0
10842 0
10842 0
10842 0
10842 0
10842 0
10842 0
10842 0
10842 0
10842 0
10842 0
10842 0
10842 0
10842 0
10842 0
10842 0
10844 0
10844 0
10844 0
10844 0
10844 0
10844 0
10844 0
10844 0
10844 0
10844 0
10844 162
10844 0
10844 0
10844 0
10844 0
10844 0
10844 0
10844 0
10844 0
10844 0
10844 0
10844 0
10844 0
10844 0
10844 0
10844 0
10844 0
10844 0
10844 0
10844 0
10844 0
10861 0
10861 0
10861 0
10861 0
10861 0
10861 0
10861 0
10861 0
10861 0
10861 0
10861 162
10861 0
10861 0
10861 0
10861 0
10861 0
10861 0
10861 0
10861 0
10861 0
10861 0
10861 0
10861 0
10861 0
10861 0
10861 0
10861 0
10861 0
10861 0
10861 0
10861 0
10883 0
10883 0
10883 0
10883 0
10883 0
10883 0
10883 0
10883 0
10883 0
10883 0
10883 0
10883 161
10883 0
10883 0
10883 0
10883 0
10883 0
10883 0
10883 0
10883 0
10883 0
10883 0
10883 0
10883 0
10883 0
10883 0
10883 0
10883 0
10883 0
10883 0
10883 0
10893 0
10893 0
10893 0
10893 0
10893 0
10893 0
10893 0
10893 0
10893 0
10893 0
10893 0
10893 382
10893 0
10893 0
10893 0
10893 0
10893 0
10893 0
10893 0
10893 0
10893 0
10893 0
10893 0
10893 0
10893 0
10893 0
10893 0
10893 0
10893 0
10893 0
10893 0
10897 0
10897 0
10897 0
10897 0
10897 0
10897 0
10897 0
10897 0
10897 0
10897 0
10897 0
10897 162
10897 0
10897 0
10897 0
10897 0
10897 0
10897 0
10897 0
10897 0
10897 0
10897 0
10897 0
10897 0
10897 0
10897 0
10897 0
10897 0
10897 0
10897 0
10897 0
10905 0
10905 0
10905 0
10905 0
10905 0
10905 0
10905 0
10905 0
10905 0
10905 0
10905 0
10905 173
10905 0
10905 0
10905 0
10905 0
10905 0
10905 0
10905 0
10905 0
10905 0
10905 0
10905 0
10905 0
10905 0
10905 0
10905 0
10905 0
10905 0
10905 0
10905 0
10909 0
10909 0
10909 0
10909 0
10909 0
10909 0
10909 0
10909 0
10909 0
10909 0
10909 0
10909 173
10909 0
10909 0
10909 0
10909 0
10909 0
10909 0
10909 0
10909 0
10909 0
10909 0
10909 0
10909 0
10909 0
10909 0
10909 0
10909 0
10909 0
10909 0
10909 0
10920 0
10920 0
10920 0
10920 0
10920 0
10920 0
10920 0
10920 0
10920 0
10920 0
10920 0
10920 312
10920 0
10920 0
10920 0
10920 0
10920 0
10920 0
10920 0
10920 0
10920 0
10920 0
10920 0
10920 0
10920 0
10920 0
10920 0
10920 0
10920 0
10920 0
10920 0
10924 0
10924 0
10924 0
10924 0
10924 0
10924 0
10924 0
10924 0
10924 0
10924 0
10924 0
10924 173
10924 0
10924 0
10924 0
10924 0
10924 0
10924 0
10924 0
10924 0
10924 0
10924 0
10924 0
10924 0
10924 0
10924 0
10924 0
10924 0
10924 0
10924 0
10924 0
10926 0
10926 0
10926 0
10926 0
10926 0
10926 0
10926 0
10926 0
10926 0
10926 0
10926 0
10926 312
10926 0
10926 0
10926 0
10926 0
10926 0
10926 0
10926 0
10926 0
10926 0
10926 0
10926 0
10926 0
10926 0
10926 0
10926 0
10926 0
10926 0
10926 0
10926 0
10929 0
10929 0
10929 0
10929 0
10929 0
10929 0
10929 0
10929 0
10929 0
10929 0
10929 0
10929 316
10929 0
10929 0
10929 0
10929 0
10929 0
10929 0
10929 0
10929 0
10929 0
10929 0
10929 0
10929 0
10929 0
10929 0
10929 0
10929 0
10929 0
10929 0
10929 0
10955 0
10955 0
10955 0
10955 0
10955 0
10955 0
10955 0
10955 0
10955 0
10955 0
10955 0
10955 312
10955 0
10955 0
10955 0
10955 0
10955 0
10955 0
10955 0
10955 0
10955 0
10955 0
10955 0
10955 0
10955 0
10955 0
10955 0
10955 0
10955 0
10955 0
10955 0
10959 0
10959 0
10959 0
10959 0
10959 0
10959 0
10959 0
10959 0
10959 0
10959 0
10959 0
10959 308
10959 0
10959 0
10959 0
10959 0
10959 0
10959 0
10959 0
10959 0
10959 0
10959 0
10959 0
10959 0
10959 0
10959 0
10959 0
10959 0
10959 0
10959 0
10959 0
10962 0
10962 0
10962 0
10962 0
10962 0
10962 0
10962 0
10962 0
10962 0
10962 0
10962 0
10962 323
10962 0
10962 0
10962 0
10962 0
10962 0
10962 0
10962 0
10962 0
10962 0
10962 0
10962 0
10962 0
10962 0
10962 0
10962 0
10962 0
10962 0
10962 0
10962 0
10963 0
10963 0
10963 0
10963 0
10963 0
10963 0
10963 0
10963 0
10963 0
10963 0
10963 0
10963 312
10963 0
10963 0
10963 0
10963 0
10963 0
10963 0
10963 0
10963 0
10963 0
10963 0
10963 0
10963 0
10963 0
10963 0
10963 0
10963 0
10963 0
10963 0
10963 0
10993 0
10993 0
10993 0
10993 0
10993 0
10993 0
10993 0
10993 0
10993 0
10993 0
10993 0
10993 465
10993 0
10993 0
10993 0
10993 0
10993 0
10993 0
10993 0
10993 0
10993 0
10993 0
10993 0
10993 0
10993 0
10993 0
10993 0
10993 0
10993 0
10993 0
10993 0
10994 0
10994 0
10994 0
10994 0
10994 0
10994 0
10994 0
10994 0
10994 0
10994 0
10994 0
10994 323
10994 0
10994 0
10994 0
10994 0
10994 0
10994 0
10994 0
10994 0
10994 0
10994 0
10994 0
10994 0
10994 0
10994 0
10994 0
10994 0
10994 0
10994 0
10994 0
