pt_graph cpue_kghour
10229 0
10229 0
10229 0
10229 0
10229 0
10229 0
10229 0
10229 0
10229 0
10229 0
10229 579
10229 0
10229 0
10229 0
10229 0
10229 0
10229 0
10229 0
10229 0
10229 0
10229 0
10229 0
10229 0
10229 0
10229 0
10229 0
10229 0
10229 0
10229 0
10229 0
10229 0
10333 0
10333 0
10333 0
10333 0
10333 0
10333 0
10333 0
10333 0
10333 0
10333 0
10333 579
10333 0
10333 0
10333 0
10333 0
10333 0
10333 0
10333 0
10333 0
10333 0
10333 0
10333 0
10333 0
10333 0
10333 0
10333 0
10333 0
10333 0
10333 0
10333 0
10333 0
10357 0
10357 0
10357 0
10357 0
10357 0
10357 0
10357 0
10357 0
10357 0
10357 0
10357 579
10357 0
10357 0
10357 0
10357 0
10357 0
10357 0
10357 0
10357 0
10357 0
10357 0
10357 0
10357 0
10357 0
10357 0
10357 0
10357 0
10357 0
10357 0
10357 0
10357 0
10456 0
10456 0
10456 0
10456 0
10456 0
10456 0
10456 0
10456 0
10456 0
10456 0
10456 579
10456 0
10456 0
10456 0
10456 0
10456 0
10456 0
10456 0
10456 0
10456 0
10456 0
10456 0
10456 0
10456 0
10456 0
10456 0
10456 0
10456 0
10456 0
10456 0
10456 0
10476 0
10476 0
10476 0
10476 0
10476 0
10476 0
10476 0
10476 0
10476 0
10476 0
10476 579
10476 0
10476 0
10476 0
10476 0
10476 0
10476 0
10476 0
10476 0
10476 0
10476 0
10476 0
10476 0
10476 0
10476 0
10476 0
10476 0
10476 0
10476 0
10476 0
10476 0
10513 0
10513 0
10513 0
10513 0
10513 0
10513 0
10513 0
10513 0
10513 0
10513 0
10513 754
10513 0
10513 0
10513 0
10513 0
10513 0
10513 0
10513 0
10513 0
10513 0
10513 0
10513 0
10513 0
10513 0
10513 0
10513 0
10513 0
10513 0
10513 0
10513 0
10513 0
10528 0
10528 0
10528 0
10528 0
10528 0
10528 0
10528 0
10528 0
10528 0
10528 0
10528 579
10528 0
10528 0
10528 0
10528 0
10528 0
10528 0
10528 0
10528 0
10528 0
10528 0
10528 0
10528 0
10528 0
10528 0
10528 0
10528 0
10528 0
10528 0
10528 0
10528 0
10567 0
10567 0
10567 0
10567 0
10567 0
10567 0
10567 0
10567 0
10567 0
10567 0
10567 579
10567 0
10567 0
10567 0
10567 0
10567 0
10567 0
10567 0
10567 0
10567 0
10567 0
10567 0
10567 0
10567 0
10567 0
10567 0
10567 0
10567 0
10567 0
10567 0
10567 0
10579 0
10579 0
10579 0
10579 0
10579 0
10579 0
10579 0
10579 0
10579 0
10579 0
10579 779
10579 0
10579 0
10579 0
10579 0
10579 0
10579 0
10579 0
10579 0
10579 0
10579 0
10579 0
10579 0
10579 0
10579 0
10579 0
10579 0
10579 0
10579 0
10579 0
10579 0
10594 0
10594 0
10594 0
10594 0
10594 0
10594 0
10594 0
10594 0
10594 0
10594 0
10594 579
10594 0
10594 0
10594 0
10594 0
10594 0
10594 0
10594 0
10594 0
10594 0
10594 0
10594 0
10594 0
10594 0
10594 0
10594 0
10594 0
10594 0
10594 0
10594 0
10594 0
10595 0
10595 0
10595 0
10595 0
10595 0
10595 0
10595 0
10595 0
10595 0
10595 0
10595 579
10595 0
10595 0
10595 0
10595 0
10595 0
10595 0
10595 0
10595 0
10595 0
10595 0
10595 0
10595 0
10595 0
10595 0
10595 0
10595 0
10595 0
10595 0
10595 0
10595 0
10611 0
10611 0
10611 0
10611 0
10611 0
10611 0
10611 0
10611 0
10611 0
10611 0
10611 63
10611 0
10611 0
10611 0
10611 0
10611 0
10611 0
10611 0
10611 0
10611 0
10611 0
10611 0
10611 0
10611 0
10611 0
10611 0
10611 0
10611 0
10611 0
10611 0
10611 0
10612 0
10612 0
10612 0
10612 0
10612 0
10612 0
10612 0
10612 0
10612 0
10612 0
10612 779
10612 0
10612 0
10612 0
10612 0
10612 0
10612 0
10612 0
10612 0
10612 0
10612 0
10612 0
10612 0
10612 0
10612 0
10612 0
10612 0
10612 0
10612 0
10612 0
10612 0
10614 0
10614 0
10614 0
10614 0
10614 0
10614 0
10614 0
10614 0
10614 0
10614 0
10614 65
10614 0
10614 0
10614 0
10614 0
10614 0
10614 0
10614 0
10614 0
10614 0
10614 0
10614 0
10614 0
10614 0
10614 0
10614 0
10614 0
10614 0
10614 0
10614 0
10614 0
10615 0
10615 0
10615 0
10615 0
10615 0
10615 0
10615 0
10615 0
10615 0
10615 0
10615 560
10615 0
10615 0
10615 0
10615 0
10615 0
10615 0
10615 0
10615 0
10615 0
10615 0
10615 0
10615 0
10615 0
10615 0
10615 0
10615 0
10615 0
10615 0
10615 0
10615 0
10636 0
10636 0
10636 0
10636 0
10636 0
10636 0
10636 0
10636 0
10636 0
10636 0
10636 50
10636 0
10636 0
10636 0
10636 0
10636 0
10636 0
10636 0
10636 0
10636 0
10636 0
10636 0
10636 0
10636 0
10636 0
10636 0
10636 0
10636 0
10636 0
10636 0
10636 0
10642 0
10642 0
10642 0
10642 0
10642 0
10642 0
10642 0
10642 0
10642 0
10642 0
10642 560
10642 0
10642 0
10642 0
10642 0
10642 0
10642 0
10642 0
10642 0
10642 0
10642 0
10642 0
10642 0
10642 0
10642 0
10642 0
10642 0
10642 0
10642 0
10642 0
10642 0
10695 0
10695 0
10695 0
10695 0
10695 0
10695 0
10695 0
10695 0
10695 0
10695 0
10695 771
10695 0
10695 0
10695 0
10695 0
10695 0
10695 0
10695 0
10695 0
10695 0
10695 0
10695 0
10695 0
10695 0
10695 0
10695 0
10695 0
10695 0
10695 0
10695 0
10695 0
10702 0
10702 0
10702 0
10702 0
10702 0
10702 0
10702 0
10702 0
10702 0
10702 0
10702 101
10702 0
10702 0
10702 0
10702 0
10702 0
10702 0
10702 0
10702 0
10702 0
10702 0
10702 0
10702 0
10702 0
10702 0
10702 0
10702 0
10702 0
10702 0
10702 0
10702 0
10711 0
10711 0
10711 0
10711 0
10711 0
10711 0
10711 0
10711 0
10711 0
10711 0
10711 98
10711 0
10711 0
10711 0
10711 0
10711 0
10711 0
10711 0
10711 0
10711 0
10711 0
10711 0
10711 0
10711 0
10711 0
10711 0
10711 0
10711 0
10711 0
10711 0
10711 0
10720 0
10720 0
10720 0
10720 0
10720 0
10720 0
10720 0
10720 0
10720 0
10720 0
10720 64
10720 0
10720 0
10720 0
10720 0
10720 0
10720 0
10720 0
10720 0
10720 0
10720 0
10720 0
10720 0
10720 0
10720 0
10720 0
10720 0
10720 0
10720 0
10720 0
10720 0
10730 0
10730 0
10730 0
10730 0
10730 0
10730 0
10730 0
10730 0
10730 0
10730 0
10730 101
10730 0
10730 0
10730 0
10730 0
10730 0
10730 0
10730 0
10730 0
10730 0
10730 0
10730 0
10730 0
10730 0
10730 0
10730 0
10730 0
10730 0
10730 0
10730 0
10730 0
10745 0
10745 0
10745 0
10745 0
10745 0
10745 0
10745 0
10745 0
10745 0
10745 0
10745 65
10745 0
10745 0
10745 0
10745 0
10745 0
10745 0
10745 0
10745 0
10745 0
10745 0
10745 0
10745 0
10745 0
10745 0
10745 0
10745 0
10745 0
10745 0
10745 0
10745 0
10754 0
10754 0
10754 0
10754 0
10754 0
10754 0
10754 0
10754 0
10754 0
10754 0
10754 433
10754 0
10754 0
10754 0
10754 0
10754 0
10754 0
10754 0
10754 0
10754 0
10754 0
10754 0
10754 0
10754 0
10754 0
10754 0
10754 0
10754 0
10754 0
10754 0
10754 0
10773 0
10773 0
10773 0
10773 0
10773 0
10773 0
10773 0
10773 0
10773 0
10773 0
10773 259
10773 0
10773 0
10773 0
10773 0
10773 0
10773 0
10773 0
10773 0
10773 0
10773 0
10773 0
10773 0
10773 0
10773 0
10773 0
10773 0
10773 0
10773 0
10773 0
10773 0
10774 0
10774 0
10774 0
10774 0
10774 0
10774 0
10774 0
10774 0
10774 0
10774 0
10774 65
10774 0
10774 0
10774 0
10774 0
10774 0
10774 0
10774 0
10774 0
10774 0
10774 0
10774 0
10774 0
10774 0
10774 0
10774 0
10774 0
10774 0
10774 0
10774 0
10774 0
10776 0
10776 0
10776 0
10776 0
10776 0
10776 0
10776 0
10776 0
10776 0
10776 0
10776 82
10776 0
10776 0
10776 0
10776 0
10776 0
10776 0
10776 0
10776 0
10776 0
10776 0
10776 0
10776 0
10776 0
10776 0
10776 0
10776 0
10776 0
10776 0
10776 0
10776 0
10778 0
10778 0
10778 0
10778 0
10778 0
10778 0
10778 0
10778 0
10778 0
10778 0
10778 101
10778 0
10778 0
10778 0
10778 0
10778 0
10778 0
10778 0
10778 0
10778 0
10778 0
10778 0
10778 0
10778 0
10778 0
10778 0
10778 0
10778 0
10778 0
10778 0
10778 0
10786 0
10786 0
10786 0
10786 0
10786 0
10786 0
10786 0
10786 0
10786 0
10786 0
10786 101
10786 0
10786 0
10786 0
10786 0
10786 0
10786 0
10786 0
10786 0
10786 0
10786 0
10786 0
10786 0
10786 0
10786 0
10786 0
10786 0
10786 0
10786 0
10786 0
10786 0
10813 0
10813 0
10813 0
10813 0
10813 0
10813 0
10813 0
10813 0
10813 0
10813 0
10813 101
10813 0
10813 0
10813 0
10813 0
10813 0
10813 0
10813 0
10813 0
10813 0
10813 0
10813 0
10813 0
10813 0
10813 0
10813 0
10813 0
10813 0
10813 0
10813 0
10813 0
10820 0
10820 0
10820 0
10820 0
10820 0
10820 0
10820 0
10820 0
10820 0
10820 0
10820 101
10820 0
10820 0
10820 0
10820 0
10820 0
10820 0
10820 0
10820 0
10820 0
10820 0
10820 0
10820 0
10820 0
10820 0
10820 0
10820 0
10820 0
10820 0
10820 0
10820 0
10832 0
10832 0
10832 0
10832 0
10832 0
10832 0
10832 0
10832 0
10832 0
10832 0
10832 2113
10832 0
10832 0
10832 0
10832 0
10832 0
10832 0
10832 0
10832 0
10832 0
10832 0
10832 0
10832 0
10832 0
10832 0
10832 0
10832 0
10832 0
10832 0
10832 0
10832 0
10839 0
10839 0
10839 0
10839 0
10839 0
10839 0
10839 0
10839 0
10839 0
10839 0
10839 1691
10839 0
10839 0
10839 0
10839 0
10839 0
10839 0
10839 0
10839 0
10839 0
10839 0
10839 0
10839 0
10839 0
10839 0
10839 0
10839 0
10839 0
10839 0
10839 0
10839 0
10840 0
10840 0
10840 0
10840 0
10840 0
10840 0
10840 0
10840 0
10840 0
10840 0
10840 925
10840 0
10840 0
10840 0
10840 0
10840 0
10840 0
10840 0
10840 0
10840 0
10840 0
10840 0
10840 0
10840 0
10840 0
10840 0
10840 0
10840 0
10840 0
10840 0
10840 0
10842 0
10842 0
10842 0
10842 0
10842 0
10842 0
10842 0
10842 0
10842 0
10842 0
10842 158
10842 0
10842 0
10842 0
10842 0
10842 0
10842 0
10842 0
10842 0
10842 0
10842 0
10842 0
10842 0
10842 0
10842 0
10842 0
10842 0
10842 0
10842 0
10842 0
10842 0
10847 0
10847 0
10847 0
10847 0
10847 0
10847 0
10847 0
10847 0
10847 0
10847 0
10847 818
10847 0
10847 0
10847 0
10847 0
10847 0
10847 0
10847 0
10847 0
10847 0
10847 0
10847 0
10847 0
10847 0
10847 0
10847 0
10847 0
10847 0
10847 0
10847 0
10847 0
10861 0
10861 0
10861 0
10861 0
10861 0
10861 0
10861 0
10861 0
10861 0
10861 0
10861 255
10861 0
10861 0
10861 0
10861 0
10861 0
10861 0
10861 0
10861 0
10861 0
10861 0
10861 0
10861 0
10861 0
10861 0
10861 0
10861 0
10861 0
10861 0
10861 0
10861 0
10878 0
10878 0
10878 0
10878 0
10878 0
10878 0
10878 0
10878 0
10878 0
10878 0
10878 0
10878 314
10878 0
10878 0
10878 0
10878 0
10878 0
10878 0
10878 0
10878 0
10878 0
10878 0
10878 0
10878 0
10878 0
10878 0
10878 0
10878 0
10878 0
10878 0
10878 0
10883 0
10883 0
10883 0
10883 0
10883 0
10883 0
10883 0
10883 0
10883 0
10883 0
10883 0
10883 561
10883 0
10883 0
10883 0
10883 0
10883 0
10883 0
10883 0
10883 0
10883 0
10883 0
10883 0
10883 0
10883 0
10883 0
10883 0
10883 0
10883 0
10883 0
10883 0
10887 0
10887 0
10887 0
10887 0
10887 0
10887 0
10887 0
10887 0
10887 0
10887 0
10887 0
10887 839
10887 0
10887 0
10887 0
10887 0
10887 0
10887 0
10887 0
10887 0
10887 0
10887 0
10887 0
10887 0
10887 0
10887 0
10887 0
10887 0
10887 0
10887 0
10887 0
10891 0
10891 0
10891 0
10891 0
10891 0
10891 0
10891 0
10891 0
10891 0
10891 0
10891 0
10891 419
10891 0
10891 0
10891 0
10891 0
10891 0
10891 0
10891 0
10891 0
10891 0
10891 0
10891 0
10891 0
10891 0
10891 0
10891 0
10891 0
10891 0
10891 0
10891 0
10892 0
10892 0
10892 0
10892 0
10892 0
10892 0
10892 0
10892 0
10892 0
10892 0
10892 0
10892 941
10892 0
10892 0
10892 0
10892 0
10892 0
10892 0
10892 0
10892 0
10892 0
10892 0
10892 0
10892 0
10892 0
10892 0
10892 0
10892 0
10892 0
10892 0
10892 0
10897 0
10897 0
10897 0
10897 0
10897 0
10897 0
10897 0
10897 0
10897 0
10897 0
10897 0
10897 484
10897 0
10897 0
10897 0
10897 0
10897 0
10897 0
10897 0
10897 0
10897 0
10897 0
10897 0
10897 0
10897 0
10897 0
10897 0
10897 0
10897 0
10897 0
10897 0
10899 0
10899 0
10899 0
10899 0
10899 0
10899 0
10899 0
10899 0
10899 0
10899 0
10899 0
10899 536
10899 0
10899 0
10899 0
10899 0
10899 0
10899 0
10899 0
10899 0
10899 0
10899 0
10899 0
10899 0
10899 0
10899 0
10899 0
10899 0
10899 0
10899 0
10899 0
10900 0
10900 0
10900 0
10900 0
10900 0
10900 0
10900 0
10900 0
10900 0
10900 0
10900 0
10900 447
10900 0
10900 0
10900 0
10900 0
10900 0
10900 0
10900 0
10900 0
10900 0
10900 0
10900 0
10900 0
10900 0
10900 0
10900 0
10900 0
10900 0
10900 0
10900 0
10902 0
10902 0
10902 0
10902 0
10902 0
10902 0
10902 0
10902 0
10902 0
10902 0
10902 0
10902 501
10902 0
10902 0
10902 0
10902 0
10902 0
10902 0
10902 0
10902 0
10902 0
10902 0
10902 0
10902 0
10902 0
10902 0
10902 0
10902 0
10902 0
10902 0
10902 0
10905 0
10905 0
10905 0
10905 0
10905 0
10905 0
10905 0
10905 0
10905 0
10905 0
10905 0
10905 1451
10905 0
10905 0
10905 0
10905 0
10905 0
10905 0
10905 0
10905 0
10905 0
10905 0
10905 0
10905 0
10905 0
10905 0
10905 0
10905 0
10905 0
10905 0
10905 0
10909 0
10909 0
10909 0
10909 0
10909 0
10909 0
10909 0
10909 0
10909 0
10909 0
10909 0
10909 907
10909 0
10909 0
10909 0
10909 0
10909 0
10909 0
10909 0
10909 0
10909 0
10909 0
10909 0
10909 0
10909 0
10909 0
10909 0
10909 0
10909 0
10909 0
10909 0
10913 0
10913 0
10913 0
10913 0
10913 0
10913 0
10913 0
10913 0
10913 0
10913 0
10913 0
10913 546
10913 0
10913 0
10913 0
10913 0
10913 0
10913 0
10913 0
10913 0
10913 0
10913 0
10913 0
10913 0
10913 0
10913 0
10913 0
10913 0
10913 0
10913 0
10913 0
10914 0
10914 0
10914 0
10914 0
10914 0
10914 0
10914 0
10914 0
10914 0
10914 0
10914 0
10914 504
10914 0
10914 0
10914 0
10914 0
10914 0
10914 0
10914 0
10914 0
10914 0
10914 0
10914 0
10914 0
10914 0
10914 0
10914 0
10914 0
10914 0
10914 0
10914 0
10916 0
10916 0
10916 0
10916 0
10916 0
10916 0
10916 0
10916 0
10916 0
10916 0
10916 0
10916 438
10916 0
10916 0
10916 0
10916 0
10916 0
10916 0
10916 0
10916 0
10916 0
10916 0
10916 0
10916 0
10916 0
10916 0
10916 0
10916 0
10916 0
10916 0
10916 0
10918 0
10918 0
10918 0
10918 0
10918 0
10918 0
10918 0
10918 0
10918 0
10918 0
10918 0
10918 523
10918 0
10918 0
10918 0
10918 0
10918 0
10918 0
10918 0
10918 0
10918 0
10918 0
10918 0
10918 0
10918 0
10918 0
10918 0
10918 0
10918 0
10918 0
10918 0
10920 0
10920 0
10920 0
10920 0
10920 0
10920 0
10920 0
10920 0
10920 0
10920 0
10920 0
10920 770
10920 0
10920 0
10920 0
10920 0
10920 0
10920 0
10920 0
10920 0
10920 0
10920 0
10920 0
10920 0
10920 0
10920 0
10920 0
10920 0
10920 0
10920 0
10920 0
10922 0
10922 0
10922 0
10922 0
10922 0
10922 0
10922 0
10922 0
10922 0
10922 0
10922 0
10922 514
10922 0
10922 0
10922 0
10922 0
10922 0
10922 0
10922 0
10922 0
10922 0
10922 0
10922 0
10922 0
10922 0
10922 0
10922 0
10922 0
10922 0
10922 0
10922 0
10924 0
10924 0
10924 0
10924 0
10924 0
10924 0
10924 0
10924 0
10924 0
10924 0
10924 0
10924 1224
10924 0
10924 0
10924 0
10924 0
10924 0
10924 0
10924 0
10924 0
10924 0
10924 0
10924 0
10924 0
10924 0
10924 0
10924 0
10924 0
10924 0
10924 0
10924 0
10925 0
10925 0
10925 0
10925 0
10925 0
10925 0
10925 0
10925 0
10925 0
10925 0
10925 0
10925 311
10925 0
10925 0
10925 0
10925 0
10925 0
10925 0
10925 0
10925 0
10925 0
10925 0
10925 0
10925 0
10925 0
10925 0
10925 0
10925 0
10925 0
10925 0
10925 0
10926 0
10926 0
10926 0
10926 0
10926 0
10926 0
10926 0
10926 0
10926 0
10926 0
10926 0
10926 745
10926 0
10926 0
10926 0
10926 0
10926 0
10926 0
10926 0
10926 0
10926 0
10926 0
10926 0
10926 0
10926 0
10926 0
10926 0
10926 0
10926 0
10926 0
10926 0
10929 0
10929 0
10929 0
10929 0
10929 0
10929 0
10929 0
10929 0
10929 0
10929 0
10929 0
10929 1507
10929 0
10929 0
10929 0
10929 0
10929 0
10929 0
10929 0
10929 0
10929 0
10929 0
10929 0
10929 0
10929 0
10929 0
10929 0
10929 0
10929 0
10929 0
10929 0
10930 0
10930 0
10930 0
10930 0
10930 0
10930 0
10930 0
10930 0
10930 0
10930 0
10930 0
10930 366
10930 0
10930 0
10930 0
10930 0
10930 0
10930 0
10930 0
10930 0
10930 0
10930 0
10930 0
10930 0
10930 0
10930 0
10930 0
10930 0
10930 0
10930 0
10930 0
10935 0
10935 0
10935 0
10935 0
10935 0
10935 0
10935 0
10935 0
10935 0
10935 0
10935 0
10935 505
10935 0
10935 0
10935 0
10935 0
10935 0
10935 0
10935 0
10935 0
10935 0
10935 0
10935 0
10935 0
10935 0
10935 0
10935 0
10935 0
10935 0
10935 0
10935 0
10936 0
10936 0
10936 0
10936 0
10936 0
10936 0
10936 0
10936 0
10936 0
10936 0
10936 0
10936 504
10936 0
10936 0
10936 0
10936 0
10936 0
10936 0
10936 0
10936 0
10936 0
10936 0
10936 0
10936 0
10936 0
10936 0
10936 0
10936 0
10936 0
10936 0
10936 0
10939 0
10939 0
10939 0
10939 0
10939 0
10939 0
10939 0
10939 0
10939 0
10939 0
10939 0
10939 499
10939 0
10939 0
10939 0
10939 0
10939 0
10939 0
10939 0
10939 0
10939 0
10939 0
10939 0
10939 0
10939 0
10939 0
10939 0
10939 0
10939 0
10939 0
10939 0
10940 0
10940 0
10940 0
10940 0
10940 0
10940 0
10940 0
10940 0
10940 0
10940 0
10940 0
10940 531
10940 0
10940 0
10940 0
10940 0
10940 0
10940 0
10940 0
10940 0
10940 0
10940 0
10940 0
10940 0
10940 0
10940 0
10940 0
10940 0
10940 0
10940 0
10940 0
10942 0
10942 0
10942 0
10942 0
10942 0
10942 0
10942 0
10942 0
10942 0
10942 0
10942 0
10942 1048
10942 0
10942 0
10942 0
10942 0
10942 0
10942 0
10942 0
10942 0
10942 0
10942 0
10942 0
10942 0
10942 0
10942 0
10942 0
10942 0
10942 0
10942 0
10942 0
10943 0
10943 0
10943 0
10943 0
10943 0
10943 0
10943 0
10943 0
10943 0
10943 0
10943 0
10943 531
10943 0
10943 0
10943 0
10943 0
10943 0
10943 0
10943 0
10943 0
10943 0
10943 0
10943 0
10943 0
10943 0
10943 0
10943 0
10943 0
10943 0
10943 0
10943 0
10944 0
10944 0
10944 0
10944 0
10944 0
10944 0
10944 0
10944 0
10944 0
10944 0
10944 0
10944 301
10944 0
10944 0
10944 0
10944 0
10944 0
10944 0
10944 0
10944 0
10944 0
10944 0
10944 0
10944 0
10944 0
10944 0
10944 0
10944 0
10944 0
10944 0
10944 0
10947 0
10947 0
10947 0
10947 0
10947 0
10947 0
10947 0
10947 0
10947 0
10947 0
10947 0
10947 610
10947 0
10947 0
10947 0
10947 0
10947 0
10947 0
10947 0
10947 0
10947 0
10947 0
10947 0
10947 0
10947 0
10947 0
10947 0
10947 0
10947 0
10947 0
10947 0
10953 0
10953 0
10953 0
10953 0
10953 0
10953 0
10953 0
10953 0
10953 0
10953 0
10953 0
10953 726
10953 0
10953 0
10953 0
10953 0
10953 0
10953 0
10953 0
10953 0
10953 0
10953 0
10953 0
10953 0
10953 0
10953 0
10953 0
10953 0
10953 0
10953 0
10953 0
10955 0
10955 0
10955 0
10955 0
10955 0
10955 0
10955 0
10955 0
10955 0
10955 0
10955 0
10955 593
10955 0
10955 0
10955 0
10955 0
10955 0
10955 0
10955 0
10955 0
10955 0
10955 0
10955 0
10955 0
10955 0
10955 0
10955 0
10955 0
10955 0
10955 0
10955 0
10958 0
10958 0
10958 0
10958 0
10958 0
10958 0
10958 0
10958 0
10958 0
10958 0
10958 0
10958 394
10958 0
10958 0
10958 0
10958 0
10958 0
10958 0
10958 0
10958 0
10958 0
10958 0
10958 0
10958 0
10958 0
10958 0
10958 0
10958 0
10958 0
10958 0
10958 0
10959 0
10959 0
10959 0
10959 0
10959 0
10959 0
10959 0
10959 0
10959 0
10959 0
10959 0
10959 769
10959 0
10959 0
10959 0
10959 0
10959 0
10959 0
10959 0
10959 0
10959 0
10959 0
10959 0
10959 0
10959 0
10959 0
10959 0
10959 0
10959 0
10959 0
10959 0
10961 0
10961 0
10961 0
10961 0
10961 0
10961 0
10961 0
10961 0
10961 0
10961 0
10961 0
10961 659
10961 0
10961 0
10961 0
10961 0
10961 0
10961 0
10961 0
10961 0
10961 0
10961 0
10961 0
10961 0
10961 0
10961 0
10961 0
10961 0
10961 0
10961 0
10961 0
10962 0
10962 0
10962 0
10962 0
10962 0
10962 0
10962 0
10962 0
10962 0
10962 0
10962 0
10962 863
10962 0
10962 0
10962 0
10962 0
10962 0
10962 0
10962 0
10962 0
10962 0
10962 0
10962 0
10962 0
10962 0
10962 0
10962 0
10962 0
10962 0
10962 0
10962 0
10963 0
10963 0
10963 0
10963 0
10963 0
10963 0
10963 0
10963 0
10963 0
10963 0
10963 0
10963 621
10963 0
10963 0
10963 0
10963 0
10963 0
10963 0
10963 0
10963 0
10963 0
10963 0
10963 0
10963 0
10963 0
10963 0
10963 0
10963 0
10963 0
10963 0
10963 0
10964 0
10964 0
10964 0
10964 0
10964 0
10964 0
10964 0
10964 0
10964 0
10964 0
10964 0
10964 394
10964 0
10964 0
10964 0
10964 0
10964 0
10964 0
10964 0
10964 0
10964 0
10964 0
10964 0
10964 0
10964 0
10964 0
10964 0
10964 0
10964 0
10964 0
10964 0
10966 0
10966 0
10966 0
10966 0
10966 0
10966 0
10966 0
10966 0
10966 0
10966 0
10966 0
10966 301
10966 0
10966 0
10966 0
10966 0
10966 0
10966 0
10966 0
10966 0
10966 0
10966 0
10966 0
10966 0
10966 0
10966 0
10966 0
10966 0
10966 0
10966 0
10966 0
10968 0
10968 0
10968 0
10968 0
10968 0
10968 0
10968 0
10968 0
10968 0
10968 0
10968 0
10968 586
10968 0
10968 0
10968 0
10968 0
10968 0
10968 0
10968 0
10968 0
10968 0
10968 0
10968 0
10968 0
10968 0
10968 0
10968 0
10968 0
10968 0
10968 0
10968 0
10971 0
10971 0
10971 0
10971 0
10971 0
10971 0
10971 0
10971 0
10971 0
10971 0
10971 0
10971 625
10971 0
10971 0
10971 0
10971 0
10971 0
10971 0
10971 0
10971 0
10971 0
10971 0
10971 0
10971 0
10971 0
10971 0
10971 0
10971 0
10971 0
10971 0
10971 0
10978 0
10978 0
10978 0
10978 0
10978 0
10978 0
10978 0
10978 0
10978 0
10978 0
10978 0
10978 1033
10978 0
10978 0
10978 0
10978 0
10978 0
10978 0
10978 0
10978 0
10978 0
10978 0
10978 0
10978 0
10978 0
10978 0
10978 0
10978 0
10978 0
10978 0
10978 0
10984 0
10984 0
10984 0
10984 0
10984 0
10984 0
10984 0
10984 0
10984 0
10984 0
10984 0
10984 518
10984 0
10984 0
10984 0
10984 0
10984 0
10984 0
10984 0
10984 0
10984 0
10984 0
10984 0
10984 0
10984 0
10984 0
10984 0
10984 0
10984 0
10984 0
10984 0
10985 0
10985 0
10985 0
10985 0
10985 0
10985 0
10985 0
10985 0
10985 0
10985 0
10985 0
10985 867
10985 0
10985 0
10985 0
10985 0
10985 0
10985 0
10985 0
10985 0
10985 0
10985 0
10985 0
10985 0
10985 0
10985 0
10985 0
10985 0
10985 0
10985 0
10985 0
10986 0
10986 0
10986 0
10986 0
10986 0
10986 0
10986 0
10986 0
10986 0
10986 0
10986 0
10986 526
10986 0
10986 0
10986 0
10986 0
10986 0
10986 0
10986 0
10986 0
10986 0
10986 0
10986 0
10986 0
10986 0
10986 0
10986 0
10986 0
10986 0
10986 0
10986 0
10988 0
10988 0
10988 0
10988 0
10988 0
10988 0
10988 0
10988 0
10988 0
10988 0
10988 0
10988 831
10988 0
10988 0
10988 0
10988 0
10988 0
10988 0
10988 0
10988 0
10988 0
10988 0
10988 0
10988 0
10988 0
10988 0
10988 0
10988 0
10988 0
10988 0
10988 0
10993 0
10993 0
10993 0
10993 0
10993 0
10993 0
10993 0
10993 0
10993 0
10993 0
10993 0
10993 760
10993 0
10993 0
10993 0
10993 0
10993 0
10993 0
10993 0
10993 0
10993 0
10993 0
10993 0
10993 0
10993 0
10993 0
10993 0
10993 0
10993 0
10993 0
10993 0
10994 0
10994 0
10994 0
10994 0
10994 0
10994 0
10994 0
10994 0
10994 0
10994 0
10994 0
10994 471
10994 0
10994 0
10994 0
10994 0
10994 0
10994 0
10994 0
10994 0
10994 0
10994 0
10994 0
10994 0
10994 0
10994 0
10994 0
10994 0
10994 0
10994 0
10994 0
10998 0
10998 0
10998 0
10998 0
10998 0
10998 0
10998 0
10998 0
10998 0
10998 0
10998 0
10998 839
10998 0
10998 0
10998 0
10998 0
10998 0
10998 0
10998 0
10998 0
10998 0
10998 0
10998 0
10998 0
10998 0
10998 0
10998 0
10998 0
10998 0
10998 0
10998 0
10999 0
10999 0
10999 0
10999 0
10999 0
10999 0
10999 0
10999 0
10999 0
10999 0
10999 0
10999 268
10999 0
10999 0
10999 0
10999 0
10999 0
10999 0
10999 0
10999 0
10999 0
10999 0
10999 0
10999 0
10999 0
10999 0
10999 0
10999 0
10999 0
10999 0
10999 0
11001 0
11001 0
11001 0
11001 0
11001 0
11001 0
11001 0
11001 0
11001 0
11001 0
11001 0
11001 264
11001 0
11001 0
11001 0
11001 0
11001 0
11001 0
11001 0
11001 0
11001 0
11001 0
11001 0
11001 0
11001 0
11001 0
11001 0
11001 0
11001 0
11001 0
11001 0
11002 0
11002 0
11002 0
11002 0
11002 0
11002 0
11002 0
11002 0
11002 0
11002 0
11002 0
11002 318
11002 0
11002 0
11002 0
11002 0
11002 0
11002 0
11002 0
11002 0
11002 0
11002 0
11002 0
11002 0
11002 0
11002 0
11002 0
11002 0
11002 0
11002 0
11002 0
11005 0
11005 0
11005 0
11005 0
11005 0
11005 0
11005 0
11005 0
11005 0
11005 0
11005 0
11005 268
11005 0
11005 0
11005 0
11005 0
11005 0
11005 0
11005 0
11005 0
11005 0
11005 0
11005 0
11005 0
11005 0
11005 0
11005 0
11005 0
11005 0
11005 0
11005 0
11008 0
11008 0
11008 0
11008 0
11008 0
11008 0
11008 0
11008 0
11008 0
11008 0
11008 0
11008 468
11008 0
11008 0
11008 0
11008 0
11008 0
11008 0
11008 0
11008 0
11008 0
11008 0
11008 0
11008 0
11008 0
11008 0
11008 0
11008 0
11008 0
11008 0
11008 0
11009 0
11009 0
11009 0
11009 0
11009 0
11009 0
11009 0
11009 0
11009 0
11009 0
11009 0
11009 243
11009 0
11009 0
11009 0
11009 0
11009 0
11009 0
11009 0
11009 0
11009 0
11009 0
11009 0
11009 0
11009 0
11009 0
11009 0
11009 0
11009 0
11009 0
11009 0
11011 0
11011 0
11011 0
11011 0
11011 0
11011 0
11011 0
11011 0
11011 0
11011 0
11011 0
11011 324
11011 0
11011 0
11011 0
11011 0
11011 0
11011 0
11011 0
11011 0
11011 0
11011 0
11011 0
11011 0
11011 0
11011 0
11011 0
11011 0
11011 0
11011 0
11011 0
11020 0
11020 0
11020 0
11020 0
11020 0
11020 0
11020 0
11020 0
11020 0
11020 0
11020 0
11020 313
11020 0
11020 0
11020 0
11020 0
11020 0
11020 0
11020 0
11020 0
11020 0
11020 0
11020 0
11020 0
11020 0
11020 0
11020 0
11020 0
11020 0
11020 0
11020 0
11025 0
11025 0
11025 0
11025 0
11025 0
11025 0
11025 0
11025 0
11025 0
11025 0
11025 0
11025 324
11025 0
11025 0
11025 0
11025 0
11025 0
11025 0
11025 0
11025 0
11025 0
11025 0
11025 0
11025 0
11025 0
11025 0
11025 0
11025 0
11025 0
11025 0
11025 0
11033 0
11033 0
11033 0
11033 0
11033 0
11033 0
11033 0
11033 0
11033 0
11033 0
11033 0
11033 324
11033 0
11033 0
11033 0
11033 0
11033 0
11033 0
11033 0
11033 0
11033 0
11033 0
11033 0
11033 0
11033 0
11033 0
11033 0
11033 0
11033 0
11033 0
11033 0
11122 0
11122 0
11122 0
11122 0
11122 0
11122 0
11122 0
11122 0
11122 0
11122 0
11122 0
11122 323
11122 0
11122 0
11122 0
11122 0
11122 0
11122 0
11122 0
11122 0
11122 0
11122 0
11122 0
11122 0
11122 0
11122 0
11122 0
11122 0
11122 0
11122 0
11122 0
11437 0
11437 0
11437 0
11437 0
11437 0
11437 0
11437 0
11437 0
11437 0
11437 0
11437 0
11437 382
11437 0
11437 0
11437 0
11437 0
11437 0
11437 0
11437 0
11437 0
11437 0
11437 0
11437 0
11437 0
11437 0
11437 0
11437 0
11437 0
11437 0
11437 0
11437 0
11492 0
11492 0
11492 0
11492 0
11492 0
11492 0
11492 0
11492 0
11492 0
11492 0
11492 0
11492 373
11492 0
11492 0
11492 0
11492 0
11492 0
11492 0
11492 0
11492 0
11492 0
11492 0
11492 0
11492 0
11492 0
11492 0
11492 0
11492 0
11492 0
11492 0
11492 0
11507 0
11507 0
11507 0
11507 0
11507 0
11507 0
11507 0
11507 0
11507 0
11507 0
11507 0
11507 382
11507 0
11507 0
11507 0
11507 0
11507 0
11507 0
11507 0
11507 0
11507 0
11507 0
11507 0
11507 0
11507 0
11507 0
11507 0
11507 0
11507 0
11507 0
11507 0
11582 0
11582 0
11582 0
11582 0
11582 0
11582 0
11582 0
11582 0
11582 0
11582 0
11582 0
11582 382
11582 0
11582 0
11582 0
11582 0
11582 0
11582 0
11582 0
11582 0
11582 0
11582 0
11582 0
11582 0
11582 0
11582 0
11582 0
11582 0
11582 0
11582 0
11582 0
12086 0
12086 0
12086 0
12086 0
12086 0
12086 0
12086 0
12086 0
12086 0
12086 0
12086 0
12086 471
12086 0
12086 0
12086 0
12086 0
12086 0
12086 0
12086 0
12086 0
12086 0
12086 0
12086 0
12086 0
12086 0
12086 0
12086 0
12086 0
12086 0
12086 0
12086 0
12087 0
12087 0
12087 0
12087 0
12087 0
12087 0
12087 0
12087 0
12087 0
12087 0
12087 0
12087 783
12087 0
12087 0
12087 0
12087 0
12087 0
12087 0
12087 0
12087 0
12087 0
12087 0
12087 0
12087 0
12087 0
12087 0
12087 0
12087 0
12087 0
12087 0
12087 0
