pt_graph cpue_kghour
233 0
233 0
233 0
233 0
233 0
233 0
233 0
233 0
233 28
233 0
233 0
233 0
233 13
233 0
233 0
233 6
233 0
233 0
233 0
233 0
233 0
233 0
233 64
233 0
233 0
233 0
233 0
233 0
233 0
233 0
233 0
241 0
241 0
241 0
241 0
241 0
241 0
241 0
241 0
241 10
241 0
241 0
241 0
241 1
241 0
241 0
241 0
241 0
241 0
241 4
241 0
241 0
241 0
241 235
241 0
241 0
241 0
241 0
241 0
241 0
241 0
241 0
243 0
243 0
243 0
243 0
243 0
243 0
243 0
243 0
243 10
243 0
243 0
243 0
243 1
243 0
243 0
243 0
243 0
243 0
243 4
243 0
243 0
243 0
243 235
243 0
243 0
243 0
243 0
243 0
243 0
243 0
243 0
253 6
253 0
253 0
253 0
253 0
253 0
253 0
253 0
253 5
253 0
253 0
253 0
253 0
253 0
253 0
253 0
253 0
253 0
253 2
253 0
253 0
253 0
253 206
253 0
253 0
253 0
253 0
253 0
253 0
253 0
253 0
255 0
255 0
255 0
255 0
255 0
255 0
255 0
255 0
255 8
255 0
255 0
255 0
255 2
255 0
255 0
255 0
255 0
255 0
255 3
255 0
255 0
255 0
255 178
255 0
255 0
255 0
255 0
255 0
255 0
255 0
255 0
259 0
259 0
259 0
259 0
259 0
259 0
259 0
259 0
259 8
259 0
259 0
259 0
259 8
259 0
259 0
259 1
259 0
259 0
259 0
259 0
259 0
259 0
259 12
259 0
259 0
259 0
259 0
259 0
259 0
259 0
259 0
279 0
279 0
279 0
279 0
279 0
279 0
279 0
279 0
279 16
279 0
279 0
279 0
279 3
279 0
279 0
279 1
279 0
279 0
279 6
279 0
279 0
279 0
279 149
279 0
279 0
279 0
279 0
279 0
279 0
279 0
279 0
298 0
298 0
298 0
298 0
298 0
298 0
298 0
298 0
298 35
298 0
298 0
298 0
298 5
298 0
298 0
298 1
298 0
298 0
298 6
298 0
298 0
298 0
298 90
298 0
298 0
298 0
298 0
298 0
298 0
298 0
298 0
302 0
302 0
302 0
302 0
302 0
302 0
302 0
302 0
302 34
302 0
302 0
302 0
302 3
302 0
302 0
302 0
302 0
302 0
302 2
302 0
302 0
302 0
302 118
302 0
302 0
302 0
302 0
302 0
302 0
302 0
302 0
307 0
307 0
307 0
307 0
307 0
307 0
307 0
307 0
307 41
307 0
307 0
307 0
307 4
307 0
307 0
307 0
307 0
307 0
307 6
307 0
307 0
307 0
307 116
307 0
307 0
307 0
307 0
307 0
307 0
307 0
307 0
352 0
352 0
352 0
352 0
352 0
352 0
352 0
352 0
352 9
352 0
352 0
352 0
352 1
352 0
352 0
352 0
352 0
352 0
352 2
352 0
352 0
352 0
352 136
352 0
352 0
352 0
352 0
352 0
352 0
352 0
352 0
357 0
357 0
357 0
357 0
357 0
357 0
357 0
357 0
357 31
357 0
357 0
357 0
357 6
357 0
357 0
357 0
357 0
357 0
357 6
357 0
357 0
357 0
357 59
357 0
357 0
357 0
357 0
357 0
357 0
357 0
357 0
383 0
383 8
383 0
383 0
383 0
383 0
383 0
383 0
383 4
383 0
383 0
383 0
383 2
383 0
383 0
383 0
383 0
383 0
383 0
383 0
383 0
383 0
383 0
383 0
383 0
383 0
383 0
383 0
383 0
383 0
383 0
401 0
401 13
401 0
401 0
401 0
401 0
401 0
401 0
401 7
401 0
401 0
401 0
401 5
401 0
401 0
401 0
401 0
401 0
401 0
401 0
401 0
401 0
401 0
401 0
401 0
401 0
401 0
401 0
401 0
401 0
401 0
402 0
402 0
402 0
402 0
402 0
402 0
402 0
402 0
402 345
402 0
402 0
402 0
402 124
402 0
402 0
402 29
402 0
402 0
402 0
402 0
402 0
402 0
402 708
402 0
402 0
402 0
402 0
402 0
402 0
402 0
402 0
452 0
452 15
452 0
452 0
452 0
452 0
452 0
452 0
452 11
452 0
452 0
452 0
452 7
452 0
452 0
452 0
452 0
452 0
452 0
452 0
452 0
452 0
452 0
452 1
452 0
452 0
452 0
452 0
452 0
452 0
452 0
471 0
471 0
471 0
471 0
471 0
471 0
471 0
471 0
471 96
471 0
471 0
471 0
471 31
471 0
471 0
471 0
471 0
471 0
471 0
471 0
471 14
471 0
471 0
471 4
471 0
471 0
471 0
471 0
471 0
471 0
471 0
473 0
473 7
473 0
473 0
473 0
473 0
473 0
473 0
473 4
473 0
473 0
473 0
473 2
473 0
473 0
473 0
473 0
473 0
473 0
473 0
473 0
473 0
473 0
473 0
473 0
473 0
473 0
473 0
473 0
473 0
473 0
485 0
485 14
485 0
485 0
485 0
485 0
485 0
485 0
485 15
485 0
485 0
485 0
485 8
485 0
485 0
485 0
485 0
485 0
485 0
485 0
485 0
485 0
485 0
485 6
485 0
485 0
485 0
485 0
485 0
485 0
485 0
486 0
486 0
486 0
486 0
486 0
486 0
486 0
486 0
486 96
486 0
486 0
486 0
486 31
486 0
486 0
486 0
486 0
486 0
486 0
486 0
486 14
486 0
486 0
486 4
486 0
486 0
486 0
486 0
486 0
486 0
486 0
494 0
494 17
494 0
494 0
494 0
494 0
494 0
494 0
494 11
494 0
494 0
494 0
494 8
494 0
494 0
494 0
494 0
494 0
494 0
494 0
494 0
494 0
494 0
494 0
494 0
494 0
494 0
494 0
494 0
494 0
494 0
524 0
524 13
524 0
524 0
524 0
524 0
524 0
524 0
524 8
524 0
524 0
524 0
524 5
524 0
524 0
524 0
524 0
524 0
524 0
524 0
524 0
524 0
524 0
524 0
524 0
524 0
524 0
524 0
524 0
524 0
524 0
527 0
527 0
527 0
527 0
527 0
527 0
527 0
527 0
527 145
527 0
527 0
527 0
527 0
527 0
527 0
527 0
527 0
527 0
527 0
527 0
527 35
527 0
527 0
527 105
527 0
527 0
527 0
527 0
527 0
527 0
527 0
529 0
529 15
529 0
529 0
529 0
529 0
529 0
529 0
529 18
529 0
529 0
529 0
529 10
529 0
529 0
529 0
529 0
529 0
529 0
529 0
529 0
529 0
529 0
529 7
529 0
529 0
529 0
529 0
529 0
529 0
529 0
531 0
531 520
531 0
531 0
531 0
531 0
531 0
531 0
531 251
531 0
531 0
531 0
531 125
531 0
531 0
531 0
531 0
531 0
531 0
531 0
531 15
531 0
531 0
531 0
531 0
531 0
531 0
531 0
531 0
531 0
531 0
548 0
548 0
548 0
548 0
548 0
548 0
548 0
548 0
548 145
548 0
548 0
548 0
548 0
548 0
548 0
548 0
548 0
548 0
548 0
548 0
548 35
548 0
548 0
548 105
548 0
548 0
548 0
548 0
548 0
548 0
548 0
553 0
553 10
553 0
553 0
553 0
553 0
553 0
553 0
553 39
553 0
553 0
553 0
553 18
553 0
553 0
553 0
553 0
553 0
553 0
553 0
553 0
553 0
553 0
553 4
553 0
553 0
553 0
553 0
553 0
553 0
553 0
570 0
570 28
570 0
570 0
570 0
570 0
570 0
570 0
570 53
570 0
570 0
570 0
570 17
570 0
570 0
570 0
570 0
570 0
570 0
570 0
570 2
570 0
570 0
570 22
570 0
570 0
570 0
570 0
570 0
570 0
570 0
574 0
574 100
574 0
574 0
574 0
574 0
574 0
574 0
574 167
574 0
574 0
574 0
574 110
574 0
574 0
574 0
574 0
574 0
574 0
574 0
574 0
574 0
574 0
574 0
574 0
574 0
574 0
574 0
574 0
574 0
574 0
590 0
590 27
590 0
590 0
590 0
590 0
590 0
590 0
590 23
590 0
590 0
590 0
590 8
590 0
590 0
590 0
590 0
590 0
590 0
590 0
590 0
590 0
590 0
590 5
590 0
590 0
590 0
590 0
590 0
590 0
590 0
592 0
592 19
592 0
592 0
592 0
592 0
592 0
592 0
592 52
592 0
592 0
592 0
592 17
592 0
592 0
592 0
592 0
592 0
592 0
592 0
592 11
592 0
592 0
592 53
592 0
592 0
592 0
592 0
592 0
592 0
592 0
606 0
606 8
606 0
606 0
606 0
606 0
606 0
606 0
606 96
606 0
606 0
606 0
606 8
606 0
606 0
606 0
606 0
606 0
606 0
606 0
606 3
606 0
606 0
606 64
606 0
606 0
606 0
606 0
606 0
606 0
606 0
616 0
616 17
616 0
616 0
616 0
616 0
616 0
616 0
616 42
616 0
616 0
616 0
616 11
616 0
616 0
616 0
616 0
616 0
616 0
616 0
616 5
616 0
616 0
616 25
616 0
616 0
616 0
616 0
616 0
616 0
616 0
647 0
647 22
647 0
647 0
647 0
647 0
647 0
647 0
647 40
647 0
647 0
647 0
647 10
647 0
647 0
647 0
647 0
647 0
647 0
647 0
647 2
647 0
647 0
647 19
647 0
647 0
647 0
647 0
647 0
647 0
647 0
650 0
650 10
650 0
650 0
650 0
650 0
650 0
650 0
650 49
650 0
650 0
650 0
650 5
650 0
650 0
650 0
650 0
650 0
650 0
650 0
650 1
650 0
650 0
650 30
650 0
650 0
650 0
650 0
650 0
650 0
650 0
657 0
657 8
657 0
657 0
657 0
657 0
657 0
657 0
657 70
657 0
657 0
657 0
657 7
657 0
657 0
657 0
657 0
657 0
657 0
657 0
657 2
657 0
657 0
657 52
657 0
657 0
657 0
657 0
657 0
657 0
657 0
737 0
737 10
737 0
737 0
737 0
737 0
737 0
737 0
737 24
737 0
737 0
737 0
737 8
737 0
737 0
737 0
737 0
737 0
737 0
737 0
737 0
737 0
737 0
737 4
737 0
737 0
737 0
737 0
737 0
737 0
737 0
743 0
743 10
743 0
743 0
743 0
743 0
743 0
743 0
743 88
743 0
743 0
743 0
743 31
743 0
743 0
743 0
743 0
743 0
743 0
743 0
743 38
743 0
743 0
743 148
743 0
743 0
743 0
743 0
743 0
743 0
743 0
744 0
744 26
744 0
744 0
744 0
744 0
744 0
744 0
744 47
744 0
744 0
744 0
744 6
744 0
744 0
744 0
744 0
744 0
744 0
744 0
744 7
744 0
744 0
744 46
744 0
744 0
744 0
744 0
744 0
744 0
744 0
745 0
745 0
745 0
745 0
745 0
745 0
745 0
745 0
745 25
745 0
745 0
745 0
745 13
745 0
745 0
745 0
745 0
745 0
745 0
745 0
745 1
745 0
745 0
745 10
745 0
745 0
745 0
745 0
745 0
745 0
745 0
747 0
747 3
747 0
747 0
747 0
747 0
747 0
747 0
747 89
747 0
747 0
747 0
747 8
747 0
747 0
747 0
747 0
747 0
747 0
747 0
747 1
747 0
747 0
747 51
747 0
747 0
747 0
747 0
747 0
747 0
747 0
853 0
853 10
853 0
853 0
853 0
853 0
853 0
853 0
853 55
853 0
853 0
853 0
853 1
853 0
853 0
853 0
853 0
853 0
853 0
853 0
853 2
853 0
853 0
853 55
853 0
853 0
853 0
853 0
853 0
853 0
853 0
855 0
855 10
855 0
855 0
855 0
855 0
855 0
855 0
855 89
855 0
855 0
855 0
855 31
855 0
855 0
855 0
855 0
855 0
855 0
855 0
855 38
855 0
855 0
855 149
855 0
855 0
855 0
855 0
855 0
855 0
855 0
857 0
857 0
857 0
857 0
857 0
857 0
857 0
857 0
857 124
857 0
857 0
857 0
857 11
857 0
857 0
857 0
857 0
857 0
857 0
857 0
857 1
857 0
857 0
857 62
857 0
857 0
857 0
857 0
857 0
857 0
857 0
859 0
859 7
859 0
859 0
859 0
859 0
859 0
859 0
859 97
859 0
859 0
859 0
859 20
859 0
859 0
859 0
859 0
859 0
859 0
859 0
859 0
859 0
859 0
859 39
859 0
859 0
859 0
859 0
859 0
859 0
859 0
973 0
973 0
973 0
973 0
973 0
973 0
973 0
973 0
973 46
973 0
973 0
973 0
973 0
973 0
973 0
973 0
973 0
973 0
973 0
973 0
973 0
973 0
973 0
973 35
973 0
973 0
973 0
973 0
973 0
973 0
973 0
1087 0
1087 5
1087 0
1087 0
1087 0
1087 0
1087 0
1087 0
1087 2
1087 0
1087 0
1087 0
1087 0
1087 0
1087 0
1087 0
1087 0
1087 0
1087 0
1087 0
1087 0
1087 0
1087 0
1087 0
1087 0
1087 0
1087 0
1087 0
1087 0
1087 0
1087 0
1093 0
1093 0
1093 0
1093 0
1093 0
1093 0
1093 0
1093 0
1093 46
1093 0
1093 0
1093 0
1093 0
1093 0
1093 0
1093 0
1093 0
1093 0
1093 0
1093 0
1093 0
1093 0
1093 0
1093 35
1093 0
1093 0
1093 0
1093 0
1093 0
1093 0
1093 0
