pt_graph LE_MET_level6
5711 9
5813 9
5905 9
5933 9
5877 9
5259 9
5414 9
5533 9
5674 9
5509 9
5529 9
5387 9
5192 9
5676 9
5160 9
5152 9
5200 9
5150 9
5025 9
5027 9
5221 9
5008 9
5953 9
5821 9
5865 9
5757 9
5787 9
5662 9
5472 9
5136 9
5306 9
5287 9
5643 9
5647 9
5878 9
5783 9
5638 9
5625 9
5857 9
5850 9
5669 9
5426 9
5157 9
5236 9
5452 9
5522 9
5726 9
5434 9
5336 9
5404 9
5372 9
5477 9
5177 9
5256 9
5288 9
5174 9
5114 9
5080 9
5301 9
5350 9
5295 9
5245 9
5142 9
5365 9
5506 9
5534 9
5682 9
6858 9
6794 9
6846 9
6734 9
6766 9
6653 9
6594 9
6556 9
6659 9
6752 9
6564 9
6507 9
6716 9
6710 9
6675 9
6547 9
6779 9
6824 9
5853 9
5664 9
5650 9
5731 9
5557 9
5416 9
5346 9
5653 9
