pt_graph LE_MET_level6
1898 17
1935 17
1521 17
1540 17
1352 17
1102 17
1021 17
1873 17
1863 17
1608 17
1534 17
1493 17
1999 15
1863 15
1554 15
1523 15
1879 17
1736 17
1700 17
1677 17
1815 17
6106 9
6152 9
6208 9
5834 9
5757 9
5676 9
5769 9
6622 9
6035 9
5737 9
5608 9
5597 9
5554 9
5910 9
5800 9
5787 9
5938 9
5743 9
5953 9
5538 9
5687 9
5842 9
5773 9
5669 9
5647 9
5643 9
5509 9
5566 9
5414 9
5452 9
5605 9
5426 9
6258 9
6362 9
5336 9
5446 9
5522 9
5434 9
5387 9
5404 9
5821 9
6879 9
6886 9
6892 9
6847 9
6822 9
6815 9
6761 9
6794 9
6846 9
5933 9
5913 9
5905 9
6447 9
6618 9
6843 9
6959 9
6544 9
6691 9
