pt_graph scale
290 0
290 0
290 0
290 0
290 0
290 0
290 0
290 0
290 0
290 0
290 0
290 0
290 0
290 0
290 0
290 0
290 1324
290 0
290 0
290 0
290 0
290 0
290 0
290 0
290 0
290 0
290 0
290 0
290 0
290 0
290 0
297 0
297 0
297 0
297 0
297 0
297 0
297 0
297 0
297 0
297 0
297 0
297 0
297 0
297 0
297 0
297 0
297 2309
297 0
297 0
297 0
297 0
297 0
297 0
297 0
297 0
297 0
297 0
297 0
297 0
297 0
297 0
301 0
301 0
301 0
301 0
301 0
301 0
301 0
301 0
301 0
301 0
301 0
301 0
301 0
301 0
301 0
301 0
301 2846
301 0
301 0
301 0
301 0
301 0
301 0
301 0
301 0
301 0
301 0
301 0
301 0
301 0
301 0
329 0
329 0
329 0
329 0
329 0
329 0
329 0
329 0
329 0
329 0
329 0
329 0
329 0
329 0
329 0
329 0
329 437
329 0
329 0
329 0
329 0
329 0
329 0
329 0
329 0
329 0
329 0
329 0
329 0
329 0
329 0
358 0
358 0
358 0
358 0
358 0
358 0
358 0
358 0
358 0
358 0
358 0
358 0
358 0
358 0
358 0
358 0
358 1594
358 0
358 0
358 0
358 0
358 0
358 0
358 0
358 0
358 0
358 0
358 0
358 0
358 0
358 0
365 0
365 0
365 0
365 0
365 0
365 0
365 0
365 0
365 0
365 0
365 0
365 0
365 0
365 0
365 0
365 0
365 0
365 0
365 0
365 0
365 0
365 0
365 0
365 0
365 0
365 0
365 0
365 0
365 0
365 0
365 0
380 0
380 0
380 0
380 0
380 0
380 0
380 0
380 0
380 0
380 0
380 0
380 0
380 0
380 0
380 0
380 0
380 0
380 0
380 0
380 0
380 0
380 0
380 0
380 0
380 0
380 0
380 0
380 0
380 0
380 0
380 0
402 0
402 0
402 0
402 0
402 0
402 0
402 0
402 0
402 0
402 0
402 0
402 0
402 0
402 0
402 0
402 0
402 0
402 0
402 0
402 0
402 0
402 0
402 0
402 0
402 0
402 0
402 0
402 0
402 0
402 0
402 0
406 0
406 0
406 0
406 0
406 0
406 0
406 0
406 0
406 0
406 0
406 0
406 0
406 0
406 0
406 0
406 0
406 0
406 0
406 0
406 0
406 0
406 0
406 0
406 0
406 0
406 0
406 0
406 0
406 0
406 0
406 0
427 0
427 0
427 0
427 0
427 0
427 0
427 0
427 0
427 0
427 0
427 0
427 0
427 0
427 0
427 0
427 0
427 0
427 0
427 0
427 0
427 0
427 0
427 0
427 0
427 0
427 0
427 0
427 0
427 0
427 0
427 0
456 0
456 0
456 2
456 0
456 0
456 0
456 0
456 0
456 0
456 0
456 0
456 0
456 0
456 0
456 0
456 0
456 3585
456 0
456 0
456 0
456 0
456 0
456 0
456 0
456 0
456 0
456 0
456 0
456 0
456 0
456 0
464 0
464 0
464 3
464 0
464 0
464 0
464 0
464 0
464 0
464 0
464 0
464 0
464 0
464 0
464 0
464 0
464 3318
464 0
464 0
464 0
464 0
464 0
464 0
464 0
464 0
464 0
464 0
464 0
464 0
464 0
464 0
490 0
490 0
490 5
490 0
490 0
490 0
490 0
490 0
490 0
490 0
490 0
490 0
490 0
490 0
490 0
490 0
490 3669
490 0
490 0
490 0
490 0
490 0
490 0
490 0
490 0
490 0
490 0
490 0
490 0
490 0
490 0
499 0
499 0
499 0
499 6
499 0
499 0
499 0
499 0
499 0
499 0
499 0
499 0
499 0
499 0
499 0
499 0
499 0
499 0
499 0
499 0
499 0
499 0
499 0
499 0
499 0
499 0
499 0
499 0
499 0
499 0
499 0
531 0
531 0
531 0
531 6
531 0
531 0
531 0
531 0
531 0
531 0
531 0
531 0
531 0
531 0
531 0
531 0
531 0
531 0
531 0
531 0
531 0
531 0
531 0
531 0
531 0
531 0
531 0
531 0
531 0
531 0
531 0
1077 0
1077 0
1077 0
1077 4818
1077 0
1077 0
1077 0
1077 6497
1077 0
1077 0
1077 0
1077 0
1077 0
1077 0
1077 2
1077 0
1077 0
1077 0
1077 0
1077 37
1077 0
1077 0
1077 0
1077 0
1077 0
1077 0
1077 0
1077 0
1077 0
1077 0
1077 0
3081 0
3081 0
3081 0
3081 2475
3081 0
3081 0
3081 3337
3081 0
3081 0
3081 0
3081 0
3081 0
3081 0
3081 72
3081 0
3081 0
3081 0
3081 0
3081 0
3081 0
3081 0
3081 0
3081 0
3081 1
3081 0
3081 0
3081 0
3081 0
3081 0
3081 0
3081 0
5027 0
5027 0
5027 0
5027 2093
5027 0
5027 0
5027 2822
5027 0
5027 0
5027 0
5027 0
5027 0
5027 0
5027 0
5027 0
5027 0
5027 0
5027 0
5027 0
5027 0
5027 0
5027 0
5027 0
5027 0
5027 0
5027 0
5027 0
5027 0
5027 0
5027 0
5027 0
5043 0
5043 0
5043 0
5043 2093
5043 0
5043 0
5043 2822
5043 0
5043 0
5043 0
5043 0
5043 0
5043 0
5043 0
5043 0
5043 0
5043 0
5043 0
5043 0
5043 0
5043 0
5043 0
5043 0
5043 0
5043 0
5043 0
5043 0
5043 0
5043 0
5043 0
5043 0
5067 0
5067 0
5067 0
5067 2093
5067 0
5067 0
5067 2822
5067 0
5067 0
5067 0
5067 0
5067 0
5067 0
5067 0
5067 0
5067 0
5067 0
5067 0
5067 0
5067 0
5067 0
5067 0
5067 0
5067 0
5067 0
5067 0
5067 0
5067 0
5067 0
5067 0
5067 0
5177 0
5177 0
5177 0
5177 2093
5177 0
5177 0
5177 2822
5177 0
5177 0
5177 0
5177 0
5177 0
5177 0
5177 0
5177 0
5177 0
5177 0
5177 0
5177 0
5177 0
5177 0
5177 0
5177 0
5177 0
5177 0
5177 0
5177 0
5177 0
5177 0
5177 0
5177 0
5472 0
5472 101
5472 0
5472 0
5472 0
5472 0
5472 0
5472 0
5472 0
5472 0
5472 0
5472 0
5472 0
5472 0
5472 0
5472 0
5472 0
5472 0
5472 0
5472 0
5472 0
5472 0
5472 0
5472 0
5472 0
5472 0
5472 0
5472 0
5472 0
5472 0
5472 0
5694 0
5694 0
5694 0
5694 4472
5694 0
5694 0
5694 6030
5694 0
5694 0
5694 0
5694 0
5694 0
5694 0
5694 1
5694 0
5694 0
5694 0
5694 0
5694 0
5694 0
5694 0
5694 0
5694 0
5694 0
5694 0
5694 0
5694 0
5694 0
5694 0
5694 0
5694 0
5804 0
5804 0
5804 0
5804 4472
5804 0
5804 0
5804 6030
5804 0
5804 0
5804 0
5804 0
5804 0
5804 0
5804 1
5804 0
5804 0
5804 0
5804 0
5804 0
5804 0
5804 0
5804 0
5804 0
5804 0
5804 0
5804 0
5804 0
5804 0
5804 0
5804 0
5804 0
5979 0
5979 0
5979 0
5979 0
5979 0
5979 0
5979 3801
5979 0
5979 0
5979 0
5979 0
5979 0
5979 0
5979 0
5979 0
5979 0
5979 0
5979 0
5979 0
5979 0
5979 0
5979 0
5979 0
5979 0
5979 0
5979 0
5979 0
5979 0
5979 0
5979 0
5979 0
6035 0
6035 129
6035 0
6035 0
6035 0
6035 0
6035 0
6035 0
6035 0
6035 0
6035 0
6035 0
6035 0
6035 0
6035 0
6035 0
6035 0
6035 0
6035 0
6035 0
6035 0
6035 0
6035 0
6035 0
6035 0
6035 0
6035 0
6035 0
6035 0
6035 0
6035 0
6042 0
6042 1
6042 0
6042 0
6042 0
6042 0
6042 0
6042 0
6042 0
6042 0
6042 0
6042 0
6042 0
6042 0
6042 0
6042 0
6042 0
6042 0
6042 0
6042 0
6042 0
6042 0
6042 0
6042 0
6042 0
6042 0
6042 0
6042 0
6042 0
6042 0
6042 0
6106 0
6106 1
6106 0
6106 0
6106 0
6106 0
6106 0
6106 0
6106 0
6106 0
6106 0
6106 0
6106 0
6106 0
6106 0
6106 0
6106 0
6106 0
6106 0
6106 0
6106 0
6106 0
6106 0
6106 0
6106 0
6106 0
6106 0
6106 0
6106 0
6106 0
6106 0
6113 0
6113 1
6113 0
6113 0
6113 0
6113 0
6113 0
6113 0
6113 0
6113 0
6113 0
6113 0
6113 0
6113 0
6113 0
6113 0
6113 0
6113 0
6113 0
6113 0
6113 0
6113 0
6113 0
6113 0
6113 0
6113 0
6113 0
6113 0
6113 0
6113 0
6113 0
6120 0
6120 1
6120 0
6120 0
6120 0
6120 0
6120 0
6120 0
6120 0
6120 0
6120 0
6120 0
6120 0
6120 0
6120 0
6120 0
6120 0
6120 0
6120 0
6120 0
6120 0
6120 0
6120 0
6120 0
6120 0
6120 0
6120 0
6120 0
6120 0
6120 0
6120 0
6165 0
6165 1
6165 0
6165 0
6165 0
6165 0
6165 0
6165 0
6165 0
6165 0
6165 0
6165 0
6165 0
6165 0
6165 0
6165 0
6165 0
6165 0
6165 0
6165 0
6165 0
6165 0
6165 0
6165 0
6165 0
6165 0
6165 0
6165 0
6165 0
6165 0
6165 0
6173 0
6173 1
6173 0
6173 0
6173 0
6173 0
6173 0
6173 0
6173 0
6173 0
6173 0
6173 0
6173 0
6173 0
6173 0
6173 0
6173 0
6173 0
6173 0
6173 0
6173 0
6173 0
6173 0
6173 0
6173 0
6173 0
6173 0
6173 0
6173 0
6173 0
6173 0
6174 0
6174 1
6174 0
6174 0
6174 0
6174 0
6174 0
6174 0
6174 0
6174 0
6174 0
6174 0
6174 0
6174 0
6174 0
6174 0
6174 0
6174 0
6174 0
6174 0
6174 0
6174 0
6174 0
6174 0
6174 0
6174 0
6174 0
6174 0
6174 0
6174 0
6174 0
6197 0
6197 1
6197 0
6197 0
6197 0
6197 0
6197 0
6197 0
6197 0
6197 0
6197 0
6197 0
6197 0
6197 0
6197 0
6197 0
6197 0
6197 0
6197 0
6197 0
6197 0
6197 0
6197 0
6197 0
6197 0
6197 0
6197 0
6197 0
6197 0
6197 0
6197 0
6544 0
6544 1
6544 0
6544 0
6544 0
6544 0
6544 0
6544 0
6544 0
6544 0
6544 0
6544 0
6544 0
6544 0
6544 0
6544 0
6544 0
6544 0
6544 0
6544 0
6544 0
6544 0
6544 0
6544 0
6544 0
6544 0
6544 0
6544 0
6544 0
6544 0
6544 0
6618 0
6618 1
6618 0
6618 0
6618 0
6618 0
6618 0
6618 0
6618 0
6618 0
6618 0
6618 0
6618 0
6618 0
6618 0
6618 0
6618 0
6618 0
6618 0
6618 0
6618 0
6618 0
6618 0
6618 0
6618 0
6618 0
6618 0
6618 0
6618 0
6618 0
6618 0
6631 0
6631 1
6631 0
6631 0
6631 0
6631 0
6631 0
6631 0
6631 0
6631 0
6631 0
6631 0
6631 0
6631 0
6631 0
6631 0
6631 0
6631 0
6631 0
6631 0
6631 0
6631 0
6631 0
6631 0
6631 0
6631 0
6631 0
6631 0
6631 0
6631 0
6631 0
6691 0
6691 2
6691 0
6691 0
6691 0
6691 0
6691 0
6691 0
6691 0
6691 0
6691 0
6691 0
6691 0
6691 0
6691 0
6691 0
6691 0
6691 0
6691 0
6691 0
6691 0
6691 0
6691 0
6691 0
6691 0
6691 0
6691 0
6691 0
6691 0
6691 0
6691 0
6740 0
6740 0
6740 0
6740 0
6740 0
6740 0
6740 0
6740 0
6740 0
6740 0
6740 0
6740 0
6740 0
6740 0
6740 0
6740 0
6740 0
6740 0
6740 0
6740 0
6740 0
6740 0
6740 0
6740 0
6740 0
6740 0
6740 0
6740 0
6740 0
6740 0
6740 0
6794 0
6794 4
6794 0
6794 0
6794 0
6794 0
6794 0
6794 0
6794 0
6794 0
6794 0
6794 0
6794 0
6794 0
6794 0
6794 0
6794 0
6794 0
6794 0
6794 0
6794 0
6794 0
6794 0
6794 0
6794 0
6794 0
6794 0
6794 0
6794 0
6794 0
6794 0
6843 0
6843 1
6843 0
6843 0
6843 0
6843 0
6843 0
6843 0
6843 0
6843 0
6843 0
6843 0
6843 0
6843 0
6843 0
6843 0
6843 0
6843 0
6843 0
6843 0
6843 0
6843 0
6843 0
6843 0
6843 0
6843 0
6843 0
6843 0
6843 0
6843 0
6843 0
6846 0
6846 1
6846 0
6846 0
6846 0
6846 0
6846 0
6846 0
6846 0
6846 0
6846 0
6846 0
6846 0
6846 0
6846 0
6846 0
6846 0
6846 0
6846 0
6846 0
6846 0
6846 0
6846 0
6846 0
6846 0
6846 0
6846 0
6846 0
6846 0
6846 0
6846 0
6934 0
6934 1
6934 0
6934 0
6934 0
6934 0
6934 0
6934 0
6934 0
6934 0
6934 0
6934 0
6934 0
6934 0
6934 0
6934 0
6934 0
6934 0
6934 0
6934 0
6934 0
6934 0
6934 0
6934 0
6934 0
6934 0
6934 0
6934 0
6934 0
6934 0
6934 0
