pt_graph scale
4419 0
4419 1
4419 0
4419 0
4419 0
4419 0
4419 0
4419 0
4419 0
4419 0
4419 0
4419 0
4419 0
4419 0
4419 0
4419 0
4419 0
4419 0
4419 0
4419 0
4419 0
4419 0
4419 0
4419 0
4419 0
4419 0
4419 0
4419 0
4419 0
4419 0
4419 0
4596 0
4596 1
4596 0
4596 0
4596 0
4596 0
4596 0
4596 0
4596 0
4596 0
4596 0
4596 0
4596 0
4596 0
4596 0
4596 0
4596 0
4596 0
4596 0
4596 0
4596 0
4596 0
4596 0
4596 0
4596 0
4596 0
4596 0
4596 0
4596 0
4596 0
4596 0
4893 0
4893 105
4893 0
4893 0
4893 0
4893 0
4893 0
4893 0
4893 0
4893 0
4893 0
4893 0
4893 0
4893 0
4893 0
4893 0
4893 0
4893 0
4893 0
4893 0
4893 0
4893 0
4893 0
4893 0
4893 0
4893 0
4893 0
4893 0
4893 0
4893 0
4893 0
5018 0
5018 1
5018 0
5018 0
5018 0
5018 0
5018 0
5018 0
5018 0
5018 0
5018 0
5018 0
5018 0
5018 0
5018 0
5018 0
5018 0
5018 0
5018 0
5018 0
5018 0
5018 0
5018 0
5018 0
5018 0
5018 0
5018 0
5018 0
5018 0
5018 0
5018 0
5025 0
5025 13
5025 0
5025 0
5025 0
5025 0
5025 0
5025 0
5025 0
5025 0
5025 0
5025 0
5025 0
5025 0
5025 0
5025 0
5025 0
5025 0
5025 0
5025 0
5025 0
5025 0
5025 0
5025 0
5025 0
5025 0
5025 0
5025 0
5025 0
5025 0
5025 0
5027 0
5027 173
5027 0
5027 0
5027 0
5027 0
5027 0
5027 0
5027 0
5027 0
5027 0
5027 0
5027 0
5027 0
5027 0
5027 0
5027 0
5027 0
5027 0
5027 0
5027 0
5027 0
5027 0
5027 0
5027 0
5027 0
5027 0
5027 0
5027 0
5027 0
5027 0
5028 0
5028 105
5028 0
5028 0
5028 0
5028 0
5028 0
5028 0
5028 0
5028 0
5028 0
5028 0
5028 0
5028 0
5028 0
5028 0
5028 0
5028 0
5028 0
5028 0
5028 0
5028 0
5028 0
5028 0
5028 0
5028 0
5028 0
5028 0
5028 0
5028 0
5028 0
5043 0
5043 172
5043 0
5043 0
5043 0
5043 0
5043 0
5043 0
5043 0
5043 0
5043 0
5043 0
5043 0
5043 0
5043 0
5043 0
5043 0
5043 0
5043 0
5043 0
5043 0
5043 0
5043 0
5043 0
5043 0
5043 0
5043 0
5043 0
5043 0
5043 0
5043 0
5066 0
5066 6
5066 0
5066 0
5066 0
5066 0
5066 0
5066 0
5066 0
5066 0
5066 0
5066 0
5066 0
5066 0
5066 0
5066 0
5066 0
5066 0
5066 0
5066 0
5066 0
5066 0
5066 0
5066 0
5066 0
5066 0
5066 0
5066 0
5066 0
5066 0
5066 0
5077 0
5077 57
5077 0
5077 0
5077 0
5077 0
5077 0
5077 0
5077 0
5077 0
5077 0
5077 0
5077 0
5077 0
5077 0
5077 0
5077 0
5077 0
5077 0
5077 0
5077 0
5077 0
5077 0
5077 0
5077 0
5077 0
5077 0
5077 0
5077 0
5077 0
5077 0
5114 0
5114 1
5114 0
5114 0
5114 0
5114 0
5114 0
5114 0
5114 0
5114 0
5114 0
5114 0
5114 0
5114 0
5114 0
5114 0
5114 0
5114 0
5114 0
5114 0
5114 0
5114 0
5114 0
5114 0
5114 0
5114 0
5114 0
5114 0
5114 0
5114 0
5114 0
5152 0
5152 167
5152 0
5152 0
5152 0
5152 0
5152 0
5152 0
5152 0
5152 0
5152 0
5152 0
5152 0
5152 0
5152 0
5152 0
5152 0
5152 0
5152 0
5152 0
5152 0
5152 0
5152 0
5152 0
5152 0
5152 0
5152 0
5152 0
5152 0
5152 0
5152 0
5157 0
5157 114
5157 0
5157 0
5157 0
5157 0
5157 0
5157 0
5157 0
5157 0
5157 0
5157 0
5157 0
5157 0
5157 0
5157 0
5157 0
5157 0
5157 0
5157 0
5157 0
5157 0
5157 0
5157 0
5157 0
5157 0
5157 0
5157 0
5157 0
5157 0
5157 0
5160 0
5160 13
5160 0
5160 0
5160 0
5160 0
5160 0
5160 0
5160 0
5160 0
5160 0
5160 0
5160 0
5160 0
5160 0
5160 0
5160 0
5160 0
5160 0
5160 0
5160 0
5160 0
5160 0
5160 0
5160 0
5160 0
5160 0
5160 0
5160 0
5160 0
5160 0
5176 0
5176 61
5176 0
5176 0
5176 0
5176 0
5176 0
5176 0
5176 0
5176 0
5176 0
5176 0
5176 0
5176 0
5176 0
5176 0
5176 0
5176 0
5176 0
5176 0
5176 0
5176 0
5176 0
5176 0
5176 0
5176 0
5176 0
5176 0
5176 0
5176 0
5176 0
5177 0
5177 57
5177 0
5177 0
5177 0
5177 0
5177 0
5177 0
5177 0
5177 0
5177 0
5177 0
5177 0
5177 0
5177 0
5177 0
5177 0
5177 0
5177 0
5177 0
5177 0
5177 0
5177 0
5177 0
5177 0
5177 0
5177 0
5177 0
5177 0
5177 0
5177 0
5200 0
5200 1
5200 0
5200 0
5200 0
5200 0
5200 0
5200 0
5200 0
5200 0
5200 0
5200 0
5200 0
5200 0
5200 0
5200 0
5200 0
5200 0
5200 0
5200 0
5200 0
5200 0
5200 0
5200 0
5200 0
5200 0
5200 0
5200 0
5200 0
5200 0
5200 0
5221 0
5221 235
5221 0
5221 0
5221 0
5221 0
5221 0
5221 0
5221 0
5221 0
5221 0
5221 0
5221 0
5221 0
5221 0
5221 0
5221 0
5221 0
5221 0
5221 0
5221 0
5221 0
5221 0
5221 0
5221 0
5221 0
5221 0
5221 0
5221 0
5221 0
5221 0
5256 0
5256 70
5256 0
5256 0
5256 0
5256 0
5256 0
5256 0
5256 0
5256 0
5256 0
5256 0
5256 0
5256 0
5256 0
5256 0
5256 0
5256 0
5256 0
5256 0
5256 0
5256 0
5256 0
5256 0
5256 0
5256 0
5256 0
5256 0
5256 0
5256 0
5256 0
5287 0
5287 112
5287 0
5287 0
5287 0
5287 0
5287 0
5287 0
5287 0
5287 0
5287 0
5287 0
5287 0
5287 0
5287 0
5287 0
5287 0
5287 0
5287 0
5287 0
5287 0
5287 0
5287 0
5287 0
5287 0
5287 0
5287 0
5287 0
5287 0
5287 0
5287 0
5301 0
5301 1
5301 0
5301 0
5301 0
5301 0
5301 0
5301 0
5301 0
5301 0
5301 0
5301 0
5301 0
5301 0
5301 0
5301 0
5301 0
5301 0
5301 0
5301 0
5301 0
5301 0
5301 0
5301 0
5301 0
5301 0
5301 0
5301 0
5301 0
5301 0
5301 0
5306 0
5306 66
5306 0
5306 0
5306 0
5306 0
5306 0
5306 0
5306 0
5306 0
5306 0
5306 0
5306 0
5306 0
5306 0
5306 0
5306 0
5306 0
5306 0
5306 0
5306 0
5306 0
5306 0
5306 0
5306 0
5306 0
5306 0
5306 0
5306 0
5306 0
5306 0
5329 0
5329 61
5329 0
5329 0
5329 0
5329 0
5329 0
5329 0
5329 0
5329 0
5329 0
5329 0
5329 0
5329 0
5329 0
5329 0
5329 0
5329 0
5329 0
5329 0
5329 0
5329 0
5329 0
5329 0
5329 0
5329 0
5329 0
5329 0
5329 0
5329 0
5329 0
5350 0
5350 1
5350 0
5350 0
5350 0
5350 0
5350 0
5350 0
5350 0
5350 0
5350 0
5350 0
5350 0
5350 0
5350 0
5350 0
5350 0
5350 0
5350 0
5350 0
5350 0
5350 0
5350 0
5350 0
5350 0
5350 0
5350 0
5350 0
5350 0
5350 0
5350 0
5371 0
5371 113
5371 0
5371 0
5371 0
5371 0
5371 0
5371 0
5371 0
5371 0
5371 0
5371 0
5371 0
5371 0
5371 0
5371 0
5371 0
5371 0
5371 0
5371 0
5371 0
5371 0
5371 0
5371 0
5371 0
5371 0
5371 0
5371 0
5371 0
5371 0
5371 0
5389 0
5389 76
5389 0
5389 0
5389 0
5389 0
5389 0
5389 0
5389 0
5389 0
5389 0
5389 0
5389 0
5389 0
5389 0
5389 0
5389 0
5389 0
5389 0
5389 0
5389 0
5389 0
5389 0
5389 0
5389 0
5389 0
5389 0
5389 0
5389 0
5389 0
5389 0
5424 0
5424 19
5424 0
5424 0
5424 0
5424 0
5424 0
5424 0
5424 0
5424 0
5424 0
5424 0
5424 0
5424 0
5424 0
5424 0
5424 0
5424 0
5424 0
5424 0
5424 0
5424 0
5424 0
5424 0
5424 0
5424 0
5424 0
5424 0
5424 0
5424 0
5424 0
5449 0
5449 61
5449 0
5449 0
5449 0
5449 0
5449 0
5449 0
5449 0
5449 0
5449 0
5449 0
5449 0
5449 0
5449 0
5449 0
5449 0
5449 0
5449 0
5449 0
5449 0
5449 0
5449 0
5449 0
5449 0
5449 0
5449 0
5449 0
5449 0
5449 0
5449 0
5467 0
5467 22
5467 0
5467 0
5467 0
5467 0
5467 0
5467 0
5467 0
5467 0
5467 0
5467 0
5467 0
5467 0
5467 0
5467 0
5467 0
5467 0
5467 0
5467 0
5467 0
5467 0
5467 0
5467 0
5467 0
5467 0
5467 0
5467 0
5467 0
5467 0
5467 0
5474 0
5474 61
5474 0
5474 0
5474 0
5474 0
5474 0
5474 0
5474 0
5474 0
5474 0
5474 0
5474 0
5474 0
5474 0
5474 0
5474 0
5474 0
5474 0
5474 0
5474 0
5474 0
5474 0
5474 0
5474 0
5474 0
5474 0
5474 0
5474 0
5474 0
5474 0
5477 0
5477 1
5477 0
5477 0
5477 0
5477 0
5477 0
5477 0
5477 0
5477 0
5477 0
5477 0
5477 0
5477 0
5477 0
5477 0
5477 0
5477 0
5477 0
5477 0
5477 0
5477 0
5477 0
5477 0
5477 0
5477 0
5477 0
5477 0
5477 0
5477 0
5477 0
5485 0
5485 22
5485 0
5485 0
5485 0
5485 0
5485 0
5485 0
5485 0
5485 0
5485 0
5485 0
5485 0
5485 0
5485 0
5485 0
5485 0
5485 0
5485 0
5485 0
5485 0
5485 0
5485 0
5485 0
5485 0
5485 0
5485 0
5485 0
5485 0
5485 0
5485 0
5489 0
5489 1
5489 0
5489 0
5489 0
5489 0
5489 0
5489 0
5489 0
5489 0
5489 0
5489 0
5489 0
5489 0
5489 0
5489 0
5489 0
5489 0
5489 0
5489 0
5489 0
5489 0
5489 0
5489 0
5489 0
5489 0
5489 0
5489 0
5489 0
5489 0
5489 0
5499 0
5499 195
5499 0
5499 0
5499 0
5499 0
5499 0
5499 0
5499 0
5499 0
5499 0
5499 0
5499 0
5499 0
5499 0
5499 0
5499 0
5499 0
5499 0
5499 0
5499 0
5499 0
5499 0
5499 0
5499 0
5499 0
5499 0
5499 0
5499 0
5499 0
5499 0
5501 0
5501 22
5501 0
5501 0
5501 0
5501 0
5501 0
5501 0
5501 0
5501 0
5501 0
5501 0
5501 0
5501 0
5501 0
5501 0
5501 0
5501 0
5501 0
5501 0
5501 0
5501 0
5501 0
5501 0
5501 0
5501 0
5501 0
5501 0
5501 0
5501 0
5501 0
5538 0
5538 53
5538 0
5538 0
5538 0
5538 0
5538 0
5538 0
5538 0
5538 0
5538 0
5538 0
5538 0
5538 0
5538 0
5538 0
5538 0
5538 0
5538 0
5538 0
5538 0
5538 0
5538 0
5538 0
5538 0
5538 0
5538 0
5538 0
5538 0
5538 0
5538 0
5554 0
5554 19
5554 0
5554 0
5554 0
5554 0
5554 0
5554 0
5554 0
5554 0
5554 0
5554 0
5554 0
5554 0
5554 0
5554 0
5554 0
5554 0
5554 0
5554 0
5554 0
5554 0
5554 0
5554 0
5554 0
5554 0
5554 0
5554 0
5554 0
5554 0
5554 0
5562 0
5562 136
5562 0
5562 0
5562 0
5562 0
5562 0
5562 0
5562 0
5562 0
5562 0
5562 0
5562 0
5562 0
5562 0
5562 0
5562 0
5562 0
5562 0
5562 0
5562 0
5562 0
5562 0
5562 0
5562 0
5562 0
5562 0
5562 0
5562 0
5562 0
5562 0
5579 0
5579 1
5579 0
5579 0
5579 0
5579 0
5579 0
5579 0
5579 0
5579 0
5579 0
5579 0
5579 0
5579 0
5579 0
5579 0
5579 0
5579 0
5579 0
5579 0
5579 0
5579 0
5579 0
5579 0
5579 0
5579 0
5579 0
5579 0
5579 0
5579 0
5579 0
5596 0
5596 94
5596 0
5596 0
5596 0
5596 0
5596 0
5596 0
5596 0
5596 0
5596 0
5596 0
5596 0
5596 0
5596 0
5596 0
5596 0
5596 0
5596 0
5596 0
5596 0
5596 0
5596 0
5596 0
5596 0
5596 0
5596 0
5596 0
5596 0
5596 0
5596 0
5604 0
5604 71
5604 0
5604 0
5604 0
5604 0
5604 0
5604 0
5604 0
5604 0
5604 0
5604 0
5604 0
5604 0
5604 0
5604 0
5604 0
5604 0
5604 0
5604 0
5604 0
5604 0
5604 0
5604 0
5604 0
5604 0
5604 0
5604 0
5604 0
5604 0
5604 0
5612 0
5612 2
5612 0
5612 0
5612 0
5612 0
5612 0
5612 0
5612 0
5612 0
5612 0
5612 0
5612 0
5612 0
5612 0
5612 0
5612 0
5612 0
5612 0
5612 0
5612 0
5612 0
5612 0
5612 0
5612 0
5612 0
5612 0
5612 0
5612 0
5612 0
5612 0
5617 0
5617 93
5617 0
5617 0
5617 0
5617 0
5617 0
5617 0
5617 0
5617 0
5617 0
5617 0
5617 0
5617 0
5617 0
5617 0
5617 0
5617 0
5617 0
5617 0
5617 0
5617 0
5617 0
5617 0
5617 0
5617 0
5617 0
5617 0
5617 0
5617 0
5617 0
5623 0
5623 30
5623 0
5623 0
5623 0
5623 0
5623 0
5623 0
5623 0
5623 0
5623 0
5623 0
5623 0
5623 0
5623 0
5623 0
5623 0
5623 0
5623 0
5623 0
5623 0
5623 0
5623 0
5623 0
5623 0
5623 0
5623 0
5623 0
5623 0
5623 0
5623 0
5653 0
5653 18
5653 0
5653 0
5653 0
5653 0
5653 0
5653 0
5653 0
5653 0
5653 0
5653 0
5653 0
5653 0
5653 0
5653 0
5653 0
5653 0
5653 0
5653 0
5653 0
5653 0
5653 0
5653 0
5653 0
5653 0
5653 0
5653 0
5653 0
5653 0
5653 0
5662 0
5662 164
5662 0
5662 0
5662 0
5662 0
5662 0
5662 0
5662 0
5662 0
5662 0
5662 0
5662 0
5662 0
5662 0
5662 0
5662 0
5662 0
5662 0
5662 0
5662 0
5662 0
5662 0
5662 0
5662 0
5662 0
5662 0
5662 0
5662 0
5662 0
5662 0
5672 0
5672 1
5672 0
5672 0
5672 0
5672 0
5672 0
5672 0
5672 0
5672 0
5672 0
5672 0
5672 0
5672 0
5672 0
5672 0
5672 0
5672 0
5672 0
5672 0
5672 0
5672 0
5672 0
5672 0
5672 0
5672 0
5672 0
5672 0
5672 0
5672 0
5672 0
5676 0
5676 86
5676 0
5676 0
5676 0
5676 0
5676 0
5676 0
5676 0
5676 0
5676 0
5676 0
5676 0
5676 0
5676 0
5676 0
5676 0
5676 0
5676 0
5676 0
5676 0
5676 0
5676 0
5676 0
5676 0
5676 0
5676 0
5676 0
5676 0
5676 0
5676 0
5687 0
5687 85
5687 0
5687 0
5687 0
5687 0
5687 0
5687 0
5687 0
5687 0
5687 0
5687 0
5687 0
5687 0
5687 0
5687 0
5687 0
5687 0
5687 0
5687 0
5687 0
5687 0
5687 0
5687 0
5687 0
5687 0
5687 0
5687 0
5687 0
5687 0
5687 0
5688 0
5688 93
5688 0
5688 0
5688 0
5688 0
5688 0
5688 0
5688 0
5688 0
5688 0
5688 0
5688 0
5688 0
5688 0
5688 0
5688 0
5688 0
5688 0
5688 0
5688 0
5688 0
5688 0
5688 0
5688 0
5688 0
5688 0
5688 0
5688 0
5688 0
5688 0
5689 0
5689 0
5689 0
5689 0
5689 0
5689 0
5689 0
5689 0
5689 0
5689 0
5689 0
5689 0
5689 0
5689 0
5689 0
5689 0
5689 0
5689 0
5689 0
5689 0
5689 0
5689 0
5689 0
5689 0
5689 0
5689 0
5689 0
5689 0
5689 0
5689 0
5689 0
5711 0
5711 26
5711 0
5711 0
5711 0
5711 0
5711 0
5711 0
5711 0
5711 0
5711 0
5711 0
5711 0
5711 0
5711 0
5711 0
5711 0
5711 0
5711 0
5711 0
5711 0
5711 0
5711 0
5711 0
5711 0
5711 0
5711 0
5711 0
5711 0
5711 0
5711 0
5719 0
5719 1
5719 0
5719 0
5719 0
5719 0
5719 0
5719 0
5719 0
5719 0
5719 0
5719 0
5719 0
5719 0
5719 0
5719 0
5719 0
5719 0
5719 0
5719 0
5719 0
5719 0
5719 0
5719 0
5719 0
5719 0
5719 0
5719 0
5719 0
5719 0
5719 0
5726 0
5726 1
5726 0
5726 0
5726 0
5726 0
5726 0
5726 0
5726 0
5726 0
5726 0
5726 0
5726 0
5726 0
5726 0
5726 0
5726 0
5726 0
5726 0
5726 0
5726 0
5726 0
5726 0
5726 0
5726 0
5726 0
5726 0
5726 0
5726 0
5726 0
5726 0
5737 0
5737 95
5737 0
5737 0
5737 0
5737 0
5737 0
5737 0
5737 0
5737 0
5737 0
5737 0
5737 0
5737 0
5737 0
5737 0
5737 0
5737 0
5737 0
5737 0
5737 0
5737 0
5737 0
5737 0
5737 0
5737 0
5737 0
5737 0
5737 0
5737 0
5737 0
5757 0
5757 2
5757 0
5757 0
5757 0
5757 0
5757 0
5757 0
5757 0
5757 0
5757 0
5757 0
5757 0
5757 0
5757 0
5757 0
5757 0
5757 0
5757 0
5757 0
5757 0
5757 0
5757 0
5757 0
5757 0
5757 0
5757 0
5757 0
5757 0
5757 0
5757 0
5762 0
5762 80
5762 0
5762 0
5762 0
5762 0
5762 0
5762 0
5762 0
5762 0
5762 0
5762 0
5762 0
5762 0
5762 0
5762 0
5762 0
5762 0
5762 0
5762 0
5762 0
5762 0
5762 0
5762 0
5762 0
5762 0
5762 0
5762 0
5762 0
5762 0
5762 0
5769 0
5769 84
5769 0
5769 0
5769 0
5769 0
5769 0
5769 0
5769 0
5769 0
5769 0
5769 0
5769 0
5769 0
5769 0
5769 0
5769 0
5769 0
5769 0
5769 0
5769 0
5769 0
5769 0
5769 3
5769 0
5769 0
5769 0
5769 0
5769 0
5769 0
5769 0
5770 0
5770 28
5770 0
5770 0
5770 0
5770 0
5770 0
5770 0
5770 0
5770 0
5770 0
5770 0
5770 0
5770 0
5770 0
5770 0
5770 0
5770 0
5770 0
5770 0
5770 0
5770 0
5770 0
5770 0
5770 0
5770 0
5770 0
5770 0
5770 0
5770 0
5770 0
5781 0
5781 49
5781 0
5781 0
5781 0
5781 0
5781 0
5781 0
5781 0
5781 0
5781 0
5781 0
5781 0
5781 0
5781 0
5781 0
5781 0
5781 0
5781 0
5781 0
5781 0
5781 0
5781 0
5781 0
5781 0
5781 0
5781 0
5781 0
5781 0
5781 0
5781 0
5787 0
5787 163
5787 0
5787 0
5787 0
5787 0
5787 0
5787 0
5787 0
5787 0
5787 0
5787 0
5787 0
5787 0
5787 0
5787 0
5787 0
5787 0
5787 0
5787 0
5787 0
5787 0
5787 0
5787 0
5787 0
5787 0
5787 0
5787 0
5787 0
5787 0
5787 0
5821 0
5821 104
5821 0
5821 0
5821 0
5821 0
5821 0
5821 0
5821 0
5821 0
5821 0
5821 0
5821 0
5821 0
5821 0
5821 0
5821 0
5821 0
5821 0
5821 0
5821 0
5821 0
5821 0
5821 0
5821 0
5821 0
5821 0
5821 0
5821 0
5821 0
5821 0
5834 0
5834 53
5834 0
5834 0
5834 0
5834 0
5834 0
5834 0
5834 0
5834 0
5834 0
5834 0
5834 0
5834 0
5834 0
5834 0
5834 0
5834 0
5834 0
5834 0
5834 0
5834 0
5834 0
5834 0
5834 0
5834 0
5834 0
5834 0
5834 0
5834 0
5834 0
5841 0
5841 1
5841 0
5841 0
5841 0
5841 0
5841 0
5841 0
5841 0
5841 0
5841 0
5841 0
5841 0
5841 0
5841 0
5841 0
5841 0
5841 0
5841 0
5841 0
5841 0
5841 0
5841 0
5841 0
5841 0
5841 0
5841 0
5841 0
5841 0
5841 0
5841 0
5842 0
5842 1
5842 0
5842 0
5842 0
5842 0
5842 0
5842 0
5842 0
5842 0
5842 0
5842 0
5842 0
5842 0
5842 0
5842 0
5842 0
5842 0
5842 0
5842 0
5842 0
5842 0
5842 0
5842 0
5842 0
5842 0
5842 0
5842 0
5842 0
5842 0
5842 0
5865 0
5865 26
5865 0
5865 0
5865 0
5865 0
5865 0
5865 0
5865 0
5865 0
5865 0
5865 0
5865 0
5865 0
5865 0
5865 0
5865 0
5865 0
5865 0
5865 0
5865 0
5865 0
5865 0
5865 0
5865 0
5865 0
5865 0
5865 0
5865 0
5865 0
5865 0
5877 0
5877 8
5877 0
5877 0
5877 0
5877 0
5877 0
5877 0
5877 0
5877 0
5877 0
5877 0
5877 0
5877 0
5877 0
5877 0
5877 0
5877 0
5877 0
5877 0
5877 0
5877 0
5877 0
5877 3
5877 0
5877 0
5877 0
5877 0
5877 0
5877 0
5877 0
5911 0
5911 1
5911 0
5911 0
5911 0
5911 0
5911 0
5911 0
5911 0
5911 0
5911 0
5911 0
5911 0
5911 0
5911 0
5911 0
5911 0
5911 0
5911 0
5911 0
5911 0
5911 0
5911 0
5911 0
5911 0
5911 0
5911 0
5911 0
5911 0
5911 0
5911 0
5913 0
5913 8
5913 0
5913 0
5913 0
5913 0
5913 0
5913 0
5913 0
5913 0
5913 0
5913 0
5913 0
5913 0
5913 0
5913 0
5913 0
5913 0
5913 0
5913 0
5913 0
5913 0
5913 0
5913 0
5913 0
5913 0
5913 0
5913 0
5913 0
5913 0
5913 0
5924 0
5924 1
5924 0
5924 0
5924 0
5924 0
5924 0
5924 0
5924 0
5924 0
5924 0
5924 0
5924 0
5924 0
5924 0
5924 0
5924 0
5924 0
5924 0
5924 0
5924 0
5924 0
5924 0
5924 0
5924 0
5924 0
5924 0
5924 0
5924 0
5924 0
5924 0
5930 0
5930 1
5930 0
5930 0
5930 0
5930 0
5930 0
5930 0
5930 0
5930 0
5930 0
5930 0
5930 0
5930 0
5930 0
5930 0
5930 0
5930 0
5930 0
5930 0
5930 0
5930 0
5930 0
5930 0
5930 0
5930 0
5930 0
5930 0
5930 0
5930 0
5930 0
5950 0
5950 30
5950 0
5950 0
5950 0
5950 0
5950 0
5950 0
5950 0
5950 0
5950 0
5950 0
5950 0
5950 0
5950 0
5950 0
5950 0
5950 0
5950 0
5950 0
5950 0
5950 0
5950 0
5950 0
5950 0
5950 0
5950 0
5950 0
5950 0
5950 0
5950 0
5953 0
5953 1
5953 0
5953 0
5953 0
5953 0
5953 0
5953 0
5953 0
5953 0
5953 0
5953 0
5953 0
5953 0
5953 0
5953 0
5953 0
5953 0
5953 0
5953 0
5953 0
5953 0
5953 0
5953 0
5953 0
5953 0
5953 0
5953 0
5953 0
5953 0
5953 0
5985 0
5985 1
5985 0
5985 0
5985 0
5985 0
5985 0
5985 0
5985 0
5985 0
5985 0
5985 0
5985 0
5985 0
5985 0
5985 0
5985 0
5985 0
5985 0
5985 0
5985 0
5985 0
5985 0
5985 0
5985 0
5985 0
5985 0
5985 0
5985 0
5985 0
5985 0
6000 0
6000 1
6000 0
6000 0
6000 0
6000 0
6000 0
6000 0
6000 0
6000 0
6000 0
6000 0
6000 0
6000 0
6000 0
6000 0
6000 0
6000 0
6000 0
6000 0
6000 0
6000 0
6000 0
6000 0
6000 0
6000 0
6000 0
6000 0
6000 0
6000 0
6000 0
6018 0
6018 1
6018 0
6018 0
6018 0
6018 0
6018 0
6018 0
6018 0
6018 0
6018 0
6018 0
6018 0
6018 0
6018 0
6018 0
6018 0
6018 0
6018 0
6018 0
6018 0
6018 0
6018 0
6018 0
6018 0
6018 0
6018 0
6018 0
6018 0
6018 0
6018 0
6156 0
6156 0
6156 0
6156 0
6156 0
6156 0
6156 0
6156 0
6156 0
6156 0
6156 0
6156 0
6156 0
6156 0
6156 0
6156 0
6156 0
6156 0
6156 0
6156 0
6156 0
6156 0
6156 0
6156 0
6156 0
6156 0
6156 0
6156 0
6156 0
6156 0
6156 0
6273 0
6273 56
6273 0
6273 0
6273 0
6273 0
6273 0
6273 0
6273 0
6273 0
6273 0
6273 0
6273 0
6273 0
6273 0
6273 0
6273 0
6273 0
6273 0
6273 0
6273 0
6273 0
6273 0
6273 0
6273 0
6273 0
6273 0
6273 0
6273 0
6273 0
6273 0
6315 0
6315 56
6315 0
6315 0
6315 0
6315 0
6315 0
6315 0
6315 0
6315 0
6315 0
6315 0
6315 0
6315 0
6315 0
6315 0
6315 0
6315 0
6315 0
6315 0
6315 0
6315 0
6315 0
6315 0
6315 0
6315 0
6315 0
6315 0
6315 0
6315 0
6315 0
6349 0
6349 0
6349 0
6349 0
6349 0
6349 0
6349 0
6349 0
6349 0
6349 0
6349 0
6349 0
6349 0
6349 0
6349 0
6349 0
6349 0
6349 0
6349 0
6349 0
6349 0
6349 0
6349 0
6349 0
6349 0
6349 0
6349 0
6349 0
6349 0
6349 0
6349 0
6356 0
6356 64
6356 0
6356 0
6356 0
6356 0
6356 0
6356 0
6356 0
6356 0
6356 0
6356 0
6356 0
6356 0
6356 0
6356 0
6356 0
6356 0
6356 0
6356 0
6356 0
6356 0
6356 0
6356 0
6356 0
6356 0
6356 0
6356 0
6356 0
6356 0
6356 0
6382 0
6382 1
6382 0
6382 0
6382 0
6382 0
6382 0
6382 0
6382 0
6382 0
6382 0
6382 0
6382 0
6382 0
6382 0
6382 0
6382 0
6382 0
6382 0
6382 0
6382 0
6382 0
6382 0
6382 0
6382 0
6382 0
6382 0
6382 0
6382 0
6382 0
6382 0
6391 0
6391 1
6391 0
6391 0
6391 0
6391 0
6391 0
6391 0
6391 0
6391 0
6391 0
6391 0
6391 0
6391 0
6391 0
6391 0
6391 0
6391 0
6391 0
6391 0
6391 0
6391 0
6391 0
6391 0
6391 0
6391 0
6391 0
6391 0
6391 0
6391 0
6391 0
6398 0
6398 0
6398 0
6398 0
6398 0
6398 0
6398 0
6398 0
6398 0
6398 0
6398 0
6398 0
6398 0
6398 0
6398 0
6398 0
6398 0
6398 0
6398 0
6398 0
6398 0
6398 0
6398 0
6398 0
6398 0
6398 0
6398 0
6398 0
6398 0
6398 0
6398 0
6404 0
6404 1
6404 0
6404 0
6404 0
6404 0
6404 0
6404 0
6404 0
6404 0
6404 0
6404 0
6404 0
6404 0
6404 0
6404 0
6404 0
6404 0
6404 0
6404 0
6404 0
6404 0
6404 0
6404 0
6404 0
6404 0
6404 0
6404 0
6404 0
6404 0
6404 0
6420 0
6420 54
6420 0
6420 0
6420 0
6420 0
6420 0
6420 0
6420 0
6420 0
6420 0
6420 0
6420 0
6420 0
6420 0
6420 0
6420 0
6420 0
6420 0
6420 0
6420 0
6420 0
6420 0
6420 0
6420 0
6420 0
6420 0
6420 0
6420 0
6420 0
6420 0
6447 0
6447 1
6447 0
6447 0
6447 0
6447 0
6447 0
6447 0
6447 0
6447 0
6447 0
6447 0
6447 0
6447 0
6447 0
6447 0
6447 0
6447 0
6447 0
6447 0
6447 0
6447 0
6447 0
6447 0
6447 0
6447 0
6447 0
6447 0
6447 0
6447 0
6447 0
6457 0
6457 1
6457 0
6457 0
6457 0
6457 0
6457 0
6457 0
6457 0
6457 0
6457 0
6457 0
6457 0
6457 0
6457 0
6457 0
6457 0
6457 0
6457 0
6457 0
6457 0
6457 0
6457 0
6457 2
6457 0
6457 0
6457 0
6457 0
6457 0
6457 0
6457 0
6459 0
6459 0
6459 0
6459 0
6459 0
6459 0
6459 0
6459 0
6459 0
6459 0
6459 0
6459 0
6459 0
6459 0
6459 0
6459 0
6459 0
6459 0
6459 0
6459 0
6459 0
6459 0
6459 0
6459 0
6459 0
6459 0
6459 0
6459 0
6459 0
6459 0
6459 0
6468 0
6468 1
6468 0
6468 0
6468 0
6468 0
6468 0
6468 0
6468 0
6468 0
6468 0
6468 0
6468 0
6468 0
6468 0
6468 0
6468 0
6468 0
6468 0
6468 0
6468 0
6468 0
6468 0
6468 0
6468 0
6468 0
6468 0
6468 0
6468 0
6468 0
6468 0
6488 0
6488 54
6488 0
6488 0
6488 0
6488 0
6488 0
6488 0
6488 0
6488 0
6488 0
6488 0
6488 0
6488 0
6488 0
6488 0
6488 0
6488 0
6488 0
6488 0
6488 0
6488 0
6488 0
6488 0
6488 0
6488 0
6488 0
6488 0
6488 0
6488 0
6488 0
6503 0
6503 4
6503 0
6503 0
6503 0
6503 0
6503 0
6503 0
6503 0
6503 0
6503 0
6503 0
6503 0
6503 0
6503 0
6503 0
6503 0
6503 0
6503 0
6503 0
6503 0
6503 0
6503 0
6503 0
6503 0
6503 0
6503 0
6503 0
6503 0
6503 0
6503 0
6520 0
6520 1
6520 0
6520 0
6520 0
6520 0
6520 0
6520 0
6520 0
6520 0
6520 0
6520 0
6520 0
6520 0
6520 0
6520 0
6520 0
6520 0
6520 0
6520 0
6520 0
6520 0
6520 0
6520 0
6520 0
6520 0
6520 0
6520 0
6520 0
6520 0
6520 0
6535 0
6535 1
6535 0
6535 0
6535 0
6535 0
6535 0
6535 0
6535 0
6535 0
6535 0
6535 0
6535 0
6535 0
6535 0
6535 0
6535 0
6535 0
6535 0
6535 0
6535 0
6535 0
6535 0
6535 0
6535 0
6535 0
6535 0
6535 0
6535 0
6535 0
6535 0
6544 0
6544 44
6544 0
6544 0
6544 0
6544 0
6544 0
6544 0
6544 0
6544 0
6544 0
6544 0
6544 0
6544 0
6544 0
6544 0
6544 0
6544 0
6544 0
6544 0
6544 0
6544 0
6544 0
6544 0
6544 0
6544 0
6544 0
6544 0
6544 0
6544 0
6544 0
6553 0
6553 1
6553 0
6553 0
6553 0
6553 0
6553 0
6553 0
6553 0
6553 0
6553 0
6553 0
6553 0
6553 0
6553 0
6553 0
6553 0
6553 0
6553 0
6553 0
6553 0
6553 0
6553 0
6553 0
6553 0
6553 0
6553 0
6553 0
6553 0
6553 0
6553 0
6594 0
6594 56
6594 0
6594 0
6594 0
6594 0
6594 0
6594 0
6594 0
6594 0
6594 0
6594 0
6594 0
6594 0
6594 0
6594 0
6594 0
6594 0
6594 0
6594 0
6594 0
6594 0
6594 0
6594 0
6594 0
6594 0
6594 0
6594 0
6594 0
6594 0
6594 0
6618 0
6618 1
6618 0
6618 0
6618 0
6618 0
6618 0
6618 0
6618 0
6618 0
6618 0
6618 0
6618 0
6618 0
6618 0
6618 0
6618 0
6618 0
6618 0
6618 0
6618 0
6618 0
6618 0
6618 0
6618 0
6618 0
6618 0
6618 0
6618 0
6618 0
6618 0
6624 0
6624 56
6624 0
6624 0
6624 0
6624 0
6624 0
6624 0
6624 0
6624 0
6624 0
6624 0
6624 0
6624 0
6624 0
6624 0
6624 0
6624 0
6624 0
6624 0
6624 0
6624 0
6624 0
6624 0
6624 0
6624 0
6624 0
6624 0
6624 0
6624 0
6624 0
6627 0
6627 8
6627 0
6627 0
6627 0
6627 0
6627 0
6627 0
6627 0
6627 0
6627 0
6627 0
6627 0
6627 0
6627 0
6627 0
6627 0
6627 0
6627 0
6627 0
6627 0
6627 0
6627 0
6627 0
6627 0
6627 0
6627 0
6627 0
6627 0
6627 0
6627 0
6653 0
6653 56
6653 0
6653 0
6653 0
6653 0
6653 0
6653 0
6653 0
6653 0
6653 0
6653 0
6653 0
6653 0
6653 0
6653 0
6653 0
6653 0
6653 0
6653 0
6653 0
6653 0
6653 0
6653 0
6653 0
6653 0
6653 0
6653 0
6653 0
6653 0
6653 0
6657 0
6657 2
6657 0
6657 0
6657 0
6657 0
6657 0
6657 0
6657 0
6657 0
6657 0
6657 0
6657 0
6657 0
6657 0
6657 0
6657 0
6657 0
6657 0
6657 0
6657 0
6657 0
6657 0
6657 0
6657 0
6657 0
6657 0
6657 0
6657 0
6657 0
6657 0
6663 0
6663 1
6663 0
6663 0
6663 0
6663 0
6663 0
6663 0
6663 0
6663 0
6663 0
6663 0
6663 0
6663 0
6663 0
6663 0
6663 0
6663 0
6663 0
6663 0
6663 0
6663 0
6663 0
6663 0
6663 0
6663 0
6663 0
6663 0
6663 0
6663 0
6663 0
6707 0
6707 56
6707 0
6707 0
6707 0
6707 0
6707 0
6707 0
6707 0
6707 0
6707 0
6707 0
6707 0
6707 0
6707 0
6707 0
6707 0
6707 0
6707 0
6707 0
6707 0
6707 0
6707 0
6707 0
6707 0
6707 0
6707 0
6707 0
6707 0
6707 0
6707 0
6710 0
6710 56
6710 0
6710 0
6710 0
6710 0
6710 0
6710 0
6710 0
6710 0
6710 0
6710 0
6710 0
6710 0
6710 0
6710 0
6710 0
6710 0
6710 0
6710 0
6710 0
6710 0
6710 0
6710 0
6710 0
6710 0
6710 0
6710 0
6710 0
6710 0
6710 0
6727 0
6727 3
6727 0
6727 0
6727 0
6727 0
6727 0
6727 0
6727 0
6727 0
6727 0
6727 0
6727 0
6727 0
6727 0
6727 0
6727 0
6727 0
6727 0
6727 0
6727 0
6727 0
6727 0
6727 0
6727 0
6727 0
6727 0
6727 0
6727 0
6727 0
6727 0
6746 0
6746 56
6746 0
6746 0
6746 0
6746 0
6746 0
6746 0
6746 0
6746 0
6746 0
6746 0
6746 0
6746 0
6746 0
6746 0
6746 0
6746 0
6746 0
6746 0
6746 0
6746 0
6746 0
6746 0
6746 0
6746 0
6746 0
6746 0
6746 0
6746 0
6746 0
6756 0
6756 153
6756 0
6756 0
6756 0
6756 0
6756 0
6756 0
6756 0
6756 0
6756 0
6756 0
6756 0
6756 0
6756 0
6756 0
6756 0
6756 0
6756 0
6756 0
6756 0
6756 0
6756 0
6756 63
6756 0
6756 0
6756 0
6756 0
6756 0
6756 0
6756 0
6761 0
6761 1
6761 0
6761 0
6761 0
6761 0
6761 0
6761 0
6761 0
6761 0
6761 0
6761 0
6761 0
6761 0
6761 0
6761 0
6761 0
6761 0
6761 0
6761 0
6761 0
6761 0
6761 0
6761 0
6761 0
6761 0
6761 0
6761 0
6761 0
6761 0
6761 0
6766 0
6766 56
6766 0
6766 0
6766 0
6766 0
6766 0
6766 0
6766 0
6766 0
6766 0
6766 0
6766 0
6766 0
6766 0
6766 0
6766 0
6766 0
6766 0
6766 0
6766 0
6766 0
6766 0
6766 0
6766 0
6766 0
6766 0
6766 0
6766 0
6766 0
6766 0
6768 0
6768 125
6768 0
6768 0
6768 0
6768 0
6768 0
6768 0
6768 0
6768 0
6768 0
6768 0
6768 0
6768 0
6768 0
6768 0
6768 0
6768 0
6768 0
6768 0
6768 0
6768 0
6768 0
6768 0
6768 0
6768 0
6768 0
6768 0
6768 0
6768 0
6768 0
6794 0
6794 88
6794 0
6794 0
6794 0
6794 0
6794 0
6794 0
6794 0
6794 0
6794 0
6794 0
6794 0
6794 0
6794 0
6794 0
6794 0
6794 0
6794 0
6794 0
6794 1
6794 0
6794 0
6794 26
6794 0
6794 0
6794 0
6794 0
6794 0
6794 0
6794 0
6822 0
6822 1
6822 0
6822 0
6822 0
6822 0
6822 0
6822 0
6822 0
6822 0
6822 0
6822 0
6822 0
6822 0
6822 0
6822 0
6822 0
6822 0
6822 0
6822 0
6822 0
6822 0
6822 0
6822 0
6822 0
6822 0
6822 0
6822 0
6822 0
6822 0
6822 0
6843 0
6843 1
6843 0
6843 0
6843 0
6843 0
6843 0
6843 0
6843 0
6843 0
6843 0
6843 0
6843 0
6843 0
6843 0
6843 0
6843 0
6843 0
6843 0
6843 0
6843 0
6843 0
6843 0
6843 2
6843 0
6843 0
6843 0
6843 0
6843 0
6843 0
6843 0
6847 0
6847 1
6847 0
6847 0
6847 0
6847 0
6847 0
6847 0
6847 0
6847 0
6847 0
6847 0
6847 0
6847 0
6847 0
6847 0
6847 0
6847 0
6847 0
6847 0
6847 0
6847 0
6847 0
6847 0
6847 0
6847 0
6847 0
6847 0
6847 0
6847 0
6847 0
6856 0
6856 21
6856 0
6856 0
6856 0
6856 0
6856 0
6856 0
6856 0
6856 0
6856 0
6856 0
6856 0
6856 0
6856 0
6856 0
6856 0
6856 0
6856 0
6856 0
6856 0
6856 0
6856 0
6856 0
6856 0
6856 0
6856 0
6856 0
6856 0
6856 0
6856 0
6871 0
6871 3
6871 0
6871 0
6871 0
6871 0
6871 0
6871 0
6871 0
6871 0
6871 0
6871 0
6871 0
6871 0
6871 0
6871 0
6871 0
6871 0
6871 0
6871 0
6871 0
6871 0
6871 0
6871 2
6871 0
6871 0
6871 0
6871 0
6871 0
6871 0
6871 0
6959 0
6959 1
6959 0
6959 0
6959 0
6959 0
6959 0
6959 0
6959 0
6959 0
6959 0
6959 0
6959 0
6959 0
6959 0
6959 0
6959 0
6959 0
6959 0
6959 0
6959 0
6959 0
6959 0
6959 0
6959 0
6959 0
6959 0
6959 0
6959 0
6959 0
6959 0
7015 0
7015 1
7015 0
7015 0
7015 0
7015 0
7015 0
7015 0
7015 0
7015 0
7015 0
7015 0
7015 0
7015 0
7015 0
7015 0
7015 0
7015 0
7015 0
7015 0
7015 0
7015 0
7015 0
7015 0
7015 0
7015 0
7015 0
7015 0
7015 0
7015 0
7015 0
7035 0
7035 18
7035 0
7035 0
7035 0
7035 0
7035 0
7035 0
7035 0
7035 0
7035 0
7035 0
7035 0
7035 0
7035 0
7035 0
7035 0
7035 0
7035 0
7035 0
7035 0
7035 0
7035 0
7035 0
7035 0
7035 0
7035 0
7035 0
7035 0
7035 0
7035 0
