pt_graph shape
10827 0
10827 0
10827 0
10827 0
10827 0
10827 0
10827 0
10827 0
10827 0
10827 0
10827 1.48
10827 0
10827 0
10827 0
10827 0
10827 0
10827 0
10827 0
10827 0
10827 0
10827 0
10827 0
10827 0
10827 0
10827 49.6
10827 0
10827 0
10827 0
10827 0
10827 0
10827 0
10832 0
10832 0
10832 0
10832 0
10832 0
10832 0
10832 0
10832 0
10832 0
10832 0
10832 0.72
10832 0
10832 0
10832 0
10832 0
10832 0
10832 0
10832 0
10832 0
10832 0
10832 0
10832 42.4
10832 0
10832 0
10832 3.92
10832 0
10832 0
10832 0
10832 0
10832 0
10832 0
10833 0
10833 0
10833 0
10833 0
10833 0
10833 0
10833 0
10833 0
10833 0
10833 0
10833 0.92
10833 0
10833 0
10833 0
10833 0
10833 0
10833 0
10833 0
10833 0
10833 0
10833 0
10833 29.96
10833 0
10833 0
10833 1.66
10833 0
10833 0
10833 38.2
10833 0
10833 0
10833 0
10835 0
10835 0
10835 0
10835 0
10835 0
10835 0
10835 0
10835 0
10835 0
10835 0
10835 1.48
10835 0
10835 0
10835 0
10835 0
10835 0
10835 0
10835 0
10835 0
10835 0
10835 0
10835 27.49
10835 0
10835 0
10835 37.31
10835 0
10835 0
10835 0
10835 0
10835 0
10835 0
10839 0
10839 0
10839 0
10839 0
10839 0
10839 0
10839 0
10839 0
10839 0
10839 0
10839 0.94
10839 0
10839 0
10839 0
10839 0
10839 0
10839 0
10839 0
10839 0
10839 0
10839 0
10839 0
10839 0
10839 0
10839 47
10839 0
10839 0
10839 0
10839 0
10839 0
10839 0
10840 0
10840 0
10840 0
10840 0
10840 0
10840 0
10840 0
10840 0
10840 0
10840 0
10840 0.48
10840 0
10840 0
10840 0
10840 0
10840 0
10840 0
10840 0
10840 0
10840 0
10840 0
10840 2.71
10840 0
10840 0
10840 2.56
10840 0
10840 0
10840 0
10840 0
10840 0
10840 0
10842 0
10842 0
10842 0
10842 0
10842 0
10842 0
10842 0
10842 0
10842 0
10842 0
10842 0.57
10842 0
10842 0
10842 0
10842 0
10842 0
10842 0
10842 0
10842 0
10842 0
10842 0
10842 12.08
10842 0
10842 0
10842 5.73
10842 0
10842 0
10842 0
10842 0
10842 0
10842 0
10843 0
10843 0
10843 0
10843 0
10843 0
10843 0
10843 0
10843 0
10843 0
10843 0
10843 0.52
10843 0
10843 0
10843 0
10843 0
10843 0
10843 0
10843 0
10843 0
10843 0
10843 0
10843 1.89
10843 0
10843 0
10843 5.5
10843 0
10843 0
10843 0
10843 0
10843 0
10843 0
10844 0
10844 0
10844 0
10844 0
10844 0
10844 0
10844 0
10844 0
10844 0
10844 0
10844 0.86
10844 0
10844 0
10844 0
10844 0
10844 0
10844 0
10844 0
10844 0
10844 0
10844 0
10844 52.38
10844 0
10844 0
10844 2.8
10844 0
10844 0
10844 0
10844 0
10844 0
10844 0
10845 0
10845 0
10845 0
10845 0
10845 0
10845 0
10845 0
10845 0
10845 0
10845 0
10845 0.89
10845 0
10845 0
10845 0
10845 0
10845 0
10845 0
10845 0
10845 0
10845 0
10845 0
10845 0
10845 0
10845 0
10845 33.75
10845 0
10845 0
10845 0
10845 0
10845 0
10845 0
10847 0
10847 0
10847 0
10847 0
10847 0
10847 0
10847 0
10847 0
10847 0
10847 0
10847 0.87
10847 0
10847 0
10847 0
10847 0
10847 0
10847 0
10847 0
10847 0
10847 0
10847 0
10847 0
10847 0
10847 0
10847 2.38
10847 0
10847 0
10847 0
10847 0
10847 0
10847 0
10850 0
10850 0
10850 0
10850 0
10850 0
10850 0
10850 0
10850 0
10850 0
10850 0
10850 0.91
10850 0
10850 0
10850 0
10850 0
10850 0
10850 0
10850 0
10850 0
10850 0
10850 0
10850 15.63
10850 0
10850 0
10850 7.44
10850 0
10850 0
10850 0
10850 0
10850 0
10850 0
10854 0
10854 0
10854 0
10854 0
10854 0
10854 0
10854 0
10854 0
10854 0
10854 0
10854 1.57
10854 0
10854 0
10854 0
10854 0
10854 0
10854 0
10854 0
10854 0
10854 0
10854 0
10854 0
10854 0
10854 0
10854 40.27
10854 0
10854 0
10854 0
10854 0
10854 0
10854 0
10861 0
10861 0
10861 0
10861 0
10861 0
10861 0
10861 0
10861 0
10861 0
10861 0
10861 0.57
10861 0
10861 0
10861 0
10861 0
10861 0
10861 0
10861 0
10861 0
10861 0
10861 0
10861 0
10861 0
10861 0
10861 28.15
10861 0
10861 0
10861 0
10861 0
10861 0
10861 0
10865 0
10865 0
10865 0
10865 0
10865 0
10865 0
10865 0
10865 0
10865 0
10865 0
10865 0.53
10865 0
10865 0
10865 0
10865 0
10865 0
10865 0
10865 0
10865 0
10865 0
10865 0
10865 61.46
10865 0
10865 0
10865 8.93
10865 0
10865 0
10865 0
10865 0
10865 0
10865 0
10883 0
10883 0
10883 0
10883 0
10883 0
10883 0
10883 0
10883 0
10883 0
10883 0
10883 0
10883 0.66
10883 0
10883 0
10883 0
10883 0
10883 0
10883 0
10883 0
10883 0
10883 0
10883 3.69
10883 0
10883 0
10883 1.3
10883 0
10883 0
10883 0
10883 0
10883 0
10883 0
10885 0
10885 0
10885 0
10885 0
10885 0
10885 0
10885 0
10885 0
10885 0
10885 0
10885 0
10885 0.49
10885 0
10885 0
10885 0
10885 0
10885 0
10885 0
10885 0
10885 0
10885 0
10885 44.94
10885 0
10885 0
10885 3.21
10885 0
10885 0
10885 0
10885 0
10885 0
10885 0
10887 0
10887 0
10887 0
10887 0
10887 0
10887 0
10887 0
10887 0
10887 0
10887 0
10887 0
10887 0.49
10887 0
10887 0
10887 0
10887 0
10887 0
10887 0
10887 0
10887 0
10887 0
10887 2.11
10887 0
10887 0
10887 1.21
10887 0
10887 0
10887 99.96
10887 0
10887 0
10887 0
10892 0
10892 0
10892 0
10892 0
10892 0
10892 0
10892 0
10892 0
10892 0
10892 0
10892 0
10892 0.88
10892 0
10892 0
10892 0
10892 0
10892 0
10892 0
10892 0
10892 0
10892 0
10892 2.7
10892 0
10892 0
10892 1.74
10892 0
10892 0
10892 0
10892 0
10892 0
10892 0
10893 0
10893 0
10893 0
10893 0
10893 0
10893 0
10893 0
10893 0
10893 0
10893 0
10893 0
10893 0.65
10893 0
10893 0
10893 0
10893 0
10893 0
10893 0
10893 0
10893 0
10893 0
10893 0
10893 0
10893 0
10893 5.44
10893 0
10893 0
10893 0
10893 0
10893 0
10893 0
10897 0
10897 0
10897 0
10897 0
10897 0
10897 0
10897 0
10897 0
10897 0
10897 0
10897 0
10897 0.71
10897 0
10897 0
10897 0
10897 0
10897 0
10897 0
10897 0
10897 0
10897 0
10897 3.76
10897 0
10897 0
10897 1.51
10897 0
10897 0
10897 38.2
10897 0
10897 0
10897 0
10900 0
10900 0
10900 0
10900 0
10900 0
10900 0
10900 0
10900 0
10900 0
10900 0
10900 0
10900 0.92
10900 0
10900 0
10900 0
10900 0
10900 0
10900 0
10900 0
10900 0
10900 0
10900 0
10900 0
10900 0
10900 32.59
10900 0
10900 0
10900 0
10900 0
10900 0
10900 0
10904 0
10904 0
10904 0
10904 0
10904 0
10904 0
10904 0
10904 0
10904 0
10904 0
10904 0
10904 0.77
10904 0
10904 0
10904 0
10904 0
10904 0
10904 0
10904 0
10904 0
10904 0
10904 0
10904 0
10904 0
10904 2.33
10904 0
10904 0
10904 0
10904 0
10904 0
10904 0
10905 0
10905 0
10905 0
10905 0
10905 0
10905 0
10905 0
10905 0
10905 0
10905 0
10905 0
10905 0.72
10905 0
10905 0
10905 0
10905 0
10905 0
10905 0
10905 0
10905 0
10905 0
10905 34.33
10905 0
10905 0
10905 0.69
10905 0
10905 0
10905 0
10905 0
10905 0
10905 0
10909 0
10909 0
10909 0
10909 0
10909 0
10909 0
10909 0
10909 0
10909 0
10909 0
10909 0
10909 0.48
10909 0
10909 0
10909 0
10909 0
10909 0
10909 0
10909 0
10909 0
10909 0
10909 0
10909 0
10909 0
10909 1.34
10909 0
10909 0
10909 0
10909 0
10909 0
10909 0
10924 0
10924 0
10924 0
10924 0
10924 0
10924 0
10924 0
10924 0
10924 0
10924 0
10924 0
10924 1.47
10924 0
10924 0
10924 0
10924 0
10924 0
10924 0
10924 0
10924 0
10924 0
10924 0
10924 0
10924 0
10924 34.08
10924 0
10924 0
10924 0
10924 0
10924 0
10924 0
10926 0
10926 0
10926 0
10926 0
10926 0
10926 0
10926 0
10926 0
10926 0
10926 0
10926 0
10926 0.94
10926 0
10926 0
10926 0
10926 0
10926 0
10926 0
10926 0
10926 0
10926 0
10926 0
10926 0
10926 0
10926 49.9
10926 0
10926 0
10926 0
10926 0
10926 0
10926 0
10928 0
10928 0
10928 0
10928 0
10928 0
10928 0
10928 0
10928 0
10928 0
10928 0
10928 0
10928 1.69
10928 0
10928 0
10928 0
10928 0
10928 0
10928 0
10928 0
10928 0
10928 0
10928 0
10928 0
10928 0
10928 28.15
10928 0
10928 0
10928 0
10928 0
10928 0
10928 0
10929 0
10929 0
10929 0
10929 0
10929 0
10929 0
10929 0
10929 0
10929 0
10929 0
10929 0
10929 0.74
10929 0
10929 0
10929 0
10929 0
10929 0
10929 0
10929 0
10929 0
10929 0
10929 0
10929 0
10929 0
10929 15.23
10929 0
10929 0
10929 0
10929 0
10929 0
10929 0
