pt_graph scale
2287 0
2287 0
2287 0
2287 0
2287 0
2287 0
2287 0
2287 0
2287 0
2287 0
2287 4
2287 0
2287 0
2287 0
2287 0
2287 0
2287 0
2287 0
2287 0
2287 0
2287 0
2287 0
2287 0
2287 0
2287 0
2287 0
2287 0
2287 0
2287 0
2287 0
2287 0
2333 0
2333 0
2333 0
2333 0
2333 0
2333 0
2333 0
2333 0
2333 0
2333 0
2333 187
2333 0
2333 0
2333 0
2333 0
2333 0
2333 0
2333 0
2333 0
2333 1
2333 0
2333 0
2333 0
2333 0
2333 2
2333 0
2333 0
2333 0
2333 0
2333 0
2333 0
2356 0
2356 0
2356 0
2356 0
2356 0
2356 0
2356 0
2356 0
2356 0
2356 0
2356 2
2356 0
2356 0
2356 0
2356 0
2356 0
2356 0
2356 0
2356 0
2356 0
2356 0
2356 0
2356 0
2356 0
2356 0
2356 0
2356 0
2356 0
2356 0
2356 0
2356 0
2408 0
2408 0
2408 0
2408 0
2408 0
2408 0
2408 0
2408 0
2408 0
2408 0
2408 58
2408 0
2408 0
2408 0
2408 0
2408 0
2408 0
2408 0
2408 0
2408 5
2408 0
2408 6
2408 0
2408 0
2408 2
2408 0
2408 0
2408 0
2408 0
2408 0
2408 0
2429 0
2429 0
2429 0
2429 0
2429 0
2429 0
2429 0
2429 0
2429 0
2429 0
2429 322
2429 0
2429 0
2429 0
2429 0
2429 0
2429 0
2429 0
2429 0
2429 1
2429 0
2429 0
2429 0
2429 0
2429 1
2429 0
2429 0
2429 0
2429 0
2429 0
2429 0
2466 0
2466 0
2466 0
2466 0
2466 0
2466 0
2466 0
2466 0
2466 0
2466 0
2466 29
2466 0
2466 0
2466 0
2466 0
2466 0
2466 0
2466 0
2466 0
2466 1
2466 0
2466 1
2466 0
2466 0
2466 1
2466 0
2466 0
2466 0
2466 0
2466 0
2466 0
2493 0
2493 0
2493 0
2493 0
2493 0
2493 0
2493 0
2493 0
2493 0
2493 0
2493 45
2493 0
2493 0
2493 0
2493 0
2493 0
2493 0
2493 0
2493 0
2493 0
2493 0
2493 0
2493 0
2493 0
2493 0
2493 0
2493 0
2493 0
2493 0
2493 0
2493 0
2548 0
2548 0
2548 0
2548 0
2548 0
2548 0
2548 0
2548 0
2548 0
2548 0
2548 242
2548 0
2548 0
2548 0
2548 0
2548 0
2548 0
2548 0
2548 0
2548 2
2548 0
2548 2
2548 0
2548 0
2548 1
2548 0
2548 0
2548 0
2548 0
2548 0
2548 0
2553 0
2553 0
2553 0
2553 0
2553 0
2553 0
2553 0
2553 0
2553 0
2553 0
2553 18
2553 0
2553 0
2553 0
2553 0
2553 0
2553 0
2553 0
2553 0
2553 0
2553 0
2553 0
2553 0
2553 0
2553 2
2553 0
2553 0
2553 0
2553 0
2553 0
2553 0
2620 0
2620 0
2620 0
2620 0
2620 0
2620 0
2620 0
2620 0
2620 0
2620 0
2620 412
2620 0
2620 0
2620 0
2620 0
2620 0
2620 0
2620 0
2620 0
2620 1
2620 0
2620 11
2620 0
2620 0
2620 1
2620 0
2620 0
2620 0
2620 0
2620 0
2620 0
2628 0
2628 0
2628 0
2628 0
2628 0
2628 0
2628 0
2628 0
2628 0
2628 0
2628 644
2628 0
2628 0
2628 0
2628 0
2628 0
2628 0
2628 0
2628 0
2628 14
2628 0
2628 35
2628 0
2628 0
2628 4
2628 0
2628 0
2628 0
2628 0
2628 0
2628 0
2655 0
2655 0
2655 0
2655 0
2655 0
2655 0
2655 0
2655 0
2655 0
2655 0
2655 70
2655 0
2655 0
2655 0
2655 0
2655 0
2655 0
2655 0
2655 0
2655 0
2655 0
2655 0
2655 0
2655 0
2655 0
2655 0
2655 0
2655 0
2655 0
2655 0
2655 0
2674 0
2674 0
2674 0
2674 0
2674 0
2674 0
2674 0
2674 0
2674 0
2674 0
2674 366
2674 0
2674 0
2674 0
2674 0
2674 0
2674 0
2674 0
2674 0
2674 2
2674 0
2674 1
2674 0
2674 0
2674 1
2674 0
2674 0
2674 0
2674 0
2674 0
2674 0
2707 0
2707 0
2707 0
2707 0
2707 0
2707 0
2707 0
2707 0
2707 0
2707 0
2707 411
2707 0
2707 0
2707 0
2707 0
2707 0
2707 0
2707 0
2707 0
2707 0
2707 0
2707 0
2707 0
2707 0
2707 1
2707 0
2707 0
2707 0
2707 0
2707 0
2707 0
2765 0
2765 0
2765 0
2765 0
2765 0
2765 0
2765 0
2765 0
2765 0
2765 0
2765 113
2765 0
2765 0
2765 0
2765 0
2765 0
2765 0
2765 0
2765 0
2765 0
2765 0
2765 0
2765 0
2765 0
2765 0
2765 0
2765 0
2765 0
2765 0
2765 0
2765 0
2783 0
2783 0
2783 0
2783 0
2783 0
2783 0
2783 0
2783 0
2783 0
2783 0
2783 267
2783 0
2783 0
2783 0
2783 0
2783 0
2783 0
2783 0
2783 0
2783 3
2783 0
2783 1
2783 0
2783 0
2783 1
2783 0
2783 0
2783 0
2783 0
2783 0
2783 0
2929 0
2929 0
2929 0
2929 0
2929 0
2929 0
2929 0
2929 0
2929 0
2929 0
2929 41
2929 0
2929 0
2929 0
2929 0
2929 0
2929 0
2929 0
2929 0
2929 4
2929 0
2929 1
2929 0
2929 0
2929 1
2929 0
2929 0
2929 0
2929 0
2929 0
2929 0
2950 0
2950 0
2950 0
2950 0
2950 0
2950 0
2950 0
2950 0
2950 0
2950 0
2950 75
2950 0
2950 0
2950 0
2950 0
2950 0
2950 0
2950 0
2950 0
2950 7
2950 0
2950 2
2950 0
2950 0
2950 1
2950 0
2950 0
2950 4
2950 0
2950 0
2950 0
2970 0
2970 0
2970 0
2970 0
2970 0
2970 0
2970 0
2970 0
2970 0
2970 0
2970 679
2970 0
2970 0
2970 0
2970 0
2970 0
2970 0
2970 0
2970 0
2970 1
2970 0
2970 0
2970 0
2970 0
2970 1
2970 0
2970 0
2970 0
2970 0
2970 0
2970 0
2973 0
2973 0
2973 0
2973 0
2973 0
2973 0
2973 0
2973 0
2973 0
2973 0
2973 431
2973 0
2973 0
2973 0
2973 0
2973 0
2973 0
2973 0
2973 0
2973 7
2973 0
2973 2
2973 0
2973 0
2973 2
2973 0
2973 0
2973 5
2973 0
2973 0
2973 0
3038 0
3038 0
3038 0
3038 0
3038 0
3038 0
3038 0
3038 0
3038 0
3038 0
3038 32
3038 0
3038 0
3038 0
3038 0
3038 0
3038 0
3038 0
3038 0
3038 0
3038 0
3038 0
3038 0
3038 0
3038 0
3038 0
3038 0
3038 0
3038 0
3038 0
3038 0
3085 0
3085 0
3085 0
3085 0
3085 0
3085 0
3085 0
3085 0
3085 0
3085 0
3085 253
3085 0
3085 0
3085 0
3085 0
3085 0
3085 0
3085 0
3085 0
3085 0
3085 0
3085 0
3085 0
3085 0
3085 0
3085 0
3085 0
3085 0
3085 0
3085 0
3085 0
3109 0
3109 0
3109 0
3109 0
3109 0
3109 0
3109 0
3109 0
3109 0
3109 0
3109 1033
3109 0
3109 0
3109 0
3109 0
3109 0
3109 0
3109 0
3109 0
3109 8
3109 0
3109 8
3109 0
3109 0
3109 1
3109 0
3109 0
3109 0
3109 0
3109 0
3109 0
3118 0
3118 0
3118 0
3118 0
3118 0
3118 0
3118 0
3118 0
3118 0
3118 0
3118 249
3118 0
3118 0
3118 0
3118 0
3118 0
3118 0
3118 0
3118 0
3118 0
3118 0
3118 0
3118 0
3118 0
3118 0
3118 0
3118 0
3118 0
3118 0
3118 0
3118 0
3160 0
3160 0
3160 0
3160 0
3160 0
3160 0
3160 0
3160 0
3160 0
3160 0
3160 592
3160 0
3160 0
3160 0
3160 0
3160 0
3160 0
3160 0
3160 0
3160 0
3160 0
3160 0
3160 0
3160 0
3160 0
3160 0
3160 0
3160 0
3160 0
3160 0
3160 0
