pt_graph scale
4669 0
4669 58
4669 0
4669 0
4669 0
4669 0
4669 0
4669 0
4669 0
4669 0
4669 0
4669 0
4669 0
4669 0
4669 0
4669 0
4669 0
4669 0
4669 0
4669 0
4669 0
4669 0
4669 0
4669 0
4669 0
4669 0
4669 0
4669 0
4669 0
4669 0
4669 0
4793 0
4793 58
4793 0
4793 0
4793 0
4793 0
4793 0
4793 0
4793 0
4793 0
4793 0
4793 0
4793 0
4793 0
4793 0
4793 0
4793 0
4793 0
4793 0
4793 0
4793 0
4793 0
4793 0
4793 0
4793 0
4793 0
4793 0
4793 0
4793 0
4793 0
4793 0
4984 0
4984 58
4984 0
4984 0
4984 0
4984 0
4984 0
4984 0
4984 0
4984 0
4984 0
4984 0
4984 0
4984 0
4984 0
4984 0
4984 0
4984 0
4984 0
4984 0
4984 0
4984 0
4984 0
4984 0
4984 0
4984 0
4984 0
4984 0
4984 0
4984 0
4984 0
5200 0
5200 58
5200 0
5200 0
5200 0
5200 0
5200 0
5200 0
5200 0
5200 0
5200 0
5200 0
5200 0
5200 0
5200 0
5200 0
5200 0
5200 0
5200 0
5200 0
5200 0
5200 0
5200 0
5200 0
5200 0
5200 0
5200 0
5200 0
5200 0
5200 0
5200 0
5339 0
5339 58
5339 0
5339 0
5339 0
5339 0
5339 0
5339 0
5339 0
5339 0
5339 0
5339 0
5339 0
5339 0
5339 0
5339 0
5339 0
5339 0
5339 0
5339 0
5339 0
5339 0
5339 0
5339 0
5339 0
5339 0
5339 0
5339 0
5339 0
5339 0
5339 0
5499 0
5499 67
5499 0
5499 0
5499 0
5499 0
5499 0
5499 0
5499 0
5499 0
5499 0
5499 0
5499 0
5499 0
5499 0
5499 0
5499 0
5499 0
5499 0
5499 0
5499 0
5499 0
5499 0
5499 0
5499 0
5499 0
5499 0
5499 0
5499 0
5499 0
5499 0
5687 0
5687 67
5687 0
5687 0
5687 0
5687 0
5687 0
5687 0
5687 0
5687 0
5687 0
5687 0
5687 0
5687 0
5687 0
5687 0
5687 0
5687 0
5687 0
5687 0
5687 0
5687 0
5687 0
5687 0
5687 0
5687 0
5687 0
5687 0
5687 0
5687 0
5687 0
5757 0
5757 67
5757 0
5757 0
5757 0
5757 0
5757 0
5757 0
5757 0
5757 0
5757 0
5757 0
5757 0
5757 0
5757 0
5757 0
5757 0
5757 0
5757 0
5757 0
5757 0
5757 0
5757 0
5757 0
5757 0
5757 0
5757 0
5757 0
5757 0
5757 0
5757 0
5978 0
5978 173
5978 0
5978 0
5978 0
5978 0
5978 0
5978 0
5978 0
5978 0
5978 0
5978 0
5978 0
5978 0
5978 0
5978 0
5978 0
5978 0
5978 0
5978 0
5978 0
5978 0
5978 0
5978 0
5978 0
5978 0
5978 0
5978 0
5978 0
5978 0
5978 0
6017 0
6017 1
6017 0
6017 0
6017 0
6017 0
6017 0
6017 0
6017 0
6017 0
6017 0
6017 0
6017 0
6017 0
6017 0
6017 0
6017 0
6017 0
6017 0
6017 0
6017 0
6017 0
6017 0
6017 0
6017 0
6017 0
6017 0
6017 0
6017 0
6017 0
6017 0
6106 0
6106 1
6106 0
6106 0
6106 0
6106 0
6106 0
6106 0
6106 0
6106 0
6106 0
6106 0
6106 0
6106 0
6106 0
6106 0
6106 0
6106 0
6106 0
6106 0
6106 0
6106 0
6106 0
6106 0
6106 0
6106 0
6106 0
6106 0
6106 0
6106 0
6106 0
6120 0
6120 1
6120 0
6120 0
6120 0
6120 0
6120 0
6120 0
6120 0
6120 0
6120 0
6120 0
6120 0
6120 0
6120 0
6120 0
6120 0
6120 0
6120 0
6120 0
6120 0
6120 0
6120 0
6120 0
6120 0
6120 0
6120 0
6120 0
6120 0
6120 0
6120 0
6165 0
6165 1
6165 0
6165 0
6165 0
6165 0
6165 0
6165 0
6165 0
6165 0
6165 0
6165 0
6165 0
6165 0
6165 0
6165 0
6165 0
6165 0
6165 0
6165 0
6165 0
6165 0
6165 0
6165 0
6165 0
6165 0
6165 0
6165 0
6165 0
6165 0
6165 0
6170 0
6170 1
6170 0
6170 0
6170 0
6170 0
6170 0
6170 0
6170 0
6170 0
6170 0
6170 0
6170 0
6170 0
6170 0
6170 0
6170 0
6170 0
6170 0
6170 0
6170 0
6170 0
6170 0
6170 0
6170 0
6170 0
6170 0
6170 0
6170 0
6170 0
6170 0
6214 0
6214 1
6214 0
6214 0
6214 0
6214 0
6214 0
6214 0
6214 0
6214 0
6214 0
6214 0
6214 0
6214 0
6214 0
6214 0
6214 0
6214 0
6214 0
6214 0
6214 0
6214 0
6214 0
6214 0
6214 0
6214 0
6214 0
6214 0
6214 0
6214 0
6214 0
6238 0
6238 1
6238 0
6238 0
6238 0
6238 0
6238 0
6238 0
6238 0
6238 0
6238 0
6238 0
6238 0
6238 0
6238 0
6238 0
6238 0
6238 0
6238 0
6238 0
6238 0
6238 0
6238 0
6238 0
6238 0
6238 0
6238 0
6238 0
6238 0
6238 0
6238 0
6420 0
6420 2
6420 0
6420 0
6420 0
6420 0
6420 0
6420 0
6420 0
6420 0
6420 0
6420 0
6420 0
6420 0
6420 0
6420 0
6420 0
6420 0
6420 0
6420 0
6420 0
6420 0
6420 0
6420 0
6420 0
6420 0
6420 0
6420 0
6420 0
6420 0
6420 0
6428 0
6428 2
6428 0
6428 0
6428 0
6428 0
6428 0
6428 0
6428 0
6428 0
6428 0
6428 0
6428 0
6428 0
6428 0
6428 0
6428 0
6428 0
6428 0
6428 0
6428 0
6428 0
6428 0
6428 0
6428 0
6428 0
6428 0
6428 0
6428 0
6428 0
6428 0
6433 0
6433 2
6433 0
6433 0
6433 0
6433 0
6433 0
6433 0
6433 0
6433 0
6433 0
6433 0
6433 0
6433 0
6433 0
6433 0
6433 0
6433 0
6433 0
6433 0
6433 0
6433 0
6433 0
6433 0
6433 0
6433 0
6433 0
6433 0
6433 0
6433 0
6433 0
6434 0
6434 56
6434 0
6434 0
6434 0
6434 0
6434 0
6434 0
6434 0
6434 0
6434 0
6434 0
6434 0
6434 0
6434 0
6434 0
6434 0
6434 0
6434 0
6434 0
6434 0
6434 0
6434 0
6434 0
6434 0
6434 0
6434 0
6434 0
6434 0
6434 0
6434 0
6482 0
6482 2
6482 0
6482 0
6482 0
6482 0
6482 0
6482 0
6482 0
6482 0
6482 0
6482 0
6482 0
6482 0
6482 0
6482 0
6482 0
6482 0
6482 0
6482 0
6482 0
6482 0
6482 0
6482 0
6482 0
6482 0
6482 0
6482 0
6482 0
6482 0
6482 0
6535 0
6535 2
6535 0
6535 0
6535 0
6535 0
6535 0
6535 0
6535 0
6535 0
6535 0
6535 0
6535 0
6535 0
6535 0
6535 0
6535 0
6535 0
6535 0
6535 0
6535 0
6535 0
6535 0
6535 0
6535 0
6535 0
6535 0
6535 0
6535 0
6535 0
6535 0
6571 0
6571 2
6571 0
6571 0
6571 0
6571 0
6571 0
6571 0
6571 0
6571 0
6571 0
6571 0
6571 0
6571 0
6571 0
6571 0
6571 0
6571 0
6571 0
6571 0
6571 0
6571 0
6571 0
6571 0
6571 0
6571 0
6571 0
6571 0
6571 0
6571 0
6571 0
6653 0
6653 2
6653 0
6653 0
6653 0
6653 0
6653 0
6653 0
6653 0
6653 0
6653 0
6653 0
6653 0
6653 0
6653 0
6653 0
6653 0
6653 0
6653 0
6653 0
6653 0
6653 0
6653 0
6653 0
6653 0
6653 0
6653 0
6653 0
6653 0
6653 0
6653 0
6683 0
6683 2
6683 0
6683 0
6683 0
6683 0
6683 0
6683 0
6683 0
6683 0
6683 0
6683 0
6683 0
6683 0
6683 0
6683 0
6683 0
6683 0
6683 0
6683 0
6683 0
6683 0
6683 0
6683 0
6683 0
6683 0
6683 0
6683 0
6683 0
6683 0
6683 0
6734 0
6734 56
6734 0
6734 0
6734 0
6734 0
6734 0
6734 0
6734 0
6734 0
6734 0
6734 0
6734 0
6734 0
6734 0
6734 0
6734 0
6734 0
6734 0
6734 0
6734 0
6734 0
6734 0
6734 0
6734 0
6734 0
6734 0
6734 0
6734 0
6734 0
6734 0
6766 0
6766 2
6766 0
6766 0
6766 0
6766 0
6766 0
6766 0
6766 0
6766 0
6766 0
6766 0
6766 0
6766 0
6766 0
6766 0
6766 0
6766 0
6766 0
6766 0
6766 0
6766 0
6766 0
6766 0
6766 0
6766 0
6766 0
6766 0
6766 0
6766 0
6766 0
6824 0
6824 2
6824 0
6824 0
6824 0
6824 0
6824 0
6824 0
6824 0
6824 0
6824 0
6824 0
6824 0
6824 0
6824 0
6824 0
6824 0
6824 0
6824 0
6824 0
6824 0
6824 0
6824 0
6824 0
6824 0
6824 0
6824 0
6824 0
6824 0
6824 0
6824 0
6846 0
6846 2
6846 0
6846 0
6846 0
6846 0
6846 0
6846 0
6846 0
6846 0
6846 0
6846 0
6846 0
6846 0
6846 0
6846 0
6846 0
6846 0
6846 0
6846 0
6846 0
6846 0
6846 0
6846 0
6846 0
6846 0
6846 0
6846 0
6846 0
6846 0
6846 0
10828 0
10828 0
10828 0
10828 0
10828 0
10828 0
10828 0
10828 0
10828 0
10828 0
10828 143
10828 0
10828 0
10828 0
10828 0
10828 0
10828 0
10828 0
10828 0
10828 0
10828 0
10828 0
10828 0
10828 0
10828 0
10828 0
10828 0
10828 0
10828 0
10828 0
10828 0
10835 0
10835 0
10835 0
10835 0
10835 0
10835 0
10835 0
10835 0
10835 0
10835 0
10835 400
10835 0
10835 0
10835 0
10835 0
10835 0
10835 0
10835 0
10835 0
10835 0
10835 0
10835 0
10835 0
10835 0
10835 1
10835 0
10835 0
10835 0
10835 0
10835 0
10835 0
10840 0
10840 0
10840 0
10840 0
10840 0
10840 0
10840 0
10840 0
10840 0
10840 0
10840 1131
10840 0
10840 0
10840 0
10840 0
10840 0
10840 0
10840 0
10840 0
10840 0
10840 0
10840 0
10840 0
10840 0
10840 0
10840 0
10840 0
10840 0
10840 0
10840 0
10840 0
10842 0
10842 0
10842 0
10842 0
10842 0
10842 0
10842 0
10842 0
10842 0
10842 0
10842 207
10842 0
10842 0
10842 0
10842 0
10842 0
10842 0
10842 0
10842 0
10842 0
10842 0
10842 0
10842 0
10842 0
10842 0
10842 0
10842 0
10842 0
10842 0
10842 0
10842 0
10843 0
10843 0
10843 0
10843 0
10843 0
10843 0
10843 0
10843 0
10843 0
10843 0
10843 208
10843 0
10843 0
10843 0
10843 0
10843 0
10843 0
10843 0
10843 0
10843 0
10843 0
10843 0
10843 0
10843 0
10843 0
10843 0
10843 0
10843 0
10843 0
10843 0
10843 0
10844 0
10844 0
10844 0
10844 0
10844 0
10844 0
10844 0
10844 0
10844 0
10844 0
10844 299
10844 0
10844 0
10844 0
10844 0
10844 0
10844 0
10844 0
10844 0
10844 0
10844 0
10844 0
10844 0
10844 0
10844 1
10844 0
10844 0
10844 0
10844 0
10844 0
10844 0
10850 0
10850 0
10850 0
10850 0
10850 0
10850 0
10850 0
10850 0
10850 0
10850 0
10850 143
10850 0
10850 0
10850 0
10850 0
10850 0
10850 0
10850 0
10850 0
10850 0
10850 0
10850 0
10850 0
10850 0
10850 0
10850 0
10850 0
10850 0
10850 0
10850 0
10850 0
10854 0
10854 0
10854 0
10854 0
10854 0
10854 0
10854 0
10854 0
10854 0
10854 0
10854 612
10854 0
10854 0
10854 0
10854 0
10854 0
10854 0
10854 0
10854 0
10854 0
10854 0
10854 0
10854 0
10854 0
10854 1
10854 0
10854 0
10854 0
10854 0
10854 0
10854 0
10861 0
10861 0
10861 0
10861 0
10861 0
10861 0
10861 0
10861 0
10861 0
10861 0
10861 1417
10861 0
10861 0
10861 0
10861 0
10861 0
10861 0
10861 0
10861 0
10861 0
10861 0
10861 0
10861 0
10861 0
10861 0
10861 0
10861 0
10861 0
10861 0
10861 0
10861 0
10865 0
10865 0
10865 0
10865 0
10865 0
10865 0
10865 0
10865 0
10865 0
10865 0
10865 1733
10865 0
10865 0
10865 0
10865 0
10865 0
10865 0
10865 0
10865 0
10865 0
10865 0
10865 0
10865 0
10865 0
10865 1
10865 0
10865 0
10865 0
10865 0
10865 0
10865 0
10872 0
10872 0
10872 0
10872 0
10872 0
10872 0
10872 0
10872 0
10872 0
10872 0
10872 0
10872 751
10872 0
10872 0
10872 0
10872 0
10872 0
10872 0
10872 0
10872 0
10872 0
10872 0
10872 0
10872 0
10872 65
10872 0
10872 0
10872 0
10872 0
10872 0
10872 0
10880 0
10880 0
10880 0
10880 0
10880 0
10880 0
10880 0
10880 0
10880 0
10880 0
10880 0
10880 751
10880 0
10880 0
10880 0
10880 0
10880 0
10880 0
10880 0
10880 0
10880 0
10880 0
10880 0
10880 0
10880 65
10880 0
10880 0
10880 0
10880 0
10880 0
10880 0
10883 0
10883 0
10883 0
10883 0
10883 0
10883 0
10883 0
10883 0
10883 0
10883 0
10883 0
10883 1979
10883 0
10883 0
10883 0
10883 0
10883 0
10883 0
10883 0
10883 0
10883 0
10883 0
10883 0
10883 0
10883 10
10883 0
10883 0
10883 0
10883 0
10883 0
10883 0
10885 0
10885 0
10885 0
10885 0
10885 0
10885 0
10885 0
10885 0
10885 0
10885 0
10885 0
10885 1095
10885 0
10885 0
10885 0
10885 0
10885 0
10885 0
10885 0
10885 0
10885 0
10885 0
10885 0
10885 0
10885 1
10885 0
10885 0
10885 0
10885 0
10885 0
10885 0
10887 0
10887 0
10887 0
10887 0
10887 0
10887 0
10887 0
10887 0
10887 0
10887 0
10887 0
10887 938
10887 0
10887 0
10887 0
10887 0
10887 0
10887 0
10887 0
10887 0
10887 0
10887 0
10887 0
10887 0
10887 8
10887 0
10887 0
10887 0
10887 0
10887 0
10887 0
10892 0
10892 0
10892 0
10892 0
10892 0
10892 0
10892 0
10892 0
10892 0
10892 0
10892 0
10892 693
10892 0
10892 0
10892 0
10892 0
10892 0
10892 0
10892 0
10892 0
10892 0
10892 0
10892 0
10892 0
10892 8
10892 0
10892 0
10892 0
10892 0
10892 0
10892 0
10897 0
10897 0
10897 0
10897 0
10897 0
10897 0
10897 0
10897 0
10897 0
10897 0
10897 0
10897 1858
10897 0
10897 0
10897 0
10897 0
10897 0
10897 0
10897 0
10897 0
10897 0
10897 0
10897 0
10897 0
10897 5
10897 0
10897 0
10897 0
10897 0
10897 0
10897 0
10901 0
10901 0
10901 0
10901 0
10901 0
10901 0
10901 0
10901 0
10901 0
10901 0
10901 0
10901 314
10901 0
10901 0
10901 0
10901 0
10901 0
10901 0
10901 0
10901 0
10901 0
10901 0
10901 0
10901 0
10901 1
10901 0
10901 0
10901 0
10901 0
10901 0
10901 0
10904 0
10904 0
10904 0
10904 0
10904 0
10904 0
10904 0
10904 0
10904 0
10904 0
10904 0
10904 1219
10904 0
10904 0
10904 0
10904 0
10904 0
10904 0
10904 0
10904 0
10904 0
10904 0
10904 0
10904 0
10904 0
10904 0
10904 0
10904 0
10904 0
10904 0
10904 0
10905 0
10905 0
10905 0
10905 0
10905 0
10905 0
10905 0
10905 0
10905 0
10905 0
10905 0
10905 314
10905 0
10905 0
10905 0
10905 0
10905 0
10905 0
10905 0
10905 0
10905 0
10905 0
10905 0
10905 0
10905 0
10905 0
10905 0
10905 0
10905 0
10905 0
10905 0
10909 0
10909 0
10909 0
10909 0
10909 0
10909 0
10909 0
10909 0
10909 0
10909 0
10909 0
10909 1314
10909 0
10909 0
10909 0
10909 0
10909 0
10909 0
10909 0
10909 0
10909 0
10909 0
10909 0
10909 0
10909 1
10909 0
10909 0
10909 0
10909 0
10909 0
10909 0
10920 0
10920 0
10920 0
10920 0
10920 0
10920 0
10920 0
10920 0
10920 0
10920 0
10920 0
10920 143
10920 0
10920 0
10920 0
10920 0
10920 0
10920 0
10920 0
10920 0
10920 0
10920 0
10920 0
10920 0
10920 0
10920 0
10920 0
10920 0
10920 0
10920 0
10920 0
10929 0
10929 0
10929 0
10929 0
10929 0
10929 0
10929 0
10929 0
10929 0
10929 0
10929 0
10929 314
10929 0
10929 0
10929 0
10929 0
10929 0
10929 0
10929 0
10929 0
10929 0
10929 0
10929 0
10929 0
10929 1
10929 0
10929 0
10929 0
10929 0
10929 0
10929 0
10989 0
10989 0
10989 0
10989 0
10989 0
10989 0
10989 0
10989 0
10989 0
10989 0
10989 0
10989 761
10989 0
10989 0
10989 0
10989 0
10989 0
10989 0
10989 0
10989 0
10989 0
10989 0
10989 0
10989 0
10989 0
10989 0
10989 0
10989 0
10989 0
10989 0
10989 0
11008 0
11008 0
11008 0
11008 0
11008 0
11008 0
11008 0
11008 0
11008 0
11008 0
11008 0
11008 109
11008 0
11008 0
11008 0
11008 0
11008 0
11008 0
11008 0
11008 0
11008 0
11008 0
11008 0
11008 0
11008 0
11008 0
11008 0
11008 0
11008 0
11008 0
11008 0
11045 0
11045 0
11045 0
11045 0
11045 0
11045 0
11045 0
11045 0
11045 0
11045 0
11045 0
11045 184
11045 0
11045 0
11045 0
11045 0
11045 0
11045 0
11045 0
11045 0
11045 0
11045 0
11045 0
11045 0
11045 0
11045 0
11045 0
11045 0
11045 0
11045 0
11045 0
11051 0
11051 0
11051 0
11051 0
11051 0
11051 0
11051 0
11051 0
11051 0
11051 0
11051 0
11051 438
11051 0
11051 0
11051 0
11051 0
11051 0
11051 0
11051 0
11051 0
11051 0
11051 0
11051 0
11051 0
11051 0
11051 0
11051 0
11051 0
11051 0
11051 0
11051 0
11056 0
11056 0
11056 0
11056 0
11056 0
11056 0
11056 0
11056 0
11056 0
11056 0
11056 0
11056 438
11056 0
11056 0
11056 0
11056 0
11056 0
11056 0
11056 0
11056 0
11056 0
11056 0
11056 0
11056 0
11056 0
11056 0
11056 0
11056 0
11056 0
11056 0
11056 0
11060 0
11060 0
11060 0
11060 0
11060 0
11060 0
11060 0
11060 0
11060 0
11060 0
11060 0
11060 1332
11060 0
11060 0
11060 0
11060 0
11060 0
11060 0
11060 0
11060 0
11060 0
11060 0
11060 0
11060 0
11060 0
11060 0
11060 0
11060 0
11060 0
11060 0
11060 0
11068 0
11068 0
11068 0
11068 0
11068 0
11068 0
11068 0
11068 0
11068 0
11068 0
11068 0
11068 2162
11068 0
11068 0
11068 0
11068 0
11068 0
11068 0
11068 0
11068 0
11068 0
11068 0
11068 0
11068 0
11068 0
11068 0
11068 0
11068 0
11068 0
11068 0
11068 0
11075 0
11075 0
11075 0
11075 0
11075 0
11075 0
11075 0
11075 0
11075 0
11075 0
11075 0
11075 4335
11075 0
11075 0
11075 0
11075 0
11075 0
11075 0
11075 0
11075 0
11075 0
11075 0
11075 0
11075 0
11075 0
11075 0
11075 0
11075 0
11075 0
11075 0
11075 0
11122 0
11122 0
11122 0
11122 0
11122 0
11122 0
11122 0
11122 0
11122 0
11122 0
11122 0
11122 504
11122 0
11122 0
11122 0
11122 0
11122 0
11122 0
11122 0
11122 0
11122 0
11122 0
11122 0
11122 0
11122 0
11122 0
11122 0
11122 0
11122 0
11122 0
11122 0
