pt_graph scale
1863 0
1863 0
1863 0
1863 0
1863 0
1863 0
1863 0
1863 0
1863 0
1863 0
1863 0
1863 0
1863 0
1863 0
1863 0
1863 0
1863 0
1863 0
1863 0
1863 32
1863 0
1863 0
1863 0
1863 0
1863 196
1863 0
1863 0
1863 0
1863 0
1863 0
1863 0
1879 0
1879 0
1879 0
1879 0
1879 0
1879 0
1879 0
1879 0
1879 0
1879 0
1879 0
1879 0
1879 0
1879 0
1879 0
1879 0
1879 0
1879 0
1879 0
1879 83
1879 0
1879 0
1879 0
1879 0
1879 450
1879 0
1879 0
1879 0
1879 0
1879 0
1879 0
2046 0
2046 0
2046 0
2046 0
2046 0
2046 0
2046 0
2046 0
2046 0
2046 0
2046 331
2046 0
2046 0
2046 0
2046 0
2046 0
2046 0
2046 0
2046 0
2046 151
2046 0
2046 0
2046 0
2046 0
2046 736
2046 0
2046 0
2046 0
2046 0
2046 0
2046 0
2068 0
2068 0
2068 0
2068 0
2068 0
2068 0
2068 0
2068 0
2068 0
2068 0
2068 331
2068 0
2068 0
2068 0
2068 0
2068 0
2068 0
2068 0
2068 0
2068 151
2068 0
2068 0
2068 0
2068 0
2068 736
2068 0
2068 0
2068 0
2068 0
2068 0
2068 0
5007 0
5007 71
5007 0
5007 0
5007 0
5007 0
5007 0
5007 0
5007 0
5007 0
5007 0
5007 0
5007 0
5007 0
5007 0
5007 0
5007 0
5007 0
5007 0
5007 0
5007 0
5007 0
5007 0
5007 0
5007 0
5007 0
5007 0
5007 0
5007 0
5007 0
5007 0
5285 0
5285 71
5285 0
5285 0
5285 0
5285 0
5285 0
5285 0
5285 0
5285 0
5285 0
5285 0
5285 0
5285 0
5285 0
5285 0
5285 0
5285 0
5285 0
5285 0
5285 0
5285 0
5285 0
5285 0
5285 0
5285 0
5285 0
5285 0
5285 0
5285 0
5285 0
5367 0
5367 71
5367 0
5367 0
5367 0
5367 0
5367 0
5367 0
5367 0
5367 0
5367 0
5367 0
5367 0
5367 0
5367 0
5367 0
5367 0
5367 0
5367 0
5367 0
5367 0
5367 0
5367 0
5367 0
5367 0
5367 0
5367 0
5367 0
5367 0
5367 0
5367 0
5416 0
5416 1
5416 0
5416 0
5416 0
5416 0
5416 0
5416 0
5416 0
5416 0
5416 0
5416 0
5416 0
5416 0
5416 0
5416 0
5416 0
5416 0
5416 0
5416 0
5416 0
5416 0
5416 0
5416 0
5416 0
5416 0
5416 0
5416 0
5416 0
5416 0
5416 0
5438 0
5438 145
5438 0
5438 0
5438 0
5438 0
5438 0
5438 0
5438 0
5438 0
5438 0
5438 0
5438 0
5438 0
5438 0
5438 0
5438 0
5438 0
5438 0
5438 0
5438 0
5438 0
5438 0
5438 1
5438 0
5438 0
5438 0
5438 0
5438 0
5438 0
5438 0
5452 0
5452 1
5452 0
5452 0
5452 0
5452 0
5452 0
5452 0
5452 0
5452 0
5452 0
5452 0
5452 0
5452 0
5452 0
5452 0
5452 0
5452 0
5452 0
5452 0
5452 0
5452 0
5452 0
5452 0
5452 0
5452 0
5452 0
5452 0
5452 0
5452 0
5452 0
5472 0
5472 1
5472 0
5472 0
5472 0
5472 0
5472 0
5472 0
5472 0
5472 0
5472 0
5472 0
5472 0
5472 0
5472 0
5472 0
5472 0
5472 0
5472 0
5472 0
5472 0
5472 0
5472 0
5472 0
5472 0
5472 0
5472 0
5472 0
5472 0
5472 0
5472 0
5473 0
5473 136
5473 0
5473 0
5473 0
5473 0
5473 0
5473 0
5473 0
5473 0
5473 0
5473 0
5473 0
5473 0
5473 0
5473 0
5473 0
5473 0
5473 0
5473 0
5473 0
5473 0
5473 0
5473 26
5473 0
5473 0
5473 0
5473 0
5473 0
5473 0
5473 0
5499 0
5499 1
5499 0
5499 0
5499 0
5499 0
5499 0
5499 0
5499 0
5499 0
5499 0
5499 0
5499 0
5499 0
5499 0
5499 0
5499 0
5499 0
5499 0
5499 0
5499 0
5499 0
5499 0
5499 0
5499 0
5499 0
5499 0
5499 0
5499 0
5499 0
5499 0
5522 0
5522 33
5522 0
5522 0
5522 0
5522 0
5522 0
5522 0
5522 0
5522 0
5522 0
5522 0
5522 0
5522 0
5522 0
5522 0
5522 0
5522 0
5522 0
5522 0
5522 0
5522 0
5522 0
5522 0
5522 0
5522 0
5522 0
5522 0
5522 0
5522 0
5522 0
5525 0
5525 71
5525 0
5525 0
5525 0
5525 0
5525 0
5525 0
5525 0
5525 0
5525 0
5525 0
5525 0
5525 0
5525 0
5525 0
5525 0
5525 0
5525 0
5525 0
5525 0
5525 0
5525 0
5525 0
5525 0
5525 0
5525 0
5525 0
5525 0
5525 0
5525 0
5533 0
5533 136
5533 0
5533 0
5533 0
5533 0
5533 0
5533 0
5533 0
5533 0
5533 0
5533 0
5533 0
5533 0
5533 0
5533 0
5533 0
5533 0
5533 0
5533 0
5533 0
5533 0
5533 0
5533 26
5533 0
5533 0
5533 0
5533 0
5533 0
5533 0
5533 0
5550 0
5550 93
5550 0
5550 0
5550 0
5550 0
5550 0
5550 0
5550 0
5550 0
5550 0
5550 0
5550 0
5550 0
5550 0
5550 0
5550 0
5550 0
5550 0
5550 0
5550 0
5550 0
5550 0
5550 0
5550 0
5550 0
5550 0
5550 0
5550 0
5550 0
5550 0
5557 0
5557 1
5557 0
5557 0
5557 0
5557 0
5557 0
5557 0
5557 0
5557 0
5557 0
5557 0
5557 0
5557 0
5557 0
5557 0
5557 0
5557 0
5557 0
5557 0
5557 0
5557 0
5557 0
5557 0
5557 0
5557 0
5557 0
5557 0
5557 0
5557 0
5557 0
5605 0
5605 77
5605 0
5605 0
5605 0
5605 0
5605 0
5605 0
5605 0
5605 0
5605 0
5605 0
5605 0
5605 0
5605 0
5605 0
5605 0
5605 0
5605 0
5605 0
5605 0
5605 0
5605 0
5605 0
5605 0
5605 0
5605 0
5605 0
5605 0
5605 0
5605 0
5625 0
5625 17
5625 0
5625 0
5625 0
5625 0
5625 0
5625 0
5625 0
5625 0
5625 0
5625 0
5625 0
5625 0
5625 0
5625 0
5625 0
5625 0
5625 0
5625 0
5625 0
5625 0
5625 0
5625 5
5625 0
5625 0
5625 0
5625 0
5625 0
5625 0
5625 0
5651 0
5651 0
5651 0
5651 0
5651 0
5651 0
5651 0
5651 0
5651 0
5651 0
5651 0
5651 0
5651 0
5651 0
5651 0
5651 0
5651 0
5651 0
5651 0
5651 0
5651 0
5651 0
5651 0
5651 0
5651 0
5651 0
5651 0
5651 0
5651 0
5651 0
5651 0
5661 0
5661 1
5661 0
5661 0
5661 0
5661 0
5661 0
5661 0
5661 0
5661 0
5661 0
5661 0
5661 0
5661 0
5661 0
5661 0
5661 0
5661 0
5661 0
5661 0
5661 0
5661 0
5661 0
5661 0
5661 0
5661 0
5661 0
5661 0
5661 0
5661 0
5661 0
5662 0
5662 1
5662 0
5662 0
5662 0
5662 0
5662 0
5662 0
5662 0
5662 0
5662 0
5662 0
5662 0
5662 0
5662 0
5662 0
5662 0
5662 0
5662 0
5662 0
5662 0
5662 0
5662 0
5662 0
5662 0
5662 0
5662 0
5662 0
5662 0
5662 0
5662 0
5664 0
5664 1
5664 0
5664 0
5664 0
5664 0
5664 0
5664 0
5664 0
5664 0
5664 0
5664 0
5664 0
5664 0
5664 0
5664 0
5664 0
5664 0
5664 0
5664 0
5664 0
5664 0
5664 0
5664 0
5664 0
5664 0
5664 0
5664 0
5664 0
5664 0
5664 0
5669 0
5669 1
5669 0
5669 0
5669 0
5669 0
5669 0
5669 0
5669 0
5669 0
5669 0
5669 0
5669 0
5669 0
5669 0
5669 0
5669 0
5669 0
5669 0
5669 0
5669 0
5669 0
5669 0
5669 0
5669 0
5669 0
5669 0
5669 0
5669 0
5669 0
5669 0
5672 0
5672 11
5672 0
5672 0
5672 0
5672 0
5672 0
5672 0
5672 0
5672 0
5672 0
5672 0
5672 0
5672 0
5672 0
5672 0
5672 0
5672 0
5672 0
5672 0
5672 0
5672 0
5672 0
5672 4
5672 0
5672 0
5672 0
5672 0
5672 0
5672 0
5672 0
5688 0
5688 1
5688 0
5688 0
5688 0
5688 0
5688 0
5688 0
5688 0
5688 0
5688 0
5688 0
5688 0
5688 0
5688 0
5688 0
5688 0
5688 0
5688 0
5688 0
5688 0
5688 0
5688 0
5688 0
5688 0
5688 0
5688 0
5688 0
5688 0
5688 0
5688 0
5699 0
5699 1
5699 0
5699 0
5699 0
5699 0
5699 0
5699 0
5699 0
5699 0
5699 0
5699 0
5699 0
5699 0
5699 0
5699 0
5699 0
5699 0
5699 0
5699 0
5699 0
5699 0
5699 0
5699 0
5699 0
5699 0
5699 0
5699 0
5699 0
5699 0
5699 0
5705 0
5705 63
5705 0
5705 0
5705 0
5705 0
5705 0
5705 0
5705 0
5705 0
5705 0
5705 0
5705 0
5705 0
5705 0
5705 0
5705 0
5705 0
5705 0
5705 0
5705 0
5705 0
5705 0
5705 2
5705 0
5705 0
5705 0
5705 0
5705 0
5705 0
5705 0
5723 0
5723 3
5723 0
5723 0
5723 0
5723 0
5723 0
5723 0
5723 0
5723 0
5723 0
5723 0
5723 0
5723 0
5723 0
5723 0
5723 0
5723 0
5723 0
5723 0
5723 0
5723 0
5723 0
5723 3
5723 0
5723 0
5723 0
5723 0
5723 0
5723 0
5723 0
5726 0
5726 48
5726 0
5726 0
5726 0
5726 0
5726 0
5726 0
5726 0
5726 0
5726 0
5726 0
5726 0
5726 0
5726 0
5726 0
5726 0
5726 0
5726 0
5726 0
5726 0
5726 0
5726 0
5726 2
5726 0
5726 0
5726 0
5726 0
5726 0
5726 0
5726 0
5763 0
5763 101
5763 0
5763 0
5763 0
5763 0
5763 0
5763 0
5763 0
5763 0
5763 0
5763 0
5763 0
5763 0
5763 0
5763 0
5763 0
5763 0
5763 0
5763 0
5763 0
5763 0
5763 0
5763 1
5763 0
5763 0
5763 0
5763 0
5763 0
5763 0
5763 0
5765 0
5765 0
5765 0
5765 0
5765 0
5765 0
5765 0
5765 0
5765 0
5765 0
5765 0
5765 0
5765 0
5765 0
5765 0
5765 0
5765 0
5765 0
5765 0
5765 0
5765 0
5765 0
5765 0
5765 0
5765 0
5765 0
5765 0
5765 0
5765 0
5765 0
5765 0
5766 0
5766 109
5766 0
5766 0
5766 0
5766 0
5766 0
5766 0
5766 0
5766 0
5766 0
5766 0
5766 0
5766 0
5766 0
5766 0
5766 0
5766 0
5766 0
5766 0
5766 0
5766 0
5766 0
5766 0
5766 0
5766 0
5766 0
5766 0
5766 0
5766 0
5766 0
5783 0
5783 63
5783 0
5783 0
5783 0
5783 0
5783 0
5783 0
5783 0
5783 0
5783 0
5783 0
5783 0
5783 0
5783 0
5783 0
5783 0
5783 0
5783 0
5783 0
5783 0
5783 0
5783 0
5783 0
5783 0
5783 0
5783 0
5783 0
5783 0
5783 0
5783 0
5787 0
5787 1
5787 0
5787 0
5787 0
5787 0
5787 0
5787 0
5787 0
5787 0
5787 0
5787 0
5787 0
5787 0
5787 0
5787 0
5787 0
5787 0
5787 0
5787 0
5787 0
5787 0
5787 0
5787 0
5787 0
5787 0
5787 0
5787 0
5787 0
5787 0
5787 0
5790 0
5790 0
5790 0
5790 0
5790 0
5790 0
5790 0
5790 0
5790 0
5790 0
5790 0
5790 0
5790 0
5790 0
5790 0
5790 0
5790 0
5790 0
5790 0
5790 0
5790 0
5790 0
5790 0
5790 0
5790 0
5790 0
5790 0
5790 0
5790 0
5790 0
5790 0
5795 0
5795 0
5795 0
5795 0
5795 0
5795 0
5795 0
5795 0
5795 0
5795 0
5795 0
5795 0
5795 0
5795 0
5795 0
5795 0
5795 0
5795 0
5795 0
5795 0
5795 0
5795 0
5795 0
5795 0
5795 0
5795 0
5795 0
5795 0
5795 0
5795 0
5795 0
5807 0
5807 21
5807 0
5807 0
5807 0
5807 0
5807 0
5807 0
5807 0
5807 0
5807 0
5807 0
5807 0
5807 0
5807 0
5807 0
5807 0
5807 0
5807 0
5807 0
5807 0
5807 0
5807 0
5807 4
5807 0
5807 0
5807 0
5807 0
5807 0
5807 0
5807 0
5811 0
5811 0
5811 0
5811 0
5811 0
5811 0
5811 0
5811 0
5811 0
5811 0
5811 0
5811 0
5811 0
5811 0
5811 0
5811 0
5811 0
5811 0
5811 0
5811 0
5811 0
5811 0
5811 0
5811 0
5811 0
5811 0
5811 0
5811 0
5811 0
5811 0
5811 0
5813 0
5813 1
5813 0
5813 0
5813 0
5813 0
5813 0
5813 0
5813 0
5813 0
5813 0
5813 0
5813 0
5813 0
5813 0
5813 0
5813 0
5813 0
5813 0
5813 0
5813 0
5813 0
5813 0
5813 0
5813 0
5813 0
5813 0
5813 0
5813 0
5813 0
5813 0
5847 0
5847 1
5847 0
5847 0
5847 0
5847 0
5847 0
5847 0
5847 0
5847 0
5847 0
5847 0
5847 0
5847 0
5847 0
5847 0
5847 0
5847 0
5847 0
5847 0
5847 0
5847 0
5847 0
5847 0
5847 0
5847 0
5847 0
5847 0
5847 0
5847 0
5847 0
5850 0
5850 16
5850 0
5850 0
5850 0
5850 0
5850 0
5850 0
5850 0
5850 0
5850 0
5850 0
5850 0
5850 0
5850 0
5850 0
5850 0
5850 0
5850 0
5850 0
5850 0
5850 0
5850 0
5850 4
5850 0
5850 0
5850 0
5850 0
5850 0
5850 0
5850 0
5853 0
5853 1
5853 0
5853 0
5853 0
5853 0
5853 0
5853 0
5853 0
5853 0
5853 0
5853 0
5853 0
5853 0
5853 0
5853 0
5853 0
5853 0
5853 0
5853 0
5853 0
5853 0
5853 0
5853 0
5853 0
5853 0
5853 0
5853 0
5853 0
5853 0
5853 0
5854 0
5854 0
5854 0
5854 0
5854 0
5854 0
5854 0
5854 0
5854 0
5854 0
5854 0
5854 0
5854 0
5854 0
5854 0
5854 0
5854 0
5854 0
5854 0
5854 0
5854 0
5854 0
5854 0
5854 0
5854 0
5854 0
5854 0
5854 0
5854 0
5854 0
5854 0
5857 0
5857 63
5857 0
5857 0
5857 0
5857 0
5857 0
5857 0
5857 0
5857 0
5857 0
5857 0
5857 0
5857 0
5857 0
5857 0
5857 0
5857 0
5857 0
5857 0
5857 0
5857 0
5857 0
5857 0
5857 0
5857 0
5857 0
5857 0
5857 0
5857 0
5857 0
5860 0
5860 0
5860 0
5860 0
5860 0
5860 0
5860 0
5860 0
5860 0
5860 0
5860 0
5860 0
5860 0
5860 0
5860 0
5860 0
5860 0
5860 0
5860 0
5860 0
5860 0
5860 0
5860 0
5860 0
5860 0
5860 0
5860 0
5860 0
5860 0
5860 0
5860 0
5878 0
5878 33
5878 0
5878 0
5878 0
5878 0
5878 0
5878 0
5878 0
5878 0
5878 0
5878 0
5878 0
5878 0
5878 0
5878 0
5878 0
5878 0
5878 0
5878 0
5878 0
5878 0
5878 0
5878 0
5878 0
5878 0
5878 0
5878 0
5878 0
5878 0
5878 0
5892 0
5892 102
5892 0
5892 0
5892 0
5892 0
5892 0
5892 0
5892 0
5892 0
5892 0
5892 0
5892 0
5892 0
5892 0
5892 0
5892 0
5892 0
5892 0
5892 0
5892 0
5892 0
5892 0
5892 1
5892 0
5892 0
5892 0
5892 0
5892 0
5892 0
5892 0
5893 0
5893 68
5893 0
5893 0
5893 0
5893 0
5893 0
5893 0
5893 0
5893 0
5893 0
5893 0
5893 0
5893 0
5893 0
5893 0
5893 0
5893 0
5893 0
5893 0
5893 0
5893 0
5893 0
5893 3
5893 0
5893 0
5893 0
5893 0
5893 0
5893 0
5893 0
5906 0
5906 3
5906 0
5906 0
5906 0
5906 0
5906 0
5906 0
5906 0
5906 0
5906 0
5906 0
5906 0
5906 0
5906 0
5906 0
5906 0
5906 0
5906 0
5906 0
5906 0
5906 0
5906 0
5906 1
5906 0
5906 0
5906 0
5906 0
5906 0
5906 0
5906 0
5910 0
5910 1
5910 0
5910 0
5910 0
5910 0
5910 0
5910 0
5910 0
5910 0
5910 0
5910 0
5910 0
5910 0
5910 0
5910 0
5910 0
5910 0
5910 0
5910 0
5910 0
5910 0
5910 0
5910 0
5910 0
5910 0
5910 0
5910 0
5910 0
5910 0
5910 0
5915 0
5915 33
5915 0
5915 0
5915 0
5915 0
5915 0
5915 0
5915 0
5915 0
5915 0
5915 0
5915 0
5915 0
5915 0
5915 0
5915 0
5915 0
5915 0
5915 0
5915 0
5915 0
5915 0
5915 0
5915 0
5915 0
5915 0
5915 0
5915 0
5915 0
5915 0
5916 0
5916 2
5916 0
5916 0
5916 0
5916 0
5916 0
5916 0
5916 0
5916 0
5916 0
5916 0
5916 0
5916 0
5916 0
5916 0
5916 0
5916 0
5916 0
5916 0
5916 0
5916 0
5916 0
5916 0
5916 0
5916 0
5916 0
5916 0
5916 0
5916 0
5916 0
5920 0
5920 26
5920 0
5920 0
5920 0
5920 0
5920 0
5920 0
5920 0
5920 0
5920 0
5920 0
5920 0
5920 0
5920 0
5920 0
5920 0
5920 0
5920 0
5920 0
5920 0
5920 0
5920 0
5920 2
5920 0
5920 0
5920 0
5920 0
5920 0
5920 0
5920 0
5971 0
5971 0
5971 0
5971 0
5971 0
5971 0
5971 0
5971 0
5971 0
5971 0
5971 0
5971 0
5971 0
5971 0
5971 0
5971 0
5971 0
5971 0
5971 0
5971 0
5971 0
5971 0
5971 0
5971 0
5971 0
5971 0
5971 0
5971 0
5971 0
5971 0
5971 0
5977 0
5977 12
5977 0
5977 0
5977 0
5977 0
5977 0
5977 0
5977 0
5977 0
5977 0
5977 0
5977 0
5977 0
5977 0
5977 0
5977 0
5977 0
5977 0
5977 0
5977 0
5977 0
5977 0
5977 4
5977 0
5977 0
5977 0
5977 0
5977 0
5977 0
5977 0
5978 0
5978 1
5978 0
5978 0
5978 0
5978 0
5978 0
5978 0
5978 0
5978 0
5978 0
5978 0
5978 0
5978 0
5978 0
5978 0
5978 0
5978 0
5978 0
5978 0
5978 0
5978 0
5978 0
5978 0
5978 0
5978 0
5978 0
5978 0
5978 0
5978 0
5978 0
5988 0
5988 1
5988 0
5988 0
5988 0
5988 0
5988 0
5988 0
5988 0
5988 0
5988 0
5988 0
5988 0
5988 0
5988 0
5988 0
5988 0
5988 0
5988 0
5988 0
5988 0
5988 0
5988 0
5988 0
5988 0
5988 0
5988 0
5988 0
5988 0
5988 0
5988 0
6002 0
6002 8
6002 0
6002 0
6002 0
6002 0
6002 0
6002 0
6002 0
6002 0
6002 0
6002 0
6002 0
6002 0
6002 0
6002 0
6002 0
6002 0
6002 0
6002 0
6002 0
6002 0
6002 0
6002 2
6002 0
6002 0
6002 0
6002 0
6002 0
6002 0
6002 0
6003 0
6003 108
6003 0
6003 0
6003 0
6003 0
6003 0
6003 0
6003 0
6003 0
6003 0
6003 0
6003 0
6003 0
6003 0
6003 0
6003 0
6003 0
6003 0
6003 0
6003 0
6003 0
6003 0
6003 0
6003 0
6003 0
6003 0
6003 0
6003 0
6003 0
6003 0
6010 0
6010 0
6010 0
6010 0
6010 0
6010 0
6010 0
6010 0
6010 0
6010 0
6010 0
6010 0
6010 0
6010 0
6010 0
6010 0
6010 0
6010 0
6010 0
6010 0
6010 0
6010 0
6010 0
6010 0
6010 0
6010 0
6010 0
6010 0
6010 0
6010 0
6010 0
6038 0
6038 24
6038 0
6038 0
6038 0
6038 0
6038 0
6038 0
6038 0
6038 0
6038 0
6038 0
6038 0
6038 0
6038 0
6038 0
6038 0
6038 0
6038 0
6038 0
6038 0
6038 0
6038 0
6038 0
6038 0
6038 0
6038 0
6038 0
6038 0
6038 0
6038 0
6062 0
6062 13
6062 0
6062 0
6062 0
6062 0
6062 0
6062 0
6062 0
6062 0
6062 0
6062 0
6062 0
6062 0
6062 0
6062 0
6062 0
6062 0
6062 0
6062 0
6062 0
6062 0
6062 0
6062 1
6062 0
6062 0
6062 0
6062 0
6062 0
6062 0
6062 0
6063 0
6063 0
6063 0
6063 0
6063 0
6063 0
6063 0
6063 0
6063 0
6063 0
6063 0
6063 0
6063 0
6063 0
6063 0
6063 0
6063 0
6063 0
6063 0
6063 0
6063 0
6063 0
6063 0
6063 0
6063 0
6063 0
6063 0
6063 0
6063 0
6063 0
6063 0
6066 0
6066 0
6066 0
6066 0
6066 0
6066 0
6066 0
6066 0
6066 0
6066 0
6066 0
6066 0
6066 0
6066 0
6066 0
6066 0
6066 0
6066 0
6066 0
6066 0
6066 0
6066 0
6066 0
6066 0
6066 0
6066 0
6066 0
6066 0
6066 0
6066 0
6066 0
6067 0
6067 55
6067 0
6067 0
6067 0
6067 0
6067 0
6067 0
6067 0
6067 0
6067 0
6067 0
6067 0
6067 0
6067 0
6067 0
6067 0
6067 0
6067 0
6067 0
6067 0
6067 0
6067 0
6067 0
6067 0
6067 0
6067 0
6067 0
6067 0
6067 0
6067 0
6086 0
6086 0
6086 0
6086 0
6086 0
6086 0
6086 0
6086 0
6086 0
6086 0
6086 0
6086 0
6086 0
6086 0
6086 0
6086 0
6086 0
6086 0
6086 0
6086 0
6086 0
6086 0
6086 0
6086 0
6086 0
6086 0
6086 0
6086 0
6086 0
6086 0
6086 0
6089 0
6089 14
6089 0
6089 0
6089 0
6089 0
6089 0
6089 0
6089 0
6089 0
6089 0
6089 0
6089 0
6089 0
6089 0
6089 0
6089 0
6089 0
6089 0
6089 0
6089 0
6089 0
6089 0
6089 1
6089 0
6089 0
6089 0
6089 0
6089 0
6089 0
6089 0
6092 0
6092 33
6092 0
6092 0
6092 0
6092 0
6092 0
6092 0
6092 0
6092 0
6092 0
6092 0
6092 0
6092 0
6092 0
6092 0
6092 0
6092 0
6092 0
6092 0
6092 0
6092 0
6092 0
6092 0
6092 0
6092 0
6092 0
6092 0
6092 0
6092 0
6092 0
6143 0
6143 0
6143 0
6143 0
6143 0
6143 0
6143 0
6143 0
6143 0
6143 0
6143 0
6143 0
6143 0
6143 0
6143 0
6143 0
6143 0
6143 0
6143 0
6143 0
6143 0
6143 0
6143 0
6143 0
6143 0
6143 0
6143 0
6143 0
6143 0
6143 0
6143 0
6156 0
6156 0
6156 0
6156 0
6156 0
6156 0
6156 0
6156 0
6156 0
6156 0
6156 0
6156 0
6156 0
6156 0
6156 0
6156 0
6156 0
6156 0
6156 0
6156 0
6156 0
6156 0
6156 0
6156 0
6156 0
6156 0
6156 0
6156 0
6156 0
6156 0
6156 0
6185 0
6185 0
6185 0
6185 0
6185 0
6185 0
6185 0
6185 0
6185 0
6185 0
6185 0
6185 0
6185 0
6185 0
6185 0
6185 0
6185 0
6185 0
6185 0
6185 0
6185 0
6185 0
6185 0
6185 0
6185 0
6185 0
6185 0
6185 0
6185 0
6185 0
6185 0
6213 0
6213 21
6213 0
6213 0
6213 0
6213 0
6213 0
6213 0
6213 0
6213 3
6213 0
6213 0
6213 0
6213 0
6213 0
6213 0
6213 0
6213 0
6213 0
6213 0
6213 0
6213 0
6213 0
6213 2
6213 0
6213 0
6213 0
6213 0
6213 0
6213 0
6213 0
6233 0
6233 0
6233 0
6233 0
6233 0
6233 0
6233 0
6233 0
6233 0
6233 0
6233 0
6233 0
6233 0
6233 0
6233 0
6233 0
6233 0
6233 0
6233 0
6233 0
6233 0
6233 0
6233 0
6233 0
6233 0
6233 0
6233 0
6233 0
6233 0
6233 0
6233 0
6236 0
6236 136
6236 0
6236 0
6236 0
6236 0
6236 0
6236 0
6236 0
6236 0
6236 0
6236 0
6236 0
6236 0
6236 0
6236 0
6236 0
6236 0
6236 0
6236 0
6236 0
6236 0
6236 0
6236 0
6236 0
6236 0
6236 0
6236 0
6236 0
6236 0
6236 0
6243 0
6243 11
6243 0
6243 0
6243 0
6243 0
6243 0
6243 0
6243 0
6243 0
6243 0
6243 0
6243 0
6243 0
6243 0
6243 0
6243 0
6243 0
6243 0
6243 0
6243 0
6243 0
6243 0
6243 2
6243 0
6243 0
6243 0
6243 0
6243 0
6243 0
6243 0
6273 0
6273 9
6273 0
6273 0
6273 0
6273 0
6273 0
6273 0
6273 0
6273 0
6273 0
6273 0
6273 0
6273 0
6273 0
6273 0
6273 0
6273 0
6273 0
6273 0
6273 0
6273 0
6273 0
6273 0
6273 0
6273 0
6273 0
6273 0
6273 0
6273 0
6273 0
6284 0
6284 4
6284 0
6284 0
6284 0
6284 0
6284 0
6284 0
6284 0
6284 8
6284 0
6284 0
6284 0
6284 0
6284 0
6284 0
6284 0
6284 0
6284 0
6284 0
6284 0
6284 0
6284 0
6284 2
6284 0
6284 0
6284 0
6284 0
6284 0
6284 0
6284 0
6285 0
6285 70
6285 0
6285 0
6285 0
6285 0
6285 0
6285 0
6285 0
6285 0
6285 0
6285 0
6285 0
6285 0
6285 0
6285 0
6285 0
6285 0
6285 0
6285 0
6285 0
6285 0
6285 0
6285 1
6285 0
6285 0
6285 0
6285 0
6285 0
6285 0
6285 0
6312 0
6312 9
6312 0
6312 0
6312 0
6312 0
6312 0
6312 0
6312 0
6312 0
6312 0
6312 0
6312 0
6312 0
6312 0
6312 0
6312 0
6312 0
6312 0
6312 0
6312 0
6312 0
6312 0
6312 1
6312 0
6312 0
6312 0
6312 0
6312 0
6312 0
6312 0
6315 0
6315 21
6315 0
6315 0
6315 0
6315 0
6315 0
6315 0
6315 0
6315 0
6315 0
6315 0
6315 0
6315 0
6315 0
6315 0
6315 0
6315 0
6315 0
6315 0
6315 0
6315 0
6315 0
6315 4
6315 0
6315 0
6315 0
6315 0
6315 0
6315 0
6315 0
6327 0
6327 8
6327 0
6327 0
6327 0
6327 0
6327 0
6327 0
6327 0
6327 0
6327 0
6327 0
6327 0
6327 0
6327 0
6327 0
6327 0
6327 0
6327 0
6327 0
6327 0
6327 0
6327 0
6327 1
6327 0
6327 0
6327 0
6327 0
6327 0
6327 0
6327 0
6338 0
6338 24
6338 0
6338 0
6338 0
6338 0
6338 0
6338 0
6338 0
6338 1
6338 0
6338 0
6338 0
6338 0
6338 0
6338 0
6338 0
6338 0
6338 0
6338 0
6338 0
6338 0
6338 0
6338 0
6338 0
6338 0
6338 0
6338 0
6338 0
6338 0
6338 0
6349 0
6349 0
6349 0
6349 0
6349 0
6349 0
6349 0
6349 0
6349 0
6349 10
6349 0
6349 0
6349 0
6349 0
6349 0
6349 0
6349 0
6349 0
6349 0
6349 0
6349 0
6349 0
6349 0
6349 1
6349 0
6349 0
6349 0
6349 0
6349 0
6349 0
6349 0
6354 0
6354 0
6354 0
6354 0
6354 0
6354 0
6354 0
6354 0
6354 0
6354 0
6354 0
6354 0
6354 0
6354 0
6354 0
6354 0
6354 0
6354 0
6354 0
6354 0
6354 0
6354 0
6354 0
6354 0
6354 0
6354 0
6354 0
6354 0
6354 0
6354 0
6354 0
6356 0
6356 0
6356 0
6356 0
6356 0
6356 0
6356 0
6356 0
6356 0
6356 9
6356 0
6356 0
6356 0
6356 0
6356 0
6356 0
6356 0
6356 0
6356 0
6356 0
6356 0
6356 0
6356 0
6356 1
6356 0
6356 0
6356 0
6356 0
6356 0
6356 0
6356 0
6359 0
6359 11
6359 0
6359 0
6359 0
6359 0
6359 0
6359 0
6359 0
6359 9
6359 0
6359 0
6359 0
6359 0
6359 0
6359 0
6359 0
6359 0
6359 0
6359 0
6359 0
6359 0
6359 0
6359 1
6359 0
6359 0
6359 0
6359 0
6359 0
6359 0
6359 0
6367 0
6367 9
6367 0
6367 0
6367 0
6367 0
6367 0
6367 0
6367 0
6367 6
6367 0
6367 0
6367 0
6367 0
6367 0
6367 0
6367 0
6367 0
6367 0
6367 0
6367 0
6367 0
6367 0
6367 2
6367 0
6367 0
6367 0
6367 0
6367 0
6367 0
6367 0
6392 0
6392 131
6392 0
6392 0
6392 0
6392 0
6392 0
6392 0
6392 0
6392 0
6392 0
6392 0
6392 0
6392 0
6392 0
6392 0
6392 0
6392 0
6392 0
6392 0
6392 0
6392 0
6392 0
6392 1
6392 0
6392 0
6392 0
6392 0
6392 0
6392 0
6392 0
6398 0
6398 33
6398 0
6398 0
6398 0
6398 0
6398 0
6398 0
6398 0
6398 0
6398 0
6398 0
6398 0
6398 0
6398 0
6398 0
6398 0
6398 0
6398 0
6398 0
6398 0
6398 0
6398 0
6398 0
6398 0
6398 0
6398 0
6398 0
6398 0
6398 0
6398 0
6410 0
6410 7
6410 0
6410 0
6410 0
6410 0
6410 0
6410 0
6410 0
6410 0
6410 0
6410 0
6410 0
6410 0
6410 0
6410 0
6410 0
6410 0
6410 0
6410 0
6410 0
6410 0
6410 0
6410 1
6410 0
6410 0
6410 0
6410 0
6410 0
6410 0
6410 0
6413 0
6413 0
6413 0
6413 0
6413 0
6413 0
6413 0
6413 0
6413 0
6413 9
6413 0
6413 0
6413 0
6413 0
6413 0
6413 0
6413 0
6413 0
6413 0
6413 0
6413 0
6413 0
6413 0
6413 1
6413 0
6413 0
6413 0
6413 0
6413 0
6413 0
6413 0
6420 0
6420 3
6420 0
6420 0
6420 0
6420 0
6420 0
6420 0
6420 0
6420 0
6420 0
6420 0
6420 0
6420 0
6420 0
6420 0
6420 0
6420 0
6420 0
6420 0
6420 0
6420 0
6420 0
6420 0
6420 0
6420 0
6420 0
6420 0
6420 0
6420 0
6420 0
6428 0
6428 28
6428 0
6428 0
6428 0
6428 0
6428 0
6428 0
6428 0
6428 0
6428 0
6428 0
6428 0
6428 0
6428 0
6428 0
6428 0
6428 0
6428 0
6428 0
6428 0
6428 0
6428 0
6428 0
6428 0
6428 0
6428 0
6428 0
6428 0
6428 0
6428 0
6433 0
6433 17
6433 0
6433 0
6433 0
6433 0
6433 0
6433 0
6433 0
6433 0
6433 0
6433 0
6433 0
6433 0
6433 0
6433 0
6433 0
6433 0
6433 0
6433 0
6433 0
6433 0
6433 0
6433 3
6433 0
6433 0
6433 0
6433 0
6433 0
6433 0
6433 0
6434 0
6434 22
6434 0
6434 0
6434 0
6434 0
6434 0
6434 0
6434 0
6434 10
6434 0
6434 0
6434 0
6434 0
6434 0
6434 0
6434 0
6434 0
6434 0
6434 0
6434 0
6434 0
6434 0
6434 3
6434 0
6434 0
6434 0
6434 0
6434 0
6434 0
6434 0
6437 0
6437 28
6437 0
6437 0
6437 0
6437 0
6437 0
6437 0
6437 0
6437 0
6437 0
6437 0
6437 0
6437 0
6437 0
6437 0
6437 0
6437 0
6437 0
6437 0
6437 0
6437 0
6437 0
6437 0
6437 0
6437 0
6437 0
6437 0
6437 0
6437 0
6437 0
6459 0
6459 28
6459 0
6459 0
6459 0
6459 0
6459 0
6459 0
6459 0
6459 0
6459 0
6459 0
6459 0
6459 0
6459 0
6459 0
6459 0
6459 0
6459 0
6459 0
6459 0
6459 0
6459 0
6459 0
6459 0
6459 0
6459 0
6459 0
6459 0
6459 0
6459 0
6468 0
6468 3
6468 0
6468 0
6468 0
6468 0
6468 0
6468 0
6468 0
6468 0
6468 0
6468 0
6468 0
6468 0
6468 0
6468 0
6468 0
6468 0
6468 0
6468 0
6468 0
6468 0
6468 0
6468 0
6468 0
6468 0
6468 0
6468 0
6468 0
6468 0
6468 0
6471 0
6471 18
6471 0
6471 0
6471 0
6471 0
6471 0
6471 0
6471 0
6471 0
6471 0
6471 0
6471 0
6471 0
6471 0
6471 0
6471 0
6471 0
6471 0
6471 0
6471 0
6471 0
6471 0
6471 0
6471 0
6471 0
6471 0
6471 0
6471 0
6471 0
6471 0
6480 0
6480 18
6480 0
6480 0
6480 0
6480 0
6480 0
6480 0
6480 0
6480 0
6480 0
6480 0
6480 0
6480 0
6480 0
6480 0
6480 0
6480 0
6480 0
6480 0
6480 0
6480 0
6480 0
6480 1
6480 0
6480 0
6480 0
6480 0
6480 0
6480 0
6480 0
6482 0
6482 1
6482 0
6482 0
6482 0
6482 0
6482 0
6482 0
6482 0
6482 10
6482 0
6482 0
6482 0
6482 0
6482 0
6482 0
6482 0
6482 0
6482 0
6482 0
6482 0
6482 0
6482 0
6482 4
6482 0
6482 0
6482 0
6482 0
6482 0
6482 0
6482 0
6483 0
6483 8
6483 0
6483 0
6483 0
6483 0
6483 0
6483 0
6483 0
6483 0
6483 0
6483 0
6483 0
6483 0
6483 0
6483 0
6483 0
6483 0
6483 0
6483 0
6483 0
6483 0
6483 0
6483 2
6483 0
6483 0
6483 0
6483 0
6483 0
6483 0
6483 0
6501 0
6501 74
6501 0
6501 0
6501 0
6501 0
6501 0
6501 0
6501 0
6501 0
6501 0
6501 0
6501 0
6501 0
6501 0
6501 0
6501 0
6501 0
6501 0
6501 0
6501 0
6501 0
6501 0
6501 4
6501 0
6501 0
6501 0
6501 0
6501 0
6501 0
6501 0
6520 0
6520 18
6520 0
6520 0
6520 0
6520 0
6520 0
6520 0
6520 0
6520 0
6520 0
6520 0
6520 0
6520 0
6520 0
6520 0
6520 0
6520 0
6520 0
6520 0
6520 0
6520 0
6520 0
6520 0
6520 0
6520 0
6520 0
6520 0
6520 0
6520 0
6520 0
6521 0
6521 12
6521 0
6521 0
6521 0
6521 0
6521 0
6521 0
6521 0
6521 0
6521 0
6521 0
6521 0
6521 0
6521 0
6521 0
6521 0
6521 0
6521 0
6521 0
6521 0
6521 0
6521 0
6521 1
6521 0
6521 0
6521 0
6521 0
6521 0
6521 0
6521 0
6530 0
6530 12
6530 0
6530 0
6530 0
6530 0
6530 0
6530 0
6530 0
6530 0
6530 0
6530 0
6530 0
6530 0
6530 0
6530 0
6530 0
6530 0
6530 0
6530 0
6530 0
6530 0
6530 0
6530 1
6530 0
6530 0
6530 0
6530 0
6530 0
6530 0
6530 0
6535 0
6535 33
6535 0
6535 0
6535 0
6535 0
6535 0
6535 0
6535 0
6535 0
6535 0
6535 0
6535 0
6535 0
6535 0
6535 0
6535 0
6535 0
6535 0
6535 0
6535 0
6535 0
6535 0
6535 0
6535 0
6535 0
6535 0
6535 0
6535 0
6535 0
6535 0
6540 0
6540 73
6540 0
6540 0
6540 0
6540 0
6540 0
6540 0
6540 0
6540 0
6540 0
6540 0
6540 0
6540 0
6540 0
6540 0
6540 0
6540 0
6540 0
6540 0
6540 0
6540 0
6540 0
6540 1
6540 0
6540 0
6540 0
6540 0
6540 0
6540 0
6540 0
6542 0
6542 5
6542 0
6542 0
6542 0
6542 0
6542 0
6542 0
6542 0
6542 0
6542 0
6542 0
6542 0
6542 0
6542 0
6542 0
6542 0
6542 0
6542 0
6542 0
6542 0
6542 0
6542 0
6542 1
6542 0
6542 0
6542 0
6542 0
6542 0
6542 0
6542 0
6551 0
6551 0
6551 0
6551 0
6551 0
6551 0
6551 0
6551 0
6551 0
6551 0
6551 0
6551 0
6551 0
6551 0
6551 0
6551 0
6551 0
6551 0
6551 0
6551 0
6551 0
6551 0
6551 0
6551 0
6551 0
6551 0
6551 0
6551 0
6551 0
6551 0
6551 0
6553 0
6553 40
6553 0
6553 0
6553 0
6553 0
6553 0
6553 0
6553 0
6553 0
6553 0
6553 0
6553 0
6553 0
6553 0
6553 0
6553 0
6553 0
6553 0
6553 0
6553 0
6553 0
6553 0
6553 0
6553 0
6553 0
6553 0
6553 0
6553 0
6553 0
6553 0
6557 0
6557 86
6557 0
6557 0
6557 0
6557 0
6557 0
6557 0
6557 0
6557 1
6557 0
6557 0
6557 0
6557 0
6557 0
6557 0
6557 0
6557 0
6557 0
6557 0
6557 0
6557 0
6557 0
6557 1
6557 0
6557 0
6557 0
6557 0
6557 0
6557 0
6557 0
6570 0
6570 11
6570 0
6570 0
6570 0
6570 0
6570 0
6570 0
6570 0
6570 0
6570 0
6570 0
6570 0
6570 0
6570 0
6570 0
6570 0
6570 0
6570 0
6570 0
6570 0
6570 0
6570 0
6570 1
6570 0
6570 0
6570 0
6570 0
6570 0
6570 0
6570 0
6571 0
6571 126
6571 0
6571 0
6571 0
6571 0
6571 0
6571 0
6571 0
6571 0
6571 0
6571 0
6571 0
6571 0
6571 0
6571 0
6571 0
6571 0
6571 0
6571 0
6571 0
6571 0
6571 0
6571 1
6571 0
6571 0
6571 0
6571 0
6571 0
6571 0
6571 0
6578 0
6578 11
6578 0
6578 0
6578 0
6578 0
6578 0
6578 0
6578 0
6578 0
6578 0
6578 0
6578 0
6578 0
6578 0
6578 0
6578 0
6578 0
6578 0
6578 0
6578 0
6578 0
6578 0
6578 2
6578 0
6578 0
6578 0
6578 0
6578 0
6578 0
6578 0
6594 0
6594 70
6594 0
6594 0
6594 0
6594 0
6594 0
6594 0
6594 0
6594 0
6594 0
6594 0
6594 0
6594 0
6594 0
6594 0
6594 0
6594 0
6594 0
6594 0
6594 0
6594 0
6594 0
6594 1
6594 0
6594 0
6594 0
6594 0
6594 0
6594 0
6594 0
6613 0
6613 60
6613 0
6613 0
6613 0
6613 0
6613 0
6613 0
6613 0
6613 0
6613 0
6613 0
6613 0
6613 0
6613 0
6613 0
6613 0
6613 0
6613 0
6613 0
6613 0
6613 0
6613 0
6613 5
6613 0
6613 0
6613 0
6613 0
6613 0
6613 0
6613 0
6618 0
6618 2
6618 0
6618 0
6618 0
6618 0
6618 0
6618 0
6618 0
6618 0
6618 0
6618 0
6618 0
6618 0
6618 0
6618 0
6618 0
6618 0
6618 0
6618 0
6618 0
6618 0
6618 0
6618 3
6618 0
6618 0
6618 0
6618 0
6618 0
6618 0
6618 0
6632 0
6632 32
6632 0
6632 0
6632 0
6632 0
6632 0
6632 0
6632 0
6632 10
6632 0
6632 0
6632 0
6632 0
6632 0
6632 0
6632 0
6632 0
6632 0
6632 0
6632 0
6632 0
6632 0
6632 0
6632 0
6632 0
6632 0
6632 0
6632 0
6632 0
6632 0
6653 0
6653 28
6653 0
6653 0
6653 0
6653 0
6653 0
6653 0
6653 0
6653 0
6653 0
6653 0
6653 0
6653 0
6653 0
6653 0
6653 0
6653 0
6653 0
6653 0
6653 0
6653 0
6653 0
6653 0
6653 0
6653 0
6653 0
6653 0
6653 0
6653 0
6653 0
6657 0
6657 70
6657 0
6657 0
6657 0
6657 0
6657 0
6657 0
6657 0
6657 0
6657 0
6657 0
6657 0
6657 0
6657 0
6657 0
6657 0
6657 0
6657 0
6657 0
6657 0
6657 0
6657 0
6657 1
6657 0
6657 0
6657 0
6657 0
6657 0
6657 0
6657 0
6663 0
6663 6
6663 0
6663 0
6663 0
6663 0
6663 0
6663 0
6663 0
6663 0
6663 0
6663 0
6663 0
6663 0
6663 0
6663 0
6663 0
6663 0
6663 0
6663 0
6663 0
6663 0
6663 0
6663 1
6663 0
6663 0
6663 0
6663 0
6663 0
6663 0
6663 0
6681 0
6681 3
6681 0
6681 0
6681 0
6681 0
6681 0
6681 0
6681 0
6681 0
6681 0
6681 0
6681 0
6681 0
6681 0
6681 0
6681 0
6681 0
6681 0
6681 0
6681 0
6681 0
6681 0
6681 0
6681 0
6681 0
6681 0
6681 0
6681 0
6681 0
6681 0
6686 0
6686 1
6686 0
6686 0
6686 0
6686 0
6686 0
6686 0
6686 0
6686 0
6686 0
6686 0
6686 0
6686 0
6686 0
6686 0
6686 0
6686 0
6686 0
6686 0
6686 0
6686 0
6686 0
6686 0
6686 0
6686 0
6686 0
6686 0
6686 0
6686 0
6686 0
6707 0
6707 94
6707 0
6707 0
6707 0
6707 0
6707 0
6707 0
6707 0
6707 1
6707 0
6707 0
6707 0
6707 0
6707 0
6707 0
6707 0
6707 0
6707 0
6707 0
6707 0
6707 0
6707 0
6707 0
6707 0
6707 0
6707 0
6707 0
6707 0
6707 0
6707 0
6709 0
6709 3
6709 0
6709 0
6709 0
6709 0
6709 0
6709 0
6709 0
6709 0
6709 0
6709 0
6709 0
6709 0
6709 0
6709 0
6709 0
6709 0
6709 0
6709 0
6709 0
6709 0
6709 0
6709 0
6709 0
6709 0
6709 0
6709 0
6709 0
6709 0
6709 0
6710 0
6710 1
6710 0
6710 0
6710 0
6710 0
6710 0
6710 0
6710 0
6710 0
6710 0
6710 0
6710 0
6710 0
6710 0
6710 0
6710 0
6710 0
6710 0
6710 0
6710 0
6710 0
6710 0
6710 0
6710 0
6710 0
6710 0
6710 0
6710 0
6710 0
6710 0
6727 0
6727 4
6727 0
6727 0
6727 0
6727 0
6727 0
6727 0
6727 0
6727 0
6727 0
6727 0
6727 0
6727 0
6727 0
6727 0
6727 0
6727 0
6727 0
6727 0
6727 0
6727 0
6727 0
6727 4
6727 0
6727 0
6727 0
6727 0
6727 0
6727 0
6727 0
6734 0
6734 100
6734 0
6734 0
6734 0
6734 0
6734 0
6734 0
6734 0
6734 0
6734 0
6734 0
6734 0
6734 0
6734 0
6734 0
6734 0
6734 0
6734 0
6734 0
6734 0
6734 0
6734 0
6734 0
6734 0
6734 0
6734 0
6734 0
6734 0
6734 0
6734 0
6752 0
6752 28
6752 0
6752 0
6752 0
6752 0
6752 0
6752 0
6752 0
6752 0
6752 0
6752 0
6752 0
6752 0
6752 0
6752 0
6752 0
6752 0
6752 0
6752 0
6752 0
6752 0
6752 0
6752 0
6752 0
6752 0
6752 0
6752 0
6752 0
6752 0
6752 0
6756 0
6756 6
6756 0
6756 0
6756 0
6756 0
6756 0
6756 0
6756 0
6756 0
6756 0
6756 0
6756 0
6756 0
6756 0
6756 0
6756 0
6756 0
6756 0
6756 0
6756 0
6756 0
6756 0
6756 5
6756 0
6756 0
6756 0
6756 0
6756 0
6756 0
6756 0
6757 0
6757 17
6757 0
6757 0
6757 0
6757 0
6757 0
6757 0
6757 0
6757 0
6757 0
6757 0
6757 0
6757 0
6757 0
6757 0
6757 0
6757 0
6757 0
6757 0
6757 0
6757 0
6757 0
6757 1
6757 0
6757 0
6757 0
6757 0
6757 0
6757 0
6757 0
6761 0
6761 7
6761 0
6761 0
6761 0
6761 0
6761 0
6761 0
6761 0
6761 0
6761 0
6761 0
6761 0
6761 0
6761 0
6761 0
6761 0
6761 0
6761 0
6761 0
6761 0
6761 0
6761 0
6761 1
6761 0
6761 0
6761 0
6761 0
6761 0
6761 0
6761 0
6766 0
6766 1
6766 0
6766 0
6766 0
6766 0
6766 0
6766 0
6766 0
6766 0
6766 0
6766 0
6766 0
6766 0
6766 0
6766 0
6766 0
6766 0
6766 0
6766 0
6766 0
6766 0
6766 0
6766 0
6766 0
6766 0
6766 0
6766 0
6766 0
6766 0
6766 0
6768 0
6768 40
6768 0
6768 0
6768 0
6768 0
6768 0
6768 0
6768 0
6768 0
6768 0
6768 0
6768 0
6768 0
6768 0
6768 0
6768 0
6768 0
6768 0
6768 0
6768 0
6768 0
6768 0
6768 0
6768 0
6768 0
6768 0
6768 0
6768 0
6768 0
6768 0
6781 0
6781 2
6781 0
6781 0
6781 0
6781 0
6781 0
6781 0
6781 0
6781 0
6781 0
6781 0
6781 0
6781 0
6781 0
6781 0
6781 0
6781 0
6781 0
6781 0
6781 0
6781 0
6781 0
6781 0
6781 0
6781 0
6781 0
6781 0
6781 0
6781 0
6781 0
6794 0
6794 0
6794 0
6794 0
6794 0
6794 0
6794 0
6794 0
6794 0
6794 1
6794 0
6794 0
6794 0
6794 0
6794 0
6794 0
6794 0
6794 0
6794 0
6794 0
6794 0
6794 0
6794 0
6794 0
6794 0
6794 0
6794 0
6794 0
6794 0
6794 0
6794 0
6809 0
6809 28
6809 0
6809 0
6809 0
6809 0
6809 0
6809 0
6809 0
6809 0
6809 0
6809 0
6809 0
6809 0
6809 0
6809 0
6809 0
6809 0
6809 0
6809 0
6809 0
6809 0
6809 0
6809 0
6809 0
6809 0
6809 0
6809 0
6809 0
6809 0
6809 0
6824 0
6824 28
6824 0
6824 0
6824 0
6824 0
6824 0
6824 0
6824 0
6824 0
6824 0
6824 0
6824 0
6824 0
6824 0
6824 0
6824 0
6824 0
6824 0
6824 0
6824 0
6824 0
6824 0
6824 0
6824 0
6824 0
6824 0
6824 0
6824 0
6824 0
6824 0
6843 0
6843 2
6843 0
6843 0
6843 0
6843 0
6843 0
6843 0
6843 0
6843 0
6843 0
6843 0
6843 0
6843 0
6843 0
6843 0
6843 0
6843 0
6843 0
6843 0
6843 0
6843 0
6843 0
6843 0
6843 0
6843 0
6843 0
6843 0
6843 0
6843 0
6843 0
6846 0
6846 0
6846 0
6846 0
6846 0
6846 0
6846 0
6846 0
6846 0
6846 1
6846 0
6846 0
6846 0
6846 0
6846 0
6846 0
6846 0
6846 0
6846 0
6846 0
6846 0
6846 0
6846 0
6846 0
6846 0
6846 0
6846 0
6846 0
6846 0
6846 0
6846 0
6847 0
6847 73
6847 0
6847 0
6847 0
6847 0
6847 0
6847 0
6847 0
6847 0
6847 0
6847 0
6847 0
6847 0
6847 0
6847 0
6847 0
6847 0
6847 0
6847 0
6847 0
6847 0
6847 0
6847 1
6847 0
6847 0
6847 0
6847 0
6847 0
6847 0
6847 0
6858 0
6858 0
6858 0
6858 0
6858 0
6858 0
6858 0
6858 0
6858 0
6858 1
6858 0
6858 0
6858 0
6858 0
6858 0
6858 0
6858 0
6858 0
6858 0
6858 0
6858 0
6858 0
6858 0
6858 0
6858 0
6858 0
6858 0
6858 0
6858 0
6858 0
6858 0
6866 0
6866 68
6866 0
6866 0
6866 0
6866 0
6866 0
6866 0
6866 0
6866 0
6866 0
6866 0
6866 0
6866 0
6866 0
6866 0
6866 0
6866 0
6866 0
6866 0
6866 0
6866 0
6866 0
6866 1
6866 0
6866 0
6866 0
6866 0
6866 0
6866 0
6866 0
6871 0
6871 3
6871 0
6871 0
6871 0
6871 0
6871 0
6871 0
6871 0
6871 0
6871 0
6871 0
6871 0
6871 0
6871 0
6871 0
6871 0
6871 0
6871 0
6871 0
6871 0
6871 0
6871 0
6871 0
6871 0
6871 0
6871 0
6871 0
6871 0
6871 0
6871 0
6962 0
6962 44
6962 0
6962 0
6962 0
6962 0
6962 0
6962 0
6962 0
6962 0
6962 0
6962 0
6962 0
6962 0
6962 0
6962 0
6962 0
6962 0
6962 0
6962 0
6962 0
6962 0
6962 0
6962 0
6962 0
6962 0
6962 0
6962 0
6962 0
6962 0
6962 0
6996 0
6996 44
6996 0
6996 0
6996 0
6996 0
6996 0
6996 0
6996 0
6996 0
6996 0
6996 0
6996 0
6996 0
6996 0
6996 0
6996 0
6996 0
6996 0
6996 0
6996 0
6996 0
6996 0
6996 0
6996 0
6996 0
6996 0
6996 0
6996 0
6996 0
6996 0
7002 0
7002 44
7002 0
7002 0
7002 0
7002 0
7002 0
7002 0
7002 0
7002 0
7002 0
7002 0
7002 0
7002 0
7002 0
7002 0
7002 0
7002 0
7002 0
7002 0
7002 0
7002 0
7002 0
7002 0
7002 0
7002 0
7002 0
7002 0
7002 0
7002 0
7002 0
8491 0
8491 0
8491 0
8491 0
8491 0
8491 0
8491 0
8491 0
8491 0
8491 0
8491 257
8491 0
8491 0
8491 0
8491 0
8491 0
8491 0
8491 0
8491 0
8491 0
8491 0
8491 4
8491 0
8491 0
8491 0
8491 0
8491 0
8491 0
8491 0
8491 0
8491 0
8564 0
8564 0
8564 0
8564 0
8564 0
8564 0
8564 0
8564 0
8564 0
8564 0
8564 257
8564 0
8564 0
8564 0
8564 0
8564 0
8564 0
8564 0
8564 0
8564 0
8564 0
8564 4
8564 0
8564 0
8564 0
8564 0
8564 0
8564 0
8564 0
8564 0
8564 0
8631 0
8631 0
8631 0
8631 0
8631 0
8631 0
8631 0
8631 0
8631 0
8631 0
8631 257
8631 0
8631 0
8631 0
8631 0
8631 0
8631 0
8631 0
8631 0
8631 0
8631 0
8631 4
8631 0
8631 0
8631 0
8631 0
8631 0
8631 0
8631 0
8631 0
8631 0
8771 0
8771 0
8771 0
8771 0
8771 0
8771 0
8771 0
8771 0
8771 0
8771 0
8771 126
8771 0
8771 0
8771 0
8771 0
8771 0
8771 0
8771 0
8771 0
8771 0
8771 0
8771 1
8771 0
8771 0
8771 0
8771 0
8771 0
8771 0
8771 0
8771 0
8771 0
8813 0
8813 0
8813 0
8813 0
8813 0
8813 0
8813 0
8813 0
8813 0
8813 0
8813 148
8813 0
8813 0
8813 0
8813 0
8813 0
8813 0
8813 0
8813 0
8813 0
8813 0
8813 0
8813 0
8813 0
8813 0
8813 0
8813 0
8813 0
8813 0
8813 0
8813 0
9037 0
9037 0
9037 0
9037 0
9037 0
9037 0
9037 0
9037 0
9037 0
9037 0
9037 148
9037 0
9037 0
9037 0
9037 0
9037 0
9037 0
9037 0
9037 0
9037 0
9037 0
9037 0
9037 0
9037 0
9037 0
9037 0
9037 0
9037 0
9037 0
9037 0
9037 0
