pt_graph shape
4793 0
4793 0.91
4793 0
4793 0
4793 0
4793 0
4793 0
4793 0
4793 0
4793 0
4793 0
4793 0
4793 0
4793 0
4793 0
4793 0
4793 0
4793 0
4793 0
4793 0
4793 0
4793 0
4793 0
4793 2.51
4793 0
4793 2.68
4793 0
4793 0
4793 0
4793 0
4793 0
4848 0
4848 36.47
4848 0
4848 0
4848 0
4848 0
4848 0
4848 0
4848 0
4848 0
4848 0
4848 0
4848 0
4848 0
4848 0
4848 0
4848 0
4848 0
4848 0
4848 0
4848 0
4848 0
4848 0
4848 26.7
4848 0
4848 35.03
4848 0
4848 0
4848 0
4848 0
4848 0
4850 0
4850 2.21
4850 0
4850 0
4850 0
4850 0
4850 0
4850 0
4850 0
4850 26.63
4850 0
4850 0
4850 0
4850 0
4850 0
4850 0
4850 0
4850 0
4850 0
4850 0
4850 45.42
4850 0
4850 0
4850 24.91
4850 0
4850 30.22
4850 0
4850 0
4850 0
4850 0
4850 0
4893 0
4893 51.2
4893 0
4893 0
4893 0
4893 0
4893 0
4893 0
4893 0
4893 0
4893 0
4893 0
4893 0
4893 0
4893 0
4893 0
4893 0
4893 0
4893 0
4893 0
4893 28.42
4893 0
4893 0
4893 6.57
4893 0
4893 4.17
4893 0
4893 0
4893 0
4893 0
4893 0
4895 0
4895 1.67
4895 0
4895 0
4895 0
4895 0
4895 0
4895 0
4895 0
4895 0
4895 0
4895 0
4895 0
4895 0
4895 0
4895 0
4895 0
4895 0
4895 0
4895 0
4895 0
4895 0
4895 0
4895 40.58
4895 0
4895 25.29
4895 0
4895 0
4895 0
4895 0
4895 0
4925 0
4925 36.47
4925 0
4925 0
4925 0
4925 0
4925 0
4925 0
4925 0
4925 0
4925 0
4925 0
4925 0
4925 0
4925 0
4925 0
4925 0
4925 0
4925 0
4925 0
4925 0
4925 0
4925 0
4925 26.7
4925 0
4925 35.03
4925 0
4925 0
4925 0
4925 0
4925 0
4966 0
4966 0.96
4966 0
4966 0
4966 0
4966 0
4966 0
4966 0
4966 0
4966 0
4966 0
4966 0
4966 0
4966 0
4966 0
4966 0
4966 0
4966 0
4966 0
4966 0
4966 39.17
4966 0
4966 0
4966 3.4
4966 0
4966 3.37
4966 0
4966 0
4966 0
4966 0
4966 0
4984 0
4984 2.21
4984 0
4984 0
4984 0
4984 0
4984 0
4984 0
4984 0
4984 26.63
4984 0
4984 0
4984 0
4984 0
4984 0
4984 0
4984 0
4984 0
4984 0
4984 0
4984 45.42
4984 0
4984 0
4984 24.91
4984 0
4984 30.22
4984 0
4984 0
4984 0
4984 0
4984 0
5018 0
5018 13.92
5018 0
5018 0
5018 0
5018 0
5018 0
5018 0
5018 0
5018 0
5018 0
5018 0
5018 0
5018 0
5018 0
5018 0
5018 0
5018 0
5018 0
5018 0
5018 0
5018 0
5018 0
5018 2.19
5018 0
5018 4.72
5018 0
5018 0
5018 0
5018 0
5018 0
5025 0
5025 12.6
5025 0
5025 0
5025 0
5025 0
5025 0
5025 0
5025 0
5025 0
5025 0
5025 0
5025 0
5025 0
5025 0
5025 0
5025 0
5025 0
5025 0
5025 0
5025 28.42
5025 0
5025 0
5025 5.08
5025 0
5025 2.82
5025 0
5025 0
5025 0
5025 0
5025 0
5027 0
5027 36.46
5027 0
5027 0
5027 0
5027 0
5027 0
5027 0
5027 0
5027 0
5027 0
5027 0
5027 0
5027 0
5027 0
5027 0
5027 0
5027 0
5027 0
5027 0
5027 0
5027 0
5027 0
5027 3.01
5027 0
5027 57.83
5027 0
5027 0
5027 0
5027 0
5027 0
5028 0
5028 17.38
5028 0
5028 0
5028 0
5028 0
5028 0
5028 0
5028 0
5028 0
5028 0
5028 0
5028 0
5028 0
5028 0
5028 0
5028 0
5028 0
5028 0
5028 0
5028 0
5028 0
5028 0
5028 49.45
5028 0
5028 51.98
5028 0
5028 0
5028 0
5028 0
5028 0
5043 0
5043 5.19
5043 0
5043 0
5043 0
5043 0
5043 0
5043 0
5043 0
5043 26.63
5043 0
5043 0
5043 0
5043 0
5043 0
5043 0
5043 0
5043 0
5043 0
5043 0
5043 47.79
5043 0
5043 0
5043 3.06
5043 0
5043 3.34
5043 0
5043 0
5043 0
5043 0
5043 0
5066 0
5066 9.76
5066 0
5066 0
5066 0
5066 0
5066 0
5066 0
5066 0
5066 26.63
5066 0
5066 0
5066 0
5066 0
5066 0
5066 0
5066 0
5066 0
5066 0
5066 0
5066 45.42
5066 0
5066 0
5066 8.58
5066 0
5066 47.52
5066 0
5066 0
5066 0
5066 0
5066 0
5136 0
5136 14.91
5136 0
5136 0
5136 0
5136 0
5136 0
5136 0
5136 0
5136 0
5136 0
5136 0
5136 0
5136 0
5136 0
5136 0
5136 0
5136 0
5136 0
5136 0
5136 0
5136 0
5136 0
5136 17.95
5136 0
5136 36.47
5136 0
5136 0
5136 0
5136 0
5136 0
5150 0
5150 1.89
5150 0
5150 0
5150 0
5150 0
5150 0
5150 0
5150 0
5150 0
5150 0
5150 0
5150 0
5150 0
5150 0
5150 0
5150 0
5150 0
5150 0
5150 0
5150 0
5150 0
5150 0
5150 37.99
5150 0
5150 34.4
5150 0
5150 0
5150 0
5150 0
5150 0
5152 0
5152 35.1
5152 0
5152 0
5152 0
5152 0
5152 0
5152 0
5152 0
5152 0
5152 0
5152 0
5152 0
5152 0
5152 0
5152 0
5152 0
5152 0
5152 0
5152 0
5152 0
5152 0
5152 0
5152 40.39
5152 0
5152 41.11
5152 0
5152 0
5152 0
5152 0
5152 0
5157 0
5157 22.09
5157 0
5157 0
5157 0
5157 0
5157 0
5157 0
5157 0
5157 0
5157 0
5157 0
5157 0
5157 0
5157 0
5157 0
5157 0
5157 0
5157 0
5157 0
5157 0
5157 0
5157 0
5157 40.6
5157 0
5157 36.47
5157 0
5157 0
5157 0
5157 0
5157 0
5160 0
5160 31.68
5160 0
5160 0
5160 0
5160 0
5160 0
5160 0
5160 0
5160 0
5160 0
5160 0
5160 0
5160 0
5160 0
5160 0
5160 0
5160 0
5160 0
5160 0
5160 0
5160 0
5160 0
5160 0
5160 0
5160 32.58
5160 0
5160 0
5160 0
5160 0
5160 0
5177 0
5177 1.89
5177 0
5177 0
5177 0
5177 0
5177 0
5177 0
5177 0
5177 0
5177 0
5177 0
5177 0
5177 0
5177 0
5177 0
5177 0
5177 0
5177 0
5177 0
5177 0
5177 0
5177 0
5177 37.99
5177 0
5177 34.4
5177 0
5177 0
5177 0
5177 0
5177 0
5200 0
5200 3.3
5200 0
5200 0
5200 0
5200 0
5200 0
5200 0
5200 0
5200 26.63
5200 0
5200 0
5200 0
5200 0
5200 0
5200 0
5200 0
5200 0
5200 0
5200 0
5200 45.42
5200 0
5200 0
5200 2.35
5200 0
5200 2.37
5200 0
5200 0
5200 0
5200 0
5200 0
5221 0
5221 13.22
5221 0
5221 0
5221 0
5221 0
5221 0
5221 0
5221 0
5221 0
5221 0
5221 0
5221 0
5221 0
5221 0
5221 0
5221 0
5221 0
5221 0
5221 0
5221 0
5221 0
5221 0
5221 40.39
5221 0
5221 6.28
5221 0
5221 0
5221 0
5221 0
5221 0
5256 0
5256 51.76
5256 0
5256 0
5256 0
5256 0
5256 0
5256 0
5256 0
5256 0
5256 0
5256 0
5256 0
5256 0
5256 0
5256 0
5256 0
5256 0
5256 0
5256 0
5256 0
5256 0
5256 0
5256 37.48
5256 0
5256 0
5256 0
5256 0
5256 0
5256 0
5256 0
5287 0
5287 31.68
5287 0
5287 0
5287 0
5287 0
5287 0
5287 0
5287 0
5287 0
5287 0
5287 0
5287 0
5287 0
5287 0
5287 0
5287 0
5287 0
5287 0
5287 0
5287 0
5287 0
5287 0
5287 0
5287 0
5287 32.58
5287 0
5287 0
5287 0
5287 0
5287 0
5288 0
5288 31.68
5288 0
5288 0
5288 0
5288 0
5288 0
5288 0
5288 0
5288 0
5288 0
5288 0
5288 0
5288 0
5288 0
5288 0
5288 0
5288 0
5288 0
5288 0
5288 0
5288 0
5288 0
5288 0
5288 0
5288 32.58
5288 0
5288 0
5288 0
5288 0
5288 0
5331 0
5331 26.23
5331 0
5331 0
5331 0
5331 0
5331 0
5331 0
5331 0
5331 0
5331 0
5331 0
5331 0
5331 0
5331 0
5331 0
5331 0
5331 0
5331 0
5331 0
5331 0
5331 0
5331 0
5331 0
5331 0
5331 0
5331 0
5331 0
5331 0
5331 0
5331 0
5408 0
5408 3.51
5408 0
5408 0
5408 0
5408 0
5408 0
5408 0
5408 0
5408 0
5408 0
5408 0
5408 0
5408 0
5408 0
5408 0
5408 0
5408 0
5408 0
5408 0
5408 0
5408 0
5408 0
5408 51.03
5408 0
5408 56.95
5408 0
5408 0
5408 0
5408 0
5408 0
5416 0
5416 35.1
5416 0
5416 0
5416 0
5416 0
5416 0
5416 0
5416 0
5416 0
5416 0
5416 0
5416 0
5416 0
5416 0
5416 0
5416 0
5416 0
5416 0
5416 0
5416 0
5416 0
5416 0
5416 40.39
5416 0
5416 41.11
5416 0
5416 0
5416 0
5416 0
5416 0
5472 0
5472 22.5
5472 0
5472 0
5472 0
5472 0
5472 0
5472 0
5472 0
5472 0
5472 0
5472 0
5472 0
5472 0
5472 0
5472 0
5472 0
5472 0
5472 0
5472 0
5472 0
5472 0
5472 0
5472 50.78
5472 0
5472 6.3
5472 0
5472 0
5472 0
5472 0
5472 0
5499 0
5499 5.85
5499 0
5499 0
5499 0
5499 0
5499 0
5499 0
5499 0
5499 0
5499 0
5499 0
5499 0
5499 0
5499 0
5499 0
5499 0
5499 0
5499 0
5499 0
5499 0
5499 0
5499 0
5499 3.84
5499 0
5499 36.31
5499 0
5499 0
5499 0
5499 0
5499 0
5538 0
5538 33.26
5538 0
5538 0
5538 0
5538 0
5538 0
5538 0
5538 0
5538 0
5538 0
5538 0
5538 0
5538 0
5538 0
5538 0
5538 0
5538 0
5538 0
5538 0
5538 0
5538 0
5538 0
5538 41.63
5538 0
5538 36.31
5538 0
5538 0
5538 0
5538 0
5538 0
5554 0
5554 3.92
5554 0
5554 0
5554 0
5554 0
5554 0
5554 0
5554 0
5554 0
5554 0
5554 0
5554 0
5554 0
5554 0
5554 0
5554 0
5554 0
5554 0
5554 0
5554 0
5554 0
5554 0
5554 2.81
5554 0
5554 57.7
5554 0
5554 0
5554 0
5554 0
5554 0
5557 0
5557 51.76
5557 0
5557 0
5557 0
5557 0
5557 0
5557 0
5557 0
5557 0
5557 0
5557 0
5557 0
5557 0
5557 0
5557 0
5557 0
5557 0
5557 0
5557 0
5557 0
5557 0
5557 0
5557 48.01
5557 0
5557 41.14
5557 0
5557 0
5557 0
5557 0
5557 0
5570 0
5570 30.76
5570 0
5570 0
5570 0
5570 0
5570 0
5570 0
5570 0
5570 0
5570 0
5570 0
5570 0
5570 0
5570 0
5570 0
5570 0
5570 0
5570 0
5570 0
5570 0
5570 0
5570 0
5570 29.94
5570 0
5570 38.17
5570 0
5570 0
5570 0
5570 0
5570 0
5578 0
5578 4.49
5578 0
5578 0
5578 0
5578 0
5578 0
5578 0
5578 0
5578 0
5578 0
5578 0
5578 0
5578 0
5578 0
5578 0
5578 0
5578 0
5578 0
5578 0
5578 0
5578 0
5578 0
5578 3.64
5578 0
5578 41.11
5578 0
5578 0
5578 0
5578 0
5578 0
5597 0
5597 35.1
5597 0
5597 0
5597 0
5597 0
5597 0
5597 0
5597 0
5597 0
5597 0
5597 0
5597 0
5597 0
5597 0
5597 0
5597 0
5597 0
5597 0
5597 0
5597 0
5597 0
5597 0
5597 40.39
5597 0
5597 41.11
5597 0
5597 0
5597 0
5597 0
5597 0
5604 0
5604 48.66
5604 0
5604 0
5604 0
5604 0
5604 0
5604 0
5604 0
5604 0
5604 0
5604 0
5604 0
5604 0
5604 0
5604 0
5604 0
5604 0
5604 0
5604 0
5604 0
5604 0
5604 0
5604 65.26
5604 0
5604 56.07
5604 0
5604 0
5604 0
5604 0
5604 0
5625 0
5625 58.35
5625 0
5625 0
5625 0
5625 0
5625 0
5625 0
5625 0
5625 0
5625 0
5625 0
5625 0
5625 0
5625 0
5625 0
5625 0
5625 0
5625 0
5625 0
5625 0
5625 0
5625 0
5625 65.68
5625 0
5625 79.36
5625 0
5625 0
5625 0
5625 0
5625 0
5638 0
5638 30.76
5638 0
5638 0
5638 0
5638 0
5638 0
5638 0
5638 0
5638 0
5638 0
5638 0
5638 0
5638 0
5638 0
5638 0
5638 0
5638 0
5638 0
5638 0
5638 0
5638 0
5638 0
5638 29.94
5638 0
5638 38.17
5638 0
5638 0
5638 0
5638 0
5638 0
5642 0
5642 33.26
5642 0
5642 0
5642 0
5642 0
5642 0
5642 0
5642 0
5642 0
5642 0
5642 0
5642 0
5642 0
5642 0
5642 0
5642 0
5642 0
5642 0
5642 0
5642 0
5642 0
5642 0
5642 41.63
5642 0
5642 36.31
5642 0
5642 0
5642 0
5642 0
5642 0
5643 0
5643 30.76
5643 0
5643 0
5643 0
5643 0
5643 0
5643 0
5643 0
5643 0
5643 0
5643 0
5643 0
5643 0
5643 0
5643 0
5643 0
5643 0
5643 0
5643 0
5643 0
5643 0
5643 0
5643 29.94
5643 0
5643 38.17
5643 0
5643 0
5643 0
5643 0
5643 0
5676 0
5676 24.9
5676 0
5676 0
5676 0
5676 0
5676 0
5676 0
5676 0
5676 0
5676 0
5676 0
5676 0
5676 0
5676 0
5676 0
5676 0
5676 0
5676 0
5676 0
5676 0
5676 0
5676 0
5676 41.63
5676 0
5676 5.62
5676 0
5676 0
5676 0
5676 0
5676 0
5687 0
5687 33.26
5687 0
5687 0
5687 0
5687 0
5687 0
5687 0
5687 0
5687 0
5687 0
5687 0
5687 0
5687 0
5687 0
5687 0
5687 0
5687 0
5687 0
5687 0
5687 0
5687 0
5687 0
5687 41.63
5687 0
5687 36.31
5687 0
5687 0
5687 0
5687 0
5687 0
5688 0
5688 1.03
5688 0
5688 0
5688 0
5688 0
5688 0
5688 0
5688 0
5688 0
5688 0
5688 0
5688 0
5688 0
5688 0
5688 0
5688 0
5688 0
5688 0
5688 0
5688 0
5688 0
5688 0
5688 46.38
5688 0
5688 31.09
5688 0
5688 0
5688 0
5688 0
5688 0
5711 0
5711 1.9
5711 0
5711 0
5711 0
5711 0
5711 0
5711 0
5711 0
5711 0
5711 0
5711 0
5711 0
5711 0
5711 0
5711 0
5711 0
5711 0
5711 0
5711 0
5711 0
5711 0
5711 0
5711 43.19
5711 0
5711 31.09
5711 0
5711 0
5711 0
5711 0
5711 0
5757 0
5757 33.26
5757 0
5757 0
5757 0
5757 0
5757 0
5757 0
5757 0
5757 0
5757 0
5757 0
5757 0
5757 0
5757 0
5757 0
5757 0
5757 0
5757 0
5757 0
5757 0
5757 0
5757 0
5757 41.63
5757 0
5757 36.31
5757 0
5757 0
5757 0
5757 0
5757 0
5787 0
5787 1.9
5787 0
5787 0
5787 0
5787 0
5787 0
5787 0
5787 0
5787 0
5787 0
5787 0
5787 0
5787 0
5787 0
5787 0
5787 0
5787 0
5787 0
5787 0
5787 0
5787 0
5787 0
5787 43.19
5787 0
5787 31.09
5787 0
5787 0
5787 0
5787 0
5787 0
5810 0
5810 4.79
5810 0
5810 0
5810 0
5810 0
5810 0
5810 0
5810 0
5810 0
5810 0
5810 0
5810 0
5810 0
5810 0
5810 0
5810 0
5810 0
5810 0
5810 0
5810 0
5810 0
5810 0
5810 37.42
5810 0
5810 27.41
5810 0
5810 0
5810 0
5810 0
5810 0
5850 0
5850 30.76
5850 0
5850 0
5850 0
5850 0
5850 0
5850 0
5850 0
5850 0
5850 0
5850 0
5850 0
5850 0
5850 0
5850 0
5850 0
5850 0
5850 0
5850 0
5850 0
5850 0
5850 0
5850 29.94
5850 0
5850 38.17
5850 0
5850 0
5850 0
5850 0
5850 0
5857 0
5857 49.9
5857 0
5857 0
5857 0
5857 0
5857 0
5857 0
5857 0
5857 0
5857 0
5857 0
5857 0
5857 0
5857 0
5857 0
5857 0
5857 0
5857 0
5857 0
5857 0
5857 0
5857 0
5857 61.29
5857 0
5857 43.27
5857 0
5857 0
5857 0
5857 0
5857 0
5878 0
5878 30.76
5878 0
5878 0
5878 0
5878 0
5878 0
5878 0
5878 0
5878 0
5878 0
5878 0
5878 0
5878 0
5878 0
5878 0
5878 0
5878 0
5878 0
5878 0
5878 0
5878 0
5878 0
5878 29.94
5878 0
5878 38.17
5878 0
5878 0
5878 0
5878 0
5878 0
5930 0
5930 4.79
5930 0
5930 0
5930 0
5930 0
5930 0
5930 0
5930 0
5930 0
5930 0
5930 0
5930 0
5930 0
5930 0
5930 0
5930 0
5930 0
5930 0
5930 0
5930 0
5930 0
5930 0
5930 37.42
5930 0
5930 27.41
5930 0
5930 0
5930 0
5930 0
5930 0
5979 0
5979 4.79
5979 0
5979 0
5979 0
5979 0
5979 0
5979 0
5979 0
5979 0
5979 0
5979 0
5979 0
5979 0
5979 0
5979 0
5979 0
5979 0
5979 0
5979 0
5979 0
5979 0
5979 0
5979 37.42
5979 0
5979 27.41
5979 0
5979 0
5979 0
5979 0
5979 0
6092 0
6092 1.5
6092 0
6092 0
6092 0
6092 0
6092 0
6092 0
6092 0
6092 45.06
6092 0
6092 0
6092 0
6092 0
6092 0
6092 0
6092 0
6092 0
6092 0
6092 0
6092 0
6092 0
6092 0
6092 1.19
6092 0
6092 62.33
6092 0
6092 0
6092 0
6092 0
6092 0
6236 0
6236 30.71
6236 0
6236 0
6236 0
6236 0
6236 0
6236 0
6236 0
6236 51.01
6236 0
6236 0
6236 0
6236 0
6236 0
6236 0
6236 0
6236 0
6236 0
6236 0
6236 0
6236 0
6236 0
6236 26.01
6236 0
6236 38.44
6236 0
6236 0
6236 0
6236 0
6236 0
6392 0
6392 34.41
6392 0
6392 0
6392 0
6392 0
6392 0
6392 0
6392 0
6392 31.27
6392 0
6392 0
6392 0
6392 0
6392 0
6392 0
6392 0
6392 0
6392 0
6392 0
6392 0
6392 0
6392 0
6392 27.64
6392 0
6392 43.42
6392 0
6392 0
6392 0
6392 0
6392 0
6437 0
6437 34.41
6437 0
6437 0
6437 0
6437 0
6437 0
6437 0
6437 0
6437 31.27
6437 0
6437 0
6437 0
6437 0
6437 0
6437 0
6437 0
6437 0
6437 0
6437 0
6437 0
6437 0
6437 0
6437 27.64
6437 0
6437 43.42
6437 0
6437 0
6437 0
6437 0
6437 0
6447 0
6447 34.41
6447 0
6447 0
6447 0
6447 0
6447 0
6447 0
6447 0
6447 31.27
6447 0
6447 0
6447 0
6447 0
6447 0
6447 0
6447 0
6447 0
6447 0
6447 0
6447 0
6447 0
6447 0
6447 27.64
6447 0
6447 43.42
6447 0
6447 0
6447 0
6447 0
6447 0
6468 0
6468 34.41
6468 0
6468 0
6468 0
6468 0
6468 0
6468 0
6468 0
6468 31.27
6468 0
6468 0
6468 0
6468 0
6468 0
6468 0
6468 0
6468 0
6468 0
6468 0
6468 0
6468 0
6468 0
6468 27.64
6468 0
6468 43.42
6468 0
6468 0
6468 0
6468 0
6468 0
6631 0
6631 34.41
6631 0
6631 0
6631 0
6631 0
6631 0
6631 0
6631 0
6631 31.27
6631 0
6631 0
6631 0
6631 0
6631 0
6631 0
6631 0
6631 0
6631 0
6631 0
6631 0
6631 0
6631 0
6631 27.64
6631 0
6631 43.42
6631 0
6631 0
6631 0
6631 0
6631 0
