pt_graph cpue_kghour
1863 0
1863 0
1863 0
1863 0
1863 0
1863 0
1863 0
1863 0
1863 0
1863 0
1863 4
1863 0
1863 0
1863 0
1863 0
1863 0
1863 0
1863 0
1863 0
1863 47
1863 0
1863 7
1863 0
1863 0
1863 230
1863 0
1863 1
1863 2
1863 0
1863 0
1863 0
1879 0
1879 0
1879 0
1879 0
1879 0
1879 0
1879 0
1879 0
1879 0
1879 0
1879 3
1879 0
1879 0
1879 0
1879 0
1879 0
1879 0
1879 0
1879 0
1879 47
1879 0
1879 7
1879 0
1879 0
1879 226
1879 0
1879 1
1879 2
1879 0
1879 0
1879 0
2046 0
2046 0
2046 0
2046 0
2046 0
2046 0
2046 0
2046 0
2046 0
2046 0
2046 335
2046 0
2046 0
2046 0
2046 0
2046 0
2046 0
2046 0
2046 0
2046 173
2046 0
2046 20
2046 0
2046 0
2046 745
2046 0
2046 0
2046 3
2046 0
2046 0
2046 0
2068 0
2068 0
2068 0
2068 0
2068 0
2068 0
2068 0
2068 0
2068 0
2068 0
2068 335
2068 0
2068 0
2068 0
2068 0
2068 0
2068 0
2068 0
2068 0
2068 173
2068 0
2068 20
2068 0
2068 0
2068 745
2068 0
2068 0
2068 3
2068 0
2068 0
2068 0
5007 0
5007 80
5007 0
5007 0
5007 0
5007 0
5007 0
5007 0
5007 0
5007 0
5007 0
5007 0
5007 0
5007 0
5007 0
5007 0
5007 0
5007 0
5007 0
5007 0
5007 1
5007 0
5007 0
5007 12
5007 0
5007 0
5007 0
5007 0
5007 0
5007 0
5007 0
5285 0
5285 80
5285 0
5285 0
5285 0
5285 0
5285 0
5285 0
5285 0
5285 0
5285 0
5285 0
5285 0
5285 0
5285 0
5285 0
5285 0
5285 0
5285 0
5285 0
5285 1
5285 0
5285 0
5285 12
5285 0
5285 0
5285 0
5285 0
5285 0
5285 0
5285 0
5367 0
5367 80
5367 0
5367 0
5367 0
5367 0
5367 0
5367 0
5367 0
5367 0
5367 0
5367 0
5367 0
5367 0
5367 0
5367 0
5367 0
5367 0
5367 0
5367 0
5367 1
5367 0
5367 0
5367 12
5367 0
5367 0
5367 0
5367 0
5367 0
5367 0
5367 0
5416 0
5416 31
5416 0
5416 0
5416 0
5416 0
5416 0
5416 0
5416 0
5416 0
5416 0
5416 0
5416 0
5416 0
5416 0
5416 0
5416 0
5416 0
5416 0
5416 0
5416 0
5416 0
5416 0
5416 3
5416 0
5416 0
5416 0
5416 0
5416 0
5416 0
5416 0
5438 0
5438 75
5438 0
5438 0
5438 0
5438 0
5438 0
5438 0
5438 0
5438 0
5438 0
5438 0
5438 0
5438 0
5438 0
5438 0
5438 0
5438 0
5438 0
5438 0
5438 2
5438 0
5438 0
5438 8
5438 0
5438 0
5438 0
5438 0
5438 0
5438 0
5438 0
5452 0
5452 19
5452 0
5452 0
5452 0
5452 0
5452 0
5452 0
5452 0
5452 8
5452 0
5452 0
5452 0
5452 0
5452 0
5452 0
5452 0
5452 0
5452 0
5452 0
5452 1
5452 0
5452 0
5452 11
5452 0
5452 0
5452 0
5452 0
5452 0
5452 0
5452 0
5472 0
5472 31
5472 0
5472 0
5472 0
5472 0
5472 0
5472 0
5472 0
5472 0
5472 0
5472 0
5472 0
5472 0
5472 0
5472 0
5472 0
5472 0
5472 0
5472 0
5472 0
5472 0
5472 0
5472 3
5472 0
5472 0
5472 0
5472 0
5472 0
5472 0
5472 0
5473 0
5473 147
5473 0
5473 0
5473 0
5473 0
5473 0
5473 0
5473 0
5473 0
5473 0
5473 0
5473 0
5473 0
5473 0
5473 0
5473 0
5473 0
5473 0
5473 0
5473 2
5473 0
5473 0
5473 43
5473 0
5473 2
5473 0
5473 0
5473 0
5473 0
5473 0
5499 0
5499 31
5499 0
5499 0
5499 0
5499 0
5499 0
5499 0
5499 0
5499 0
5499 0
5499 0
5499 0
5499 0
5499 0
5499 0
5499 0
5499 0
5499 0
5499 0
5499 0
5499 0
5499 0
5499 3
5499 0
5499 0
5499 0
5499 0
5499 0
5499 0
5499 0
5522 0
5522 49
5522 0
5522 0
5522 0
5522 0
5522 0
5522 0
5522 0
5522 0
5522 0
5522 0
5522 0
5522 0
5522 0
5522 0
5522 0
5522 0
5522 0
5522 0
5522 1
5522 0
5522 0
5522 10
5522 0
5522 0
5522 0
5522 0
5522 0
5522 0
5522 0
5525 0
5525 80
5525 0
5525 0
5525 0
5525 0
5525 0
5525 0
5525 0
5525 0
5525 0
5525 0
5525 0
5525 0
5525 0
5525 0
5525 0
5525 0
5525 0
5525 0
5525 1
5525 0
5525 0
5525 12
5525 0
5525 0
5525 0
5525 0
5525 0
5525 0
5525 0
5533 0
5533 147
5533 0
5533 0
5533 0
5533 0
5533 0
5533 0
5533 0
5533 0
5533 0
5533 0
5533 0
5533 0
5533 0
5533 0
5533 0
5533 0
5533 0
5533 0
5533 2
5533 0
5533 0
5533 43
5533 0
5533 2
5533 0
5533 0
5533 0
5533 0
5533 0
5550 0
5550 101
5550 0
5550 0
5550 0
5550 0
5550 0
5550 0
5550 0
5550 0
5550 0
5550 0
5550 0
5550 0
5550 0
5550 0
5550 0
5550 0
5550 0
5550 0
5550 2
5550 0
5550 0
5550 5
5550 0
5550 0
5550 0
5550 0
5550 0
5550 0
5550 0
5557 0
5557 31
5557 0
5557 0
5557 0
5557 0
5557 0
5557 0
5557 0
5557 0
5557 0
5557 0
5557 0
5557 0
5557 0
5557 0
5557 0
5557 0
5557 0
5557 0
5557 0
5557 0
5557 0
5557 3
5557 0
5557 0
5557 0
5557 0
5557 0
5557 0
5557 0
5605 0
5605 43
5605 0
5605 0
5605 0
5605 0
5605 0
5605 0
5605 0
5605 4
5605 0
5605 0
5605 0
5605 0
5605 0
5605 0
5605 0
5605 0
5605 0
5605 0
5605 1
5605 0
5605 0
5605 11
5605 0
5605 0
5605 0
5605 0
5605 0
5605 0
5605 0
5625 0
5625 32
5625 0
5625 0
5625 0
5625 0
5625 0
5625 0
5625 0
5625 3
5625 0
5625 0
5625 0
5625 0
5625 0
5625 0
5625 0
5625 0
5625 0
5625 0
5625 1
5625 0
5625 0
5625 8
5625 0
5625 0
5625 0
5625 0
5625 0
5625 0
5625 0
5651 0
5651 13
5651 0
5651 0
5651 0
5651 0
5651 0
5651 0
5651 0
5651 0
5651 0
5651 0
5651 0
5651 0
5651 0
5651 0
5651 0
5651 0
5651 0
5651 0
5651 1
5651 0
5651 0
5651 3
5651 0
5651 0
5651 0
5651 0
5651 0
5651 0
5651 0
5661 0
5661 19
5661 0
5661 0
5661 0
5661 0
5661 0
5661 0
5661 0
5661 8
5661 0
5661 0
5661 0
5661 0
5661 0
5661 0
5661 0
5661 0
5661 0
5661 0
5661 1
5661 0
5661 0
5661 11
5661 0
5661 0
5661 0
5661 0
5661 0
5661 0
5661 0
5662 0
5662 31
5662 0
5662 0
5662 0
5662 0
5662 0
5662 0
5662 0
5662 0
5662 0
5662 0
5662 0
5662 0
5662 0
5662 0
5662 0
5662 0
5662 0
5662 0
5662 0
5662 0
5662 0
5662 3
5662 0
5662 0
5662 0
5662 0
5662 0
5662 0
5662 0
5664 0
5664 31
5664 0
5664 0
5664 0
5664 0
5664 0
5664 0
5664 0
5664 0
5664 0
5664 0
5664 0
5664 0
5664 0
5664 0
5664 0
5664 0
5664 0
5664 0
5664 0
5664 0
5664 0
5664 3
5664 0
5664 0
5664 0
5664 0
5664 0
5664 0
5664 0
5669 0
5669 28
5669 0
5669 0
5669 0
5669 0
5669 0
5669 0
5669 0
5669 0
5669 0
5669 0
5669 0
5669 0
5669 0
5669 0
5669 0
5669 0
5669 0
5669 0
5669 1
5669 0
5669 0
5669 8
5669 0
5669 0
5669 0
5669 0
5669 0
5669 0
5669 0
5672 0
5672 28
5672 0
5672 0
5672 0
5672 0
5672 0
5672 0
5672 0
5672 4
5672 0
5672 0
5672 0
5672 0
5672 0
5672 0
5672 0
5672 0
5672 0
5672 0
5672 1
5672 0
5672 0
5672 10
5672 0
5672 0
5672 0
5672 0
5672 0
5672 0
5672 0
5688 0
5688 24
5688 0
5688 0
5688 0
5688 0
5688 0
5688 0
5688 0
5688 0
5688 0
5688 0
5688 0
5688 0
5688 0
5688 0
5688 0
5688 0
5688 0
5688 0
5688 0
5688 0
5688 0
5688 2
5688 0
5688 0
5688 0
5688 0
5688 0
5688 0
5688 0
5699 0
5699 19
5699 0
5699 0
5699 0
5699 0
5699 0
5699 0
5699 0
5699 8
5699 0
5699 0
5699 0
5699 0
5699 0
5699 0
5699 0
5699 0
5699 0
5699 0
5699 1
5699 0
5699 0
5699 11
5699 0
5699 0
5699 0
5699 0
5699 0
5699 0
5699 0
5705 0
5705 52
5705 0
5705 0
5705 0
5705 0
5705 0
5705 0
5705 0
5705 0
5705 0
5705 0
5705 0
5705 0
5705 0
5705 0
5705 0
5705 0
5705 0
5705 0
5705 1
5705 0
5705 0
5705 7
5705 0
5705 0
5705 0
5705 0
5705 0
5705 0
5705 0
5723 0
5723 24
5723 0
5723 0
5723 0
5723 0
5723 0
5723 0
5723 0
5723 0
5723 0
5723 0
5723 0
5723 0
5723 0
5723 0
5723 0
5723 0
5723 0
5723 0
5723 1
5723 0
5723 0
5723 6
5723 0
5723 0
5723 0
5723 0
5723 0
5723 0
5723 0
5726 0
5726 56
5726 0
5726 0
5726 0
5726 0
5726 0
5726 0
5726 0
5726 0
5726 0
5726 0
5726 0
5726 0
5726 0
5726 0
5726 0
5726 0
5726 0
5726 0
5726 1
5726 0
5726 0
5726 3
5726 0
5726 0
5726 0
5726 0
5726 0
5726 0
5726 0
5763 0
5763 60
5763 0
5763 0
5763 0
5763 0
5763 0
5763 0
5763 0
5763 4
5763 0
5763 0
5763 0
5763 0
5763 0
5763 0
5763 0
5763 0
5763 0
5763 0
5763 2
5763 0
5763 0
5763 8
5763 0
5763 0
5763 0
5763 0
5763 0
5763 0
5763 0
5765 0
5765 11
5765 0
5765 0
5765 0
5765 0
5765 0
5765 0
5765 0
5765 0
5765 0
5765 0
5765 0
5765 0
5765 0
5765 0
5765 0
5765 0
5765 0
5765 0
5765 0
5765 0
5765 0
5765 1
5765 0
5765 0
5765 0
5765 0
5765 0
5765 0
5765 0
5766 0
5766 58
5766 0
5766 0
5766 0
5766 0
5766 0
5766 0
5766 0
5766 0
5766 0
5766 0
5766 0
5766 0
5766 0
5766 0
5766 0
5766 0
5766 0
5766 0
5766 1
5766 0
5766 0
5766 10
5766 0
5766 0
5766 0
5766 0
5766 0
5766 0
5766 0
5783 0
5783 73
5783 0
5783 0
5783 0
5783 0
5783 0
5783 0
5783 0
5783 5
5783 0
5783 0
5783 0
5783 0
5783 0
5783 0
5783 0
5783 0
5783 0
5783 0
5783 3
5783 0
5783 0
5783 11
5783 0
5783 0
5783 0
5783 0
5783 0
5783 0
5783 0
5787 0
5787 25
5787 0
5787 0
5787 0
5787 0
5787 0
5787 0
5787 0
5787 0
5787 0
5787 0
5787 0
5787 0
5787 0
5787 0
5787 0
5787 0
5787 0
5787 0
5787 0
5787 0
5787 0
5787 2
5787 0
5787 0
5787 0
5787 0
5787 0
5787 0
5787 0
5790 0
5790 12
5790 0
5790 0
5790 0
5790 0
5790 0
5790 0
5790 0
5790 0
5790 0
5790 0
5790 0
5790 0
5790 0
5790 0
5790 0
5790 0
5790 0
5790 0
5790 0
5790 0
5790 0
5790 1
5790 0
5790 0
5790 0
5790 0
5790 0
5790 0
5790 0
5795 0
5795 12
5795 0
5795 0
5795 0
5795 0
5795 0
5795 0
5795 0
5795 0
5795 0
5795 0
5795 0
5795 0
5795 0
5795 0
5795 0
5795 0
5795 0
5795 0
5795 0
5795 0
5795 0
5795 1
5795 0
5795 0
5795 0
5795 0
5795 0
5795 0
5795 0
5807 0
5807 36
5807 0
5807 0
5807 0
5807 0
5807 0
5807 0
5807 0
5807 3
5807 0
5807 0
5807 0
5807 0
5807 0
5807 0
5807 0
5807 0
5807 0
5807 0
5807 1
5807 0
5807 0
5807 7
5807 0
5807 0
5807 0
5807 0
5807 0
5807 0
5807 0
5811 0
5811 13
5811 0
5811 0
5811 0
5811 0
5811 0
5811 0
5811 0
5811 0
5811 0
5811 0
5811 0
5811 0
5811 0
5811 0
5811 0
5811 0
5811 0
5811 0
5811 1
5811 0
5811 0
5811 3
5811 0
5811 0
5811 0
5811 0
5811 0
5811 0
5811 0
5813 0
5813 25
5813 0
5813 0
5813 0
5813 0
5813 0
5813 0
5813 0
5813 0
5813 0
5813 0
5813 0
5813 0
5813 0
5813 0
5813 0
5813 0
5813 0
5813 0
5813 0
5813 0
5813 0
5813 2
5813 0
5813 0
5813 0
5813 0
5813 0
5813 0
5813 0
5847 0
5847 28
5847 0
5847 0
5847 0
5847 0
5847 0
5847 0
5847 0
5847 0
5847 0
5847 0
5847 0
5847 0
5847 0
5847 0
5847 0
5847 0
5847 0
5847 0
5847 1
5847 0
5847 0
5847 8
5847 0
5847 0
5847 0
5847 0
5847 0
5847 0
5847 0
5850 0
5850 27
5850 0
5850 0
5850 0
5850 0
5850 0
5850 0
5850 0
5850 0
5850 0
5850 0
5850 0
5850 0
5850 0
5850 0
5850 0
5850 0
5850 0
5850 0
5850 1
5850 0
5850 0
5850 4
5850 0
5850 0
5850 0
5850 0
5850 0
5850 0
5850 0
5853 0
5853 31
5853 0
5853 0
5853 0
5853 0
5853 0
5853 0
5853 0
5853 0
5853 0
5853 0
5853 0
5853 0
5853 0
5853 0
5853 0
5853 0
5853 0
5853 0
5853 0
5853 0
5853 0
5853 3
5853 0
5853 0
5853 0
5853 0
5853 0
5853 0
5853 0
5854 0
5854 12
5854 0
5854 0
5854 0
5854 0
5854 0
5854 0
5854 0
5854 0
5854 0
5854 0
5854 0
5854 0
5854 0
5854 0
5854 0
5854 0
5854 0
5854 0
5854 0
5854 0
5854 0
5854 2
5854 0
5854 0
5854 0
5854 0
5854 0
5854 0
5854 0
5857 0
5857 73
5857 0
5857 0
5857 0
5857 0
5857 0
5857 0
5857 0
5857 5
5857 0
5857 0
5857 0
5857 0
5857 0
5857 0
5857 0
5857 0
5857 0
5857 0
5857 3
5857 0
5857 0
5857 11
5857 0
5857 0
5857 0
5857 0
5857 0
5857 0
5857 0
5860 0
5860 13
5860 0
5860 0
5860 0
5860 0
5860 0
5860 0
5860 0
5860 0
5860 0
5860 0
5860 0
5860 0
5860 0
5860 0
5860 0
5860 0
5860 0
5860 0
5860 1
5860 0
5860 0
5860 3
5860 0
5860 0
5860 0
5860 0
5860 0
5860 0
5860 0
5878 0
5878 49
5878 0
5878 0
5878 0
5878 0
5878 0
5878 0
5878 0
5878 0
5878 0
5878 0
5878 0
5878 0
5878 0
5878 0
5878 0
5878 0
5878 0
5878 0
5878 1
5878 0
5878 0
5878 10
5878 0
5878 0
5878 0
5878 0
5878 0
5878 0
5878 0
5892 0
5892 48
5892 0
5892 0
5892 0
5892 0
5892 0
5892 0
5892 0
5892 3
5892 0
5892 0
5892 0
5892 0
5892 0
5892 0
5892 0
5892 0
5892 0
5892 0
5892 2
5892 0
5892 0
5892 7
5892 0
5892 0
5892 0
5892 0
5892 0
5892 0
5892 0
5893 0
5893 42
5893 0
5893 0
5893 0
5893 0
5893 0
5893 0
5893 0
5893 2
5893 0
5893 0
5893 0
5893 0
5893 0
5893 0
5893 0
5893 0
5893 0
5893 0
5893 2
5893 0
5893 0
5893 7
5893 0
5893 0
5893 0
5893 0
5893 0
5893 0
5893 0
5906 0
5906 19
5906 0
5906 0
5906 0
5906 0
5906 0
5906 0
5906 0
5906 0
5906 0
5906 0
5906 0
5906 0
5906 0
5906 0
5906 0
5906 0
5906 0
5906 0
5906 0
5906 0
5906 0
5906 2
5906 0
5906 0
5906 0
5906 0
5906 0
5906 0
5906 0
5910 0
5910 25
5910 0
5910 0
5910 0
5910 0
5910 0
5910 0
5910 0
5910 0
5910 0
5910 0
5910 0
5910 0
5910 0
5910 0
5910 0
5910 0
5910 0
5910 0
5910 0
5910 0
5910 0
5910 2
5910 0
5910 0
5910 0
5910 0
5910 0
5910 0
5910 0
5915 0
5915 49
5915 0
5915 0
5915 0
5915 0
5915 0
5915 0
5915 0
5915 0
5915 0
5915 0
5915 0
5915 0
5915 0
5915 0
5915 0
5915 0
5915 0
5915 0
5915 1
5915 0
5915 0
5915 10
5915 0
5915 0
5915 0
5915 0
5915 0
5915 0
5915 0
5916 0
5916 44
5916 0
5916 0
5916 0
5916 0
5916 0
5916 0
5916 0
5916 0
5916 0
5916 0
5916 0
5916 0
5916 0
5916 0
5916 0
5916 0
5916 0
5916 0
5916 1
5916 0
5916 0
5916 10
5916 0
5916 0
5916 0
5916 0
5916 0
5916 0
5916 0
5920 0
5920 42
5920 0
5920 0
5920 0
5920 0
5920 0
5920 0
5920 0
5920 0
5920 0
5920 0
5920 0
5920 0
5920 0
5920 0
5920 0
5920 0
5920 0
5920 0
5920 1
5920 0
5920 0
5920 6
5920 0
5920 0
5920 0
5920 0
5920 0
5920 0
5920 0
5971 0
5971 11
5971 0
5971 0
5971 0
5971 0
5971 0
5971 0
5971 0
5971 3
5971 0
5971 0
5971 0
5971 0
5971 0
5971 0
5971 0
5971 0
5971 0
5971 0
5971 0
5971 0
5971 0
5971 7
5971 0
5971 0
5971 0
5971 0
5971 0
5971 0
5971 0
5977 0
5977 41
5977 0
5977 0
5977 0
5977 0
5977 0
5977 0
5977 0
5977 0
5977 0
5977 0
5977 0
5977 0
5977 0
5977 0
5977 0
5977 0
5977 0
5977 0
5977 1
5977 0
5977 0
5977 8
5977 0
5977 0
5977 0
5977 0
5977 0
5977 0
5977 0
5978 0
5978 25
5978 0
5978 0
5978 0
5978 0
5978 0
5978 0
5978 0
5978 0
5978 0
5978 0
5978 0
5978 0
5978 0
5978 0
5978 0
5978 0
5978 0
5978 0
5978 0
5978 0
5978 0
5978 2
5978 0
5978 0
5978 0
5978 0
5978 0
5978 0
5978 0
5988 0
5988 28
5988 0
5988 0
5988 0
5988 0
5988 0
5988 0
5988 0
5988 0
5988 0
5988 0
5988 0
5988 0
5988 0
5988 0
5988 0
5988 0
5988 0
5988 0
5988 1
5988 0
5988 0
5988 8
5988 0
5988 0
5988 0
5988 0
5988 0
5988 0
5988 0
6002 0
6002 42
6002 0
6002 0
6002 0
6002 0
6002 0
6002 0
6002 0
6002 0
6002 0
6002 0
6002 0
6002 0
6002 0
6002 0
6002 0
6002 0
6002 0
6002 0
6002 1
6002 0
6002 0
6002 9
6002 0
6002 0
6002 0
6002 0
6002 0
6002 0
6002 0
6003 0
6003 58
6003 0
6003 0
6003 0
6003 0
6003 0
6003 0
6003 0
6003 0
6003 0
6003 0
6003 0
6003 0
6003 0
6003 0
6003 0
6003 0
6003 0
6003 0
6003 1
6003 0
6003 0
6003 10
6003 0
6003 0
6003 0
6003 0
6003 0
6003 0
6003 0
6010 0
6010 13
6010 0
6010 0
6010 0
6010 0
6010 0
6010 0
6010 0
6010 0
6010 0
6010 0
6010 0
6010 0
6010 0
6010 0
6010 0
6010 0
6010 0
6010 0
6010 1
6010 0
6010 0
6010 3
6010 0
6010 0
6010 0
6010 0
6010 0
6010 0
6010 0
6038 0
6038 39
6038 0
6038 0
6038 0
6038 0
6038 0
6038 0
6038 0
6038 2
6038 0
6038 0
6038 0
6038 0
6038 0
6038 0
6038 0
6038 0
6038 0
6038 0
6038 1
6038 0
6038 0
6038 9
6038 0
6038 0
6038 0
6038 0
6038 0
6038 0
6038 0
6062 0
6062 27
6062 0
6062 0
6062 0
6062 0
6062 0
6062 0
6062 0
6062 1
6062 0
6062 0
6062 0
6062 0
6062 0
6062 0
6062 0
6062 0
6062 0
6062 0
6062 0
6062 0
6062 0
6062 6
6062 0
6062 0
6062 0
6062 0
6062 0
6062 0
6062 0
6063 0
6063 7
6063 0
6063 0
6063 0
6063 0
6063 0
6063 0
6063 0
6063 3
6063 0
6063 0
6063 0
6063 0
6063 0
6063 0
6063 0
6063 0
6063 0
6063 0
6063 0
6063 0
6063 0
6063 7
6063 0
6063 0
6063 0
6063 0
6063 0
6063 0
6063 0
6066 0
6066 11
6066 0
6066 0
6066 0
6066 0
6066 0
6066 0
6066 0
6066 3
6066 0
6066 0
6066 0
6066 0
6066 0
6066 0
6066 0
6066 0
6066 0
6066 0
6066 0
6066 0
6066 0
6066 7
6066 0
6066 0
6066 0
6066 0
6066 0
6066 0
6066 0
6067 0
6067 33
6067 0
6067 0
6067 0
6067 0
6067 0
6067 0
6067 0
6067 1
6067 0
6067 0
6067 0
6067 0
6067 0
6067 0
6067 0
6067 0
6067 0
6067 0
6067 1
6067 0
6067 0
6067 8
6067 0
6067 0
6067 0
6067 0
6067 0
6067 0
6067 0
6086 0
6086 11
6086 0
6086 0
6086 0
6086 0
6086 0
6086 0
6086 0
6086 3
6086 0
6086 0
6086 0
6086 0
6086 0
6086 0
6086 0
6086 0
6086 0
6086 0
6086 0
6086 0
6086 0
6086 7
6086 0
6086 0
6086 0
6086 0
6086 0
6086 0
6086 0
6089 0
6089 23
6089 0
6089 0
6089 0
6089 0
6089 0
6089 0
6089 0
6089 2
6089 0
6089 0
6089 0
6089 0
6089 0
6089 0
6089 0
6089 0
6089 0
6089 0
6089 0
6089 0
6089 0
6089 8
6089 0
6089 0
6089 0
6089 0
6089 0
6089 0
6089 0
6092 0
6092 49
6092 0
6092 0
6092 0
6092 0
6092 0
6092 0
6092 0
6092 0
6092 0
6092 0
6092 0
6092 0
6092 0
6092 0
6092 0
6092 0
6092 0
6092 0
6092 1
6092 0
6092 0
6092 12
6092 0
6092 0
6092 0
6092 0
6092 0
6092 0
6092 0
6143 0
6143 7
6143 0
6143 0
6143 0
6143 0
6143 0
6143 0
6143 0
6143 3
6143 0
6143 0
6143 0
6143 0
6143 0
6143 0
6143 0
6143 0
6143 0
6143 0
6143 0
6143 0
6143 0
6143 7
6143 0
6143 0
6143 0
6143 0
6143 0
6143 0
6143 0
6156 0
6156 11
6156 0
6156 0
6156 0
6156 0
6156 0
6156 0
6156 0
6156 3
6156 0
6156 0
6156 0
6156 0
6156 0
6156 0
6156 0
6156 0
6156 0
6156 0
6156 0
6156 0
6156 0
6156 7
6156 0
6156 0
6156 0
6156 0
6156 0
6156 0
6156 0
6185 0
6185 14
6185 0
6185 0
6185 0
6185 0
6185 0
6185 0
6185 0
6185 0
6185 0
6185 0
6185 0
6185 0
6185 0
6185 0
6185 0
6185 0
6185 0
6185 0
6185 0
6185 0
6185 0
6185 3
6185 0
6185 0
6185 0
6185 0
6185 0
6185 0
6185 0
6213 0
6213 29
6213 0
6213 0
6213 0
6213 0
6213 0
6213 0
6213 0
6213 8
6213 0
6213 0
6213 0
6213 0
6213 0
6213 0
6213 0
6213 0
6213 0
6213 0
6213 1
6213 0
6213 0
6213 10
6213 0
6213 0
6213 0
6213 0
6213 0
6213 0
6213 0
6233 0
6233 11
6233 0
6233 0
6233 0
6233 0
6233 0
6233 0
6233 0
6233 3
6233 0
6233 0
6233 0
6233 0
6233 0
6233 0
6233 0
6233 0
6233 0
6233 0
6233 0
6233 0
6233 0
6233 7
6233 0
6233 0
6233 0
6233 0
6233 0
6233 0
6233 0
6236 0
6236 49
6236 0
6236 0
6236 0
6236 0
6236 0
6236 0
6236 0
6236 0
6236 0
6236 0
6236 0
6236 0
6236 0
6236 0
6236 0
6236 0
6236 0
6236 0
6236 1
6236 0
6236 0
6236 12
6236 0
6236 0
6236 0
6236 0
6236 0
6236 0
6236 0
6243 0
6243 32
6243 0
6243 0
6243 0
6243 0
6243 0
6243 0
6243 0
6243 0
6243 0
6243 0
6243 0
6243 0
6243 0
6243 0
6243 0
6243 0
6243 0
6243 0
6243 0
6243 0
6243 0
6243 6
6243 0
6243 0
6243 0
6243 0
6243 0
6243 0
6243 0
6273 0
6273 25
6273 0
6273 0
6273 0
6273 0
6273 0
6273 0
6273 0
6273 0
6273 0
6273 0
6273 0
6273 0
6273 0
6273 0
6273 0
6273 0
6273 0
6273 0
6273 0
6273 0
6273 0
6273 5
6273 0
6273 0
6273 0
6273 0
6273 0
6273 0
6273 0
6284 0
6284 13
6284 0
6284 0
6284 0
6284 0
6284 0
6284 0
6284 0
6284 11
6284 0
6284 0
6284 0
6284 0
6284 0
6284 0
6284 0
6284 0
6284 0
6284 0
6284 1
6284 0
6284 0
6284 10
6284 0
6284 0
6284 0
6284 0
6284 0
6284 0
6284 0
6285 0
6285 79
6285 0
6285 0
6285 0
6285 0
6285 0
6285 0
6285 0
6285 0
6285 0
6285 0
6285 0
6285 0
6285 0
6285 0
6285 0
6285 0
6285 0
6285 0
6285 1
6285 0
6285 0
6285 14
6285 0
6285 0
6285 0
6285 0
6285 0
6285 0
6285 0
6312 0
6312 31
6312 0
6312 0
6312 0
6312 0
6312 0
6312 0
6312 0
6312 0
6312 0
6312 0
6312 0
6312 0
6312 0
6312 0
6312 0
6312 0
6312 0
6312 0
6312 0
6312 0
6312 0
6312 6
6312 0
6312 0
6312 0
6312 0
6312 0
6312 0
6312 0
6315 0
6315 37
6315 0
6315 0
6315 0
6315 0
6315 0
6315 0
6315 0
6315 1
6315 0
6315 0
6315 0
6315 0
6315 0
6315 0
6315 0
6315 0
6315 0
6315 0
6315 0
6315 0
6315 0
6315 6
6315 0
6315 0
6315 0
6315 0
6315 0
6315 0
6315 0
6327 0
6327 35
6327 0
6327 0
6327 0
6327 0
6327 0
6327 0
6327 0
6327 0
6327 0
6327 0
6327 0
6327 0
6327 0
6327 0
6327 0
6327 0
6327 0
6327 0
6327 0
6327 0
6327 0
6327 7
6327 0
6327 0
6327 0
6327 0
6327 0
6327 0
6327 0
6338 0
6338 28
6338 0
6338 0
6338 0
6338 0
6338 0
6338 0
6338 0
6338 10
6338 0
6338 0
6338 0
6338 0
6338 0
6338 0
6338 0
6338 0
6338 0
6338 0
6338 1
6338 0
6338 0
6338 13
6338 0
6338 0
6338 0
6338 0
6338 0
6338 0
6338 0
6349 0
6349 7
6349 0
6349 0
6349 0
6349 0
6349 0
6349 0
6349 0
6349 12
6349 0
6349 0
6349 0
6349 0
6349 0
6349 0
6349 0
6349 0
6349 0
6349 0
6349 1
6349 0
6349 0
6349 10
6349 0
6349 0
6349 0
6349 0
6349 0
6349 0
6349 0
6354 0
6354 11
6354 0
6354 0
6354 0
6354 0
6354 0
6354 0
6354 0
6354 3
6354 0
6354 0
6354 0
6354 0
6354 0
6354 0
6354 0
6354 0
6354 0
6354 0
6354 0
6354 0
6354 0
6354 7
6354 0
6354 0
6354 0
6354 0
6354 0
6354 0
6354 0
6356 0
6356 9
6356 0
6356 0
6356 0
6356 0
6356 0
6356 0
6356 0
6356 12
6356 0
6356 0
6356 0
6356 0
6356 0
6356 0
6356 0
6356 0
6356 0
6356 0
6356 1
6356 0
6356 0
6356 10
6356 0
6356 0
6356 0
6356 0
6356 0
6356 0
6356 0
6359 0
6359 21
6359 0
6359 0
6359 0
6359 0
6359 0
6359 0
6359 0
6359 8
6359 0
6359 0
6359 0
6359 0
6359 0
6359 0
6359 0
6359 0
6359 0
6359 0
6359 1
6359 0
6359 0
6359 9
6359 0
6359 0
6359 0
6359 0
6359 0
6359 0
6359 0
6367 0
6367 20
6367 0
6367 0
6367 0
6367 0
6367 0
6367 0
6367 0
6367 5
6367 0
6367 0
6367 0
6367 0
6367 0
6367 0
6367 0
6367 0
6367 0
6367 0
6367 0
6367 0
6367 0
6367 6
6367 0
6367 0
6367 0
6367 0
6367 0
6367 0
6367 0
6392 0
6392 47
6392 0
6392 0
6392 0
6392 0
6392 0
6392 0
6392 0
6392 0
6392 0
6392 0
6392 0
6392 0
6392 0
6392 0
6392 0
6392 0
6392 0
6392 0
6392 1
6392 0
6392 0
6392 10
6392 0
6392 0
6392 0
6392 0
6392 0
6392 0
6392 0
6398 0
6398 49
6398 0
6398 0
6398 0
6398 0
6398 0
6398 0
6398 0
6398 0
6398 0
6398 0
6398 0
6398 0
6398 0
6398 0
6398 0
6398 0
6398 0
6398 0
6398 1
6398 0
6398 0
6398 12
6398 0
6398 0
6398 0
6398 0
6398 0
6398 0
6398 0
6410 0
6410 24
6410 0
6410 0
6410 0
6410 0
6410 0
6410 0
6410 0
6410 0
6410 0
6410 0
6410 0
6410 0
6410 0
6410 0
6410 0
6410 0
6410 0
6410 0
6410 0
6410 0
6410 0
6410 3
6410 0
6410 0
6410 0
6410 0
6410 0
6410 0
6410 0
6413 0
6413 9
6413 0
6413 0
6413 0
6413 0
6413 0
6413 0
6413 0
6413 12
6413 0
6413 0
6413 0
6413 0
6413 0
6413 0
6413 0
6413 0
6413 0
6413 0
6413 1
6413 0
6413 0
6413 10
6413 0
6413 0
6413 0
6413 0
6413 0
6413 0
6413 0
6420 0
6420 22
6420 0
6420 0
6420 0
6420 0
6420 0
6420 0
6420 0
6420 1
6420 0
6420 0
6420 0
6420 0
6420 0
6420 0
6420 0
6420 0
6420 0
6420 0
6420 0
6420 0
6420 0
6420 2
6420 0
6420 0
6420 0
6420 0
6420 0
6420 0
6420 0
6428 0
6428 44
6428 0
6428 0
6428 0
6428 0
6428 0
6428 0
6428 0
6428 0
6428 0
6428 0
6428 0
6428 0
6428 0
6428 0
6428 0
6428 0
6428 0
6428 0
6428 1
6428 0
6428 0
6428 6
6428 0
6428 0
6428 0
6428 0
6428 0
6428 0
6428 0
6433 0
6433 37
6433 0
6433 0
6433 0
6433 0
6433 0
6433 0
6433 0
6433 0
6433 0
6433 0
6433 0
6433 0
6433 0
6433 0
6433 0
6433 0
6433 0
6433 0
6433 0
6433 0
6433 0
6433 7
6433 0
6433 0
6433 0
6433 0
6433 0
6433 0
6433 0
6434 0
6434 34
6434 0
6434 0
6434 0
6434 0
6434 0
6434 0
6434 0
6434 6
6434 0
6434 0
6434 0
6434 0
6434 0
6434 0
6434 0
6434 0
6434 0
6434 0
6434 1
6434 0
6434 0
6434 8
6434 0
6434 0
6434 0
6434 0
6434 0
6434 0
6434 0
6437 0
6437 44
6437 0
6437 0
6437 0
6437 0
6437 0
6437 0
6437 0
6437 0
6437 0
6437 0
6437 0
6437 0
6437 0
6437 0
6437 0
6437 0
6437 0
6437 0
6437 1
6437 0
6437 0
6437 6
6437 0
6437 0
6437 0
6437 0
6437 0
6437 0
6437 0
6459 0
6459 44
6459 0
6459 0
6459 0
6459 0
6459 0
6459 0
6459 0
6459 0
6459 0
6459 0
6459 0
6459 0
6459 0
6459 0
6459 0
6459 0
6459 0
6459 0
6459 1
6459 0
6459 0
6459 6
6459 0
6459 0
6459 0
6459 0
6459 0
6459 0
6459 0
6468 0
6468 36
6468 0
6468 0
6468 0
6468 0
6468 0
6468 0
6468 0
6468 0
6468 0
6468 0
6468 0
6468 0
6468 0
6468 0
6468 0
6468 0
6468 0
6468 0
6468 0
6468 0
6468 0
6468 2
6468 0
6468 0
6468 0
6468 0
6468 0
6468 0
6468 0
6471 0
6471 42
6471 0
6471 0
6471 0
6471 0
6471 0
6471 0
6471 0
6471 1
6471 0
6471 0
6471 0
6471 0
6471 0
6471 0
6471 0
6471 0
6471 0
6471 0
6471 0
6471 0
6471 0
6471 4
6471 0
6471 0
6471 0
6471 0
6471 0
6471 0
6471 0
6480 0
6480 38
6480 0
6480 0
6480 0
6480 0
6480 0
6480 0
6480 0
6480 1
6480 0
6480 0
6480 0
6480 0
6480 0
6480 0
6480 0
6480 0
6480 0
6480 0
6480 0
6480 0
6480 0
6480 4
6480 0
6480 0
6480 0
6480 0
6480 0
6480 0
6480 0
6482 0
6482 13
6482 0
6482 0
6482 0
6482 0
6482 0
6482 0
6482 0
6482 6
6482 0
6482 0
6482 0
6482 0
6482 0
6482 0
6482 0
6482 0
6482 0
6482 0
6482 0
6482 0
6482 0
6482 5
6482 0
6482 0
6482 0
6482 0
6482 0
6482 0
6482 0
6483 0
6483 30
6483 0
6483 0
6483 0
6483 0
6483 0
6483 0
6483 0
6483 1
6483 0
6483 0
6483 0
6483 0
6483 0
6483 0
6483 0
6483 0
6483 0
6483 0
6483 0
6483 0
6483 0
6483 5
6483 0
6483 0
6483 0
6483 0
6483 0
6483 0
6483 0
6501 0
6501 42
6501 0
6501 0
6501 0
6501 0
6501 0
6501 0
6501 0
6501 0
6501 0
6501 0
6501 0
6501 0
6501 0
6501 0
6501 0
6501 0
6501 0
6501 0
6501 1
6501 0
6501 0
6501 7
6501 0
6501 0
6501 0
6501 0
6501 0
6501 0
6501 0
6520 0
6520 43
6520 0
6520 0
6520 0
6520 0
6520 0
6520 0
6520 0
6520 1
6520 0
6520 0
6520 0
6520 0
6520 0
6520 0
6520 0
6520 0
6520 0
6520 0
6520 0
6520 0
6520 0
6520 4
6520 0
6520 0
6520 0
6520 0
6520 0
6520 0
6520 0
6521 0
6521 31
6521 0
6521 0
6521 0
6521 0
6521 0
6521 0
6521 0
6521 1
6521 0
6521 0
6521 0
6521 0
6521 0
6521 0
6521 0
6521 0
6521 0
6521 0
6521 0
6521 0
6521 0
6521 4
6521 0
6521 0
6521 0
6521 0
6521 0
6521 0
6521 0
6530 0
6530 25
6530 0
6530 0
6530 0
6530 0
6530 0
6530 0
6530 0
6530 0
6530 0
6530 0
6530 0
6530 0
6530 0
6530 0
6530 0
6530 0
6530 0
6530 0
6530 0
6530 0
6530 0
6530 4
6530 0
6530 0
6530 0
6530 0
6530 0
6530 0
6530 0
6535 0
6535 49
6535 0
6535 0
6535 0
6535 0
6535 0
6535 0
6535 0
6535 0
6535 0
6535 0
6535 0
6535 0
6535 0
6535 0
6535 0
6535 0
6535 0
6535 0
6535 1
6535 0
6535 0
6535 12
6535 0
6535 0
6535 0
6535 0
6535 0
6535 0
6535 0
6540 0
6540 41
6540 0
6540 0
6540 0
6540 0
6540 0
6540 0
6540 0
6540 0
6540 0
6540 0
6540 0
6540 0
6540 0
6540 0
6540 0
6540 0
6540 0
6540 0
6540 0
6540 0
6540 0
6540 5
6540 0
6540 0
6540 0
6540 0
6540 0
6540 0
6540 0
6542 0
6542 30
6542 0
6542 0
6542 0
6542 0
6542 0
6542 0
6542 0
6542 0
6542 0
6542 0
6542 0
6542 0
6542 0
6542 0
6542 0
6542 0
6542 0
6542 0
6542 0
6542 0
6542 0
6542 3
6542 0
6542 0
6542 0
6542 0
6542 0
6542 0
6542 0
6551 0
6551 14
6551 0
6551 0
6551 0
6551 0
6551 0
6551 0
6551 0
6551 0
6551 0
6551 0
6551 0
6551 0
6551 0
6551 0
6551 0
6551 0
6551 0
6551 0
6551 0
6551 0
6551 0
6551 3
6551 0
6551 0
6551 0
6551 0
6551 0
6551 0
6551 0
6553 0
6553 56
6553 0
6553 0
6553 0
6553 0
6553 0
6553 0
6553 0
6553 0
6553 0
6553 0
6553 0
6553 0
6553 0
6553 0
6553 0
6553 0
6553 0
6553 0
6553 1
6553 0
6553 0
6553 7
6553 0
6553 0
6553 0
6553 0
6553 0
6553 0
6553 0
6557 0
6557 44
6557 0
6557 0
6557 0
6557 0
6557 0
6557 0
6557 0
6557 7
6557 0
6557 0
6557 0
6557 0
6557 0
6557 0
6557 0
6557 0
6557 0
6557 0
6557 1
6557 0
6557 0
6557 11
6557 0
6557 0
6557 0
6557 0
6557 0
6557 0
6557 0
6570 0
6570 36
6570 0
6570 0
6570 0
6570 0
6570 0
6570 0
6570 0
6570 0
6570 0
6570 0
6570 0
6570 0
6570 0
6570 0
6570 0
6570 0
6570 0
6570 0
6570 0
6570 0
6570 0
6570 5
6570 0
6570 0
6570 0
6570 0
6570 0
6570 0
6570 0
6571 0
6571 66
6571 0
6571 0
6571 0
6571 0
6571 0
6571 0
6571 0
6571 0
6571 0
6571 0
6571 0
6571 0
6571 0
6571 0
6571 0
6571 0
6571 0
6571 0
6571 1
6571 0
6571 0
6571 11
6571 0
6571 0
6571 0
6571 0
6571 0
6571 0
6571 0
6578 0
6578 35
6578 0
6578 0
6578 0
6578 0
6578 0
6578 0
6578 0
6578 0
6578 0
6578 0
6578 0
6578 0
6578 0
6578 0
6578 0
6578 0
6578 0
6578 0
6578 0
6578 0
6578 0
6578 3
6578 0
6578 0
6578 0
6578 0
6578 0
6578 0
6578 0
6594 0
6594 79
6594 0
6594 0
6594 0
6594 0
6594 0
6594 0
6594 0
6594 0
6594 0
6594 0
6594 0
6594 0
6594 0
6594 0
6594 0
6594 0
6594 0
6594 0
6594 1
6594 0
6594 0
6594 14
6594 0
6594 0
6594 0
6594 0
6594 0
6594 0
6594 0
6613 0
6613 35
6613 0
6613 0
6613 0
6613 0
6613 0
6613 0
6613 0
6613 0
6613 0
6613 0
6613 0
6613 0
6613 0
6613 0
6613 0
6613 0
6613 0
6613 0
6613 0
6613 0
6613 0
6613 6
6613 0
6613 0
6613 0
6613 0
6613 0
6613 0
6613 0
6618 0
6618 37
6618 0
6618 0
6618 0
6618 0
6618 0
6618 0
6618 0
6618 0
6618 0
6618 0
6618 0
6618 0
6618 0
6618 0
6618 0
6618 0
6618 0
6618 0
6618 0
6618 0
6618 0
6618 5
6618 0
6618 0
6618 0
6618 0
6618 0
6618 0
6618 0
6632 0
6632 39
6632 0
6632 0
6632 0
6632 0
6632 0
6632 0
6632 0
6632 8
6632 0
6632 0
6632 0
6632 0
6632 0
6632 0
6632 0
6632 0
6632 0
6632 0
6632 1
6632 0
6632 0
6632 8
6632 0
6632 0
6632 0
6632 0
6632 0
6632 0
6632 0
6653 0
6653 44
6653 0
6653 0
6653 0
6653 0
6653 0
6653 0
6653 0
6653 0
6653 0
6653 0
6653 0
6653 0
6653 0
6653 0
6653 0
6653 0
6653 0
6653 0
6653 1
6653 0
6653 0
6653 6
6653 0
6653 0
6653 0
6653 0
6653 0
6653 0
6653 0
6657 0
6657 79
6657 0
6657 0
6657 0
6657 0
6657 0
6657 0
6657 0
6657 0
6657 0
6657 0
6657 0
6657 0
6657 0
6657 0
6657 0
6657 0
6657 0
6657 0
6657 1
6657 0
6657 0
6657 14
6657 0
6657 0
6657 0
6657 0
6657 0
6657 0
6657 0
6663 0
6663 37
6663 0
6663 0
6663 0
6663 0
6663 0
6663 0
6663 0
6663 0
6663 0
6663 0
6663 0
6663 0
6663 0
6663 0
6663 0
6663 0
6663 0
6663 0
6663 0
6663 0
6663 0
6663 4
6663 0
6663 0
6663 0
6663 0
6663 0
6663 0
6663 0
6681 0
6681 36
6681 0
6681 0
6681 0
6681 0
6681 0
6681 0
6681 0
6681 0
6681 0
6681 0
6681 0
6681 0
6681 0
6681 0
6681 0
6681 0
6681 0
6681 0
6681 0
6681 0
6681 0
6681 2
6681 0
6681 0
6681 0
6681 0
6681 0
6681 0
6681 0
6686 0
6686 25
6686 0
6686 0
6686 0
6686 0
6686 0
6686 0
6686 0
6686 0
6686 0
6686 0
6686 0
6686 0
6686 0
6686 0
6686 0
6686 0
6686 0
6686 0
6686 0
6686 0
6686 0
6686 5
6686 0
6686 0
6686 0
6686 0
6686 0
6686 0
6686 0
6707 0
6707 49
6707 0
6707 0
6707 0
6707 0
6707 0
6707 0
6707 0
6707 10
6707 0
6707 0
6707 0
6707 0
6707 0
6707 0
6707 0
6707 0
6707 0
6707 0
6707 1
6707 0
6707 0
6707 12
6707 0
6707 0
6707 0
6707 0
6707 0
6707 0
6707 0
6709 0
6709 36
6709 0
6709 0
6709 0
6709 0
6709 0
6709 0
6709 0
6709 0
6709 0
6709 0
6709 0
6709 0
6709 0
6709 0
6709 0
6709 0
6709 0
6709 0
6709 0
6709 0
6709 0
6709 2
6709 0
6709 0
6709 0
6709 0
6709 0
6709 0
6709 0
6710 0
6710 25
6710 0
6710 0
6710 0
6710 0
6710 0
6710 0
6710 0
6710 0
6710 0
6710 0
6710 0
6710 0
6710 0
6710 0
6710 0
6710 0
6710 0
6710 0
6710 0
6710 0
6710 0
6710 5
6710 0
6710 0
6710 0
6710 0
6710 0
6710 0
6710 0
6727 0
6727 31
6727 0
6727 0
6727 0
6727 0
6727 0
6727 0
6727 0
6727 0
6727 0
6727 0
6727 0
6727 0
6727 0
6727 0
6727 0
6727 0
6727 0
6727 0
6727 0
6727 0
6727 0
6727 5
6727 0
6727 0
6727 0
6727 0
6727 0
6727 0
6727 0
6734 0
6734 54
6734 0
6734 0
6734 0
6734 0
6734 0
6734 0
6734 0
6734 1
6734 0
6734 0
6734 0
6734 0
6734 0
6734 0
6734 0
6734 0
6734 0
6734 0
6734 1
6734 0
6734 0
6734 5
6734 0
6734 0
6734 0
6734 0
6734 0
6734 0
6734 0
6752 0
6752 44
6752 0
6752 0
6752 0
6752 0
6752 0
6752 0
6752 0
6752 0
6752 0
6752 0
6752 0
6752 0
6752 0
6752 0
6752 0
6752 0
6752 0
6752 0
6752 1
6752 0
6752 0
6752 6
6752 0
6752 0
6752 0
6752 0
6752 0
6752 0
6752 0
6756 0
6756 30
6756 0
6756 0
6756 0
6756 0
6756 0
6756 0
6756 0
6756 1
6756 0
6756 0
6756 0
6756 0
6756 0
6756 0
6756 0
6756 0
6756 0
6756 0
6756 0
6756 0
6756 0
6756 5
6756 0
6756 0
6756 0
6756 0
6756 0
6756 0
6756 0
6757 0
6757 35
6757 0
6757 0
6757 0
6757 0
6757 0
6757 0
6757 0
6757 0
6757 0
6757 0
6757 0
6757 0
6757 0
6757 0
6757 0
6757 0
6757 0
6757 0
6757 0
6757 0
6757 0
6757 4
6757 0
6757 0
6757 0
6757 0
6757 0
6757 0
6757 0
6761 0
6761 34
6761 0
6761 0
6761 0
6761 0
6761 0
6761 0
6761 0
6761 1
6761 0
6761 0
6761 0
6761 0
6761 0
6761 0
6761 0
6761 0
6761 0
6761 0
6761 0
6761 0
6761 0
6761 3
6761 0
6761 0
6761 0
6761 0
6761 0
6761 0
6761 0
6766 0
6766 25
6766 0
6766 0
6766 0
6766 0
6766 0
6766 0
6766 0
6766 0
6766 0
6766 0
6766 0
6766 0
6766 0
6766 0
6766 0
6766 0
6766 0
6766 0
6766 0
6766 0
6766 0
6766 5
6766 0
6766 0
6766 0
6766 0
6766 0
6766 0
6766 0
6768 0
6768 56
6768 0
6768 0
6768 0
6768 0
6768 0
6768 0
6768 0
6768 0
6768 0
6768 0
6768 0
6768 0
6768 0
6768 0
6768 0
6768 0
6768 0
6768 0
6768 1
6768 0
6768 0
6768 7
6768 0
6768 0
6768 0
6768 0
6768 0
6768 0
6768 0
6781 0
6781 22
6781 0
6781 0
6781 0
6781 0
6781 0
6781 0
6781 0
6781 0
6781 0
6781 0
6781 0
6781 0
6781 0
6781 0
6781 0
6781 0
6781 0
6781 0
6781 0
6781 0
6781 0
6781 1
6781 0
6781 0
6781 0
6781 0
6781 0
6781 0
6781 0
6794 0
6794 7
6794 0
6794 0
6794 0
6794 0
6794 0
6794 0
6794 0
6794 21
6794 0
6794 0
6794 0
6794 0
6794 0
6794 0
6794 0
6794 0
6794 0
6794 0
6794 1
6794 0
6794 0
6794 14
6794 0
6794 0
6794 0
6794 0
6794 0
6794 0
6794 0
6809 0
6809 44
6809 0
6809 0
6809 0
6809 0
6809 0
6809 0
6809 0
6809 0
6809 0
6809 0
6809 0
6809 0
6809 0
6809 0
6809 0
6809 0
6809 0
6809 0
6809 1
6809 0
6809 0
6809 6
6809 0
6809 0
6809 0
6809 0
6809 0
6809 0
6809 0
6824 0
6824 44
6824 0
6824 0
6824 0
6824 0
6824 0
6824 0
6824 0
6824 0
6824 0
6824 0
6824 0
6824 0
6824 0
6824 0
6824 0
6824 0
6824 0
6824 0
6824 1
6824 0
6824 0
6824 6
6824 0
6824 0
6824 0
6824 0
6824 0
6824 0
6824 0
6843 0
6843 22
6843 0
6843 0
6843 0
6843 0
6843 0
6843 0
6843 0
6843 0
6843 0
6843 0
6843 0
6843 0
6843 0
6843 0
6843 0
6843 0
6843 0
6843 0
6843 0
6843 0
6843 0
6843 1
6843 0
6843 0
6843 0
6843 0
6843 0
6843 0
6843 0
6846 0
6846 7
6846 0
6846 0
6846 0
6846 0
6846 0
6846 0
6846 0
6846 21
6846 0
6846 0
6846 0
6846 0
6846 0
6846 0
6846 0
6846 0
6846 0
6846 0
6846 1
6846 0
6846 0
6846 14
6846 0
6846 0
6846 0
6846 0
6846 0
6846 0
6846 0
6847 0
6847 41
6847 0
6847 0
6847 0
6847 0
6847 0
6847 0
6847 0
6847 0
6847 0
6847 0
6847 0
6847 0
6847 0
6847 0
6847 0
6847 0
6847 0
6847 0
6847 0
6847 0
6847 0
6847 5
6847 0
6847 0
6847 0
6847 0
6847 0
6847 0
6847 0
6858 0
6858 7
6858 0
6858 0
6858 0
6858 0
6858 0
6858 0
6858 0
6858 21
6858 0
6858 0
6858 0
6858 0
6858 0
6858 0
6858 0
6858 0
6858 0
6858 0
6858 1
6858 0
6858 0
6858 14
6858 0
6858 0
6858 0
6858 0
6858 0
6858 0
6858 0
6866 0
6866 40
6866 0
6866 0
6866 0
6866 0
6866 0
6866 0
6866 0
6866 0
6866 0
6866 0
6866 0
6866 0
6866 0
6866 0
6866 0
6866 0
6866 0
6866 0
6866 0
6866 0
6866 0
6866 4
6866 0
6866 0
6866 0
6866 0
6866 0
6866 0
6866 0
6871 0
6871 36
6871 0
6871 0
6871 0
6871 0
6871 0
6871 0
6871 0
6871 0
6871 0
6871 0
6871 0
6871 0
6871 0
6871 0
6871 0
6871 0
6871 0
6871 0
6871 0
6871 0
6871 0
6871 2
6871 0
6871 0
6871 0
6871 0
6871 0
6871 0
6871 0
6962 0
6962 31
6962 0
6962 0
6962 0
6962 0
6962 0
6962 0
6962 0
6962 0
6962 0
6962 0
6962 0
6962 0
6962 0
6962 0
6962 0
6962 0
6962 0
6962 0
6962 0
6962 0
6962 0
6962 2
6962 0
6962 0
6962 0
6962 0
6962 0
6962 0
6962 0
6996 0
6996 31
6996 0
6996 0
6996 0
6996 0
6996 0
6996 0
6996 0
6996 0
6996 0
6996 0
6996 0
6996 0
6996 0
6996 0
6996 0
6996 0
6996 0
6996 0
6996 0
6996 0
6996 0
6996 2
6996 0
6996 0
6996 0
6996 0
6996 0
6996 0
6996 0
7002 0
7002 31
7002 0
7002 0
7002 0
7002 0
7002 0
7002 0
7002 0
7002 0
7002 0
7002 0
7002 0
7002 0
7002 0
7002 0
7002 0
7002 0
7002 0
7002 0
7002 0
7002 0
7002 0
7002 2
7002 0
7002 0
7002 0
7002 0
7002 0
7002 0
7002 0
8491 0
8491 0
8491 0
8491 0
8491 0
8491 0
8491 0
8491 0
8491 0
8491 0
8491 271
8491 0
8491 0
8491 0
8491 0
8491 0
8491 0
8491 0
8491 0
8491 0
8491 0
8491 36
8491 0
8491 0
8491 0
8491 0
8491 0
8491 1
8491 0
8491 0
8491 0
8564 0
8564 0
8564 0
8564 0
8564 0
8564 0
8564 0
8564 0
8564 0
8564 0
8564 271
8564 0
8564 0
8564 0
8564 0
8564 0
8564 0
8564 0
8564 0
8564 0
8564 0
8564 36
8564 0
8564 0
8564 0
8564 0
8564 0
8564 1
8564 0
8564 0
8564 0
8631 0
8631 0
8631 0
8631 0
8631 0
8631 0
8631 0
8631 0
8631 0
8631 0
8631 271
8631 0
8631 0
8631 0
8631 0
8631 0
8631 0
8631 0
8631 0
8631 0
8631 0
8631 36
8631 0
8631 0
8631 0
8631 0
8631 0
8631 1
8631 0
8631 0
8631 0
8771 0
8771 0
8771 0
8771 0
8771 0
8771 0
8771 0
8771 0
8771 0
8771 0
8771 135
8771 0
8771 0
8771 0
8771 0
8771 0
8771 0
8771 0
8771 0
8771 0
8771 0
8771 18
8771 0
8771 0
8771 0
8771 0
8771 0
8771 0
8771 0
8771 0
8771 0
8813 0
8813 0
8813 0
8813 0
8813 0
8813 0
8813 0
8813 0
8813 0
8813 0
8813 167
8813 0
8813 0
8813 0
8813 16
8813 0
8813 0
8813 0
8813 0
8813 0
8813 0
8813 10
8813 0
8813 0
8813 0
8813 0
8813 0
8813 0
8813 0
8813 0
8813 0
9037 0
9037 0
9037 0
9037 0
9037 0
9037 0
9037 0
9037 0
9037 0
9037 0
9037 167
9037 0
9037 0
9037 0
9037 16
9037 0
9037 0
9037 0
9037 0
9037 0
9037 0
9037 10
9037 0
9037 0
9037 0
9037 0
9037 0
9037 0
9037 0
9037 0
9037 0
