pt_graph cpue_kghour
945 0
945 0
945 0
945 0
945 0
945 0
945 0
945 0
945 0
945 0
945 35
945 0
945 0
945 0
945 0
945 0
945 0
945 0
945 0
945 111
945 0
945 7
945 0
945 0
945 162
945 0
945 0
945 1
945 0
945 0
945 0
956 0
956 0
956 0
956 0
956 0
956 0
956 0
956 0
956 0
956 0
956 35
956 0
956 0
956 0
956 0
956 0
956 0
956 0
956 0
956 111
956 0
956 7
956 0
956 0
956 162
956 0
956 0
956 1
956 0
956 0
956 0
960 0
960 0
960 0
960 0
960 0
960 0
960 0
960 0
960 0
960 0
960 63
960 0
960 0
960 0
960 0
960 0
960 0
960 0
960 0
960 39
960 0
960 18
960 0
960 0
960 167
960 0
960 0
960 0
960 0
960 0
960 0
977 0
977 0
977 0
977 0
977 0
977 0
977 0
977 0
977 0
977 0
977 83
977 0
977 0
977 0
977 0
977 0
977 0
977 0
977 0
977 20
977 0
977 24
977 0
977 0
977 217
977 0
977 0
977 1
977 0
977 0
977 0
986 0
986 0
986 0
986 0
986 0
986 0
986 0
986 0
986 0
986 0
986 35
986 0
986 0
986 0
986 0
986 0
986 0
986 0
986 0
986 111
986 0
986 7
986 0
986 0
986 162
986 0
986 0
986 1
986 0
986 0
986 0
1021 0
1021 0
1021 0
1021 0
1021 0
1021 0
1021 0
1021 0
1021 0
1021 0
1021 63
1021 0
1021 0
1021 0
1021 0
1021 0
1021 0
1021 0
1021 0
1021 39
1021 0
1021 18
1021 0
1021 0
1021 167
1021 0
1021 0
1021 0
1021 0
1021 0
1021 0
1022 0
1022 0
1022 0
1022 0
1022 0
1022 0
1022 0
1022 0
1022 0
1022 0
1022 49
1022 0
1022 0
1022 0
1022 0
1022 0
1022 0
1022 0
1022 0
1022 99
1022 0
1022 8
1022 0
1022 0
1022 187
1022 0
1022 0
1022 3
1022 0
1022 0
1022 0
1030 0
1030 0
1030 0
1030 0
1030 0
1030 0
1030 0
1030 0
1030 0
1030 0
1030 63
1030 0
1030 0
1030 0
1030 0
1030 0
1030 0
1030 0
1030 0
1030 39
1030 0
1030 18
1030 0
1030 0
1030 167
1030 0
1030 0
1030 0
1030 0
1030 0
1030 0
1061 0
1061 0
1061 0
1061 0
1061 0
1061 0
1061 0
1061 0
1061 0
1061 0
1061 33
1061 0
1061 0
1061 0
1061 0
1061 0
1061 0
1061 0
1061 0
1061 108
1061 0
1061 10
1061 0
1061 0
1061 240
1061 0
1061 0
1061 2
1061 0
1061 0
1061 0
1063 0
1063 0
1063 0
1063 0
1063 0
1063 0
1063 0
1063 0
1063 0
1063 0
1063 35
1063 0
1063 0
1063 0
1063 0
1063 0
1063 0
1063 0
1063 0
1063 111
1063 0
1063 7
1063 0
1063 0
1063 162
1063 0
1063 0
1063 1
1063 0
1063 0
1063 0
1075 0
1075 0
1075 0
1075 0
1075 0
1075 0
1075 0
1075 0
1075 0
1075 0
1075 49
1075 0
1075 0
1075 0
1075 0
1075 0
1075 0
1075 0
1075 0
1075 99
1075 0
1075 8
1075 0
1075 0
1075 187
1075 0
1075 0
1075 3
1075 0
1075 0
1075 0
1123 0
1123 0
1123 0
1123 0
1123 0
1123 0
1123 0
1123 0
1123 0
1123 0
1123 43
1123 0
1123 0
1123 0
1123 0
1123 0
1123 0
1123 0
1123 0
1123 52
1123 0
1123 16
1123 0
1123 0
1123 162
1123 0
1123 0
1123 1
1123 0
1123 0
1123 0
1134 0
1134 0
1134 0
1134 0
1134 0
1134 0
1134 0
1134 0
1134 0
1134 0
1134 35
1134 0
1134 0
1134 0
1134 0
1134 0
1134 0
1134 0
1134 0
1134 111
1134 0
1134 7
1134 0
1134 0
1134 162
1134 0
1134 0
1134 1
1134 0
1134 0
1134 0
1146 0
1146 0
1146 0
1146 0
1146 0
1146 0
1146 0
1146 0
1146 0
1146 0
1146 35
1146 0
1146 0
1146 0
1146 0
1146 0
1146 0
1146 0
1146 0
1146 111
1146 0
1146 7
1146 0
1146 0
1146 162
1146 0
1146 0
1146 1
1146 0
1146 0
1146 0
1154 0
1154 0
1154 0
1154 0
1154 0
1154 0
1154 0
1154 0
1154 0
1154 0
1154 27
1154 0
1154 0
1154 0
1154 0
1154 0
1154 0
1154 0
1154 0
1154 111
1154 0
1154 10
1154 0
1154 0
1154 258
1154 0
1154 0
1154 1
1154 0
1154 0
1154 0
1161 0
1161 0
1161 0
1161 0
1161 0
1161 0
1161 0
1161 0
1161 0
1161 0
1161 54
1161 0
1161 0
1161 0
1161 0
1161 0
1161 0
1161 0
1161 0
1161 128
1161 0
1161 11
1161 0
1161 0
1161 257
1161 0
1161 0
1161 3
1161 0
1161 0
1161 0
1170 0
1170 0
1170 0
1170 0
1170 0
1170 0
1170 0
1170 0
1170 0
1170 0
1170 35
1170 0
1170 0
1170 0
1170 0
1170 0
1170 0
1170 0
1170 0
1170 111
1170 0
1170 7
1170 0
1170 0
1170 162
1170 0
1170 0
1170 1
1170 0
1170 0
1170 0
1176 0
1176 0
1176 0
1176 0
1176 0
1176 0
1176 0
1176 0
1176 0
1176 0
1176 34
1176 0
1176 0
1176 0
1176 0
1176 0
1176 0
1176 0
1176 0
1176 108
1176 0
1176 7
1176 0
1176 0
1176 157
1176 0
1176 0
1176 1
1176 0
1176 0
1176 0
1218 0
1218 0
1218 0
1218 0
1218 0
1218 0
1218 0
1218 0
1218 0
1218 0
1218 43
1218 0
1218 0
1218 0
1218 0
1218 0
1218 0
1218 0
1218 0
1218 139
1218 0
1218 11
1218 0
1218 0
1218 286
1218 0
1218 0
1218 2
1218 0
1218 0
1218 0
1222 0
1222 0
1222 0
1222 0
1222 0
1222 0
1222 0
1222 0
1222 0
1222 0
1222 101
1222 0
1222 0
1222 0
1222 0
1222 0
1222 0
1222 0
1222 0
1222 180
1222 0
1222 25
1222 0
1222 0
1222 373
1222 0
1222 0
1222 3
1222 0
1222 0
1222 0
1266 0
1266 0
1266 0
1266 0
1266 0
1266 0
1266 0
1266 0
1266 0
1266 0
1266 63
1266 0
1266 0
1266 0
1266 0
1266 0
1266 0
1266 0
1266 0
1266 123
1266 0
1266 13
1266 0
1266 0
1266 286
1266 0
1266 0
1266 3
1266 0
1266 0
1266 0
1333 0
1333 0
1333 0
1333 0
1333 0
1333 0
1333 0
1333 0
1333 0
1333 0
1333 59
1333 0
1333 0
1333 0
1333 0
1333 0
1333 0
1333 0
1333 0
1333 109
1333 0
1333 28
1333 0
1333 0
1333 285
1333 0
1333 0
1333 3
1333 0
1333 0
1333 0
1353 0
1353 0
1353 0
1353 0
1353 0
1353 0
1353 0
1353 0
1353 0
1353 0
1353 60
1353 0
1353 0
1353 0
1353 0
1353 0
1353 0
1353 0
1353 0
1353 146
1353 0
1353 11
1353 0
1353 0
1353 375
1353 0
1353 0
1353 2
1353 0
1353 0
1353 0
1370 0
1370 0
1370 0
1370 0
1370 0
1370 0
1370 0
1370 0
1370 0
1370 0
1370 17
1370 0
1370 0
1370 0
1370 0
1370 0
1370 0
1370 0
1370 0
1370 117
1370 0
1370 11
1370 0
1370 0
1370 294
1370 0
1370 0
1370 0
1370 0
1370 0
1370 0
1442 0
1442 0
1442 0
1442 0
1442 0
1442 0
1442 0
1442 0
1442 0
1442 0
1442 17
1442 0
1442 0
1442 0
1442 0
1442 0
1442 0
1442 0
1442 0
1442 76
1442 0
1442 34
1442 0
1442 0
1442 251
1442 0
1442 0
1442 4
1442 0
1442 0
1442 0
1554 0
1554 0
1554 0
1554 0
1554 0
1554 0
1554 0
1554 0
1554 0
1554 0
1554 26
1554 0
1554 0
1554 0
1554 0
1554 0
1554 0
1554 0
1554 0
1554 139
1554 0
1554 12
1554 0
1554 0
1554 269
1554 0
1554 0
1554 1
1554 0
1554 0
1554 0
1555 0
1555 0
1555 0
1555 0
1555 0
1555 0
1555 0
1555 0
1555 0
1555 0
1555 63
1555 0
1555 0
1555 0
1555 0
1555 0
1555 0
1555 0
1555 0
1555 39
1555 0
1555 18
1555 0
1555 0
1555 167
1555 0
1555 0
1555 0
1555 0
1555 0
1555 0
1736 0
1736 0
1736 0
1736 0
1736 0
1736 0
1736 0
1736 0
1736 0
1736 0
1736 63
1736 0
1736 0
1736 0
1736 0
1736 0
1736 0
1736 0
1736 0
1736 39
1736 0
1736 18
1736 0
1736 0
1736 167
1736 0
1736 0
1736 0
1736 0
1736 0
1736 0
1765 0
1765 0
1765 0
1765 0
1765 0
1765 0
1765 0
1765 0
1765 0
1765 0
1765 23
1765 0
1765 0
1765 0
1765 0
1765 0
1765 0
1765 0
1765 0
1765 131
1765 0
1765 21
1765 0
1765 0
1765 238
1765 0
1765 0
1765 5
1765 0
1765 0
1765 0
1766 0
1766 0
1766 0
1766 0
1766 0
1766 0
1766 0
1766 0
1766 0
1766 0
1766 60
1766 0
1766 0
1766 0
1766 0
1766 0
1766 0
1766 0
1766 0
1766 81
1766 0
1766 11
1766 0
1766 0
1766 249
1766 0
1766 0
1766 8
1766 0
1766 0
1766 0
1786 0
1786 0
1786 0
1786 0
1786 0
1786 0
1786 0
1786 0
1786 0
1786 0
1786 41
1786 0
1786 0
1786 0
1786 0
1786 0
1786 0
1786 0
1786 0
1786 205
1786 0
1786 52
1786 0
1786 0
1786 345
1786 0
1786 0
1786 6
1786 0
1786 0
1786 0
1806 0
1806 0
1806 0
1806 0
1806 0
1806 0
1806 0
1806 0
1806 0
1806 0
1806 24
1806 0
1806 0
1806 0
1806 0
1806 0
1806 0
1806 0
1806 0
1806 156
1806 0
1806 22
1806 0
1806 0
1806 278
1806 0
1806 0
1806 3
1806 0
1806 0
1806 0
1863 0
1863 0
1863 0
1863 0
1863 0
1863 0
1863 0
1863 0
1863 0
1863 0
1863 36
1863 0
1863 0
1863 0
1863 0
1863 0
1863 0
1863 0
1863 0
1863 64
1863 0
1863 14
1863 0
1863 0
1863 191
1863 0
1863 0
1863 2
1863 0
1863 0
1863 0
1873 0
1873 0
1873 0
1873 0
1873 0
1873 0
1873 0
1873 0
1873 0
1873 0
1873 29
1873 0
1873 0
1873 0
1873 0
1873 0
1873 0
1873 0
1873 0
1873 104
1873 0
1873 15
1873 0
1873 0
1873 216
1873 0
1873 0
1873 3
1873 0
1873 0
1873 0
1874 0
1874 0
1874 0
1874 0
1874 0
1874 0
1874 0
1874 0
1874 0
1874 0
1874 21
1874 0
1874 0
1874 0
1874 0
1874 0
1874 0
1874 0
1874 0
1874 132
1874 0
1874 22
1874 0
1874 0
1874 260
1874 0
1874 0
1874 4
1874 0
1874 0
1874 0
1879 0
1879 0
1879 0
1879 0
1879 0
1879 0
1879 0
1879 0
1879 0
1879 0
1879 17
1879 0
1879 0
1879 0
1879 0
1879 0
1879 0
1879 0
1879 0
1879 76
1879 0
1879 34
1879 0
1879 0
1879 251
1879 0
1879 0
1879 4
1879 0
1879 0
1879 0
1902 0
1902 0
1902 0
1902 0
1902 0
1902 0
1902 0
1902 0
1902 0
1902 0
1902 25
1902 0
1902 0
1902 0
1902 0
1902 0
1902 0
1902 0
1902 0
1902 146
1902 0
1902 25
1902 0
1902 0
1902 281
1902 0
1902 0
1902 3
1902 0
1902 0
1902 0
1935 0
1935 0
1935 0
1935 0
1935 0
1935 0
1935 0
1935 0
1935 0
1935 0
1935 35
1935 0
1935 0
1935 0
1935 0
1935 0
1935 0
1935 0
1935 0
1935 87
1935 0
1935 13
1935 0
1935 0
1935 256
1935 0
1935 0
1935 3
1935 0
1935 0
1935 0
1940 0
1940 0
1940 0
1940 0
1940 0
1940 0
1940 0
1940 0
1940 0
1940 0
1940 23
1940 0
1940 0
1940 0
1940 0
1940 0
1940 0
1940 0
1940 0
1940 154
1940 0
1940 22
1940 0
1940 0
1940 278
1940 0
1940 0
1940 3
1940 0
1940 0
1940 0
1966 0
1966 0
1966 0
1966 0
1966 0
1966 0
1966 0
1966 0
1966 0
1966 0
1966 51
1966 0
1966 0
1966 0
1966 0
1966 0
1966 0
1966 0
1966 0
1966 66
1966 0
1966 11
1966 0
1966 0
1966 341
1966 0
1966 0
1966 5
1966 0
1966 0
1966 0
1972 0
1972 0
1972 0
1972 0
1972 0
1972 0
1972 0
1972 0
1972 0
1972 0
1972 64
1972 0
1972 0
1972 0
1972 0
1972 0
1972 0
1972 0
1972 0
1972 36
1972 0
1972 8
1972 0
1972 0
1972 163
1972 0
1972 0
1972 3
1972 0
1972 0
1972 0
1973 0
1973 0
1973 0
1973 0
1973 0
1973 0
1973 0
1973 0
1973 0
1973 0
1973 34
1973 0
1973 0
1973 0
1973 0
1973 0
1973 0
1973 0
1973 0
1973 141
1973 0
1973 32
1973 0
1973 0
1973 296
1973 0
1973 0
1973 2
1973 0
1973 0
1973 0
1999 0
1999 0
1999 0
1999 0
1999 0
1999 0
1999 0
1999 0
1999 0
1999 0
1999 50
1999 0
1999 0
1999 0
1999 0
1999 0
1999 0
1999 0
1999 0
1999 66
1999 0
1999 14
1999 0
1999 0
1999 208
1999 0
1999 0
1999 2
1999 0
1999 0
1999 0
2045 0
2045 0
2045 0
2045 0
2045 0
2045 0
2045 0
2045 0
2045 0
2045 0
2045 18
2045 0
2045 0
2045 0
2045 0
2045 0
2045 0
2045 0
2045 0
2045 136
2045 0
2045 24
2045 0
2045 0
2045 305
2045 0
2045 0
2045 2
2045 0
2045 0
2045 0
2046 0
2046 0
2046 0
2046 0
2046 0
2046 0
2046 0
2046 0
2046 0
2046 0
2046 50
2046 0
2046 0
2046 0
2046 0
2046 0
2046 0
2046 0
2046 0
2046 55
2046 0
2046 18
2046 0
2046 0
2046 216
2046 0
2046 0
2046 3
2046 0
2046 0
2046 0
2048 0
2048 0
2048 0
2048 0
2048 0
2048 0
2048 0
2048 0
2048 0
2048 0
2048 28
2048 0
2048 0
2048 0
2048 0
2048 0
2048 0
2048 0
2048 0
2048 123
2048 0
2048 23
2048 0
2048 0
2048 264
2048 0
2048 0
2048 2
2048 0
2048 0
2048 0
2068 0
2068 0
2068 0
2068 0
2068 0
2068 0
2068 0
2068 0
2068 0
2068 0
2068 26
2068 0
2068 0
2068 0
2068 0
2068 0
2068 0
2068 0
2068 0
2068 103
2068 0
2068 20
2068 0
2068 0
2068 261
2068 0
2068 0
2068 4
2068 0
2068 0
2068 0
2078 0
2078 0
2078 0
2078 0
2078 0
2078 0
2078 0
2078 0
2078 0
2078 0
2078 86
2078 0
2078 0
2078 0
2078 0
2078 0
2078 0
2078 0
2078 0
2078 28
2078 0
2078 6
2078 0
2078 0
2078 159
2078 0
2078 0
2078 4
2078 0
2078 0
2078 0
2089 0
2089 0
2089 0
2089 0
2089 0
2089 0
2089 0
2089 0
2089 0
2089 0
2089 18
2089 0
2089 0
2089 0
2089 0
2089 0
2089 0
2089 0
2089 0
2089 135
2089 0
2089 17
2089 0
2089 0
2089 225
2089 0
2089 0
2089 3
2089 0
2089 0
2089 0
2130 0
2130 0
2130 0
2130 0
2130 0
2130 0
2130 0
2130 0
2130 0
2130 0
2130 57
2130 0
2130 0
2130 0
2130 0
2130 0
2130 0
2130 0
2130 0
2130 268
2130 0
2130 79
2130 0
2130 0
2130 404
2130 0
2130 0
2130 10
2130 0
2130 0
2130 0
2137 0
2137 0
2137 0
2137 0
2137 0
2137 0
2137 0
2137 0
2137 0
2137 0
2137 30
2137 0
2137 0
2137 0
2137 0
2137 0
2137 0
2137 0
2137 0
2137 71
2137 0
2137 15
2137 0
2137 0
2137 217
2137 0
2137 0
2137 2
2137 0
2137 0
2137 0
2146 0
2146 0
2146 0
2146 0
2146 0
2146 0
2146 0
2146 0
2146 0
2146 0
2146 27
2146 0
2146 0
2146 0
2146 0
2146 0
2146 0
2146 0
2146 0
2146 127
2146 0
2146 21
2146 0
2146 0
2146 274
2146 0
2146 0
2146 2
2146 0
2146 0
2146 0
2179 0
2179 0
2179 0
2179 0
2179 0
2179 0
2179 0
2179 0
2179 0
2179 0
2179 17
2179 0
2179 0
2179 0
2179 0
2179 0
2179 0
2179 0
2179 0
2179 76
2179 0
2179 34
2179 0
2179 0
2179 251
2179 0
2179 0
2179 4
2179 0
2179 0
2179 0
2234 0
2234 0
2234 0
2234 0
2234 0
2234 0
2234 0
2234 0
2234 0
2234 0
2234 51
2234 0
2234 0
2234 0
2234 0
2234 0
2234 0
2234 0
2234 0
2234 66
2234 0
2234 11
2234 0
2234 0
2234 341
2234 0
2234 0
2234 5
2234 0
2234 0
2234 0
2255 0
2255 0
2255 0
2255 0
2255 0
2255 0
2255 0
2255 0
2255 0
2255 0
2255 26
2255 0
2255 0
2255 0
2255 0
2255 0
2255 0
2255 0
2255 0
2255 122
2255 0
2255 20
2255 0
2255 0
2255 252
2255 0
2255 0
2255 3
2255 0
2255 0
2255 0
2281 0
2281 0
2281 0
2281 0
2281 0
2281 0
2281 0
2281 0
2281 0
2281 0
2281 127
2281 0
2281 0
2281 0
2281 0
2281 0
2281 0
2281 0
2281 0
2281 58
2281 0
2281 21
2281 0
2281 0
2281 283
2281 0
2281 0
2281 4
2281 0
2281 0
2281 0
2294 0
2294 0
2294 0
2294 0
2294 0
2294 0
2294 0
2294 0
2294 0
2294 0
2294 45
2294 0
2294 0
2294 0
2294 0
2294 0
2294 0
2294 0
2294 0
2294 199
2294 0
2294 55
2294 0
2294 0
2294 343
2294 0
2294 0
2294 7
2294 0
2294 0
2294 0
2427 0
2427 0
2427 0
2427 0
2427 0
2427 0
2427 0
2427 0
2427 0
2427 0
2427 129
2427 0
2427 0
2427 0
2427 0
2427 0
2427 0
2427 0
2427 0
2427 41
2427 0
2427 9
2427 0
2427 0
2427 239
2427 0
2427 0
2427 7
2427 0
2427 0
2427 0
2678 0
2678 0
2678 0
2678 0
2678 0
2678 0
2678 0
2678 0
2678 0
2678 0
2678 291
2678 0
2678 0
2678 0
2678 0
2678 0
2678 0
2678 0
2678 0
2678 1143
2678 0
2678 489
2678 0
2678 0
2678 2414
2678 0
2678 2
2678 66
2678 0
2678 0
2678 0
2690 0
2690 0
2690 0
2690 0
2690 0
2690 0
2690 0
2690 0
2690 0
2690 0
2690 179
2690 0
2690 0
2690 0
2690 0
2690 0
2690 0
2690 0
2690 0
2690 57
2690 0
2690 12
2690 0
2690 0
2690 331
2690 0
2690 0
2690 9
2690 0
2690 0
2690 0
2891 0
2891 0
2891 0
2891 0
2891 0
2891 0
2891 0
2891 0
2891 0
2891 0
2891 17
2891 0
2891 0
2891 0
2891 0
2891 0
2891 0
2891 0
2891 0
2891 76
2891 0
2891 34
2891 0
2891 0
2891 251
2891 0
2891 0
2891 4
2891 0
2891 0
2891 0
3154 0
3154 0
3154 0
3154 0
3154 0
3154 0
3154 0
3154 0
3154 0
3154 0
3154 20
3154 0
3154 0
3154 0
3154 0
3154 0
3154 0
3154 0
3154 0
3154 15
3154 0
3154 13
3154 0
3154 0
3154 77
3154 0
3154 0
3154 4
3154 0
3154 0
3154 0
3236 0
3236 0
3236 0
3236 0
3236 0
3236 0
3236 0
3236 0
3236 0
3236 0
3236 20
3236 0
3236 0
3236 0
3236 0
3236 0
3236 0
3236 0
3236 0
3236 15
3236 0
3236 13
3236 0
3236 0
3236 77
3236 0
3236 0
3236 4
3236 0
3236 0
3236 0
3367 0
3367 0
3367 0
3367 0
3367 0
3367 0
3367 0
3367 0
3367 0
3367 0
3367 20
3367 0
3367 0
3367 0
3367 0
3367 0
3367 0
3367 0
3367 0
3367 15
3367 0
3367 13
3367 0
3367 0
3367 77
3367 0
3367 0
3367 4
3367 0
3367 0
3367 0
3417 0
3417 0
3417 0
3417 0
3417 0
3417 0
3417 0
3417 0
3417 0
3417 0
3417 20
3417 0
3417 0
3417 0
3417 0
3417 0
3417 0
3417 0
3417 0
3417 15
3417 0
3417 13
3417 0
3417 0
3417 77
3417 0
3417 0
3417 4
3417 0
3417 0
3417 0
3446 0
3446 0
3446 0
3446 0
3446 0
3446 0
3446 0
3446 0
3446 0
3446 0
3446 20
3446 0
3446 0
3446 0
3446 0
3446 0
3446 0
3446 0
3446 0
3446 15
3446 0
3446 13
3446 0
3446 0
3446 77
3446 0
3446 0
3446 4
3446 0
3446 0
3446 0
3451 0
3451 0
3451 0
3451 0
3451 0
3451 0
3451 0
3451 0
3451 0
3451 0
3451 20
3451 0
3451 0
3451 0
3451 0
3451 0
3451 0
3451 0
3451 0
3451 15
3451 0
3451 13
3451 0
3451 0
3451 77
3451 0
3451 0
3451 4
3451 0
3451 0
3451 0
3533 0
3533 0
3533 0
3533 0
3533 0
3533 0
3533 0
3533 0
3533 0
3533 0
3533 20
3533 0
3533 0
3533 0
3533 0
3533 0
3533 0
3533 0
3533 0
3533 15
3533 0
3533 13
3533 0
3533 0
3533 77
3533 0
3533 0
3533 4
3533 0
3533 0
3533 0
3628 0
3628 0
3628 0
3628 0
3628 0
3628 0
3628 0
3628 0
3628 0
3628 0
3628 20
3628 0
3628 0
3628 0
3628 0
3628 0
3628 0
3628 0
3628 0
3628 15
3628 0
3628 13
3628 0
3628 0
3628 77
3628 0
3628 0
3628 4
3628 0
3628 0
3628 0
3674 0
3674 0
3674 0
3674 0
3674 0
3674 0
3674 0
3674 0
3674 0
3674 0
3674 20
3674 0
3674 0
3674 0
3674 0
3674 0
3674 0
3674 0
3674 0
3674 15
3674 0
3674 13
3674 0
3674 0
3674 77
3674 0
3674 0
3674 4
3674 0
3674 0
3674 0
3940 0
3940 0
3940 0
3940 0
3940 0
3940 0
3940 0
3940 0
3940 0
3940 0
3940 20
3940 0
3940 0
3940 0
3940 0
3940 0
3940 0
3940 0
3940 0
3940 15
3940 0
3940 13
3940 0
3940 0
3940 77
3940 0
3940 0
3940 4
3940 0
3940 0
3940 0
4800 0
4800 22
4800 0
4800 0
4800 0
4800 0
4800 0
4800 0
4800 0
4800 0
4800 0
4800 0
4800 0
4800 0
4800 0
4800 0
4800 0
4800 0
4800 0
4800 0
4800 0
4800 0
4800 0
4800 2
4800 0
4800 5
4800 0
4800 0
4800 0
4800 0
4800 0
4819 0
4819 22
4819 0
4819 0
4819 0
4819 0
4819 0
4819 0
4819 0
4819 0
4819 0
4819 0
4819 0
4819 0
4819 0
4819 0
4819 0
4819 0
4819 0
4819 0
4819 0
4819 0
4819 0
4819 2
4819 0
4819 5
4819 0
4819 0
4819 0
4819 0
4819 0
4833 0
4833 22
4833 0
4833 0
4833 0
4833 0
4833 0
4833 0
4833 0
4833 0
4833 0
4833 0
4833 0
4833 0
4833 0
4833 0
4833 0
4833 0
4833 0
4833 0
4833 0
4833 0
4833 0
4833 2
4833 0
4833 5
4833 0
4833 0
4833 0
4833 0
4833 0
4850 0
4850 174
4850 0
4850 0
4850 0
4850 0
4850 0
4850 0
4850 0
4850 0
4850 0
4850 0
4850 0
4850 0
4850 0
4850 0
4850 0
4850 0
4850 0
4850 0
4850 2
4850 0
4850 0
4850 18
4850 0
4850 14
4850 0
4850 0
4850 0
4850 0
4850 0
4877 0
4877 22
4877 0
4877 0
4877 0
4877 0
4877 0
4877 0
4877 0
4877 0
4877 0
4877 0
4877 0
4877 0
4877 0
4877 0
4877 0
4877 0
4877 0
4877 0
4877 0
4877 0
4877 0
4877 2
4877 0
4877 5
4877 0
4877 0
4877 0
4877 0
4877 0
4922 0
4922 22
4922 0
4922 0
4922 0
4922 0
4922 0
4922 0
4922 0
4922 0
4922 0
4922 0
4922 0
4922 0
4922 0
4922 0
4922 0
4922 0
4922 0
4922 0
4922 0
4922 0
4922 0
4922 2
4922 0
4922 5
4922 0
4922 0
4922 0
4922 0
4922 0
4963 0
4963 22
4963 0
4963 0
4963 0
4963 0
4963 0
4963 0
4963 0
4963 0
4963 0
4963 0
4963 0
4963 0
4963 0
4963 0
4963 0
4963 0
4963 0
4963 0
4963 0
4963 0
4963 0
4963 2
4963 0
4963 5
4963 0
4963 0
4963 0
4963 0
4963 0
5015 0
5015 22
5015 0
5015 0
5015 0
5015 0
5015 0
5015 0
5015 0
5015 0
5015 0
5015 0
5015 0
5015 0
5015 0
5015 0
5015 0
5015 0
5015 0
5015 0
5015 0
5015 0
5015 0
5015 2
5015 0
5015 5
5015 0
5015 0
5015 0
5015 0
5015 0
5018 0
5018 98
5018 0
5018 0
5018 0
5018 0
5018 0
5018 0
5018 0
5018 0
5018 0
5018 0
5018 0
5018 0
5018 0
5018 0
5018 0
5018 0
5018 0
5018 0
5018 1
5018 0
5018 0
5018 11
5018 0
5018 7
5018 0
5018 0
5018 0
5018 0
5018 0
5256 0
5256 98
5256 0
5256 0
5256 0
5256 0
5256 0
5256 0
5256 0
5256 0
5256 0
5256 0
5256 0
5256 0
5256 0
5256 0
5256 0
5256 0
5256 0
5256 0
5256 1
5256 0
5256 0
5256 11
5256 0
5256 7
5256 0
5256 0
5256 0
5256 0
5256 0
5416 0
5416 23
5416 0
5416 0
5416 0
5416 0
5416 0
5416 0
5416 0
5416 0
5416 0
5416 0
5416 0
5416 0
5416 0
5416 0
5416 0
5416 0
5416 0
5416 0
5416 0
5416 0
5416 0
5416 4
5416 0
5416 0
5416 0
5416 0
5416 0
5416 0
5416 0
5472 0
5472 174
5472 0
5472 0
5472 0
5472 0
5472 0
5472 0
5472 0
5472 0
5472 0
5472 0
5472 0
5472 0
5472 0
5472 0
5472 0
5472 0
5472 0
5472 0
5472 2
5472 0
5472 0
5472 18
5472 0
5472 14
5472 0
5472 0
5472 0
5472 0
5472 0
5499 0
5499 23
5499 0
5499 0
5499 0
5499 0
5499 0
5499 0
5499 0
5499 0
5499 0
5499 0
5499 0
5499 0
5499 0
5499 0
5499 0
5499 0
5499 0
5499 0
5499 0
5499 0
5499 0
5499 4
5499 0
5499 0
5499 0
5499 0
5499 0
5499 0
5499 0
5557 0
5557 23
5557 0
5557 0
5557 0
5557 0
5557 0
5557 0
5557 0
5557 0
5557 0
5557 0
5557 0
5557 0
5557 0
5557 0
5557 0
5557 0
5557 0
5557 0
5557 0
5557 0
5557 0
5557 4
5557 0
5557 0
5557 0
5557 0
5557 0
5557 0
5557 0
5650 0
5650 23
5650 0
5650 0
5650 0
5650 0
5650 0
5650 0
5650 0
5650 0
5650 0
5650 0
5650 0
5650 0
5650 0
5650 0
5650 0
5650 0
5650 0
5650 0
5650 0
5650 0
5650 0
5650 4
5650 0
5650 0
5650 0
5650 0
5650 0
5650 0
5650 0
5853 0
5853 23
5853 0
5853 0
5853 0
5853 0
5853 0
5853 0
5853 0
5853 0
5853 0
5853 0
5853 0
5853 0
5853 0
5853 0
5853 0
5853 0
5853 0
5853 0
5853 0
5853 0
5853 0
5853 4
5853 0
5853 0
5853 0
5853 0
5853 0
5853 0
5853 0
6135 0
6135 26
6135 0
6135 0
6135 0
6135 0
6135 0
6135 0
6135 0
6135 0
6135 0
6135 0
6135 0
6135 0
6135 0
6135 0
6135 0
6135 0
6135 0
6135 0
6135 0
6135 0
6135 0
6135 10
6135 0
6135 3
6135 0
6135 0
6135 0
6135 0
6135 0
6228 0
6228 39
6228 0
6228 0
6228 0
6228 0
6228 0
6228 0
6228 0
6228 0
6228 0
6228 0
6228 0
6228 0
6228 0
6228 0
6228 0
6228 0
6228 0
6228 0
6228 1
6228 0
6228 0
6228 14
6228 0
6228 5
6228 0
6228 0
6228 0
6228 0
6228 0
6349 0
6349 39
6349 0
6349 0
6349 0
6349 0
6349 0
6349 0
6349 0
6349 0
6349 0
6349 0
6349 0
6349 0
6349 0
6349 0
6349 0
6349 0
6349 0
6349 0
6349 1
6349 0
6349 0
6349 14
6349 0
6349 5
6349 0
6349 0
6349 0
6349 0
6349 0
6356 0
6356 39
6356 0
6356 0
6356 0
6356 0
6356 0
6356 0
6356 0
6356 0
6356 0
6356 0
6356 0
6356 0
6356 0
6356 0
6356 0
6356 0
6356 0
6356 0
6356 1
6356 0
6356 0
6356 14
6356 0
6356 5
6356 0
6356 0
6356 0
6356 0
6356 0
6359 0
6359 39
6359 0
6359 0
6359 0
6359 0
6359 0
6359 0
6359 0
6359 0
6359 0
6359 0
6359 0
6359 0
6359 0
6359 0
6359 0
6359 0
6359 0
6359 0
6359 1
6359 0
6359 0
6359 14
6359 0
6359 5
6359 0
6359 0
6359 0
6359 0
6359 0
6365 0
6365 12
6365 0
6365 0
6365 0
6365 0
6365 0
6365 0
6365 0
6365 0
6365 0
6365 0
6365 0
6365 0
6365 0
6365 0
6365 0
6365 0
6365 0
6365 0
6365 0
6365 0
6365 0
6365 7
6365 0
6365 2
6365 0
6365 0
6365 0
6365 0
6365 0
6391 0
6391 12
6391 0
6391 0
6391 0
6391 0
6391 0
6391 0
6391 0
6391 0
6391 0
6391 0
6391 0
6391 0
6391 0
6391 0
6391 0
6391 0
6391 0
6391 0
6391 0
6391 0
6391 0
6391 6
6391 0
6391 2
6391 0
6391 0
6391 0
6391 0
6391 0
6392 0
6392 39
6392 0
6392 0
6392 0
6392 0
6392 0
6392 0
6392 0
6392 0
6392 0
6392 0
6392 0
6392 0
6392 0
6392 0
6392 0
6392 0
6392 0
6392 0
6392 1
6392 0
6392 0
6392 14
6392 0
6392 5
6392 0
6392 0
6392 0
6392 0
6392 0
6459 0
6459 39
6459 0
6459 0
6459 0
6459 0
6459 0
6459 0
6459 0
6459 0
6459 0
6459 0
6459 0
6459 0
6459 0
6459 0
6459 0
6459 0
6459 0
6459 0
6459 1
6459 0
6459 0
6459 14
6459 0
6459 5
6459 0
6459 0
6459 0
6459 0
6459 0
6540 0
6540 39
6540 0
6540 0
6540 0
6540 0
6540 0
6540 0
6540 0
6540 0
6540 0
6540 0
6540 0
6540 0
6540 0
6540 0
6540 0
6540 0
6540 0
6540 0
6540 1
6540 0
6540 0
6540 14
6540 0
6540 5
6540 0
6540 0
6540 0
6540 0
6540 0
6642 0
6642 7
6642 0
6642 0
6642 0
6642 0
6642 0
6642 0
6642 0
6642 0
6642 0
6642 0
6642 0
6642 0
6642 0
6642 0
6642 0
6642 0
6642 0
6642 0
6642 0
6642 0
6642 0
6642 1
6642 0
6642 0
6642 0
6642 0
6642 0
6642 0
6642 0
6675 0
6675 7
6675 0
6675 0
6675 0
6675 0
6675 0
6675 0
6675 0
6675 0
6675 0
6675 0
6675 0
6675 0
6675 0
6675 0
6675 0
6675 0
6675 0
6675 0
6675 0
6675 0
6675 0
6675 1
6675 0
6675 0
6675 0
6675 0
6675 0
6675 0
6675 0
6683 0
6683 7
6683 0
6683 0
6683 0
6683 0
6683 0
6683 0
6683 0
6683 0
6683 0
6683 0
6683 0
6683 0
6683 0
6683 0
6683 0
6683 0
6683 0
6683 0
6683 0
6683 0
6683 0
6683 1
6683 0
6683 0
6683 0
6683 0
6683 0
6683 0
6683 0
6686 0
6686 7
6686 0
6686 0
6686 0
6686 0
6686 0
6686 0
6686 0
6686 0
6686 0
6686 0
6686 0
6686 0
6686 0
6686 0
6686 0
6686 0
6686 0
6686 0
6686 0
6686 0
6686 0
6686 1
6686 0
6686 0
6686 0
6686 0
6686 0
6686 0
6686 0
6691 0
6691 39
6691 0
6691 0
6691 0
6691 0
6691 0
6691 0
6691 0
6691 0
6691 0
6691 0
6691 0
6691 0
6691 0
6691 0
6691 0
6691 0
6691 0
6691 0
6691 1
6691 0
6691 0
6691 14
6691 0
6691 5
6691 0
6691 0
6691 0
6691 0
6691 0
6710 0
6710 7
6710 0
6710 0
6710 0
6710 0
6710 0
6710 0
6710 0
6710 0
6710 0
6710 0
6710 0
6710 0
6710 0
6710 0
6710 0
6710 0
6710 0
6710 0
6710 0
6710 0
6710 0
6710 1
6710 0
6710 0
6710 0
6710 0
6710 0
6710 0
6710 0
6757 0
6757 7
6757 0
6757 0
6757 0
6757 0
6757 0
6757 0
6757 0
6757 0
6757 0
6757 0
6757 0
6757 0
6757 0
6757 0
6757 0
6757 0
6757 0
6757 0
6757 0
6757 0
6757 0
6757 1
6757 0
6757 0
6757 0
6757 0
6757 0
6757 0
6757 0
6761 0
6761 7
6761 0
6761 0
6761 0
6761 0
6761 0
6761 0
6761 0
6761 0
6761 0
6761 0
6761 0
6761 0
6761 0
6761 0
6761 0
6761 0
6761 0
6761 0
6761 0
6761 0
6761 0
6761 1
6761 0
6761 0
6761 0
6761 0
6761 0
6761 0
6761 0
6768 0
6768 7
6768 0
6768 0
6768 0
6768 0
6768 0
6768 0
6768 0
6768 0
6768 0
6768 0
6768 0
6768 0
6768 0
6768 0
6768 0
6768 0
6768 0
6768 0
6768 0
6768 0
6768 0
6768 1
6768 0
6768 0
6768 0
6768 0
6768 0
6768 0
6768 0
6794 0
6794 9
6794 0
6794 0
6794 0
6794 0
6794 0
6794 0
6794 0
6794 0
6794 0
6794 0
6794 0
6794 0
6794 0
6794 0
6794 0
6794 0
6794 0
6794 0
6794 0
6794 0
6794 0
6794 3
6794 0
6794 1
6794 0
6794 0
6794 0
6794 0
6794 0
6809 0
6809 7
6809 0
6809 0
6809 0
6809 0
6809 0
6809 0
6809 0
6809 0
6809 0
6809 0
6809 0
6809 0
6809 0
6809 0
6809 0
6809 0
6809 0
6809 0
6809 0
6809 0
6809 0
6809 1
6809 0
6809 0
6809 0
6809 0
6809 0
6809 0
6809 0
6822 0
6822 7
6822 0
6822 0
6822 0
6822 0
6822 0
6822 0
6822 0
6822 0
6822 0
6822 0
6822 0
6822 0
6822 0
6822 0
6822 0
6822 0
6822 0
6822 0
6822 0
6822 0
6822 0
6822 1
6822 0
6822 0
6822 0
6822 0
6822 0
6822 0
6822 0
6839 0
6839 12
6839 0
6839 0
6839 0
6839 0
6839 0
6839 0
6839 0
6839 0
6839 0
6839 0
6839 0
6839 0
6839 0
6839 0
6839 0
6839 0
6839 0
6839 0
6839 0
6839 0
6839 0
6839 7
6839 0
6839 2
6839 0
6839 0
6839 0
6839 0
6839 0
6846 0
6846 4
6846 0
6846 0
6846 0
6846 0
6846 0
6846 0
6846 0
6846 0
6846 0
6846 0
6846 0
6846 0
6846 0
6846 0
6846 0
6846 0
6846 0
6846 0
6846 0
6846 0
6846 0
6846 2
6846 0
6846 1
6846 0
6846 0
6846 0
6846 0
6846 0
6847 0
6847 7
6847 0
6847 0
6847 0
6847 0
6847 0
6847 0
6847 0
6847 0
6847 0
6847 0
6847 0
6847 0
6847 0
6847 0
6847 0
6847 0
6847 0
6847 0
6847 0
6847 0
6847 0
6847 1
6847 0
6847 0
6847 0
6847 0
6847 0
6847 0
6847 0
6858 0
6858 10
6858 0
6858 0
6858 0
6858 0
6858 0
6858 0
6858 0
6858 0
6858 0
6858 0
6858 0
6858 0
6858 0
6858 0
6858 0
6858 0
6858 0
6858 0
6858 0
6858 0
6858 0
6858 4
6858 0
6858 1
6858 0
6858 0
6858 0
6858 0
6858 0
6871 0
6871 7
6871 0
6871 0
6871 0
6871 0
6871 0
6871 0
6871 0
6871 0
6871 0
6871 0
6871 0
6871 0
6871 0
6871 0
6871 0
6871 0
6871 0
6871 0
6871 0
6871 0
6871 0
6871 1
6871 0
6871 0
6871 0
6871 0
6871 0
6871 0
6871 0
6917 0
6917 12
6917 0
6917 0
6917 0
6917 0
6917 0
6917 0
6917 0
6917 0
6917 0
6917 0
6917 0
6917 0
6917 0
6917 0
6917 0
6917 0
6917 0
6917 0
6917 0
6917 0
6917 0
6917 7
6917 0
6917 2
6917 0
6917 0
6917 0
6917 0
6917 0
6934 0
6934 12
6934 0
6934 0
6934 0
6934 0
6934 0
6934 0
6934 0
6934 0
6934 0
6934 0
6934 0
6934 0
6934 0
6934 0
6934 0
6934 0
6934 0
6934 0
6934 0
6934 0
6934 0
6934 7
6934 0
6934 2
6934 0
6934 0
6934 0
6934 0
6934 0
6959 0
6959 39
6959 0
6959 0
6959 0
6959 0
6959 0
6959 0
6959 0
6959 0
6959 0
6959 0
6959 0
6959 0
6959 0
6959 0
6959 0
6959 0
6959 0
6959 0
6959 1
6959 0
6959 0
6959 14
6959 0
6959 5
6959 0
6959 0
6959 0
6959 0
6959 0
6962 0
6962 12
6962 0
6962 0
6962 0
6962 0
6962 0
6962 0
6962 0
6962 0
6962 0
6962 0
6962 0
6962 0
6962 0
6962 0
6962 0
6962 0
6962 0
6962 0
6962 0
6962 0
6962 0
6962 7
6962 0
6962 2
6962 0
6962 0
6962 0
6962 0
6962 0
6996 0
6996 12
6996 0
6996 0
6996 0
6996 0
6996 0
6996 0
6996 0
6996 0
6996 0
6996 0
6996 0
6996 0
6996 0
6996 0
6996 0
6996 0
6996 0
6996 0
6996 0
6996 0
6996 0
6996 7
6996 0
6996 2
6996 0
6996 0
6996 0
6996 0
6996 0
7015 0
7015 12
7015 0
7015 0
7015 0
7015 0
7015 0
7015 0
7015 0
7015 0
7015 0
7015 0
7015 0
7015 0
7015 0
7015 0
7015 0
7015 0
7015 0
7015 0
7015 0
7015 0
7015 0
7015 7
7015 0
7015 2
7015 0
7015 0
7015 0
7015 0
7015 0
8160 0
8160 0
8160 0
8160 0
8160 0
8160 0
8160 0
8160 0
8160 0
8160 0
8160 65
8160 0
8160 0
8160 0
8160 3
8160 0
8160 0
8160 0
8160 0
8160 6
8160 0
8160 68
8160 0
8160 0
8160 122
8160 0
8160 0
8160 3
8160 0
8160 0
8160 0
8196 0
8196 0
8196 0
8196 0
8196 0
8196 0
8196 0
8196 0
8196 0
8196 0
8196 235
8196 0
8196 0
8196 0
8196 12
8196 0
8196 0
8196 0
8196 0
8196 3
8196 0
8196 114
8196 0
8196 0
8196 172
8196 0
8196 0
8196 2
8196 0
8196 0
8196 0
8233 0
8233 0
8233 0
8233 0
8233 0
8233 0
8233 0
8233 0
8233 0
8233 0
8233 98
8233 0
8233 0
8233 0
8233 4
8233 0
8233 0
8233 0
8233 0
8233 8
8233 0
8233 102
8233 0
8233 0
8233 182
8233 0
8233 0
8233 5
8233 0
8233 0
8233 0
8293 0
8293 0
8293 0
8293 0
8293 0
8293 0
8293 0
8293 0
8293 0
8293 0
8293 308
8293 0
8293 0
8293 0
8293 17
8293 0
8293 0
8293 0
8293 0
8293 0
8293 0
8293 122
8293 0
8293 0
8293 170
8293 0
8293 0
8293 0
8293 0
8293 0
8293 0
8298 0
8298 0
8298 0
8298 0
8298 0
8298 0
8298 0
8298 0
8298 0
8298 0
8298 308
8298 0
8298 0
8298 0
8298 17
8298 0
8298 0
8298 0
8298 0
8298 0
8298 0
8298 122
8298 0
8298 0
8298 170
8298 0
8298 0
8298 0
8298 0
8298 0
8298 0
8332 0
8332 0
8332 0
8332 0
8332 0
8332 0
8332 0
8332 0
8332 0
8332 0
8332 238
8332 0
8332 0
8332 0
8332 13
8332 0
8332 0
8332 0
8332 0
8332 3
8332 0
8332 115
8332 0
8332 0
8332 174
8332 0
8332 0
8332 2
8332 0
8332 0
8332 0
8361 0
8361 0
8361 0
8361 0
8361 0
8361 0
8361 0
8361 0
8361 0
8361 0
8361 308
8361 0
8361 0
8361 0
8361 17
8361 0
8361 0
8361 0
8361 0
8361 0
8361 0
8361 122
8361 0
8361 0
8361 170
8361 0
8361 0
8361 0
8361 0
8361 0
8361 0
8362 0
8362 0
8362 0
8362 0
8362 0
8362 0
8362 0
8362 0
8362 0
8362 0
8362 98
8362 0
8362 0
8362 0
8362 4
8362 0
8362 0
8362 0
8362 0
8362 8
8362 0
8362 102
8362 0
8362 0
8362 182
8362 0
8362 0
8362 5
8362 0
8362 0
8362 0
8441 0
8441 0
8441 0
8441 0
8441 0
8441 0
8441 0
8441 0
8441 0
8441 0
8441 62
8441 0
8441 0
8441 0
8441 0
8441 0
8441 0
8441 0
8441 0
8441 0
8441 0
8441 16
8441 0
8441 0
8441 5
8441 0
8441 0
8441 1
8441 0
8441 0
8441 0
8572 0
8572 0
8572 0
8572 0
8572 0
8572 0
8572 0
8572 0
8572 0
8572 0
8572 62
8572 0
8572 0
8572 0
8572 0
8572 0
8572 0
8572 0
8572 0
8572 0
8572 0
8572 16
8572 0
8572 0
8572 5
8572 0
8572 0
8572 1
8572 0
8572 0
8572 0
8605 0
8605 0
8605 0
8605 0
8605 0
8605 0
8605 0
8605 0
8605 0
8605 0
8605 62
8605 0
8605 0
8605 0
8605 0
8605 0
8605 0
8605 0
8605 0
8605 0
8605 0
8605 16
8605 0
8605 0
8605 5
8605 0
8605 0
8605 1
8605 0
8605 0
8605 0
8630 0
8630 0
8630 0
8630 0
8630 0
8630 0
8630 0
8630 0
8630 0
8630 0
8630 62
8630 0
8630 0
8630 0
8630 0
8630 0
8630 0
8630 0
8630 0
8630 0
8630 0
8630 16
8630 0
8630 0
8630 5
8630 0
8630 0
8630 1
8630 0
8630 0
8630 0
8693 0
8693 0
8693 0
8693 0
8693 0
8693 0
8693 0
8693 0
8693 0
8693 0
8693 62
8693 0
8693 0
8693 0
8693 0
8693 0
8693 0
8693 0
8693 0
8693 0
8693 0
8693 16
8693 0
8693 0
8693 5
8693 0
8693 0
8693 1
8693 0
8693 0
8693 0
9516 0
9516 0
9516 0
9516 0
9516 0
9516 0
9516 0
9516 0
9516 0
9516 0
9516 418
9516 0
9516 0
9516 0
9516 0
9516 0
9516 0
9516 0
9516 0
9516 0
9516 0
9516 68
9516 0
9516 0
9516 42
9516 0
9516 0
9516 2
9516 0
9516 0
9516 0
9732 0
9732 0
9732 0
9732 0
9732 0
9732 0
9732 0
9732 0
9732 0
9732 0
9732 418
9732 0
9732 0
9732 0
9732 0
9732 0
9732 0
9732 0
9732 0
9732 0
9732 0
9732 68
9732 0
9732 0
9732 42
9732 0
9732 0
9732 2
9732 0
9732 0
9732 0
10157 0
10157 0
10157 0
10157 0
10157 0
10157 0
10157 0
10157 0
10157 0
10157 0
10157 187
10157 0
10157 0
10157 0
10157 0
10157 0
10157 0
10157 0
10157 0
10157 0
10157 0
10157 12
10157 0
10157 0
10157 8
10157 0
10157 0
10157 0
10157 0
10157 0
10157 0
10228 0
10228 0
10228 0
10228 0
10228 0
10228 0
10228 0
10228 0
10228 0
10228 0
10228 450
10228 0
10228 0
10228 0
10228 0
10228 0
10228 0
10228 0
10228 0
10228 0
10228 0
10228 47
10228 0
10228 0
10228 17
10228 0
10228 0
10228 2
10228 0
10228 0
10228 0
10267 0
10267 0
10267 0
10267 0
10267 0
10267 0
10267 0
10267 0
10267 0
10267 0
10267 187
10267 0
10267 0
10267 0
10267 0
10267 0
10267 0
10267 0
10267 0
10267 0
10267 0
10267 12
10267 0
10267 0
10267 8
10267 0
10267 0
10267 0
10267 0
10267 0
10267 0
10272 0
10272 0
10272 0
10272 0
10272 0
10272 0
10272 0
10272 0
10272 0
10272 0
10272 125
10272 0
10272 0
10272 0
10272 0
10272 0
10272 0
10272 0
10272 0
10272 0
10272 0
10272 23
10272 0
10272 0
10272 14
10272 0
10272 0
10272 0
10272 0
10272 0
10272 0
10318 0
10318 0
10318 0
10318 0
10318 0
10318 0
10318 0
10318 0
10318 0
10318 0
10318 464
10318 0
10318 0
10318 0
10318 0
10318 0
10318 0
10318 0
10318 0
10318 0
10318 0
10318 48
10318 0
10318 0
10318 18
10318 0
10318 0
10318 2
10318 0
10318 0
10318 0
10403 0
10403 0
10403 0
10403 0
10403 0
10403 0
10403 0
10403 0
10403 0
10403 0
10403 126
10403 0
10403 0
10403 0
10403 0
10403 0
10403 0
10403 0
10403 0
10403 0
10403 0
10403 20
10403 0
10403 0
10403 12
10403 0
10403 0
10403 0
10403 0
10403 0
10403 0
10507 0
10507 0
10507 0
10507 0
10507 0
10507 0
10507 0
10507 0
10507 0
10507 0
10507 136
10507 0
10507 0
10507 0
10507 0
10507 0
10507 0
10507 0
10507 0
10507 0
10507 0
10507 13
10507 0
10507 0
10507 7
10507 0
10507 0
10507 0
10507 0
10507 0
10507 0
10512 0
10512 0
10512 0
10512 0
10512 0
10512 0
10512 0
10512 0
10512 0
10512 0
10512 136
10512 0
10512 0
10512 0
10512 0
10512 0
10512 0
10512 0
10512 0
10512 0
10512 0
10512 13
10512 0
10512 0
10512 7
10512 0
10512 0
10512 0
10512 0
10512 0
10512 0
10561 0
10561 0
10561 0
10561 0
10561 0
10561 0
10561 0
10561 0
10561 0
10561 0
10561 208
10561 0
10561 0
10561 0
10561 0
10561 0
10561 0
10561 0
10561 0
10561 0
10561 0
10561 6
10561 0
10561 0
10561 6
10561 0
10561 0
10561 0
10561 0
10561 0
10561 0
10588 0
10588 0
10588 0
10588 0
10588 0
10588 0
10588 0
10588 0
10588 0
10588 0
10588 153
10588 0
10588 0
10588 0
10588 0
10588 0
10588 0
10588 0
10588 0
10588 0
10588 0
10588 18
10588 0
10588 0
10588 12
10588 0
10588 0
10588 0
10588 0
10588 0
10588 0
10593 0
10593 0
10593 0
10593 0
10593 0
10593 0
10593 0
10593 0
10593 0
10593 0
10593 122
10593 0
10593 0
10593 0
10593 0
10593 0
10593 0
10593 0
10593 0
10593 0
10593 0
10593 33
10593 0
10593 0
10593 22
10593 0
10593 0
10593 0
10593 0
10593 0
10593 0
10615 0
10615 0
10615 0
10615 0
10615 0
10615 0
10615 0
10615 0
10615 0
10615 0
10615 127
10615 0
10615 0
10615 0
10615 0
10615 0
10615 0
10615 0
10615 0
10615 0
10615 0
10615 13
10615 0
10615 0
10615 7
10615 0
10615 0
10615 0
10615 0
10615 0
10615 0
10622 0
10622 0
10622 0
10622 0
10622 0
10622 0
10622 0
10622 0
10622 0
10622 0
10622 208
10622 0
10622 0
10622 0
10622 0
10622 0
10622 0
10622 0
10622 0
10622 0
10622 0
10622 6
10622 0
10622 0
10622 6
10622 0
10622 0
10622 0
10622 0
10622 0
10622 0
10629 0
10629 0
10629 0
10629 0
10629 0
10629 0
10629 0
10629 0
10629 0
10629 0
10629 464
10629 0
10629 0
10629 0
10629 0
10629 0
10629 0
10629 0
10629 0
10629 0
10629 0
10629 48
10629 0
10629 0
10629 18
10629 0
10629 0
10629 2
10629 0
10629 0
10629 0
10631 0
10631 0
10631 0
10631 0
10631 0
10631 0
10631 0
10631 0
10631 0
10631 0
10631 181
10631 0
10631 0
10631 0
10631 0
10631 0
10631 0
10631 0
10631 0
10631 0
10631 0
10631 9
10631 0
10631 0
10631 12
10631 0
10631 0
10631 0
10631 0
10631 0
10631 0
10641 0
10641 0
10641 0
10641 0
10641 0
10641 0
10641 0
10641 0
10641 0
10641 0
10641 131
10641 0
10641 0
10641 0
10641 0
10641 0
10641 0
10641 0
10641 0
10641 0
10641 0
10641 13
10641 0
10641 0
10641 7
10641 0
10641 0
10641 0
10641 0
10641 0
10641 0
10652 0
10652 0
10652 0
10652 0
10652 0
10652 0
10652 0
10652 0
10652 0
10652 0
10652 136
10652 0
10652 0
10652 0
10652 0
10652 0
10652 0
10652 0
10652 0
10652 0
10652 0
10652 13
10652 0
10652 0
10652 7
10652 0
10652 0
10652 0
10652 0
10652 0
10652 0
10657 0
10657 0
10657 0
10657 0
10657 0
10657 0
10657 0
10657 0
10657 0
10657 0
10657 127
10657 0
10657 0
10657 0
10657 0
10657 0
10657 0
10657 0
10657 0
10657 0
10657 0
10657 13
10657 0
10657 0
10657 7
10657 0
10657 0
10657 0
10657 0
10657 0
10657 0
10658 0
10658 0
10658 0
10658 0
10658 0
10658 0
10658 0
10658 0
10658 0
10658 0
10658 136
10658 0
10658 0
10658 0
10658 0
10658 0
10658 0
10658 0
10658 0
10658 0
10658 0
10658 13
10658 0
10658 0
10658 7
10658 0
10658 0
10658 0
10658 0
10658 0
10658 0
10674 0
10674 0
10674 0
10674 0
10674 0
10674 0
10674 0
10674 0
10674 0
10674 0
10674 136
10674 0
10674 0
10674 0
10674 0
10674 0
10674 0
10674 0
10674 0
10674 0
10674 0
10674 13
10674 0
10674 0
10674 7
10674 0
10674 0
10674 0
10674 0
10674 0
10674 0
10685 0
10685 0
10685 0
10685 0
10685 0
10685 0
10685 0
10685 0
10685 0
10685 0
10685 224
10685 0
10685 0
10685 0
10685 0
10685 0
10685 0
10685 0
10685 0
10685 0
10685 0
10685 26
10685 0
10685 0
10685 15
10685 0
10685 0
10685 0
10685 0
10685 0
10685 0
10687 0
10687 0
10687 0
10687 0
10687 0
10687 0
10687 0
10687 0
10687 0
10687 0
10687 208
10687 0
10687 0
10687 0
10687 0
10687 0
10687 0
10687 0
10687 0
10687 0
10687 0
10687 6
10687 0
10687 0
10687 6
10687 0
10687 0
10687 0
10687 0
10687 0
10687 0
10689 0
10689 0
10689 0
10689 0
10689 0
10689 0
10689 0
10689 0
10689 0
10689 0
10689 201
10689 0
10689 0
10689 0
10689 0
10689 0
10689 0
10689 0
10689 0
10689 0
10689 0
10689 22
10689 0
10689 0
10689 10
10689 0
10689 0
10689 0
10689 0
10689 0
10689 0
10697 0
10697 0
10697 0
10697 0
10697 0
10697 0
10697 0
10697 0
10697 0
10697 0
10697 208
10697 0
10697 0
10697 0
10697 0
10697 0
10697 0
10697 0
10697 0
10697 0
10697 0
10697 6
10697 0
10697 0
10697 6
10697 0
10697 0
10697 0
10697 0
10697 0
10697 0
10699 0
10699 0
10699 0
10699 0
10699 0
10699 0
10699 0
10699 0
10699 0
10699 0
10699 464
10699 0
10699 0
10699 0
10699 0
10699 0
10699 0
10699 0
10699 0
10699 0
10699 0
10699 48
10699 0
10699 0
10699 18
10699 0
10699 0
10699 2
10699 0
10699 0
10699 0
10702 0
10702 0
10702 0
10702 0
10702 0
10702 0
10702 0
10702 0
10702 0
10702 0
10702 326
10702 0
10702 0
10702 0
10702 0
10702 0
10702 0
10702 0
10702 0
10702 0
10702 0
10702 30
10702 0
10702 0
10702 13
10702 0
10702 0
10702 1
10702 0
10702 0
10702 0
10718 0
10718 0
10718 0
10718 0
10718 0
10718 0
10718 0
10718 0
10718 0
10718 0
10718 136
10718 0
10718 0
10718 0
10718 0
10718 0
10718 0
10718 0
10718 0
10718 0
10718 0
10718 13
10718 0
10718 0
10718 7
10718 0
10718 0
10718 0
10718 0
10718 0
10718 0
10722 0
10722 0
10722 0
10722 0
10722 0
10722 0
10722 0
10722 0
10722 0
10722 0
10722 133
10722 0
10722 0
10722 0
10722 0
10722 0
10722 0
10722 0
10722 0
10722 0
10722 0
10722 13
10722 0
10722 0
10722 7
10722 0
10722 0
10722 0
10722 0
10722 0
10722 0
10730 0
10730 0
10730 0
10730 0
10730 0
10730 0
10730 0
10730 0
10730 0
10730 0
10730 208
10730 0
10730 0
10730 0
10730 0
10730 0
10730 0
10730 0
10730 0
10730 0
10730 0
10730 6
10730 0
10730 0
10730 6
10730 0
10730 0
10730 0
10730 0
10730 0
10730 0
10735 0
10735 0
10735 0
10735 0
10735 0
10735 0
10735 0
10735 0
10735 0
10735 0
10735 187
10735 0
10735 0
10735 0
10735 0
10735 0
10735 0
10735 0
10735 0
10735 0
10735 0
10735 16
10735 0
10735 0
10735 7
10735 0
10735 0
10735 0
10735 0
10735 0
10735 0
10745 0
10745 0
10745 0
10745 0
10745 0
10745 0
10745 0
10745 0
10745 0
10745 0
10745 187
10745 0
10745 0
10745 0
10745 0
10745 0
10745 0
10745 0
10745 0
10745 0
10745 0
10745 12
10745 0
10745 0
10745 8
10745 0
10745 0
10745 0
10745 0
10745 0
10745 0
10754 0
10754 0
10754 0
10754 0
10754 0
10754 0
10754 0
10754 0
10754 0
10754 0
10754 187
10754 0
10754 0
10754 0
10754 0
10754 0
10754 0
10754 0
10754 0
10754 0
10754 0
10754 12
10754 0
10754 0
10754 8
10754 0
10754 0
10754 0
10754 0
10754 0
10754 0
10756 0
10756 0
10756 0
10756 0
10756 0
10756 0
10756 0
10756 0
10756 0
10756 0
10756 323
10756 0
10756 0
10756 0
10756 0
10756 0
10756 0
10756 0
10756 0
10756 0
10756 0
10756 28
10756 0
10756 0
10756 15
10756 0
10756 0
10756 1
10756 0
10756 0
10756 0
10762 0
10762 0
10762 0
10762 0
10762 0
10762 0
10762 0
10762 0
10762 0
10762 0
10762 136
10762 0
10762 0
10762 0
10762 0
10762 0
10762 0
10762 0
10762 0
10762 0
10762 0
10762 13
10762 0
10762 0
10762 7
10762 0
10762 0
10762 0
10762 0
10762 0
10762 0
10766 0
10766 0
10766 0
10766 0
10766 0
10766 0
10766 0
10766 0
10766 0
10766 0
10766 182
10766 0
10766 0
10766 0
10766 0
10766 0
10766 0
10766 0
10766 0
10766 0
10766 0
10766 18
10766 0
10766 0
10766 7
10766 0
10766 0
10766 0
10766 0
10766 0
10766 0
10772 0
10772 0
10772 0
10772 0
10772 0
10772 0
10772 0
10772 0
10772 0
10772 0
10772 238
10772 0
10772 0
10772 0
10772 0
10772 0
10772 0
10772 0
10772 0
10772 0
10772 0
10772 23
10772 0
10772 0
10772 7
10772 0
10772 0
10772 0
10772 0
10772 0
10772 0
10773 0
10773 0
10773 0
10773 0
10773 0
10773 0
10773 0
10773 0
10773 0
10773 0
10773 194
10773 0
10773 0
10773 0
10773 0
10773 0
10773 0
10773 0
10773 0
10773 0
10773 0
10773 28
10773 0
10773 0
10773 16
10773 0
10773 0
10773 0
10773 0
10773 0
10773 0
10774 0
10774 0
10774 0
10774 0
10774 0
10774 0
10774 0
10774 0
10774 0
10774 0
10774 238
10774 0
10774 0
10774 0
10774 0
10774 0
10774 0
10774 0
10774 0
10774 0
10774 0
10774 23
10774 0
10774 0
10774 7
10774 0
10774 0
10774 0
10774 0
10774 0
10774 0
10776 0
10776 0
10776 0
10776 0
10776 0
10776 0
10776 0
10776 0
10776 0
10776 0
10776 215
10776 0
10776 0
10776 0
10776 0
10776 0
10776 0
10776 0
10776 0
10776 0
10776 0
10776 27
10776 0
10776 0
10776 16
10776 0
10776 0
10776 0
10776 0
10776 0
10776 0
10778 0
10778 0
10778 0
10778 0
10778 0
10778 0
10778 0
10778 0
10778 0
10778 0
10778 172
10778 0
10778 0
10778 0
10778 0
10778 0
10778 0
10778 0
10778 0
10778 0
10778 0
10778 9
10778 0
10778 0
10778 8
10778 0
10778 0
10778 0
10778 0
10778 0
10778 0
10786 0
10786 0
10786 0
10786 0
10786 0
10786 0
10786 0
10786 0
10786 0
10786 0
10786 351
10786 0
10786 0
10786 0
10786 0
10786 0
10786 0
10786 0
10786 0
10786 0
10786 0
10786 36
10786 0
10786 0
10786 12
10786 0
10786 0
10786 1
10786 0
10786 0
10786 0
10792 0
10792 0
10792 0
10792 0
10792 0
10792 0
10792 0
10792 0
10792 0
10792 0
10792 254
10792 0
10792 0
10792 0
10792 0
10792 0
10792 0
10792 0
10792 0
10792 0
10792 0
10792 14
10792 0
10792 0
10792 14
10792 0
10792 0
10792 0
10792 0
10792 0
10792 0
10806 0
10806 0
10806 0
10806 0
10806 0
10806 0
10806 0
10806 0
10806 0
10806 0
10806 208
10806 0
10806 0
10806 0
10806 0
10806 0
10806 0
10806 0
10806 0
10806 0
10806 0
10806 6
10806 0
10806 0
10806 6
10806 0
10806 0
10806 0
10806 0
10806 0
10806 0
10812 0
10812 0
10812 0
10812 0
10812 0
10812 0
10812 0
10812 0
10812 0
10812 0
10812 272
10812 0
10812 0
10812 0
10812 0
10812 0
10812 0
10812 0
10812 0
10812 0
10812 0
10812 14
10812 0
10812 0
10812 15
10812 0
10812 0
10812 1
10812 0
10812 0
10812 0
10813 0
10813 0
10813 0
10813 0
10813 0
10813 0
10813 0
10813 0
10813 0
10813 0
10813 238
10813 0
10813 0
10813 0
10813 0
10813 0
10813 0
10813 0
10813 0
10813 0
10813 0
10813 23
10813 0
10813 0
10813 7
10813 0
10813 0
10813 0
10813 0
10813 0
10813 0
10819 0
10819 0
10819 0
10819 0
10819 0
10819 0
10819 0
10819 0
10819 0
10819 0
10819 272
10819 0
10819 0
10819 0
10819 0
10819 0
10819 0
10819 0
10819 0
10819 0
10819 0
10819 14
10819 0
10819 0
10819 15
10819 0
10819 0
10819 1
10819 0
10819 0
10819 0
10823 0
10823 0
10823 0
10823 0
10823 0
10823 0
10823 0
10823 0
10823 0
10823 0
10823 294
10823 0
10823 0
10823 0
10823 0
10823 0
10823 0
10823 0
10823 0
10823 0
10823 0
10823 25
10823 0
10823 0
10823 20
10823 0
10823 0
10823 1
10823 0
10823 0
10823 0
10824 0
10824 0
10824 0
10824 0
10824 0
10824 0
10824 0
10824 0
10824 0
10824 0
10824 416
10824 0
10824 0
10824 0
10824 0
10824 0
10824 0
10824 0
10824 0
10824 0
10824 0
10824 15
10824 0
10824 0
10824 23
10824 0
10824 0
10824 2
10824 0
10824 0
10824 0
10835 0
10835 0
10835 0
10835 0
10835 0
10835 0
10835 0
10835 0
10835 0
10835 0
10835 254
10835 0
10835 0
10835 0
10835 0
10835 0
10835 0
10835 0
10835 0
10835 0
10835 0
10835 14
10835 0
10835 0
10835 14
10835 0
10835 0
10835 0
10835 0
10835 0
10835 0
10839 0
10839 0
10839 0
10839 0
10839 0
10839 0
10839 0
10839 0
10839 0
10839 0
10839 238
10839 0
10839 0
10839 0
10839 0
10839 0
10839 0
10839 0
10839 0
10839 0
10839 0
10839 23
10839 0
10839 0
10839 7
10839 0
10839 0
10839 0
10839 0
10839 0
10839 0
10842 0
10842 0
10842 0
10842 0
10842 0
10842 0
10842 0
10842 0
10842 0
10842 0
10842 266
10842 0
10842 0
10842 0
10842 0
10842 0
10842 0
10842 0
10842 0
10842 0
10842 0
10842 28
10842 0
10842 0
10842 21
10842 0
10842 0
10842 1
10842 0
10842 0
10842 0
10843 0
10843 0
10843 0
10843 0
10843 0
10843 0
10843 0
10843 0
10843 0
10843 0
10843 416
10843 0
10843 0
10843 0
10843 0
10843 0
10843 0
10843 0
10843 0
10843 0
10843 0
10843 15
10843 0
10843 0
10843 23
10843 0
10843 0
10843 2
10843 0
10843 0
10843 0
10844 0
10844 0
10844 0
10844 0
10844 0
10844 0
10844 0
10844 0
10844 0
10844 0
10844 294
10844 0
10844 0
10844 0
10844 0
10844 0
10844 0
10844 0
10844 0
10844 0
10844 0
10844 20
10844 0
10844 0
10844 10
10844 0
10844 0
10844 1
10844 0
10844 0
10844 0
10845 0
10845 0
10845 0
10845 0
10845 0
10845 0
10845 0
10845 0
10845 0
10845 0
10845 127
10845 0
10845 0
10845 0
10845 0
10845 0
10845 0
10845 0
10845 0
10845 0
10845 0
10845 13
10845 0
10845 0
10845 7
10845 0
10845 0
10845 0
10845 0
10845 0
10845 0
10861 0
10861 0
10861 0
10861 0
10861 0
10861 0
10861 0
10861 0
10861 0
10861 0
10861 416
10861 0
10861 0
10861 0
10861 0
10861 0
10861 0
10861 0
10861 0
10861 0
10861 0
10861 15
10861 0
10861 0
10861 23
10861 0
10861 0
10861 2
10861 0
10861 0
10861 0
