pt_graph scale
9112 0
9112 0
9112 0
9112 0
9112 0
9112 0
9112 0
9112 0
9112 0
9112 0
9112 418
9112 0
9112 0
9112 0
9112 0
9112 0
9112 0
9112 0
9112 0
9112 0
9112 0
9112 0
9112 0
9112 0
9112 0
9112 0
9112 0
9112 0
9112 0
9112 0
9112 0
9121 0
9121 0
9121 0
9121 0
9121 0
9121 0
9121 0
9121 0
9121 0
9121 0
9121 418
9121 0
9121 0
9121 0
9121 0
9121 0
9121 0
9121 0
9121 0
9121 0
9121 0
9121 0
9121 0
9121 0
9121 0
9121 0
9121 0
9121 0
9121 0
9121 0
9121 0
9201 0
9201 0
9201 0
9201 0
9201 0
9201 0
9201 0
9201 0
9201 0
9201 0
9201 418
9201 0
9201 0
9201 0
9201 0
9201 0
9201 0
9201 0
9201 0
9201 0
9201 0
9201 0
9201 0
9201 0
9201 0
9201 0
9201 0
9201 0
9201 0
9201 0
9201 0
10762 0
10762 0
10762 0
10762 0
10762 0
10762 0
10762 0
10762 0
10762 0
10762 0
10762 102
10762 0
10762 0
10762 0
10762 0
10762 0
10762 0
10762 0
10762 0
10762 0
10762 0
10762 0
10762 0
10762 0
10762 0
10762 0
10762 0
10762 0
10762 0
10762 0
10762 0
10778 0
10778 0
10778 0
10778 0
10778 0
10778 0
10778 0
10778 0
10778 0
10778 0
10778 102
10778 0
10778 0
10778 0
10778 0
10778 0
10778 0
10778 0
10778 0
10778 0
10778 0
10778 0
10778 0
10778 0
10778 0
10778 0
10778 0
10778 0
10778 0
10778 0
10778 0
10786 0
10786 0
10786 0
10786 0
10786 0
10786 0
10786 0
10786 0
10786 0
10786 0
10786 102
10786 0
10786 0
10786 0
10786 0
10786 0
10786 0
10786 0
10786 0
10786 0
10786 0
10786 0
10786 0
10786 0
10786 0
10786 0
10786 0
10786 0
10786 0
10786 0
10786 0
10813 0
10813 0
10813 0
10813 0
10813 0
10813 0
10813 0
10813 0
10813 0
10813 0
10813 216
10813 0
10813 0
10813 0
10813 0
10813 0
10813 0
10813 0
10813 0
10813 0
10813 0
10813 0
10813 0
10813 0
10813 0
10813 0
10813 0
10813 0
10813 0
10813 0
10813 0
10832 0
10832 0
10832 0
10832 0
10832 0
10832 0
10832 0
10832 0
10832 0
10832 0
10832 76
10832 0
10832 0
10832 0
10832 0
10832 0
10832 0
10832 0
10832 0
10832 0
10832 0
10832 0
10832 0
10832 0
10832 0
10832 0
10832 0
10832 0
10832 0
10832 0
10832 0
10883 0
10883 0
10883 0
10883 0
10883 0
10883 0
10883 0
10883 0
10883 0
10883 0
10883 0
10883 247
10883 0
10883 0
10883 0
10883 0
10883 0
10883 0
10883 0
10883 0
10883 0
10883 0
10883 0
10883 0
10883 0
10883 0
10883 0
10883 0
10883 0
10883 0
10883 0
10891 0
10891 0
10891 0
10891 0
10891 0
10891 0
10891 0
10891 0
10891 0
10891 0
10891 0
10891 368
10891 0
10891 0
10891 0
10891 0
10891 0
10891 0
10891 0
10891 0
10891 0
10891 0
10891 0
10891 0
10891 0
10891 0
10891 0
10891 0
10891 0
10891 0
10891 0
10893 0
10893 0
10893 0
10893 0
10893 0
10893 0
10893 0
10893 0
10893 0
10893 0
10893 0
10893 344
10893 0
10893 0
10893 0
10893 0
10893 0
10893 0
10893 0
10893 0
10893 0
10893 0
10893 0
10893 0
10893 0
10893 0
10893 0
10893 0
10893 0
10893 0
10893 0
10897 0
10897 0
10897 0
10897 0
10897 0
10897 0
10897 0
10897 0
10897 0
10897 0
10897 0
10897 486
10897 0
10897 0
10897 0
10897 0
10897 0
10897 0
10897 0
10897 0
10897 0
10897 0
10897 0
10897 0
10897 0
10897 0
10897 0
10897 0
10897 0
10897 0
10897 0
10909 0
10909 0
10909 0
10909 0
10909 0
10909 0
10909 0
10909 0
10909 0
10909 0
10909 0
10909 1967
10909 0
10909 0
10909 0
10909 0
10909 0
10909 0
10909 0
10909 0
10909 0
10909 0
10909 0
10909 0
10909 0
10909 0
10909 0
10909 0
10909 0
10909 0
10909 0
10918 0
10918 0
10918 0
10918 0
10918 0
10918 0
10918 0
10918 0
10918 0
10918 0
10918 0
10918 1993
10918 0
10918 0
10918 0
10918 0
10918 0
10918 0
10918 0
10918 0
10918 0
10918 0
10918 0
10918 0
10918 0
10918 0
10918 0
10918 0
10918 0
10918 0
10918 0
10920 0
10920 0
10920 0
10920 0
10920 0
10920 0
10920 0
10920 0
10920 0
10920 0
10920 0
10920 463
10920 0
10920 0
10920 0
10920 0
10920 0
10920 0
10920 0
10920 0
10920 0
10920 0
10920 0
10920 0
10920 0
10920 0
10920 0
10920 0
10920 0
10920 0
10920 0
10926 0
10926 0
10926 0
10926 0
10926 0
10926 0
10926 0
10926 0
10926 0
10926 0
10926 0
10926 715
10926 0
10926 0
10926 0
10926 0
10926 0
10926 0
10926 0
10926 0
10926 0
10926 0
10926 0
10926 0
10926 0
10926 0
10926 0
10926 0
10926 0
10926 0
10926 0
10930 0
10930 0
10930 0
10930 0
10930 0
10930 0
10930 0
10930 0
10930 0
10930 0
10930 0
10930 368
10930 0
10930 0
10930 0
10930 0
10930 0
10930 0
10930 0
10930 0
10930 0
10930 0
10930 0
10930 0
10930 0
10930 0
10930 0
10930 0
10930 0
10930 0
10930 0
10935 0
10935 0
10935 0
10935 0
10935 0
10935 0
10935 0
10935 0
10935 0
10935 0
10935 0
10935 368
10935 0
10935 0
10935 0
10935 0
10935 0
10935 0
10935 0
10935 0
10935 0
10935 0
10935 0
10935 0
10935 0
10935 0
10935 0
10935 0
10935 0
10935 0
10935 0
10942 0
10942 0
10942 0
10942 0
10942 0
10942 0
10942 0
10942 0
10942 0
10942 0
10942 0
10942 1108
10942 0
10942 0
10942 0
10942 0
10942 0
10942 0
10942 0
10942 0
10942 0
10942 0
10942 0
10942 0
10942 0
10942 0
10942 0
10942 0
10942 0
10942 0
10942 0
10953 0
10953 0
10953 0
10953 0
10953 0
10953 0
10953 0
10953 0
10953 0
10953 0
10953 0
10953 2592
10953 0
10953 0
10953 0
10953 0
10953 0
10953 0
10953 0
10953 0
10953 0
10953 0
10953 0
10953 0
10953 0
10953 0
10953 0
10953 0
10953 0
10953 0
10953 0
10959 0
10959 0
10959 0
10959 0
10959 0
10959 0
10959 0
10959 0
10959 0
10959 0
10959 0
10959 2018
10959 0
10959 0
10959 0
10959 0
10959 0
10959 0
10959 0
10959 0
10959 0
10959 0
10959 0
10959 0
10959 0
10959 0
10959 0
10959 0
10959 0
10959 0
10959 0
10961 0
10961 0
10961 0
10961 0
10961 0
10961 0
10961 0
10961 0
10961 0
10961 0
10961 0
10961 157
10961 0
10961 0
10961 0
10961 0
10961 0
10961 0
10961 0
10961 0
10961 0
10961 0
10961 0
10961 0
10961 0
10961 0
10961 0
10961 0
10961 0
10961 0
10961 0
10962 0
10962 0
10962 0
10962 0
10962 0
10962 0
10962 0
10962 0
10962 0
10962 0
10962 0
10962 242
10962 0
10962 0
10962 0
10962 0
10962 0
10962 0
10962 0
10962 0
10962 0
10962 0
10962 0
10962 0
10962 0
10962 0
10962 0
10962 0
10962 0
10962 0
10962 0
10976 0
10976 0
10976 0
10976 0
10976 0
10976 0
10976 0
10976 0
10976 0
10976 0
10976 0
10976 368
10976 0
10976 0
10976 0
10976 0
10976 0
10976 0
10976 0
10976 0
10976 0
10976 0
10976 0
10976 0
10976 0
10976 0
10976 0
10976 0
10976 0
10976 0
10976 0
10986 0
10986 0
10986 0
10986 0
10986 0
10986 0
10986 0
10986 0
10986 0
10986 0
10986 0
10986 2193
10986 0
10986 0
10986 0
10986 0
10986 0
10986 0
10986 0
10986 0
10986 0
10986 0
10986 0
10986 0
10986 0
10986 0
10986 0
10986 0
10986 0
10986 0
10986 0
10988 0
10988 0
10988 0
10988 0
10988 0
10988 0
10988 0
10988 0
10988 0
10988 0
10988 0
10988 1641
10988 0
10988 0
10988 0
10988 0
10988 0
10988 0
10988 0
10988 0
10988 0
10988 0
10988 0
10988 0
10988 0
10988 0
10988 0
10988 0
10988 0
10988 0
10988 0
10993 0
10993 0
10993 0
10993 0
10993 0
10993 0
10993 0
10993 0
10993 0
10993 0
10993 0
10993 5976
10993 0
10993 0
10993 0
10993 0
10993 0
10993 0
10993 0
10993 0
10993 0
10993 0
10993 0
10993 0
10993 0
10993 0
10993 0
10993 0
10993 0
10993 0
10993 0
10994 0
10994 0
10994 0
10994 0
10994 0
10994 0
10994 0
10994 0
10994 0
10994 0
10994 0
10994 242
10994 0
10994 0
10994 0
10994 0
10994 0
10994 0
10994 0
10994 0
10994 0
10994 0
10994 0
10994 0
10994 0
10994 0
10994 0
10994 0
10994 0
10994 0
10994 0
10996 0
10996 0
10996 0
10996 0
10996 0
10996 0
10996 0
10996 0
10996 0
10996 0
10996 0
10996 4392
10996 0
10996 0
10996 0
10996 0
10996 0
10996 0
10996 0
10996 0
10996 0
10996 0
10996 0
10996 0
10996 0
10996 0
10996 0
10996 0
10996 0
10996 0
10996 0
11009 0
11009 0
11009 0
11009 0
11009 0
11009 0
11009 0
11009 0
11009 0
11009 0
11009 0
11009 193
11009 0
11009 0
11009 0
11009 0
11009 0
11009 0
11009 0
11009 0
11009 0
11009 0
11009 0
11009 0
11009 0
11009 0
11009 0
11009 0
11009 0
11009 0
11009 0
