pt_graph LE_MET_level6
5608 9
5554 9
5472 9
6348 9
6365 9
6236 9
5878 9
6024 9
5916 9
5766 9
5604 9
5499 9
5307 9
5261 9
5150 9
5136 9
5110 9
5142 9
5080 9
6354 9
5057 9
4993 9
5017 9
5114 9
5200 9
5157 9
5177 9
5570 9
5509 9
5434 9
5255 9
5674 9
5658 9
5711 9
5877 9
5834 9
5533 9
6062 9
6066 9
6086 9
6002 9
5892 9
5971 9
5923 9
6003 9
5902 9
5857 9
5625 9
5566 9
5676 9
5538 9
5446 9
5336 9
5452 9
5605 9
5661 9
5723 9
5672 9
5522 9
5438 9
5726 9
5550 9
5850 9
5699 9
5477 9
5525 9
5807 9
5639 9
5245 9
5192 9
5350 9
5254 9
5372 9
4941 9
5285 9
5906 9
5765 9
5185 9
5387 9
5435 9
5413 9
4877 9
4893 9
5018 9
5653 9
5821 9
5757 9
5687 9
5025 9
5066 9
5027 9
5389 9
