pt_graph shape
8875 0
8875 0
8875 0
8875 0
8875 0
8875 0
8875 0
8875 0
8875 0
8875 0
8875 1.55
8875 0
8875 0
8875 0
8875 0
8875 0
8875 0
8875 0
8875 0
8875 0
8875 0
8875 0
8875 0
8875 0
8875 0
8875 0
8875 0
8875 0
8875 0
8875 0
8875 0
8976 0
8976 0
8976 0
8976 0
8976 0
8976 0
8976 0
8976 0
8976 0
8976 0
8976 1.55
8976 0
8976 0
8976 0
8976 0
8976 0
8976 0
8976 0
8976 0
8976 0
8976 0
8976 0
8976 0
8976 0
8976 0
8976 0
8976 0
8976 0
8976 0
8976 0
8976 0
9032 0
9032 0
9032 0
9032 0
9032 0
9032 0
9032 0
9032 0
9032 0
9032 0
9032 1.55
9032 0
9032 0
9032 0
9032 0
9032 0
9032 0
9032 0
9032 0
9032 0
9032 0
9032 0
9032 0
9032 0
9032 0
9032 0
9032 0
9032 0
9032 0
9032 0
9032 0
9087 0
9087 0
9087 0
9087 0
9087 0
9087 0
9087 0
9087 0
9087 0
9087 0
9087 1.55
9087 0
9087 0
9087 0
9087 0
9087 0
9087 0
9087 0
9087 0
9087 0
9087 0
9087 0
9087 0
9087 0
9087 0
9087 0
9087 0
9087 0
9087 0
9087 0
9087 0
9205 0
9205 0
9205 0
9205 0
9205 0
9205 0
9205 0
9205 0
9205 0
9205 0
9205 1.55
9205 0
9205 0
9205 0
9205 0
9205 0
9205 0
9205 0
9205 0
9205 0
9205 0
9205 0
9205 0
9205 0
9205 0
9205 0
9205 0
9205 0
9205 0
9205 0
9205 0
9339 0
9339 0
9339 0
9339 0
9339 0
9339 0
9339 0
9339 0
9339 0
9339 0
9339 0.93
9339 0
9339 0
9339 0
9339 0
9339 0
9339 0
9339 0
9339 0
9339 0
9339 0
9339 0
9339 0
9339 0
9339 40.79
9339 0
9339 0
9339 0
9339 0
9339 0
9339 0
9345 0
9345 0
9345 0
9345 0
9345 0
9345 0
9345 0
9345 0
9345 0
9345 0
9345 1.66
9345 0
9345 0
9345 0
9345 0
9345 0
9345 0
9345 0
9345 0
9345 0
9345 0
9345 0
9345 0
9345 0
9345 0
9345 0
9345 0
9345 0
9345 0
9345 0
9345 0
9354 0
9354 0
9354 0
9354 0
9354 0
9354 0
9354 0
9354 0
9354 0
9354 0
9354 1.48
9354 0
9354 0
9354 0
9354 0
9354 0
9354 0
9354 0
9354 0
9354 0
9354 0
9354 0
9354 0
9354 0
9354 0
9354 0
9354 0
9354 0
9354 0
9354 0
9354 0
9366 0
9366 0
9366 0
9366 0
9366 0
9366 0
9366 0
9366 0
9366 0
9366 0
9366 0.74
9366 0
9366 0
9366 0
9366 0
9366 0
9366 0
9366 0
9366 0
9366 0
9366 0
9366 0
9366 0
9366 0
9366 0
9366 0
9366 0
9366 0
9366 0
9366 0
9366 0
9373 0
9373 0
9373 0
9373 0
9373 0
9373 0
9373 0
9373 0
9373 0
9373 0
9373 0.94
9373 0
9373 0
9373 0
9373 0
9373 0
9373 0
9373 0
9373 0
9373 0
9373 0
9373 0
9373 0
9373 0
9373 40.02
9373 0
9373 0
9373 0
9373 0
9373 0
9373 0
9375 0
9375 0
9375 0
9375 0
9375 0
9375 0
9375 0
9375 0
9375 0
9375 0
9375 1.47
9375 0
9375 0
9375 0
9375 0
9375 0
9375 0
9375 0
9375 0
9375 0
9375 0
9375 36.96
9375 0
9375 0
9375 28.27
9375 0
9375 0
9375 29.72
9375 0
9375 0
9375 0
9382 0
9382 0
9382 0
9382 0
9382 0
9382 0
9382 0
9382 0
9382 0
9382 0
9382 1.59
9382 0
9382 0
9382 0
9382 0
9382 0
9382 0
9382 0
9382 0
9382 0
9382 0
9382 0
9382 0
9382 0
9382 0
9382 0
9382 0
9382 0
9382 0
9382 0
9382 0
9392 0
9392 0
9392 0
9392 0
9392 0
9392 0
9392 0
9392 0
9392 0
9392 0
9392 0.93
9392 0
9392 0
9392 0
9392 0
9392 0
9392 0
9392 0
9392 0
9392 0
9392 0
9392 0
9392 0
9392 0
9392 0
9392 0
9392 0
9392 0
9392 0
9392 0
9392 0
9401 0
9401 0
9401 0
9401 0
9401 0
9401 0
9401 0
9401 0
9401 0
9401 0
9401 1.47
9401 0
9401 0
9401 0
9401 0
9401 0
9401 0
9401 0
9401 0
9401 0
9401 0
9401 36.96
9401 0
9401 0
9401 28.27
9401 0
9401 0
9401 29.72
9401 0
9401 0
9401 0
9411 0
9411 0
9411 0
9411 0
9411 0
9411 0
9411 0
9411 0
9411 0
9411 0
9411 1.47
9411 0
9411 0
9411 0
9411 0
9411 0
9411 0
9411 0
9411 0
9411 0
9411 0
9411 0
9411 0
9411 0
9411 0
9411 0
9411 0
9411 0
9411 0
9411 0
9411 0
9412 0
9412 0
9412 0
9412 0
9412 0
9412 0
9412 0
9412 0
9412 0
9412 0
9412 0.58
9412 0
9412 0
9412 0
9412 0
9412 0
9412 0
9412 0
9412 0
9412 0
9412 0
9412 0
9412 0
9412 0
9412 28
9412 0
9412 0
9412 0
9412 0
9412 0
9412 0
9418 0
9418 0
9418 0
9418 0
9418 0
9418 0
9418 0
9418 0
9418 0
9418 0
9418 1.48
9418 0
9418 0
9418 0
9418 0
9418 0
9418 0
9418 0
9418 0
9418 0
9418 0
9418 0
9418 0
9418 0
9418 0
9418 0
9418 0
9418 0
9418 0
9418 0
9418 0
9435 0
9435 0
9435 0
9435 0
9435 0
9435 0
9435 0
9435 0
9435 0
9435 0
9435 0.56
9435 0
9435 0
9435 0
9435 0
9435 0
9435 0
9435 0
9435 0
9435 0
9435 0
9435 0
9435 0
9435 0
9435 0
9435 0
9435 0
9435 0
9435 0
9435 0
9435 0
9439 0
9439 0
9439 0
9439 0
9439 0
9439 0
9439 0
9439 0
9439 0
9439 0
9439 0.94
9439 0
9439 0
9439 0
9439 0
9439 0
9439 0
9439 0
9439 0
9439 0
9439 0
9439 0
9439 0
9439 0
9439 46.24
9439 0
9439 0
9439 0
9439 0
9439 0
9439 0
9442 0
9442 0
9442 0
9442 0
9442 0
9442 0
9442 0
9442 0
9442 0
9442 0
9442 1.47
9442 0
9442 0
9442 0
9442 0
9442 0
9442 0
9442 0
9442 0
9442 0
9442 0
9442 38.03
9442 0
9442 0
9442 48.34
9442 0
9442 0
9442 37.16
9442 0
9442 0
9442 0
9456 0
9456 0
9456 0
9456 0
9456 0
9456 0
9456 0
9456 0
9456 0
9456 0
9456 1.48
9456 0
9456 0
9456 0
9456 0
9456 0
9456 0
9456 0
9456 0
9456 0
9456 0
9456 0
9456 0
9456 0
9456 0
9456 0
9456 0
9456 0
9456 0
9456 0
9456 0
9470 0
9470 0
9470 0
9470 0
9470 0
9470 0
9470 0
9470 0
9470 0
9470 0
9470 1.47
9470 0
9470 0
9470 0
9470 0
9470 0
9470 0
9470 0
9470 0
9470 0
9470 0
9470 36.96
9470 0
9470 0
9470 28.27
9470 0
9470 0
9470 29.72
9470 0
9470 0
9470 0
9471 0
9471 0
9471 0
9471 0
9471 0
9471 0
9471 0
9471 0
9471 0
9471 0
9471 1.54
9471 0
9471 0
9471 0
9471 0
9471 0
9471 0
9471 0
9471 0
9471 0
9471 0
9471 0
9471 0
9471 0
9471 28
9471 0
9471 0
9471 0
9471 0
9471 0
9471 0
9493 0
9493 0
9493 0
9493 0
9493 0
9493 0
9493 0
9493 0
9493 0
9493 0
9493 0.7
9493 0
9493 0
9493 0
9493 0
9493 0
9493 0
9493 0
9493 0
9493 0
9493 0
9493 0
9493 0
9493 0
9493 0
9493 0
9493 0
9493 0
9493 0
9493 0
9493 0
9496 0
9496 0
9496 0
9496 0
9496 0
9496 0
9496 0
9496 0
9496 0
9496 0
9496 0.47
9496 0
9496 0
9496 0
9496 35.04
9496 0
9496 0
9496 0
9496 0
9496 0
9496 0
9496 0
9496 0
9496 0
9496 42.78
9496 0
9496 0
9496 0
9496 0
9496 0
9496 0
9502 0
9502 0
9502 0
9502 0
9502 0
9502 0
9502 0
9502 0
9502 0
9502 0
9502 0.76
9502 0
9502 0
9502 0
9502 0
9502 0
9502 0
9502 0
9502 0
9502 0
9502 0
9502 55.7
9502 0
9502 0
9502 2.11
9502 0
9502 0
9502 46.14
9502 0
9502 0
9502 0
9524 0
9524 0
9524 0
9524 0
9524 0
9524 0
9524 0
9524 0
9524 0
9524 0
9524 0.81
9524 0
9524 0
9524 0
9524 0
9524 0
9524 0
9524 0
9524 0
9524 0
9524 0
9524 0
9524 0
9524 0
9524 39.19
9524 0
9524 0
9524 0
9524 0
9524 0
9524 0
9526 0
9526 0
9526 0
9526 0
9526 0
9526 0
9526 0
9526 0
9526 0
9526 0
9526 0.5
9526 0
9526 0
9526 0
9526 0
9526 0
9526 0
9526 0
9526 0
9526 0
9526 0
9526 0
9526 0
9526 0
9526 39.19
9526 0
9526 0
9526 0
9526 0
9526 0
9526 0
9536 0
9536 0
9536 0
9536 0
9536 0
9536 0
9536 0
9536 0
9536 0
9536 0
9536 0.72
9536 0
9536 0
9536 0
9536 35.04
9536 0
9536 0
9536 0
9536 0
9536 0
9536 0
9536 0
9536 0
9536 0
9536 33
9536 0
9536 0
9536 0
9536 0
9536 0
9536 0
9556 0
9556 0
9556 0
9556 0
9556 0
9556 0
9556 0
9556 0
9556 0
9556 0
9556 0.51
9556 0
9556 0
9556 0
9556 0
9556 0
9556 0
9556 0
9556 0
9556 0
9556 0
9556 0
9556 0
9556 0
9556 42.12
9556 0
9556 0
9556 0
9556 0
9556 0
9556 0
9575 0
9575 0
9575 0
9575 0
9575 0
9575 0
9575 0
9575 0
9575 0
9575 0
9575 0.72
9575 0
9575 0
9575 0
9575 0
9575 0
9575 0
9575 0
9575 0
9575 0
9575 0
9575 39.49
9575 0
9575 0
9575 62.57
9575 0
9575 0
9575 42.9
9575 0
9575 0
9575 0
9579 0
9579 0
9579 0
9579 0
9579 0
9579 0
9579 0
9579 0
9579 0
9579 0
9579 1.68
9579 0
9579 0
9579 0
9579 0
9579 0
9579 0
9579 0
9579 0
9579 0
9579 0
9579 0
9579 0
9579 0
9579 0
9579 0
9579 0
9579 0
9579 0
9579 0
9579 0
9580 0
9580 0
9580 0
9580 0
9580 0
9580 0
9580 0
9580 0
9580 0
9580 0
9580 0.92
9580 0
9580 0
9580 0
9580 0
9580 0
9580 0
9580 0
9580 0
9580 0
9580 0
9580 46.68
9580 0
9580 0
9580 25.44
9580 0
9580 0
9580 40.64
9580 0
9580 0
9580 0
9584 0
9584 0
9584 0
9584 0
9584 0
9584 0
9584 0
9584 0
9584 0
9584 0
9584 1.59
9584 0
9584 0
9584 0
9584 0
9584 0
9584 0
9584 0
9584 0
9584 0
9584 0
9584 0
9584 0
9584 0
9584 0
9584 0
9584 0
9584 0
9584 0
9584 0
9584 0
9609 0
9609 0
9609 0
9609 0
9609 0
9609 0
9609 0
9609 0
9609 0
9609 0
9609 1.48
9609 0
9609 0
9609 0
9609 0
9609 0
9609 0
9609 0
9609 0
9609 0
9609 0
9609 0
9609 0
9609 0
9609 39.01
9609 0
9609 0
9609 0
9609 0
9609 0
9609 0
9614 0
9614 0
9614 0
9614 0
9614 0
9614 0
9614 0
9614 0
9614 0
9614 0
9614 0.52
9614 0
9614 0
9614 0
9614 35.04
9614 0
9614 0
9614 0
9614 0
9614 0
9614 0
9614 0
9614 0
9614 0
9614 11.72
9614 0
9614 0
9614 0
9614 0
9614 0
9614 0
9620 0
9620 0
9620 0
9620 0
9620 0
9620 0
9620 0
9620 0
9620 0
9620 0
9620 1.69
9620 0
9620 0
9620 0
9620 0
9620 0
9620 0
9620 0
9620 0
9620 0
9620 0
9620 0
9620 0
9620 0
9620 0
9620 0
9620 0
9620 0
9620 0
9620 0
9620 0
9621 0
9621 0
9621 0
9621 0
9621 0
9621 0
9621 0
9621 0
9621 0
9621 0
9621 0.72
9621 0
9621 0
9621 0
9621 0
9621 0
9621 0
9621 0
9621 0
9621 0
9621 0
9621 38.03
9621 0
9621 0
9621 0.53
9621 0
9621 0
9621 37.16
9621 0
9621 0
9621 0
9626 0
9626 0
9626 0
9626 0
9626 0
9626 0
9626 0
9626 0
9626 0
9626 0
9626 1.59
9626 0
9626 0
9626 0
9626 0
9626 0
9626 0
9626 0
9626 0
9626 0
9626 0
9626 0
9626 0
9626 0
9626 0
9626 0
9626 0
9626 0
9626 0
9626 0
9626 0
9641 0
9641 0
9641 0
9641 0
9641 0
9641 0
9641 0
9641 0
9641 0
9641 0
9641 0.79
9641 0
9641 0
9641 0
9641 0
9641 0
9641 0
9641 0
9641 0
9641 0
9641 0
9641 0
9641 0
9641 0
9641 36.92
9641 0
9641 0
9641 0
9641 0
9641 0
9641 0
9643 0
9643 0
9643 0
9643 0
9643 0
9643 0
9643 0
9643 0
9643 0
9643 0
9643 0.94
9643 0
9643 0
9643 0
9643 32.25
9643 0
9643 0
9643 0
9643 0
9643 0
9643 0
9643 36.67
9643 0
9643 0
9643 10.29
9643 0
9643 0
9643 29.67
9643 0
9643 0
9643 0
9644 0
9644 0
9644 0
9644 0
9644 0
9644 0
9644 0
9644 0
9644 0
9644 0
9644 0.9
9644 0
9644 0
9644 0
9644 35.04
9644 0
9644 0
9644 0
9644 0
9644 0
9644 0
9644 0
9644 0
9644 0
9644 49.31
9644 0
9644 0
9644 0
9644 0
9644 0
9644 0
9662 0
9662 0
9662 0
9662 0
9662 0
9662 0
9662 0
9662 0
9662 0
9662 0
9662 1.66
9662 0
9662 0
9662 0
9662 0
9662 0
9662 0
9662 0
9662 0
9662 0
9662 0
9662 0
9662 0
9662 0
9662 36.2
9662 0
9662 0
9662 0
9662 0
9662 0
9662 0
9676 0
9676 0
9676 0
9676 0
9676 0
9676 0
9676 0
9676 0
9676 0
9676 0
9676 0.64
9676 0
9676 0
9676 0
9676 50.05
9676 0
9676 0
9676 0
9676 0
9676 0
9676 0
9676 0
9676 0
9676 0
9676 53.8
9676 0
9676 0
9676 0
9676 0
9676 0
9676 0
9682 0
9682 0
9682 0
9682 0
9682 0
9682 0
9682 0
9682 0
9682 0
9682 0
9682 0.66
9682 0
9682 0
9682 0
9682 36.71
9682 0
9682 0
9682 0
9682 0
9682 0
9682 0
9682 0
9682 0
9682 0
9682 34.1
9682 0
9682 0
9682 0
9682 0
9682 0
9682 0
9693 0
9693 0
9693 0
9693 0
9693 0
9693 0
9693 0
9693 0
9693 0
9693 0
9693 0.64
9693 0
9693 0
9693 0
9693 35.04
9693 0
9693 0
9693 0
9693 0
9693 0
9693 0
9693 0
9693 0
9693 0
9693 8.38
9693 0
9693 0
9693 0
9693 0
9693 0
9693 0
9721 0
9721 0
9721 0
9721 0
9721 0
9721 0
9721 0
9721 0
9721 0
9721 0
9721 0.94
9721 0
9721 0
9721 0
9721 0
9721 0
9721 0
9721 0
9721 0
9721 0
9721 0
9721 0
9721 0
9721 0
9721 36.2
9721 0
9721 0
9721 0
9721 0
9721 0
9721 0
9723 0
9723 0
9723 0
9723 0
9723 0
9723 0
9723 0
9723 0
9723 0
9723 0
9723 0.72
9723 0
9723 0
9723 0
9723 32.25
9723 0
9723 0
9723 0
9723 0
9723 0
9723 0
9723 0
9723 0
9723 0
9723 30.11
9723 0
9723 0
9723 0
9723 0
9723 0
9723 0
9726 0
9726 0
9726 0
9726 0
9726 0
9726 0
9726 0
9726 0
9726 0
9726 0
9726 0.91
9726 0
9726 0
9726 0
9726 32.25
9726 0
9726 0
9726 0
9726 0
9726 0
9726 0
9726 0
9726 0
9726 0
9726 31.66
9726 0
9726 0
9726 0
9726 0
9726 0
9726 0
9749 0
9749 0
9749 0
9749 0
9749 0
9749 0
9749 0
9749 0
9749 0
9749 0
9749 1.63
9749 0
9749 0
9749 0
9749 0
9749 0
9749 0
9749 0
9749 0
9749 0
9749 0
9749 0
9749 0
9749 0
9749 34.8
9749 0
9749 0
9749 0
9749 0
9749 0
9749 0
9766 0
9766 0
9766 0
9766 0
9766 0
9766 0
9766 0
9766 0
9766 0
9766 0
9766 1.47
9766 0
9766 0
9766 0
9766 32.25
9766 0
9766 0
9766 0
9766 0
9766 0
9766 0
9766 0
9766 0
9766 0
9766 31.66
9766 0
9766 0
9766 0
9766 0
9766 0
9766 0
9799 0
9799 0
9799 0
9799 0
9799 0
9799 0
9799 0
9799 0
9799 0
9799 0
9799 1.65
9799 0
9799 0
9799 0
9799 0
9799 0
9799 0
9799 0
9799 0
9799 0
9799 0
9799 0
9799 0
9799 0
9799 30.7
9799 0
9799 0
9799 0
9799 0
9799 0
9799 0
9802 0
9802 0
9802 0
9802 0
9802 0
9802 0
9802 0
9802 0
9802 0
9802 0
9802 1.48
9802 0
9802 0
9802 0
9802 0
9802 0
9802 0
9802 0
9802 0
9802 0
9802 0
9802 0
9802 0
9802 0
9802 0
9802 0
9802 0
9802 0
9802 0
9802 0
9802 0
9806 0
9806 0
9806 0
9806 0
9806 0
9806 0
9806 0
9806 0
9806 0
9806 0
9806 0.64
9806 0
9806 0
9806 0
9806 0
9806 0
9806 0
9806 0
9806 0
9806 0
9806 0
9806 0
9806 0
9806 0
9806 35.52
9806 0
9806 0
9806 0
9806 0
9806 0
9806 0
9819 0
9819 0
9819 0
9819 0
9819 0
9819 0
9819 0
9819 0
9819 0
9819 0
9819 1.48
9819 0
9819 0
9819 0
9819 0
9819 0
9819 0
9819 0
9819 0
9819 0
9819 0
9819 36.67
9819 0
9819 0
9819 30.97
9819 0
9819 0
9819 29.67
9819 0
9819 0
9819 0
9838 0
9838 0
9838 0
9838 0
9838 0
9838 0
9838 0
9838 0
9838 0
9838 0
9838 1.63
9838 0
9838 0
9838 0
9838 0
9838 0
9838 0
9838 0
9838 0
9838 0
9838 0
9838 0
9838 0
9838 0
9838 34.8
9838 0
9838 0
9838 0
9838 0
9838 0
9838 0
9844 0
9844 0
9844 0
9844 0
9844 0
9844 0
9844 0
9844 0
9844 0
9844 0
9844 1.65
9844 0
9844 0
9844 0
9844 0
9844 0
9844 0
9844 0
9844 0
9844 0
9844 0
9844 0
9844 0
9844 0
9844 39.19
9844 0
9844 0
9844 0
9844 0
9844 0
9844 0
9852 0
9852 0
9852 0
9852 0
9852 0
9852 0
9852 0
9852 0
9852 0
9852 0
9852 0.73
9852 0
9852 0
9852 0
9852 0
9852 0
9852 0
9852 0
9852 0
9852 0
9852 0
9852 36.67
9852 0
9852 0
9852 9.45
9852 0
9852 0
9852 29.67
9852 0
9852 0
9852 0
9855 0
9855 0
9855 0
9855 0
9855 0
9855 0
9855 0
9855 0
9855 0
9855 0
9855 0.74
9855 0
9855 0
9855 0
9855 0
9855 0
9855 0
9855 0
9855 0
9855 0
9855 0
9855 0
9855 0
9855 0
9855 43.45
9855 0
9855 0
9855 0
9855 0
9855 0
9855 0
9869 0
9869 0
9869 0
9869 0
9869 0
9869 0
9869 0
9869 0
9869 0
9869 0
9869 1.68
9869 0
9869 0
9869 0
9869 0
9869 0
9869 0
9869 0
9869 0
9869 0
9869 0
9869 0
9869 0
9869 0
9869 36.92
9869 0
9869 0
9869 0
9869 0
9869 0
9869 0
9888 0
9888 0
9888 0
9888 0
9888 0
9888 0
9888 0
9888 0
9888 0
9888 0
9888 0.47
9888 0
9888 0
9888 0
9888 35.04
9888 0
9888 0
9888 0
9888 0
9888 0
9888 0
9888 0
9888 0
9888 0
9888 60.22
9888 0
9888 0
9888 0
9888 0
9888 0
9888 0
9922 0
9922 0
9922 0
9922 0
9922 0
9922 0
9922 0
9922 0
9922 0
9922 0
9922 0.94
9922 0
9922 0
9922 0
9922 0
9922 0
9922 0
9922 0
9922 0
9922 0
9922 0
9922 0
9922 0
9922 0
9922 49.25
9922 0
9922 0
9922 0
9922 0
9922 0
9922 0
9971 0
9971 0
9971 0
9971 0
9971 0
9971 0
9971 0
9971 0
9971 0
9971 0
9971 1.68
9971 0
9971 0
9971 0
9971 0
9971 0
9971 0
9971 0
9971 0
9971 0
9971 0
9971 0
9971 0
9971 0
9971 36.92
9971 0
9971 0
9971 0
9971 0
9971 0
9971 0
9989 0
9989 0
9989 0
9989 0
9989 0
9989 0
9989 0
9989 0
9989 0
9989 0
9989 1.48
9989 0
9989 0
9989 0
9989 0
9989 0
9989 0
9989 0
9989 0
9989 0
9989 0
9989 36.67
9989 0
9989 0
9989 30.97
9989 0
9989 0
9989 29.67
9989 0
9989 0
9989 0
10033 0
10033 0
10033 0
10033 0
10033 0
10033 0
10033 0
10033 0
10033 0
10033 0
10033 0.74
10033 0
10033 0
10033 0
10033 0
10033 0
10033 0
10033 0
10033 0
10033 0
10033 0
10033 0
10033 0
10033 0
10033 60.16
10033 0
10033 0
10033 0
10033 0
10033 0
10033 0
10058 0
10058 0
10058 0
10058 0
10058 0
10058 0
10058 0
10058 0
10058 0
10058 0
10058 1.66
10058 0
10058 0
10058 0
10058 0
10058 0
10058 0
10058 0
10058 0
10058 0
10058 0
10058 0
10058 0
10058 0
10058 36.2
10058 0
10058 0
10058 0
10058 0
10058 0
10058 0
10060 0
10060 0
10060 0
10060 0
10060 0
10060 0
10060 0
10060 0
10060 0
10060 0
10060 1.65
10060 0
10060 0
10060 0
10060 0
10060 0
10060 0
10060 0
10060 0
10060 0
10060 0
10060 0
10060 0
10060 0
10060 39.19
10060 0
10060 0
10060 0
10060 0
10060 0
10060 0
10065 0
10065 0
10065 0
10065 0
10065 0
10065 0
10065 0
10065 0
10065 0
10065 0
10065 1.68
10065 0
10065 0
10065 0
10065 0
10065 0
10065 0
10065 0
10065 0
10065 0
10065 0
10065 0
10065 0
10065 0
10065 36.92
10065 0
10065 0
10065 0
10065 0
10065 0
10065 0
10093 0
10093 0
10093 0
10093 0
10093 0
10093 0
10093 0
10093 0
10093 0
10093 0
10093 1.66
10093 0
10093 0
10093 0
10093 0
10093 0
10093 0
10093 0
10093 0
10093 0
10093 0
10093 0
10093 0
10093 0
10093 36.2
10093 0
10093 0
10093 0
10093 0
10093 0
10093 0
10151 0
10151 0
10151 0
10151 0
10151 0
10151 0
10151 0
10151 0
10151 0
10151 0
10151 0.92
10151 0
10151 0
10151 0
10151 0
10151 0
10151 0
10151 0
10151 0
10151 0
10151 0
10151 0
10151 0
10151 0
10151 35.7
10151 0
10151 0
10151 0
10151 0
10151 0
10151 0
10164 0
10164 0
10164 0
10164 0
10164 0
10164 0
10164 0
10164 0
10164 0
10164 0
10164 1.61
10164 0
10164 0
10164 0
10164 0
10164 0
10164 0
10164 0
10164 0
10164 0
10164 0
10164 0
10164 0
10164 0
10164 35.7
10164 0
10164 0
10164 0
10164 0
10164 0
10164 0
10182 0
10182 0
10182 0
10182 0
10182 0
10182 0
10182 0
10182 0
10182 0
10182 0
10182 0.91
10182 0
10182 0
10182 0
10182 0
10182 0
10182 0
10182 0
10182 0
10182 0
10182 0
10182 0
10182 0
10182 0
10182 36.92
10182 0
10182 0
10182 0
10182 0
10182 0
10182 0
10222 0
10222 0
10222 0
10222 0
10222 0
10222 0
10222 0
10222 0
10222 0
10222 0
10222 1.66
10222 0
10222 0
10222 0
10222 0
10222 0
10222 0
10222 0
10222 0
10222 0
10222 0
10222 0
10222 0
10222 0
10222 36.2
10222 0
10222 0
10222 0
10222 0
10222 0
10222 0
10293 0
10293 0
10293 0
10293 0
10293 0
10293 0
10293 0
10293 0
10293 0
10293 0
10293 1.58
10293 0
10293 0
10293 0
10293 0
10293 0
10293 0
10293 0
10293 0
10293 0
10293 0
10293 1.58
10293 0
10293 0
10293 26.12
10293 0
10293 0
10293 26.09
10293 0
10293 0
10293 0
10309 0
10309 0
10309 0
10309 0
10309 0
10309 0
10309 0
10309 0
10309 0
10309 0
10309 1.66
10309 0
10309 0
10309 0
10309 0
10309 0
10309 0
10309 0
10309 0
10309 0
10309 0
10309 0
10309 0
10309 0
10309 36.2
10309 0
10309 0
10309 0
10309 0
10309 0
10309 0
10370 0
10370 0
10370 0
10370 0
10370 0
10370 0
10370 0
10370 0
10370 0
10370 0
10370 32.22
10370 0
10370 0
10370 0
10370 0
10370 0
10370 0
10370 0
10370 0
10370 0
10370 0
10370 31.91
10370 0
10370 0
10370 45
10370 0
10370 0
10370 31.91
10370 0
10370 0
10370 0
10403 0
10403 0
10403 0
10403 0
10403 0
10403 0
10403 0
10403 0
10403 0
10403 0
10403 1.72
10403 0
10403 0
10403 0
10403 0
10403 0
10403 0
10403 0
10403 0
10403 0
10403 0
10403 0
10403 0
10403 0
10403 36.68
10403 0
10403 0
10403 0
10403 0
10403 0
10403 0
10415 0
10415 0
10415 0
10415 0
10415 0
10415 0
10415 0
10415 0
10415 0
10415 0
10415 32.22
10415 0
10415 0
10415 0
10415 0
10415 0
10415 0
10415 0
10415 0
10415 0
10415 0
10415 31.91
10415 0
10415 0
10415 45
10415 0
10415 0
10415 31.91
10415 0
10415 0
10415 0
10435 0
10435 0
10435 0
10435 0
10435 0
10435 0
10435 0
10435 0
10435 0
10435 0
10435 1.72
10435 0
10435 0
10435 0
10435 0
10435 0
10435 0
10435 0
10435 0
10435 0
10435 0
10435 0
10435 0
10435 0
10435 36.68
10435 0
10435 0
10435 0
10435 0
10435 0
10435 0
10446 0
10446 0
10446 0
10446 0
10446 0
10446 0
10446 0
10446 0
10446 0
10446 0
10446 32.22
10446 0
10446 0
10446 0
10446 0
10446 0
10446 0
10446 0
10446 0
10446 0
10446 0
10446 31.91
10446 0
10446 0
10446 45
10446 0
10446 0
10446 31.91
10446 0
10446 0
10446 0
10448 0
10448 0
10448 0
10448 0
10448 0
10448 0
10448 0
10448 0
10448 0
10448 0
10448 32.22
10448 0
10448 0
10448 0
10448 0
10448 0
10448 0
10448 0
10448 0
10448 0
10448 0
10448 31.91
10448 0
10448 0
10448 45
10448 0
10448 0
10448 31.91
10448 0
10448 0
10448 0
10452 0
10452 0
10452 0
10452 0
10452 0
10452 0
10452 0
10452 0
10452 0
10452 0
10452 1.72
10452 0
10452 0
10452 0
10452 0
10452 0
10452 0
10452 0
10452 0
10452 0
10452 0
10452 0
10452 0
10452 0
10452 36.68
10452 0
10452 0
10452 0
10452 0
10452 0
10452 0
10492 0
10492 0
10492 0
10492 0
10492 0
10492 0
10492 0
10492 0
10492 0
10492 0
10492 1.48
10492 0
10492 0
10492 0
10492 0
10492 0
10492 0
10492 0
10492 0
10492 0
10492 0
10492 0
10492 0
10492 0
10492 0
10492 0
10492 0
10492 0
10492 0
10492 0
10492 0
10527 0
10527 0
10527 0
10527 0
10527 0
10527 0
10527 0
10527 0
10527 0
10527 0
10527 1.72
10527 0
10527 0
10527 0
10527 0
10527 0
10527 0
10527 0
10527 0
10527 0
10527 0
10527 0
10527 0
10527 0
10527 36.68
10527 0
10527 0
10527 0
10527 0
10527 0
10527 0
10572 0
10572 0
10572 0
10572 0
10572 0
10572 0
10572 0
10572 0
10572 0
10572 0
10572 1.55
10572 0
10572 0
10572 0
10572 0
10572 0
10572 0
10572 0
10572 0
10572 0
10572 0
10572 1.88
10572 0
10572 0
10572 30.44
10572 0
10572 0
10572 33.94
10572 0
10572 0
10572 0
10593 0
10593 0
10593 0
10593 0
10593 0
10593 0
10593 0
10593 0
10593 0
10593 0
10593 1.72
10593 0
10593 0
10593 0
10593 0
10593 0
10593 0
10593 0
10593 0
10593 0
10593 0
10593 0
10593 0
10593 0
10593 36.68
10593 0
10593 0
10593 0
10593 0
10593 0
10593 0
10595 0
10595 0
10595 0
10595 0
10595 0
10595 0
10595 0
10595 0
10595 0
10595 0
10595 1.72
10595 0
10595 0
10595 0
10595 0
10595 0
10595 0
10595 0
10595 0
10595 0
10595 0
10595 0
10595 0
10595 0
10595 36.68
10595 0
10595 0
10595 0
10595 0
10595 0
10595 0
10669 0
10669 0
10669 0
10669 0
10669 0
10669 0
10669 0
10669 0
10669 0
10669 0
10669 1.55
10669 0
10669 0
10669 0
10669 0
10669 0
10669 0
10669 0
10669 0
10669 0
10669 0
10669 1.88
10669 0
10669 0
10669 30.44
10669 0
10669 0
10669 33.94
10669 0
10669 0
10669 0
10685 0
10685 0
10685 0
10685 0
10685 0
10685 0
10685 0
10685 0
10685 0
10685 0
10685 1.72
10685 0
10685 0
10685 0
10685 0
10685 0
10685 0
10685 0
10685 0
10685 0
10685 0
10685 0
10685 0
10685 0
10685 36.68
10685 0
10685 0
10685 0
10685 0
10685 0
10685 0
10776 0
10776 0
10776 0
10776 0
10776 0
10776 0
10776 0
10776 0
10776 0
10776 0
10776 1.72
10776 0
10776 0
10776 0
10776 0
10776 0
10776 0
10776 0
10776 0
10776 0
10776 0
10776 0
10776 0
10776 0
10776 36.68
10776 0
10776 0
10776 0
10776 0
10776 0
10776 0
10832 0
10832 0
10832 0
10832 0
10832 0
10832 0
10832 0
10832 0
10832 0
10832 0
10832 0.78
10832 0
10832 0
10832 0
10832 0
10832 0
10832 0
10832 0
10832 0
10832 0
10832 0
10832 0
10832 0
10832 0
10832 33.07
10832 0
10832 0
10832 0
10832 0
10832 0
10832 0
10839 0
10839 0
10839 0
10839 0
10839 0
10839 0
10839 0
10839 0
10839 0
10839 0
10839 0.78
10839 0
10839 0
10839 0
10839 0
10839 0
10839 0
10839 0
10839 0
10839 0
10839 0
10839 0
10839 0
10839 0
10839 33.07
10839 0
10839 0
10839 0
10839 0
10839 0
10839 0
10847 0
10847 0
10847 0
10847 0
10847 0
10847 0
10847 0
10847 0
10847 0
10847 0
10847 1.57
10847 0
10847 0
10847 0
10847 0
10847 0
10847 0
10847 0
10847 0
10847 0
10847 0
10847 0
10847 0
10847 0
10847 0
10847 0
10847 0
10847 0
10847 0
10847 0
10847 0
10854 0
10854 0
10854 0
10854 0
10854 0
10854 0
10854 0
10854 0
10854 0
10854 0
10854 1.68
10854 0
10854 0
10854 0
10854 0
10854 0
10854 0
10854 0
10854 0
10854 0
10854 0
10854 0
10854 0
10854 0
10854 0
10854 0
10854 0
10854 0
10854 0
10854 0
10854 0
10872 0
10872 0
10872 0
10872 0
10872 0
10872 0
10872 0
10872 0
10872 0
10872 0
10872 0
10872 0.94
10872 0
10872 0
10872 0
10872 0
10872 0
10872 0
10872 0
10872 0
10872 0
10872 0
10872 0
10872 0
10872 0
10872 0
10872 0
10872 0
10872 0
10872 0
10872 0
10880 0
10880 0
10880 0
10880 0
10880 0.75
10880 0
10880 0
10880 0
10880 0
10880 0
10880 0
10880 0.94
10880 0
10880 0
10880 0
10880 0
10880 0
10880 0
10880 0
10880 0
10880 0
10880 0
10880 0
10880 0
10880 0
10880 0
10880 0
10880 0
10880 0
10880 0
10880 0
10883 0
10883 0
10883 0
10883 0
10883 0
10883 0
10883 0
10883 0
10883 0
10883 0
10883 0
10883 0.61
10883 0
10883 0
10883 0
10883 0
10883 0
10883 0
10883 0
10883 0
10883 0
10883 0
10883 0
10883 0
10883 12.54
10883 0
10883 0
10883 0
10883 0
10883 0
10883 0
10885 0
10885 0
10885 0
10885 0
10885 0
10885 0
10885 0
10885 0
10885 0
10885 0
10885 0
10885 1.58
10885 0
10885 0
10885 0
10885 0
10885 0
10885 0
10885 0
10885 0
10885 0
10885 0
10885 0
10885 0
10885 35.7
10885 0
10885 0
10885 0
10885 0
10885 0
10885 0
10887 0
10887 0
10887 0
10887 0
10887 0.93
10887 0
10887 0
10887 0
10887 0
10887 0
10887 0
10887 1.42
10887 0
10887 0
10887 0
10887 0
10887 0
10887 0
10887 0
10887 0
10887 0
10887 0
10887 0
10887 0
10887 2.29
10887 0
10887 0
10887 0
10887 0
10887 0
10887 0
10891 0
10891 0
10891 0
10891 0
10891 1.51
10891 0
10891 0
10891 0
10891 0
10891 0
10891 0
10891 0
10891 0
10891 0
10891 0
10891 0
10891 0
10891 0
10891 0
10891 0
10891 0
10891 0
10891 0
10891 0
10891 0
10891 0
10891 0
10891 0
10891 0
10891 0
10891 0
10892 0
10892 0
10892 0
10892 0
10892 0
10892 0
10892 0
10892 0
10892 0
10892 0
10892 0
10892 1.51
10892 0
10892 0
10892 0
10892 0
10892 0
10892 0
10892 0
10892 0
10892 0
10892 0
10892 0
10892 0
10892 40.61
10892 0
10892 0
10892 0
10892 0
10892 0
10892 0
10893 0
10893 0
10893 0
10893 0
10893 0.68
10893 0
10893 0
10893 0
10893 0
10893 0
10893 0
10893 0.93
10893 0
10893 0
10893 0
10893 0
10893 0
10893 0
10893 0
10893 0
10893 0
10893 0
10893 0
10893 0
10893 0
10893 0
10893 0
10893 0
10893 0
10893 0
10893 0
10897 0
10897 0
10897 0
10897 0
10897 0.61
10897 0
10897 0
10897 0
10897 0
10897 0
10897 0
10897 0.52
10897 0
10897 0
10897 0
10897 0
10897 0
10897 0
10897 0
10897 0
10897 0
10897 0
10897 0
10897 0
10897 1.85
10897 0
10897 0
10897 0
10897 0
10897 0
10897 0
10899 0
10899 0
10899 0
10899 0
10899 0.94
10899 0
10899 0
10899 0
10899 0
10899 0
10899 0
10899 0
10899 0
10899 0
10899 0
10899 0
10899 0
10899 0
10899 0
10899 0
10899 0
10899 0
10899 0
10899 0
10899 0
10899 0
10899 0
10899 0
10899 0
10899 0
10899 0
10900 0
10900 0
10900 0
10900 0
10900 0
10900 0
10900 0
10900 0
10900 0
10900 0
10900 0
10900 0.55
10900 0
10900 0
10900 0
10900 0
10900 0
10900 0
10900 0
10900 0
10900 0
10900 0
10900 0
10900 0
10900 80.9
10900 0
10900 0
10900 0
10900 0
10900 0
10900 0
10901 0
10901 0
10901 0
10901 0
10901 0.93
10901 0
10901 0
10901 0
10901 0
10901 0
10901 0
10901 0
10901 0
10901 0
10901 0
10901 0
10901 0
10901 0
10901 0
10901 0
10901 0
10901 0
10901 0
10901 0
10901 0
10901 0
10901 0
10901 0
10901 0
10901 0
10901 0
10904 0
10904 0
10904 0
10904 0
10904 0.43
10904 0
10904 0
10904 0
10904 0
10904 0
10904 0
10904 0.51
10904 0
10904 0
10904 0
10904 0
10904 0
10904 0
10904 0
10904 0
10904 0
10904 0
10904 0
10904 0
10904 42.27
10904 0
10904 0
10904 0
10904 0
10904 0
10904 0
10905 0
10905 0
10905 0
10905 0
10905 0
10905 0
10905 0
10905 0
10905 0
10905 0
10905 0
10905 0.58
10905 0
10905 0
10905 0
10905 0
10905 0
10905 0
10905 0
10905 0
10905 0
10905 0
10905 0
10905 0
10905 74.89
10905 0
10905 0
10905 0
10905 0
10905 0
10905 0
10909 0
10909 0
10909 0
10909 0
10909 0
10909 0
10909 0
10909 0
10909 0
10909 0
10909 0
10909 1.01
10909 0
10909 0
10909 0
10909 0
10909 0
10909 0
10909 0
10909 0
10909 0
10909 0
10909 0
10909 0
10909 0
10909 0
10909 0
10909 0
10909 0
10909 0
10909 0
10920 0
10920 0
10920 0
10920 0
10920 0
10920 0
10920 0
10920 0
10920 0
10920 0
10920 0
10920 1.01
10920 0
10920 0
10920 0
10920 0
10920 0
10920 0
10920 0
10920 0
10920 0
10920 0
10920 0
10920 0
10920 0
10920 0
10920 0
10920 0
10920 0
10920 0
10920 0
10924 0
10924 0
10924 0
10924 0
10924 0
10924 0
10924 0
10924 0
10924 0
10924 0
10924 0
10924 1.26
10924 0
10924 0
10924 0
10924 0
10924 0
10924 0
10924 0
10924 0
10924 0
10924 0
10924 0
10924 0
10924 74.63
10924 0
10924 0
10924 0
10924 0
10924 0
10924 0
10929 0
10929 0
10929 0
10929 0
10929 0
10929 0
10929 0
10929 0
10929 0
10929 0
10929 0
10929 0.65
10929 0
10929 0
10929 0
10929 0
10929 0
10929 0
10929 0
10929 0
10929 0
10929 0
10929 0
10929 0
10929 0
10929 0
10929 0
10929 0
10929 0
10929 0
10929 0
10930 0
10930 0
10930 0
10930 0
10930 0
10930 0
10930 0
10930 0
10930 0
10930 0
10930 0
10930 1.48
10930 0
10930 0
10930 0
10930 0
10930 0
10930 0
10930 0
10930 0
10930 0
10930 0
10930 0
10930 0
10930 0
10930 0
10930 0
10930 0
10930 0
10930 0
10930 0
10951 0
10951 0
10951 0
10951 0
10951 0
10951 0
10951 0
10951 0
10951 0
10951 0
10951 0
10951 0.71
10951 0
10951 0
10951 0
10951 0
10951 0
10951 0
10951 0
10951 0
10951 0
10951 0
10951 0
10951 0
10951 51.18
10951 0
10951 0
10951 0
10951 0
10951 0
10951 0
10963 0
10963 0
10963 0
10963 0
10963 0
10963 0
10963 0
10963 0
10963 0
10963 0
10963 0
10963 0.95
10963 0
10963 0
10963 0
10963 0
10963 0
10963 0
10963 0
10963 0
10963 0
10963 0
10963 0
10963 0
10963 55.18
10963 0
10963 0
10963 0
10963 0
10963 0
10963 0
10989 0
10989 0
10989 0
10989 0
10989 0
10989 0
10989 0
10989 0
10989 0
10989 0
10989 0
10989 1.58
10989 0
10989 0
10989 0
10989 0
10989 0
10989 0
10989 0
10989 0
10989 0
10989 0
10989 0
10989 0
10989 35.7
10989 0
10989 0
10989 0
10989 0
10989 0
10989 0
11056 0
11056 0
11056 0
11056 0
11056 0
11056 0
11056 0
11056 0
11056 0
11056 0
11056 0
11056 1.69
11056 0
11056 0
11056 0
11056 0
11056 0
11056 0
11056 0
11056 0
11056 0
11056 0
11056 0
11056 0
11056 0
11056 0
11056 0
11056 0
11056 0
11056 0
11056 0
11060 0
11060 0
11060 0
11060 0
11060 0
11060 0
11060 0
11060 0
11060 0
11060 0
11060 0
11060 1.69
11060 0
11060 0
11060 0
11060 0
11060 0
11060 0
11060 0
11060 0
11060 0
11060 0
11060 0
11060 0
11060 0
11060 0
11060 0
11060 0
11060 0
11060 0
11060 0
11068 0
11068 0
11068 0
11068 0
11068 0
11068 0
11068 0
11068 0
11068 0
11068 0
11068 0
11068 1.69
11068 0
11068 0
11068 0
11068 0
11068 0
11068 0
11068 0
11068 0
11068 0
11068 0
11068 0
11068 0
11068 0
11068 0
11068 0
11068 0
11068 0
11068 0
11068 0
11075 0
11075 0
11075 0
11075 0
11075 0
11075 0
11075 0
11075 0
11075 0
11075 0
11075 0
11075 1.63
11075 0
11075 0
11075 0
11075 0
11075 0
11075 0
11075 0
11075 0
11075 0
11075 0
11075 0
11075 0
11075 52.78
11075 0
11075 0
11075 0
11075 0
11075 0
11075 0
11081 0
11081 0
11081 0
11081 0
11081 0
11081 0
11081 0
11081 0
11081 0
11081 0
11081 0
11081 1.63
11081 0
11081 0
11081 0
11081 0
11081 0
11081 0
11081 0
11081 0
11081 0
11081 0
11081 0
11081 0
11081 52.78
11081 0
11081 0
11081 0
11081 0
11081 0
11081 0
11122 0
11122 0
11122 0
11122 0
11122 0
11122 0
11122 0
11122 0
11122 0
11122 0
11122 0
11122 1.56
11122 0
11122 0
11122 0
11122 0
11122 0
11122 0
11122 0
11122 0
11122 0
11122 0
11122 0
11122 0
11122 102.54
11122 0
11122 0
11122 0
11122 0
11122 0
11122 0
