pt_graph shape
828 0
828 0
828 0
828 0
828 0
828 0
828 0
828 0
828 0
828 0
828 1.69
828 0
828 0
828 0
828 0
828 0
828 0
828 0
828 0
828 23.39
828 0
828 1.84
828 0
828 0
828 9.04
828 0
828 0
828 0
828 0
828 0
828 0
865 0
865 0
865 0
865 0
865 0
865 0
865 0
865 0
865 0
865 0
865 0.72
865 0
865 0
865 0
865 0
865 0
865 0
865 0
865 0
865 0.84
865 0
865 0.78
865 0
865 0
865 0.79
865 0
865 0
865 0
865 0
865 0
865 0
895 0
895 0
895 0
895 0
895 0
895 0
895 0
895 0
895 0
895 0
895 1.69
895 0
895 0
895 0
895 0
895 0
895 0
895 0
895 0
895 23.39
895 0
895 1.84
895 0
895 0
895 9.04
895 0
895 0
895 0
895 0
895 0
895 0
909 0
909 0
909 0
909 0
909 0
909 0
909 0
909 0
909 0
909 0
909 1.64
909 0
909 0
909 0
909 0
909 0
909 0
909 0
909 0
909 32.46
909 0
909 25.64
909 0
909 0
909 1.88
909 0
909 0
909 0
909 0
909 0
909 0
910 0
910 0
910 0
910 0
910 0
910 0
910 0
910 0
910 0
910 0
910 0.67
910 0
910 0
910 0
910 0
910 0
910 0
910 0
910 0
910 3.83
910 0
910 0.92
910 0
910 0
910 0.75
910 0
910 0
910 0
910 0
910 0
910 0
918 0
918 0
918 0
918 0
918 0
918 0
918 0
918 0
918 0
918 0
918 1.62
918 0
918 0
918 0
918 0
918 0
918 0
918 0
918 0
918 45.34
918 0
918 37.5
918 0
918 0
918 20.47
918 0
918 0
918 30.65
918 0
918 0
918 0
923 0
923 0
923 0
923 0
923 0
923 0
923 0
923 0
923 0
923 0
923 1.63
923 0
923 0
923 0
923 0
923 0
923 0
923 0
923 0
923 25.7
923 0
923 0
923 0
923 0
923 1.7
923 0
923 0
923 0
923 0
923 0
923 0
925 0
925 0
925 0
925 0
925 0
925 0
925 0
925 0
925 0
925 0
925 1.62
925 0
925 0
925 0
925 0
925 0
925 0
925 0
925 0
925 45.34
925 0
925 37.5
925 0
925 0
925 20.47
925 0
925 0
925 30.65
925 0
925 0
925 0
938 0
938 0
938 0
938 0
938 0
938 0
938 0
938 0
938 0
938 0
938 1.64
938 0
938 0
938 0
938 0
938 0
938 0
938 0
938 0
938 32.46
938 0
938 25.64
938 0
938 0
938 1.88
938 0
938 0
938 0
938 0
938 0
938 0
951 0
951 0
951 0
951 0
951 0
951 0
951 0
951 0
951 0
951 0
951 0.93
951 0
951 0
951 0
951 0
951 0
951 0
951 0
951 0
951 1.99
951 0
951 37.5
951 0
951 0
951 0.97
951 0
951 0
951 30.65
951 0
951 0
951 0
954 0
954 0
954 0
954 0
954 0
954 0
954 0
954 0
954 0
954 0
954 1.64
954 0
954 0
954 0
954 0
954 0
954 0
954 0
954 0
954 32.46
954 0
954 25.64
954 0
954 0
954 1.88
954 0
954 0
954 0
954 0
954 0
954 0
955 0
955 0
955 0
955 0
955 0
955 0
955 0
955 0
955 0
955 0
955 0.67
955 0
955 0
955 0
955 0
955 0
955 0
955 0
955 0
955 0.87
955 0
955 0.71
955 0
955 0
955 0.71
955 0
955 0
955 0
955 0
955 0
955 0
956 0
956 0
956 0
956 0
956 0
956 0
956 0
956 0
956 0
956 0
956 1.47
956 0
956 0
956 0
956 0
956 0
956 0
956 0
956 0
956 1.84
956 0
956 1.92
956 0
956 0
956 1.58
956 0
956 0
956 30.47
956 0
956 0
956 0
960 0
960 0
960 0
960 0
960 0
960 0
960 0
960 0
960 0
960 0
960 1.62
960 0
960 0
960 0
960 0
960 0
960 0
960 0
960 0
960 45.34
960 0
960 37.5
960 0
960 0
960 20.47
960 0
960 0
960 30.65
960 0
960 0
960 0
964 0
964 0
964 0
964 0
964 0
964 0
964 0
964 0
964 0
964 0
964 1.48
964 0
964 0
964 0
964 0
964 0
964 0
964 0
964 0
964 1.88
964 0
964 1.61
964 0
964 0
964 1.61
964 0
964 0
964 0
964 0
964 0
964 0
977 0
977 0
977 0
977 0
977 0
977 0
977 0
977 0
977 0
977 0
977 1.48
977 0
977 0
977 0
977 0
977 0
977 0
977 0
977 0
977 1.59
977 0
977 1.59
977 0
977 0
977 1.57
977 0
977 0
977 0
977 0
977 0
977 0
995 0
995 0
995 0
995 0
995 0
995 0
995 0
995 0
995 0
995 0
995 0.88
995 0
995 0
995 0
995 0
995 0
995 0
995 0
995 0
995 0.86
995 0
995 1.59
995 0
995 0
995 0.91
995 0
995 0
995 0
995 0
995 0
995 0
997 0
997 0
997 0
997 0
997 0
997 0
997 0
997 0
997 0
997 0
997 1.58
997 0
997 0
997 0
997 0
997 0
997 0
997 0
997 0
997 0
997 0
997 0
997 0
997 0
997 3.08
997 0
997 0
997 0
997 0
997 0
997 0
1004 0
1004 0
1004 0
1004 0
1004 0
1004 0
1004 0
1004 0
1004 0
1004 0
1004 1.49
1004 0
1004 0
1004 0
1004 0
1004 0
1004 0
1004 0
1004 0
1004 1.59
1004 0
1004 0
1004 0
1004 0
1004 1.57
1004 0
1004 0
1004 0
1004 0
1004 0
1004 0
1005 0
1005 0
1005 0
1005 0
1005 0
1005 0
1005 0
1005 0
1005 0
1005 0
1005 0.68
1005 0
1005 0
1005 0
1005 0
1005 0
1005 0
1005 0
1005 0
1005 0.72
1005 0
1005 0.95
1005 0
1005 0
1005 0.68
1005 0
1005 0
1005 0
1005 0
1005 0
1005 0
1015 0
1015 0
1015 0
1015 0
1015 0
1015 0
1015 0
1015 0
1015 0
1015 0
1015 1.47
1015 0
1015 0
1015 0
1015 0
1015 0
1015 0
1015 0
1015 0
1015 1.84
1015 0
1015 1.92
1015 0
1015 0
1015 1.58
1015 0
1015 0
1015 30.47
1015 0
1015 0
1015 0
1021 0
1021 0
1021 0
1021 0
1021 0
1021 0
1021 0
1021 0
1021 0
1021 0
1021 1.48
1021 0
1021 0
1021 0
1021 0
1021 0
1021 0
1021 0
1021 0
1021 1.59
1021 0
1021 1.59
1021 0
1021 0
1021 1.57
1021 0
1021 0
1021 0
1021 0
1021 0
1021 0
1022 0
1022 0
1022 0
1022 0
1022 0
1022 0
1022 0
1022 0
1022 0
1022 0
1022 0.93
1022 0
1022 0
1022 0
1022 0
1022 0
1022 0
1022 0
1022 0
1022 1.01
1022 0
1022 1.92
1022 0
1022 0
1022 0.95
1022 0
1022 0
1022 30.47
1022 0
1022 0
1022 0
1030 0
1030 0
1030 0
1030 0
1030 0
1030 0
1030 0
1030 0
1030 0
1030 0
1030 1.58
1030 0
1030 0
1030 0
1030 0
1030 0
1030 0
1030 0
1030 0
1030 0
1030 0
1030 0
1030 0
1030 0
1030 3.08
1030 0
1030 0
1030 0
1030 0
1030 0
1030 0
1042 0
1042 0
1042 0
1042 0
1042 0
1042 0
1042 0
1042 0
1042 0
1042 0
1042 1.64
1042 0
1042 0
1042 0
1042 0
1042 0
1042 0
1042 0
1042 0
1042 27.5
1042 0
1042 24.16
1042 0
1042 0
1042 2.32
1042 0
1042 0
1042 0
1042 0
1042 0
1042 0
1045 0
1045 0
1045 0
1045 0
1045 0
1045 0
1045 0
1045 0
1045 0
1045 0
1045 1.64
1045 0
1045 0
1045 0
1045 0
1045 0
1045 0
1045 0
1045 0
1045 32.46
1045 0
1045 25.64
1045 0
1045 0
1045 1.88
1045 0
1045 0
1045 0
1045 0
1045 0
1045 0
1061 0
1061 0
1061 0
1061 0
1061 0
1061 0
1061 0
1061 0
1061 0
1061 0
1061 1.47
1061 0
1061 0
1061 0
1061 0
1061 0
1061 0
1061 0
1061 0
1061 1.55
1061 0
1061 1.6
1061 0
1061 0
1061 1.56
1061 0
1061 0
1061 31.33
1061 0
1061 0
1061 0
1063 0
1063 0
1063 0
1063 0
1063 0
1063 0
1063 0
1063 0
1063 0
1063 0
1063 1.49
1063 0
1063 0
1063 0
1063 0
1063 0
1063 0
1063 0
1063 0
1063 27.07
1063 0
1063 0
1063 0
1063 0
1063 1.61
1063 0
1063 0
1063 0
1063 0
1063 0
1063 0
1102 0
1102 0
1102 0
1102 0
1102 0
1102 0
1102 0
1102 0
1102 0
1102 0
1102 1.47
1102 0
1102 0
1102 0
1102 0
1102 0
1102 0
1102 0
1102 0
1102 0
1102 0
1102 0
1102 0
1102 0
1102 1.55
1102 0
1102 0
1102 0
1102 0
1102 0
1102 0
1115 0
1115 0
1115 0
1115 0
1115 0
1115 0
1115 0
1115 0
1115 0
1115 0
1115 1.47
1115 0
1115 0
1115 0
1115 0
1115 0
1115 0
1115 0
1115 0
1115 1.84
1115 0
1115 1.92
1115 0
1115 0
1115 1.58
1115 0
1115 0
1115 30.47
1115 0
1115 0
1115 0
1123 0
1123 0
1123 0
1123 0
1123 0
1123 0
1123 0
1123 0
1123 0
1123 0
1123 1.58
1123 0
1123 0
1123 0
1123 0
1123 0
1123 0
1123 0
1123 0
1123 0
1123 0
1123 0
1123 0
1123 0
1123 3.08
1123 0
1123 0
1123 0
1123 0
1123 0
1123 0
1154 0
1154 0
1154 0
1154 0
1154 0
1154 0
1154 0
1154 0
1154 0
1154 0
1154 1.47
1154 0
1154 0
1154 0
1154 0
1154 0
1154 0
1154 0
1154 0
1154 1.55
1154 0
1154 1.6
1154 0
1154 0
1154 1.56
1154 0
1154 0
1154 31.33
1154 0
1154 0
1154 0
1266 0
1266 0
1266 0
1266 0
1266 0
1266 0
1266 0
1266 0
1266 0
1266 0
1266 0.95
1266 0
1266 0
1266 0
1266 0
1266 0
1266 0
1266 0
1266 0
1266 0
1266 0
1266 0
1266 0
1266 0
1266 1.06
1266 0
1266 0
1266 0
1266 0
1266 0
1266 0
1333 0
1333 0
1333 0
1333 0
1333 0
1333 0
1333 0
1333 0
1333 0
1333 0
1333 1.58
1333 0
1333 0
1333 0
1333 0
1333 0
1333 0
1333 0
1333 0
1333 0
1333 0
1333 0
1333 0
1333 0
1333 3.08
1333 0
1333 0
1333 0
1333 0
1333 0
1333 0
1952 0
1952 0
1952 0
1952 0
1952 0
1952 0
1952 0
1952 0
1952 0
1952 0
1952 1.47
1952 0
1952 0
1952 0
1952 0
1952 0
1952 0
1952 0
1952 0
1952 1.89
1952 0
1952 0
1952 0
1952 0
1952 1.94
1952 0
1952 0
1952 0
1952 0
1952 0
1952 0
1959 0
1959 0
1959 0
1959 0
1959 0
1959 0
1959 0
1959 0
1959 0
1959 0
1959 0.71
1959 0
1959 0
1959 0
1959 0
1959 0
1959 0
1959 0
1959 0
1959 4.83
1959 0
1959 0.74
1959 0
1959 0
1959 0.76
1959 0
1959 11.4
1959 32.3
1959 0
1959 0
1959 0
1966 0
1966 0
1966 0
1966 0
1966 0
1966 0
1966 0
1966 0
1966 0
1966 0
1966 1.47
1966 0
1966 0
1966 0
1966 0
1966 0
1966 0
1966 0
1966 0
1966 1.89
1966 0
1966 0
1966 0
1966 0
1966 1.94
1966 0
1966 0
1966 0
1966 0
1966 0
1966 0
2073 0
2073 0
2073 0
2073 1.48
2073 0
2073 0
2073 0
2073 1.46
2073 0
2073 0
2073 0
2073 0
2073 0
2073 0
2073 35.25
2073 0
2073 0
2073 0
2073 0
2073 0
2073 0
2073 0
2073 0
2073 0
2073 0
2073 0
2073 0
2073 0
2073 0
2073 0
2073 0
2126 0
2126 0
2126 0
2126 0
2126 0
2126 0
2126 0
2126 0
2126 0
2126 0
2126 1.56
2126 0
2126 0
2126 0
2126 0
2126 0
2126 0
2126 0
2126 0
2126 27.87
2126 0
2126 1.56
2126 0
2126 0
2126 1.66
2126 0
2126 35.91
2126 0
2126 0
2126 0
2126 0
2311 0
2311 0
2311 0
2311 1.48
2311 0
2311 0
2311 0
2311 1.46
2311 0
2311 0
2311 0
2311 0
2311 0
2311 0
2311 35.25
2311 0
2311 0
2311 0
2311 0
2311 0
2311 0
2311 0
2311 0
2311 0
2311 0
2311 0
2311 0
2311 0
2311 0
2311 0
2311 0
2379 0
2379 0
2379 0
2379 1.48
2379 0
2379 0
2379 0
2379 1.46
2379 0
2379 0
2379 0
2379 0
2379 0
2379 0
2379 35.25
2379 0
2379 0
2379 0
2379 0
2379 0
2379 0
2379 0
2379 0
2379 0
2379 0
2379 0
2379 0
2379 0
2379 0
2379 0
2379 0
2424 0
2424 0
2424 0
2424 0
2424 0
2424 0
2424 0
2424 0
2424 0
2424 0
2424 1.57
2424 0
2424 0
2424 0
2424 0
2424 0
2424 0
2424 0
2424 0
2424 1.67
2424 0
2424 1.58
2424 0
2424 0
2424 22.61
2424 0
2424 28.42
2424 39.46
2424 0
2424 0
2424 0
2496 0
2496 0
2496 0
2496 0
2496 0
2496 0
2496 0
2496 0
2496 0
2496 0
2496 27.37
2496 0
2496 0
2496 0
2496 0
2496 0
2496 0
2496 0
2496 0
2496 25.88
2496 0
2496 1.69
2496 0
2496 0
2496 1.92
2496 0
2496 38.31
2496 36.52
2496 0
2496 0
2496 0
2567 0
2567 0
2567 0
2567 0
2567 0
2567 0
2567 0
2567 0
2567 0
2567 0
2567 0.81
2567 0
2567 0
2567 0
2567 0
2567 0
2567 0
2567 0
2567 0
2567 0.86
2567 0
2567 0.62
2567 0
2567 0
2567 0.85
2567 0
2567 0
2567 0
2567 0
2567 0
2567 0
2625 0
2625 0
2625 0
2625 0
2625 0
2625 0
2625 0
2625 0
2625 0
2625 0
2625 0.95
2625 0
2625 0
2625 0
2625 0
2625 0
2625 0
2625 0
2625 0
2625 1.13
2625 0
2625 0.94
2625 0
2625 0
2625 0.87
2625 0
2625 0
2625 0
2625 0
2625 0
2625 0
2653 0
2653 0
2653 0
2653 0
2653 0
2653 0
2653 0
2653 0
2653 0
2653 0
2653 0.89
2653 0
2653 0
2653 0
2653 0
2653 0
2653 0
2653 0
2653 0
2653 8.38
2653 0
2653 0.95
2653 0
2653 0
2653 0.88
2653 0
2653 29.37
2653 28.71
2653 0
2653 0
2653 0
2718 0
2718 0
2718 0
2718 0
2718 0
2718 0
2718 0
2718 0
2718 0
2718 0
2718 2.12
2718 0
2718 0
2718 0
2718 0
2718 0
2718 0
2718 0
2718 0
2718 22.59
2718 0
2718 1.56
2718 0
2718 0
2718 1.55
2718 0
2718 0
2718 0
2718 0
2718 0
2718 0
2775 0
2775 0
2775 0
2775 0
2775 0
2775 0
2775 0
2775 0
2775 0
2775 0
2775 0.95
2775 0
2775 0
2775 0
2775 0
2775 0
2775 0
2775 0
2775 0
2775 21.67
2775 0
2775 0.94
2775 0
2775 0
2775 0.96
2775 0
2775 8.95
2775 28.71
2775 0
2775 0
2775 0
2777 0
2777 0
2777 0
2777 0
2777 0
2777 0
2777 0
2777 0
2777 0
2777 0
2777 1.56
2777 0
2777 0
2777 0
2777 0
2777 0
2777 0
2777 0
2777 0
2777 27.87
2777 0
2777 1.56
2777 0
2777 0
2777 1.66
2777 0
2777 35.91
2777 0
2777 0
2777 0
2777 0
2789 0
2789 0
2789 0
2789 0
2789 0
2789 0
2789 0
2789 0
2789 0
2789 0
2789 0.94
2789 0
2789 0
2789 0
2789 0
2789 0
2789 0
2789 0
2789 0
2789 1.15
2789 0
2789 0.96
2789 0
2789 0
2789 0.99
2789 0
2789 38.31
2789 36.52
2789 0
2789 0
2789 0
2838 0
2838 0
2838 0
2838 0
2838 0
2838 0
2838 0
2838 0
2838 0
2838 0
2838 2.12
2838 0
2838 0
2838 0
2838 0
2838 0
2838 0
2838 0
2838 0
2838 22.59
2838 0
2838 1.56
2838 0
2838 0
2838 1.55
2838 0
2838 0
2838 0
2838 0
2838 0
2838 0
2844 0
2844 0
2844 0
2844 0
2844 0
2844 0
2844 0
2844 0
2844 0
2844 0
2844 0.89
2844 0
2844 0
2844 0
2844 0
2844 0
2844 0
2844 0
2844 0
2844 0.96
2844 0
2844 1.56
2844 0
2844 0
2844 0.97
2844 0
2844 35.91
2844 0
2844 0
2844 0
2844 0
2992 0
2992 0
2992 0
2992 0
2992 0
2992 0
2992 0
2992 0
2992 0
2992 0
2992 0.76
2992 0
2992 0
2992 0
2992 0
2992 0
2992 0
2992 0
2992 0
2992 2.37
2992 0
2992 0.69
2992 0
2992 0
2992 0.71
2992 0
2992 0
2992 0
2992 0
2992 0
2992 0
3065 0
3065 0
3065 0
3065 0
3065 0
3065 0
3065 0
3065 0
3065 0
3065 0
3065 1.57
3065 0
3065 0
3065 0
3065 0
3065 0
3065 0
3065 0
3065 0
3065 1.67
3065 0
3065 1.58
3065 0
3065 0
3065 22.61
3065 0
3065 28.42
3065 39.46
3065 0
3065 0
3065 0
4576 0
4576 0
4576 0
4576 1.62
4576 0
4576 0
4576 0
4576 1.48
4576 0
4576 0
4576 31.54
4576 0
4576 0
4576 0
4576 29.16
4576 0
4576 0
4576 0
4576 0
4576 0
4576 0
4576 0
4576 0
4576 0
4576 0
4576 0
4576 0
4576 0
4576 0
4576 0
4576 0
4724 0
4724 0
4724 0
4724 1.62
4724 0
4724 0
4724 0
4724 1.48
4724 0
4724 0
4724 31.54
4724 0
4724 0
4724 0
4724 29.16
4724 0
4724 0
4724 0
4724 0
4724 0
4724 0
4724 0
4724 0
4724 0
4724 0
4724 0
4724 0
4724 0
4724 0
4724 0
4724 0
4767 0
4767 0
4767 0
4767 1.62
4767 0
4767 0
4767 0
4767 1.48
4767 0
4767 0
4767 31.54
4767 0
4767 0
4767 0
4767 29.16
4767 0
4767 0
4767 0
4767 0
4767 0
4767 0
4767 0
4767 0
4767 0
4767 0
4767 0
4767 0
4767 0
4767 0
4767 0
4767 0
4879 0
4879 0
4879 0
4879 0.68
4879 0
4879 0
4879 0
4879 1.84
4879 0
4879 0
4879 31.54
4879 0
4879 0
4879 0
4879 2.67
4879 0
4879 0
4879 0
4879 0
4879 0
4879 0
4879 0
4879 0
4879 0
4879 0
4879 0
4879 0
4879 0
4879 0
4879 0
4879 0
4980 0
4980 0
4980 0
4980 1.62
4980 0
4980 0
4980 0
4980 1.48
4980 0
4980 0
4980 31.54
4980 0
4980 0
4980 0
4980 29.16
4980 0
4980 0
4980 0
4980 0
4980 0
4980 0
4980 0
4980 0
4980 0
4980 0
4980 0
4980 0
4980 0
4980 0
4980 0
4980 0
5051 0
5051 0
5051 0
5051 0.68
5051 0
5051 0
5051 0
5051 1.84
5051 0
5051 0
5051 31.54
5051 0
5051 0
5051 0
5051 2.67
5051 0
5051 0
5051 0
5051 0
5051 0
5051 0
5051 0
5051 0
5051 0
5051 0
5051 0
5051 0
5051 0
5051 0
5051 0
5051 0
5140 0
5140 0
5140 0
5140 1.48
5140 0
5140 0
5140 0
5140 1.46
5140 0
5140 0
5140 0
5140 0
5140 0
5140 0
5140 31.2
5140 0
5140 0
5140 0
5140 0
5140 0
5140 0
5140 0
5140 0
5140 0
5140 0
5140 0
5140 0
5140 0
5140 0
5140 0
5140 0
5161 0
5161 0
5161 0
5161 1.62
5161 0
5161 0
5161 0
5161 1.48
5161 0
5161 0
5161 31.54
5161 0
5161 0
5161 0
5161 29.16
5161 0
5161 0
5161 0
5161 0
5161 0
5161 0
5161 0
5161 0
5161 0
5161 0
5161 0
5161 0
5161 0
5161 0
5161 0
5161 0
5215 0
5215 0
5215 0
5215 1.62
5215 0
5215 0
5215 0
5215 1.48
5215 0
5215 0
5215 31.54
5215 0
5215 0
5215 0
5215 29.16
5215 0
5215 0
5215 0
5215 0
5215 0
5215 0
5215 0
5215 0
5215 0
5215 0
5215 0
5215 0
5215 0
5215 0
5215 0
5215 0
10842 0
10842 0
10842 0
10842 0
10842 0
10842 0
10842 0
10842 0
10842 0
10842 0
10842 1.46
10842 0
10842 0
10842 0
10842 0
10842 0
10842 0
10842 0
10842 0
10842 0
10842 0
10842 0
10842 0
10842 0
10842 0
10842 0
10842 0
10842 0
10842 0
10842 0
10842 0
10844 0
10844 0
10844 0
10844 0
10844 0
10844 0
10844 0
10844 0
10844 0
10844 0
10844 1.46
10844 0
10844 0
10844 0
10844 0
10844 0
10844 0
10844 0
10844 0
10844 0
10844 0
10844 0
10844 0
10844 0
10844 0
10844 0
10844 0
10844 0
10844 0
10844 0
10844 0
10850 0
10850 0
10850 0
10850 0
10850 0
10850 0
10850 0
10850 0
10850 0
10850 0
10850 1.46
10850 0
10850 0
10850 0
10850 0
10850 0
10850 0
10850 0
10850 0
10850 0
10850 0
10850 0
10850 0
10850 0
10850 0
10850 0
10850 0
10850 0
10850 0
10850 0
10850 0
10865 0
10865 0
10865 0
10865 0
10865 0
10865 0
10865 0
10865 0
10865 0
10865 0
10865 1.46
10865 0
10865 0
10865 0
10865 0
10865 0
10865 0
10865 0
10865 0
10865 0
10865 0
10865 0
10865 0
10865 0
10865 33.69
10865 0
10865 0
10865 0
10865 0
10865 0
10865 0
10883 0
10883 0
10883 0
10883 0
10883 0
10883 0
10883 0
10883 0
10883 0
10883 0
10883 0
10883 0.75
10883 0
10883 0
10883 0
10883 0
10883 0
10883 0
10883 0
10883 0
10883 0
10883 0
10883 0
10883 0
10883 78.37
10883 0
10883 0
10883 0
10883 0
10883 0
10883 0
10892 0
10892 0
10892 0
10892 0
10892 0
10892 0
10892 0
10892 0
10892 0
10892 0
10892 0
10892 1.46
10892 0
10892 0
10892 0
10892 0
10892 0
10892 0
10892 0
10892 0
10892 0
10892 0
10892 0
10892 0
10892 33.69
10892 0
10892 0
10892 0
10892 0
10892 0
10892 0
10901 0
10901 0
10901 0
10901 0
10901 0.94
10901 0
10901 0
10901 0.93
10901 0
10901 0
10901 0
10901 0
10901 0
10901 0
10901 0
10901 0
10901 0
10901 0
10901 0
10901 0
10901 0
10901 0
10901 0
10901 0
10901 0
10901 0
10901 0
10901 0
10901 0
10901 0
10901 0
10930 0
10930 0
10930 0
10930 0
10930 1.6
10930 0
10930 0
10930 1.46
10930 0
10930 0
10930 0
10930 0
10930 0
10930 0
10930 0
10930 0
10930 0
10930 0
10930 0
10930 0
10930 0
10930 0
10930 0
10930 0
10930 0
10930 0
10930 0
10930 0
10930 0
10930 0
10930 0
