pt_graph cpue_kghour
2282 0
2282 0
2282 0
2282 0
2282 0
2282 0
2282 0
2282 0
2282 0
2282 0
2282 328
2282 0
2282 0
2282 0
2282 0
2282 0
2282 0
2282 0
2282 0
2282 91
2282 0
2282 24
2282 0
2282 0
2282 70
2282 0
2282 5
2282 12
2282 0
2282 0
2282 0
2484 0
2484 0
2484 0
2484 0
2484 0
2484 0
2484 0
2484 0
2484 0
2484 0
2484 62
2484 0
2484 0
2484 0
2484 0
2484 0
2484 0
2484 0
2484 0
2484 37
2484 0
2484 4
2484 0
2484 0
2484 129
2484 0
2484 2
2484 4
2484 0
2484 0
2484 0
2512 0
2512 0
2512 0
2512 0
2512 0
2512 0
2512 0
2512 0
2512 0
2512 0
2512 180
2512 0
2512 0
2512 0
2512 0
2512 0
2512 0
2512 0
2512 0
2512 25
2512 0
2512 12
2512 0
2512 0
2512 39
2512 0
2512 0
2512 1
2512 0
2512 0
2512 0
2550 0
2550 0
2550 0
2550 0
2550 0
2550 0
2550 0
2550 0
2550 0
2550 0
2550 16
2550 0
2550 0
2550 0
2550 0
2550 0
2550 0
2550 0
2550 0
2550 37
2550 0
2550 40
2550 0
2550 0
2550 41
2550 0
2550 2
2550 0
2550 0
2550 0
2550 0
2575 0
2575 0
2575 0
2575 0
2575 0
2575 0
2575 0
2575 0
2575 0
2575 0
2575 25
2575 0
2575 0
2575 0
2575 0
2575 0
2575 0
2575 0
2575 0
2575 13
2575 0
2575 4
2575 0
2575 0
2575 29
2575 0
2575 0
2575 0
2575 0
2575 0
2575 0
2600 0
2600 0
2600 0
2600 0
2600 0
2600 0
2600 0
2600 0
2600 0
2600 0
2600 29
2600 0
2600 0
2600 0
2600 0
2600 0
2600 0
2600 0
2600 0
2600 15
2600 0
2600 9
2600 0
2600 0
2600 27
2600 0
2600 0
2600 0
2600 0
2600 0
2600 0
2618 0
2618 0
2618 0
2618 0
2618 0
2618 0
2618 0
2618 0
2618 0
2618 0
2618 31
2618 0
2618 0
2618 0
2618 0
2618 0
2618 0
2618 0
2618 0
2618 17
2618 0
2618 12
2618 0
2618 0
2618 26
2618 0
2618 0
2618 1
2618 0
2618 0
2618 0
2619 0
2619 0
2619 0
2619 0
2619 0
2619 0
2619 0
2619 0
2619 0
2619 0
2619 112
2619 0
2619 0
2619 0
2619 0
2619 0
2619 0
2619 0
2619 0
2619 28
2619 0
2619 9
2619 0
2619 0
2619 37
2619 0
2619 0
2619 2
2619 0
2619 0
2619 0
2621 0
2621 0
2621 0
2621 0
2621 0
2621 0
2621 0
2621 0
2621 0
2621 0
2621 305
2621 0
2621 0
2621 0
2621 0
2621 0
2621 0
2621 0
2621 0
2621 28
2621 0
2621 0
2621 0
2621 0
2621 44
2621 0
2621 0
2621 2
2621 0
2621 0
2621 0
2657 0
2657 0
2657 0
2657 0
2657 0
2657 0
2657 0
2657 0
2657 0
2657 0
2657 34
2657 0
2657 0
2657 0
2657 0
2657 0
2657 0
2657 0
2657 0
2657 21
2657 0
2657 5
2657 0
2657 0
2657 32
2657 0
2657 0
2657 1
2657 0
2657 0
2657 0
2676 0
2676 0
2676 0
2676 0
2676 0
2676 0
2676 0
2676 0
2676 0
2676 0
2676 43
2676 0
2676 0
2676 0
2676 0
2676 0
2676 0
2676 0
2676 0
2676 25
2676 0
2676 7
2676 0
2676 0
2676 36
2676 0
2676 0
2676 1
2676 0
2676 0
2676 0
2737 0
2737 0
2737 0
2737 0
2737 0
2737 0
2737 0
2737 0
2737 0
2737 0
2737 4
2737 0
2737 0
2737 0
2737 0
2737 0
2737 0
2737 0
2737 0
2737 29
2737 0
2737 0
2737 0
2737 0
2737 59
2737 0
2737 0
2737 1
2737 0
2737 0
2737 0
2844 0
2844 0
2844 0
2844 0
2844 0
2844 0
2844 0
2844 0
2844 0
2844 0
2844 8
2844 0
2844 0
2844 0
2844 0
2844 0
2844 0
2844 0
2844 0
2844 11
2844 0
2844 0
2844 0
2844 0
2844 18
2844 0
2844 0
2844 0
2844 0
2844 0
2844 0
2909 0
2909 0
2909 0
2909 0
2909 0
2909 0
2909 0
2909 0
2909 0
2909 0
2909 4
2909 0
2909 0
2909 0
2909 0
2909 0
2909 0
2909 0
2909 0
2909 29
2909 0
2909 0
2909 0
2909 0
2909 59
2909 0
2909 0
2909 1
2909 0
2909 0
2909 0
2915 0
2915 0
2915 0
2915 0
2915 0
2915 0
2915 0
2915 0
2915 0
2915 0
2915 75
2915 0
2915 0
2915 0
2915 0
2915 0
2915 0
2915 0
2915 0
2915 52
2915 0
2915 17
2915 0
2915 0
2915 42
2915 0
2915 0
2915 3
2915 0
2915 0
2915 0
2925 0
2925 0
2925 0
2925 0
2925 0
2925 0
2925 0
2925 0
2925 0
2925 0
2925 6
2925 0
2925 0
2925 0
2925 0
2925 0
2925 0
2925 0
2925 0
2925 10
2925 0
2925 0
2925 0
2925 0
2925 34
2925 0
2925 1
2925 2
2925 0
2925 0
2925 0
2992 0
2992 0
2992 0
2992 0
2992 0
2992 0
2992 0
2992 0
2992 0
2992 0
2992 8
2992 0
2992 0
2992 0
2992 0
2992 0
2992 0
2992 0
2992 0
2992 11
2992 0
2992 0
2992 0
2992 0
2992 18
2992 0
2992 0
2992 0
2992 0
2992 0
2992 0
2998 0
2998 0
2998 0
2998 0
2998 0
2998 0
2998 0
2998 0
2998 0
2998 0
2998 19
2998 0
2998 0
2998 0
2998 0
2998 0
2998 0
2998 0
2998 0
2998 98
2998 0
2998 20
2998 0
2998 0
2998 114
2998 0
2998 1
2998 15
2998 0
2998 0
2998 0
3012 0
3012 0
3012 0
3012 0
3012 0
3012 0
3012 0
3012 0
3012 0
3012 0
3012 131
3012 0
3012 0
3012 0
3012 0
3012 0
3012 0
3012 0
3012 0
3012 138
3012 0
3012 21
3012 0
3012 0
3012 95
3012 0
3012 2
3012 13
3012 0
3012 0
3012 0
3023 0
3023 0
3023 0
3023 0
3023 0
3023 0
3023 0
3023 0
3023 0
3023 0
3023 131
3023 0
3023 0
3023 0
3023 0
3023 0
3023 0
3023 0
3023 0
3023 78
3023 0
3023 23
3023 0
3023 0
3023 65
3023 0
3023 2
3023 10
3023 0
3023 0
3023 0
3027 0
3027 0
3027 0
3027 0
3027 0
3027 0
3027 0
3027 0
3027 0
3027 0
3027 99
3027 0
3027 0
3027 0
3027 0
3027 0
3027 0
3027 0
3027 0
3027 35
3027 0
3027 0
3027 0
3027 0
3027 35
3027 0
3027 1
3027 14
3027 0
3027 0
3027 0
3035 0
3035 0
3035 0
3035 0
3035 0
3035 0
3035 0
3035 0
3035 0
3035 0
3035 131
3035 0
3035 0
3035 0
3035 0
3035 0
3035 0
3035 0
3035 0
3035 51
3035 0
3035 15
3035 0
3035 0
3035 36
3035 0
3035 1
3035 2
3035 0
3035 0
3035 0
3066 0
3066 0
3066 0
3066 0
3066 0
3066 0
3066 0
3066 0
3066 0
3066 0
3066 4
3066 0
3066 0
3066 0
3066 0
3066 0
3066 0
3066 0
3066 0
3066 29
3066 0
3066 0
3066 0
3066 0
3066 59
3066 0
3066 0
3066 1
3066 0
3066 0
3066 0
3118 0
3118 0
3118 0
3118 0
3118 0
3118 0
3118 0
3118 0
3118 0
3118 0
3118 63
3118 0
3118 0
3118 0
3118 0
3118 0
3118 0
3118 0
3118 0
3118 28
3118 0
3118 12
3118 0
3118 0
3118 34
3118 0
3118 1
3118 3
3118 0
3118 0
3118 0
3140 0
3140 0
3140 0
3140 0
3140 0
3140 0
3140 0
3140 0
3140 0
3140 0
3140 113
3140 0
3140 0
3140 0
3140 0
3140 0
3140 0
3140 0
3140 0
3140 35
3140 0
3140 22
3140 0
3140 0
3140 51
3140 0
3140 2
3140 8
3140 0
3140 0
3140 0
3143 0
3143 0
3143 0
3143 0
3143 0
3143 0
3143 0
3143 0
3143 0
3143 0
3143 63
3143 0
3143 0
3143 0
3143 0
3143 0
3143 0
3143 0
3143 0
3143 26
3143 0
3143 9
3143 0
3143 0
3143 61
3143 0
3143 1
3143 7
3143 0
3143 0
3143 0
3175 0
3175 0
3175 0
3175 0
3175 0
3175 0
3175 0
3175 0
3175 0
3175 0
3175 42
3175 0
3175 0
3175 0
3175 0
3175 0
3175 0
3175 0
3175 0
3175 23
3175 0
3175 24
3175 0
3175 0
3175 73
3175 0
3175 2
3175 7
3175 0
3175 0
3175 0
3252 0
3252 0
3252 0
3252 0
3252 0
3252 0
3252 0
3252 0
3252 0
3252 0
3252 6
3252 0
3252 0
3252 0
3252 0
3252 0
3252 0
3252 0
3252 0
3252 24
3252 0
3252 40
3252 0
3252 0
3252 16
3252 0
3252 0
3252 3
3252 0
3252 0
3252 0
3320 0
3320 0
3320 0
3320 0
3320 0
3320 0
3320 0
3320 0
3320 0
3320 0
3320 30
3320 0
3320 0
3320 0
3320 0
3320 0
3320 0
3320 0
3320 0
3320 29
3320 0
3320 47
3320 0
3320 0
3320 53
3320 0
3320 0
3320 4
3320 0
3320 0
3320 0
