pt_graph shape
1058 0
1058 0
1058 0
1058 0
1058 0
1058 0
1058 0
1058 0
1058 0
1058 0
1058 1.48
1058 0
1058 0
1058 0
1058 0
1058 0
1058 0
1058 0
1058 0
1058 36.36
1058 0
1058 0
1058 0
1058 0
1058 27.08
1058 0
1058 0
1058 30.06
1058 0
1058 0
1058 0
1257 0
1257 0
1257 0
1257 0
1257 0
1257 0
1257 0
1257 0
1257 0
1257 0
1257 29.36
1257 0
1257 0
1257 0
1257 0
1257 0
1257 0
1257 0
1257 0
1257 31.35
1257 0
1257 0
1257 0
1257 0
1257 35.56
1257 0
1257 0
1257 0
1257 0
1257 0
1257 0
1265 0
1265 0
1265 0
1265 0
1265 0
1265 0
1265 0
1265 0
1265 0
1265 0
1265 0.46
1265 0
1265 0
1265 0
1265 0
1265 0
1265 0
1265 0
1265 0
1265 5.23
1265 0
1265 0
1265 0
1265 0
1265 46.92
1265 0
1265 0
1265 44.19
1265 0
1265 0
1265 0
1266 0
1266 0
1266 0
1266 0
1266 0
1266 0
1266 0
1266 0
1266 0
1266 0
1266 29.49
1266 0
1266 0
1266 0
1266 0
1266 0
1266 0
1266 0
1266 0
1266 28.48
1266 0
1266 0
1266 0
1266 0
1266 28.39
1266 0
1266 0
1266 0
1266 0
1266 0
1266 0
1276 0
1276 0
1276 0
1276 0
1276 0
1276 0
1276 0
1276 0
1276 0
1276 0
1276 32.78
1276 0
1276 0
1276 0
1276 0
1276 0
1276 0
1276 0
1276 0
1276 38.9
1276 0
1276 0
1276 0
1276 0
1276 30.63
1276 0
1276 0
1276 46.38
1276 0
1276 0
1276 0
1313 0
1313 0
1313 0
1313 0
1313 0
1313 0
1313 0
1313 0
1313 0
1313 0
1313 32.78
1313 0
1313 0
1313 0
1313 0
1313 0
1313 0
1313 0
1313 0
1313 38.9
1313 0
1313 0
1313 0
1313 0
1313 30.63
1313 0
1313 0
1313 46.38
1313 0
1313 0
1313 0
1333 0
1333 0
1333 0
1333 0
1333 0
1333 0
1333 0
1333 0
1333 0
1333 0
1333 29.49
1333 0
1333 0
1333 0
1333 0
1333 0
1333 0
1333 0
1333 0
1333 28.48
1333 0
1333 0
1333 0
1333 0
1333 28.39
1333 0
1333 0
1333 0
1333 0
1333 0
1333 0
1394 0
1394 0
1394 0
1394 0
1394 0
1394 0
1394 0
1394 0
1394 0
1394 0
1394 1.49
1394 0
1394 0
1394 0
1394 0
1394 0
1394 0
1394 0
1394 0
1394 40.43
1394 0
1394 0
1394 0
1394 0
1394 33.07
1394 0
1394 0
1394 32.76
1394 0
1394 0
1394 0
1419 0
1419 0
1419 0
1419 0
1419 0
1419 0
1419 0
1419 0
1419 0
1419 0
1419 35.28
1419 0
1419 0
1419 0
1419 0
1419 0
1419 0
1419 0
1419 0
1419 37.08
1419 0
1419 0
1419 0
1419 0
1419 37.56
1419 0
1419 0
1419 0
1419 0
1419 0
1419 0
1442 0
1442 0
1442 0
1442 0
1442 0
1442 0
1442 0
1442 0
1442 0
1442 0
1442 29.49
1442 0
1442 0
1442 0
1442 0
1442 0
1442 0
1442 0
1442 0
1442 28.48
1442 0
1442 0
1442 0
1442 0
1442 28.39
1442 0
1442 0
1442 0
1442 0
1442 0
1442 0
1479 0
1479 0
1479 0
1479 0
1479 0
1479 0
1479 0
1479 0
1479 0
1479 0
1479 32.78
1479 0
1479 0
1479 0
1479 0
1479 0
1479 0
1479 0
1479 0
1479 38.9
1479 0
1479 0
1479 0
1479 0
1479 30.63
1479 0
1479 0
1479 46.38
1479 0
1479 0
1479 0
1493 0
1493 0
1493 0
1493 0
1493 0
1493 0
1493 0
1493 0
1493 0
1493 0
1493 0.35
1493 0
1493 0
1493 0
1493 0
1493 0
1493 0
1493 0
1493 0
1493 1.79
1493 0
1493 0
1493 0
1493 0
1493 0.97
1493 0
1493 0
1493 38.37
1493 0
1493 0
1493 0
1496 0
1496 0
1496 0
1496 0
1496 0
1496 0
1496 0
1496 0
1496 0
1496 0
1496 29.49
1496 0
1496 0
1496 0
1496 0
1496 0
1496 0
1496 0
1496 0
1496 28.48
1496 0
1496 0
1496 0
1496 0
1496 28.39
1496 0
1496 0
1496 0
1496 0
1496 0
1496 0
1540 0
1540 0
1540 0
1540 0
1540 0
1540 0
1540 0
1540 0
1540 0
1540 0
1540 0
1540 0
1540 0
1540 0
1540 0
1540 0
1540 0
1540 0
1540 0
1540 41.69
1540 0
1540 0
1540 0
1540 0
1540 32.76
1540 0
1540 0
1540 0
1540 0
1540 0
1540 0
1557 0
1557 0
1557 0
1557 0
1557 0
1557 0
1557 0
1557 0
1557 0
1557 0
1557 1.49
1557 0
1557 0
1557 0
1557 0
1557 0
1557 0
1557 0
1557 0
1557 40.43
1557 0
1557 0
1557 0
1557 0
1557 33.07
1557 0
1557 0
1557 32.76
1557 0
1557 0
1557 0
1591 0
1591 0
1591 0
1591 0
1591 0
1591 0
1591 0
1591 0
1591 0
1591 0
1591 23.39
1591 0
1591 0
1591 0
1591 0
1591 0
1591 0
1591 0
1591 0
1591 27.57
1591 0
1591 0
1591 0
1591 0
1591 33.78
1591 0
1591 0
1591 0
1591 0
1591 0
1591 0
1604 0
1604 0
1604 0
1604 0
1604 0
1604 0
1604 0
1604 0
1604 0
1604 0
1604 0.63
1604 0
1604 0
1604 0
1604 0
1604 0
1604 0
1604 0
1604 0
1604 0.61
1604 0
1604 0.73
1604 0
1604 0
1604 0.51
1604 0
1604 0
1604 0.65
1604 0
1604 0
1604 0
1608 0
1608 0
1608 0
1608 0
1608 0
1608 0
1608 0
1608 0
1608 0
1608 0
1608 23.39
1608 0
1608 0
1608 0
1608 0
1608 0
1608 0
1608 0
1608 0
1608 27.57
1608 0
1608 0
1608 0
1608 0
1608 33.78
1608 0
1608 0
1608 0
1608 0
1608 0
1608 0
1616 0
1616 0
1616 0
1616 0
1616 0
1616 0
1616 0
1616 0
1616 0
1616 0
1616 35.28
1616 0
1616 0
1616 0
1616 0
1616 0
1616 0
1616 0
1616 0
1616 37.08
1616 0
1616 0
1616 0
1616 0
1616 37.56
1616 0
1616 0
1616 0
1616 0
1616 0
1616 0
1657 0
1657 0
1657 0
1657 0
1657 0
1657 0
1657 0
1657 0
1657 0
1657 0
1657 0
1657 0
1657 0
1657 0
1657 0
1657 0
1657 0
1657 0
1657 0
1657 45.26
1657 0
1657 29.32
1657 0
1657 0
1657 47.91
1657 0
1657 0
1657 0
1657 0
1657 0
1657 0
1677 0
1677 0
1677 0
1677 0
1677 0
1677 0
1677 0
1677 0
1677 0
1677 0
1677 0
1677 0
1677 0
1677 0
1677 0
1677 0
1677 0
1677 0
1677 0
1677 0
1677 0
1677 1.24
1677 0
1677 0
1677 42.43
1677 0
1677 0
1677 0
1677 0
1677 0
1677 0
1690 0
1690 0
1690 0
1690 0
1690 0
1690 0
1690 0
1690 0
1690 0
1690 0
1690 32.78
1690 0
1690 0
1690 0
1690 0
1690 0
1690 0
1690 0
1690 0
1690 38.9
1690 0
1690 0
1690 0
1690 0
1690 30.63
1690 0
1690 0
1690 46.38
1690 0
1690 0
1690 0
1762 0
1762 0
1762 0
1762 0
1762 0
1762 0
1762 0
1762 0
1762 0
1762 0
1762 35.28
1762 0
1762 0
1762 0
1762 0
1762 0
1762 0
1762 0
1762 0
1762 13.78
1762 0
1762 1.56
1762 0
1762 0
1762 3.68
1762 0
1762 0
1762 0
1762 0
1762 0
1762 0
1798 0
1798 0
1798 0
1798 0
1798 0
1798 0
1798 0
1798 0
1798 0
1798 0
1798 23.39
1798 0
1798 0
1798 0
1798 0
1798 0
1798 0
1798 0
1798 0
1798 27.57
1798 0
1798 0
1798 0
1798 0
1798 33.78
1798 0
1798 0
1798 0
1798 0
1798 0
1798 0
1815 0
1815 0
1815 0
1815 0
1815 0
1815 0
1815 0
1815 0
1815 0
1815 0
1815 0
1815 0
1815 0
1815 0
1815 0
1815 0
1815 0
1815 0
1815 0
1815 32.63
1815 0
1815 27.05
1815 0
1815 0
1815 38.37
1815 0
1815 0
1815 0
1815 0
1815 0
1815 0
1863 0
1863 0
1863 0
1863 0
1863 0
1863 0
1863 0
1863 0
1863 0
1863 0
1863 12.92
1863 0
1863 0
1863 0
1863 0
1863 0
1863 0
1863 0
1863 0
1863 4.33
1863 0
1863 0
1863 0
1863 0
1863 6.98
1863 0
1863 0
1863 0
1863 0
1863 0
1863 0
1879 0
1879 0
1879 0
1879 0
1879 0
1879 0
1879 0
1879 0
1879 0
1879 0
1879 33.95
1879 0
1879 0
1879 0
1879 0
1879 0
1879 0
1879 0
1879 0
1879 38.22
1879 0
1879 33.96
1879 0
1879 0
1879 32.94
1879 0
1879 0
1879 30.44
1879 0
1879 0
1879 0
1898 0
1898 0
1898 0
1898 0
1898 0
1898 0
1898 0
1898 0
1898 0
1898 0
1898 1.18
1898 0
1898 0
1898 0
1898 0
1898 0
1898 0
1898 0
1898 0
1898 1.15
1898 0
1898 1.56
1898 0
1898 0
1898 0.81
1898 0
1898 0
1898 9.94
1898 0
1898 0
1898 0
1935 0
1935 0
1935 0
1935 0
1935 0
1935 0
1935 0
1935 0
1935 0
1935 0
1935 32.23
1935 0
1935 0
1935 0
1935 0
1935 0
1935 0
1935 0
1935 0
1935 40.99
1935 0
1935 29.98
1935 0
1935 0
1935 1.31
1935 0
1935 0
1935 31.31
1935 0
1935 0
1935 0
1972 0
1972 0
1972 0
1972 0
1972 0
1972 0
1972 0
1972 0
1972 0
1972 0
1972 23.39
1972 0
1972 0
1972 0
1972 0
1972 0
1972 0
1972 0
1972 0
1972 27.57
1972 0
1972 0
1972 0
1972 0
1972 33.78
1972 0
1972 0
1972 0
1972 0
1972 0
1972 0
1999 0
1999 0
1999 0
1999 0
1999 0
1999 0
1999 0
1999 0
1999 0
1999 0
1999 0.92
1999 0
1999 0
1999 0
1999 0
1999 0
1999 0
1999 0
1999 0
1999 1.48
1999 0
1999 29.98
1999 0
1999 0
1999 4.52
1999 0
1999 0
1999 42.65
1999 0
1999 0
1999 0
2013 0
2013 0
2013 0
2013 0
2013 0
2013 0
2013 0
2013 0
2013 0
2013 0
2013 30.7
2013 0
2013 0
2013 0
2013 0
2013 0
2013 0
2013 0
2013 0
2013 41.12
2013 0
2013 0
2013 0
2013 0
2013 28.2
2013 0
2013 0
2013 0
2013 0
2013 0
2013 0
2040 0
2040 0
2040 0
2040 0
2040 0
2040 0
2040 0
2040 0
2040 0
2040 0
2040 0.56
2040 0
2040 0
2040 0
2040 0
2040 0
2040 0
2040 0
2040 0
2040 0.97
2040 0
2040 1.55
2040 0
2040 0
2040 1.39
2040 0
2040 35.7
2040 0.86
2040 0
2040 0
2040 0
2045 0
2045 0
2045 0
2045 0
2045 0
2045 0
2045 0
2045 0
2045 0
2045 0
2045 23.06
2045 0
2045 0
2045 0
2045 0
2045 0
2045 0
2045 0
2045 0
2045 2.15
2045 0
2045 0
2045 0
2045 0
2045 4.17
2045 0
2045 0
2045 0
2045 0
2045 0
2045 0
2046 0
2046 0
2046 0
2046 0
2046 0
2046 0
2046 0
2046 0
2046 0
2046 0
2046 1.37
2046 0
2046 0
2046 0
2046 0
2046 0
2046 0
2046 0
2046 0
2046 1.57
2046 0
2046 1.19
2046 0
2046 0
2046 2
2046 0
2046 0
2046 7.44
2046 0
2046 0
2046 0
2068 0
2068 0
2068 0
2068 0
2068 0
2068 0
2068 0
2068 0
2068 0
2068 0
2068 16.71
2068 0
2068 0
2068 0
2068 0
2068 0
2068 0
2068 0
2068 0
2068 3.44
2068 0
2068 0
2068 0
2068 0
2068 1.53
2068 0
2068 0
2068 7.92
2068 0
2068 0
2068 0
2078 0
2078 0
2078 0
2078 0
2078 0
2078 0
2078 0
2078 0
2078 0
2078 0
2078 0.29
2078 0
2078 0
2078 0
2078 0
2078 0
2078 0
2078 0
2078 0
2078 1.29
2078 0
2078 0.8
2078 0
2078 0
2078 1.65
2078 0
2078 0
2078 1.58
2078 0
2078 0
2078 0
2113 0
2113 0
2113 0
2113 0
2113 0
2113 0
2113 0
2113 0
2113 0
2113 0
2113 1.85
2113 0
2113 0
2113 0
2113 0
2113 0
2113 0
2113 0
2113 0
2113 1.01
2113 0
2113 37.42
2113 0
2113 0
2113 6.5
2113 0
2113 0
2113 40.39
2113 0
2113 0
2113 0
2137 0
2137 0
2137 0
2137 0
2137 0
2137 0
2137 0
2137 0
2137 0
2137 0
2137 10.03
2137 0
2137 0
2137 0
2137 0
2137 0
2137 0
2137 0
2137 0
2137 20.6
2137 0
2137 0
2137 0
2137 0
2137 1.07
2137 0
2137 0
2137 8.65
2137 0
2137 0
2137 0
2179 0
2179 0
2179 0
2179 0
2179 0
2179 0
2179 0
2179 0
2179 0
2179 0
2179 34.7
2179 0
2179 0
2179 0
2179 0
2179 0
2179 0
2179 0
2179 0
2179 0
2179 0
2179 0
2179 0
2179 0
2179 34.97
2179 0
2179 0
2179 27.61
2179 0
2179 0
2179 0
2184 0
2184 0
2184 0
2184 0
2184 0
2184 0
2184 0
2184 0
2184 0
2184 0
2184 0.47
2184 0
2184 0
2184 0
2184 0
2184 0
2184 0
2184 0
2184 0
2184 3.1
2184 0
2184 0
2184 0
2184 0
2184 1.92
2184 0
2184 0
2184 58.36
2184 0
2184 0
2184 0
2255 0
2255 0
2255 0
2255 0
2255 0
2255 0
2255 0
2255 0
2255 0
2255 0
2255 32.31
2255 0
2255 0
2255 0
2255 0
2255 0
2255 0
2255 0
2255 0
2255 36.89
2255 0
2255 29.98
2255 0
2255 0
2255 26.73
2255 0
2255 0
2255 31.31
2255 0
2255 0
2255 0
2266 0
2266 0
2266 0
2266 0
2266 0
2266 0
2266 0
2266 0
2266 0
2266 0
2266 32.74
2266 0
2266 0
2266 0
2266 0
2266 0
2266 0
2266 0
2266 0
2266 30.58
2266 0
2266 0
2266 0
2266 0
2266 9.23
2266 0
2266 0
2266 29.37
2266 0
2266 0
2266 0
2281 0
2281 0
2281 0
2281 0
2281 0
2281 0
2281 0
2281 0
2281 0
2281 0
2281 1.56
2281 0
2281 0
2281 0
2281 0
2281 0
2281 0
2281 0
2281 0
2281 1.86
2281 0
2281 28.12
2281 0
2281 0
2281 1.56
2281 0
2281 35.7
2281 22.24
2281 0
2281 0
2281 0
2303 0
2303 0
2303 0
2303 0
2303 0
2303 0
2303 0
2303 0
2303 0
2303 0
2303 25.1
2303 0
2303 0
2303 0
2303 0
2303 0
2303 0
2303 0
2303 0
2303 23.29
2303 0
2303 0
2303 0
2303 0
2303 2.8
2303 0
2303 0
2303 45.13
2303 0
2303 0
2303 0
2332 0
2332 0
2332 0
2332 0
2332 0
2332 0
2332 0
2332 0
2332 0
2332 0
2332 14.89
2332 0
2332 0
2332 0
2332 0
2332 0
2332 0
2332 0
2332 0
2332 44.21
2332 0
2332 29.98
2332 0
2332 0
2332 0.73
2332 0
2332 0
2332 17.77
2332 0
2332 0
2332 0
2337 0
2337 0
2337 0
2337 0
2337 0
2337 0
2337 0
2337 0
2337 0
2337 0
2337 62.85
2337 0
2337 0
2337 0
2337 0
2337 0
2337 0
2337 0
2337 0
2337 8.25
2337 0
2337 29.98
2337 0
2337 0
2337 1.1
2337 0
2337 0
2337 5.17
2337 0
2337 0
2337 0
2427 0
2427 0
2427 0
2427 0
2427 0
2427 0
2427 0
2427 0
2427 0
2427 0
2427 34.7
2427 0
2427 0
2427 0
2427 0
2427 0
2427 0
2427 0
2427 0
2427 0
2427 0
2427 0
2427 0
2427 0
2427 34.97
2427 0
2427 0
2427 27.61
2427 0
2427 0
2427 0
2678 0
2678 0
2678 0
2678 0
2678 0
2678 0
2678 0
2678 0
2678 0
2678 0
2678 29.23
2678 0
2678 0
2678 0
2678 0
2678 0
2678 0
2678 0
2678 0
2678 30.17
2678 0
2678 29.01
2678 0
2678 0
2678 29.49
2678 0
2678 0
2678 32.76
2678 0
2678 0
2678 0
3020 0
3020 0
3020 0
3020 0
3020 0
3020 0
3020 0
3020 0
3020 0
3020 0
3020 27.94
3020 0
3020 0
3020 0
3020 0
3020 0
3020 0
3020 0
3020 0
3020 21.78
3020 0
3020 23.21
3020 0
3020 0
3020 5.45
3020 0
3020 0
3020 37.56
3020 0
3020 0
3020 0
