pt_graph cpue_kghour
1652 0
1652 0
1652 0
1652 0
1652 0
1652 0
1652 0
1652 0
1652 0
1652 0
1652 0
1652 0
1652 0
1652 0
1652 0
1652 0
1652 0
1652 0
1652 0
1652 0
1652 0
1652 0
1652 0
1652 0
1652 0
1652 0
1652 0
1652 0
1652 0
1652 0
1652 0
1655 0
1655 0
1655 0
1655 0
1655 0
1655 0
1655 0
1655 0
1655 0
1655 0
1655 0
1655 0
1655 0
1655 0
1655 0
1655 0
1655 0
1655 0
1655 0
1655 0
1655 0
1655 0
1655 0
1655 0
1655 0
1655 0
1655 0
1655 0
1655 0
1655 0
1655 0
1683 0
1683 0
1683 0
1683 0
1683 0
1683 0
1683 0
1683 0
1683 0
1683 0
1683 0
1683 0
1683 0
1683 0
1683 0
1683 0
1683 0
1683 0
1683 0
1683 0
1683 0
1683 0
1683 0
1683 0
1683 0
1683 0
1683 0
1683 0
1683 0
1683 0
1683 0
1699 0
1699 0
1699 0
1699 0
1699 0
1699 0
1699 0
1699 0
1699 0
1699 0
1699 0
1699 0
1699 0
1699 0
1699 0
1699 0
1699 0
1699 0
1699 0
1699 0
1699 0
1699 0
1699 0
1699 0
1699 0
1699 0
1699 0
1699 0
1699 0
1699 0
1699 0
1728 0
1728 0
1728 0
1728 0
1728 0
1728 0
1728 0
1728 0
1728 0
1728 0
1728 0
1728 0
1728 0
1728 0
1728 0
1728 0
1728 0
1728 0
1728 0
1728 0
1728 0
1728 0
1728 0
1728 0
1728 0
1728 0
1728 0
1728 0
1728 0
1728 0
1728 0
1747 0
1747 0
1747 0
1747 0
1747 0
1747 0
1747 0
1747 0
1747 0
1747 0
1747 0
1747 0
1747 0
1747 0
1747 0
1747 0
1747 0
1747 0
1747 0
1747 0
1747 0
1747 0
1747 0
1747 0
1747 0
1747 0
1747 0
1747 0
1747 0
1747 0
1747 0
1771 0
1771 0
1771 0
1771 0
1771 0
1771 0
1771 0
1771 0
1771 0
1771 0
1771 0
1771 0
1771 0
1771 0
1771 0
1771 0
1771 0
1771 0
1771 0
1771 0
1771 0
1771 0
1771 0
1771 0
1771 0
1771 0
1771 0
1771 0
1771 0
1771 0
1771 0
1772 0
1772 0
1772 0
1772 0
1772 0
1772 0
1772 0
1772 0
1772 0
1772 0
1772 0
1772 0
1772 0
1772 0
1772 0
1772 0
1772 0
1772 0
1772 0
1772 0
1772 0
1772 0
1772 0
1772 0
1772 0
1772 0
1772 0
1772 0
1772 0
1772 0
1772 0
1844 0
1844 0
1844 0
1844 0
1844 0
1844 0
1844 0
1844 0
1844 0
1844 0
1844 0
1844 0
1844 0
1844 0
1844 0
1844 0
1844 0
1844 0
1844 0
1844 0
1844 0
1844 0
1844 0
1844 0
1844 0
1844 0
1844 0
1844 0
1844 0
1844 0
1844 0
1997 0
1997 0
1997 0
1997 0
1997 0
1997 0
1997 0
1997 0
1997 0
1997 0
1997 0
1997 0
1997 0
1997 0
1997 0
1997 0
1997 0
1997 0
1997 0
1997 0
1997 0
1997 0
1997 0
1997 0
1997 0
1997 0
1997 0
1997 0
1997 0
1997 0
1997 0
2382 0
2382 0
2382 0
2382 0
2382 0
2382 0
2382 0
2382 0
2382 0
2382 0
2382 0
2382 0
2382 0
2382 0
2382 0
2382 0
2382 0
2382 0
2382 0
2382 24
2382 0
2382 1
2382 0
2382 0
2382 49
2382 0
2382 2
2382 5
2382 0
2382 0
2382 0
2471 0
2471 0
2471 0
2471 0
2471 0
2471 0
2471 0
2471 0
2471 0
2471 0
2471 8
2471 0
2471 0
2471 0
2471 0
2471 0
2471 0
2471 0
2471 0
2471 40
2471 0
2471 7
2471 0
2471 0
2471 150
2471 0
2471 4
2471 4
2471 0
2471 0
2471 0
2491 0
2491 0
2491 0
2491 0
2491 0
2491 0
2491 0
2491 0
2491 0
2491 0
2491 0
2491 0
2491 0
2491 0
2491 0
2491 0
2491 0
2491 0
2491 0
2491 65
2491 0
2491 0
2491 0
2491 0
2491 63
2491 0
2491 3
2491 0
2491 0
2491 0
2491 0
2571 0
2571 0
2571 0
2571 0
2571 0
2571 0
2571 0
2571 0
2571 0
2571 0
2571 1
2571 0
2571 0
2571 0
2571 0
2571 0
2571 0
2571 0
2571 0
2571 52
2571 0
2571 5
2571 0
2571 0
2571 181
2571 0
2571 5
2571 0
2571 0
2571 0
2571 0
2575 0
2575 0
2575 0
2575 0
2575 0
2575 0
2575 0
2575 0
2575 0
2575 0
2575 1155
2575 0
2575 0
2575 0
2575 0
2575 0
2575 0
2575 0
2575 0
2575 61
2575 0
2575 0
2575 0
2575 0
2575 5
2575 0
2575 8
2575 0
2575 0
2575 0
2575 0
2668 0
2668 0
2668 0
2668 0
2668 0
2668 0
2668 0
2668 0
2668 0
2668 0
2668 0
2668 0
2668 0
2668 0
2668 0
2668 0
2668 0
2668 0
2668 0
2668 56
2668 0
2668 30
2668 0
2668 0
2668 266
2668 0
2668 1
2668 4
2668 0
2668 0
2668 0
2682 0
2682 0
2682 0
2682 0
2682 0
2682 0
2682 0
2682 0
2682 0
2682 0
2682 0
2682 0
2682 0
2682 0
2682 0
2682 0
2682 0
2682 0
2682 0
2682 52
2682 0
2682 0
2682 0
2682 0
2682 178
2682 0
2682 15
2682 28
2682 0
2682 0
2682 0
2725 0
2725 0
2725 0
2725 0
2725 0
2725 0
2725 0
2725 0
2725 0
2725 0
2725 0
2725 0
2725 0
2725 0
2725 0
2725 0
2725 0
2725 0
2725 0
2725 29
2725 0
2725 2
2725 0
2725 0
2725 46
2725 0
2725 4
2725 6
2725 0
2725 0
2725 0
2855 0
2855 0
2855 0
2855 0
2855 0
2855 0
2855 0
2855 0
2855 0
2855 0
2855 0
2855 0
2855 0
2855 0
2855 0
2855 0
2855 0
2855 0
2855 0
2855 9
2855 0
2855 3
2855 0
2855 0
2855 49
2855 0
2855 3
2855 9
2855 0
2855 0
2855 0
2915 0
2915 0
2915 0
2915 0
2915 0
2915 0
2915 0
2915 0
2915 0
2915 0
2915 0
2915 0
2915 0
2915 0
2915 0
2915 0
2915 0
2915 0
2915 0
2915 35
2915 0
2915 2
2915 0
2915 0
2915 83
2915 0
2915 4
2915 4
2915 0
2915 0
2915 0
2925 0
2925 0
2925 0
2925 0
2925 0
2925 0
2925 0
2925 0
2925 0
2925 0
2925 11
2925 0
2925 0
2925 0
2925 0
2925 0
2925 0
2925 0
2925 0
2925 24
2925 0
2925 0
2925 0
2925 0
2925 52
2925 0
2925 0
2925 0
2925 0
2925 0
2925 0
2968 0
2968 0
2968 0
2968 0
2968 0
2968 0
2968 0
2968 0
2968 0
2968 0
2968 0
2968 0
2968 0
2968 0
2968 0
2968 0
2968 0
2968 0
2968 0
2968 0
2968 0
2968 0
2968 0
2968 0
2968 0
2968 0
2968 0
2968 0
2968 0
2968 0
2968 0
2992 0
2992 0
2992 0
2992 0
2992 0
2992 0
2992 0
2992 0
2992 0
2992 0
2992 0
2992 0
2992 0
2992 0
2992 0
2992 0
2992 0
2992 0
2992 0
2992 0
2992 0
2992 0
2992 0
2992 0
2992 0
2992 0
2992 0
2992 0
2992 0
2992 0
2992 0
2994 0
2994 0
2994 0
2994 0
2994 0
2994 0
2994 0
2994 0
2994 0
2994 0
2994 1
2994 0
2994 0
2994 0
2994 0
2994 0
2994 0
2994 0
2994 0
2994 13
2994 0
2994 2
2994 0
2994 0
2994 32
2994 0
2994 2
2994 4
2994 0
2994 0
2994 0
2998 0
2998 0
2998 0
2998 0
2998 0
2998 0
2998 0
2998 0
2998 0
2998 0
2998 3
2998 0
2998 0
2998 0
2998 0
2998 0
2998 0
2998 0
2998 0
2998 6
2998 0
2998 0
2998 0
2998 0
2998 13
2998 0
2998 0
2998 0
2998 0
2998 0
2998 0
3030 0
3030 0
3030 0
3030 0
3030 0
3030 0
3030 0
3030 0
3030 0
3030 0
3030 0
3030 0
3030 0
3030 0
3030 0
3030 0
3030 0
3030 0
3030 0
3030 25
3030 0
3030 2
3030 0
3030 0
3030 44
3030 0
3030 2
3030 3
3030 0
3030 0
3030 0
3035 0
3035 0
3035 0
3035 0
3035 0
3035 0
3035 0
3035 0
3035 0
3035 0
3035 1
3035 0
3035 0
3035 0
3035 0
3035 0
3035 0
3035 0
3035 0
3035 12
3035 0
3035 0
3035 0
3035 0
3035 50
3035 0
3035 1
3035 4
3035 0
3035 0
3035 0
3058 0
3058 0
3058 0
3058 0
3058 0
3058 0
3058 0
3058 0
3058 0
3058 0
3058 0
3058 0
3058 0
3058 0
3058 0
3058 0
3058 0
3058 0
3058 0
3058 15
3058 0
3058 12
3058 0
3058 0
3058 28
3058 0
3058 0
3058 0
3058 0
3058 0
3058 0
3116 0
3116 0
3116 0
3116 0
3116 0
3116 0
3116 0
3116 0
3116 0
3116 0
3116 0
3116 0
3116 0
3116 0
3116 0
3116 0
3116 0
3116 0
3116 0
3116 0
3116 0
3116 0
3116 0
3116 0
3116 0
3116 0
3116 0
3116 0
3116 0
3116 0
3116 0
3120 0
3120 0
3120 0
3120 0
3120 0
3120 0
3120 0
3120 0
3120 0
3120 0
3120 0
3120 0
3120 0
3120 0
3120 0
3120 0
3120 0
3120 0
3120 0
3120 0
3120 0
3120 0
3120 0
3120 0
3120 0
3120 0
3120 0
3120 0
3120 0
3120 0
3120 0
3135 0
3135 0
3135 0
3135 0
3135 0
3135 0
3135 0
3135 0
3135 0
3135 0
3135 0
3135 0
3135 0
3135 0
3135 0
3135 0
3135 0
3135 0
3135 0
3135 0
3135 0
3135 0
3135 0
3135 0
3135 0
3135 0
3135 0
3135 0
3135 0
3135 0
3135 0
3200 0
3200 0
3200 0
3200 0
3200 0
3200 0
3200 0
3200 0
3200 0
3200 0
3200 0
3200 0
3200 0
3200 0
3200 0
3200 0
3200 0
3200 0
3200 0
3200 0
3200 0
3200 0
3200 0
3200 0
3200 0
3200 0
3200 0
3200 0
3200 0
3200 0
3200 0
3253 0
3253 0
3253 0
3253 0
3253 0
3253 0
3253 0
3253 0
3253 0
3253 0
3253 0
3253 0
3253 0
3253 0
3253 0
3253 0
3253 0
3253 0
3253 0
3253 0
3253 0
3253 0
3253 0
3253 0
3253 0
3253 0
3253 0
3253 0
3253 0
3253 0
3253 0
3261 0
3261 0
3261 0
3261 0
3261 0
3261 0
3261 0
3261 0
3261 0
3261 0
3261 0
3261 0
3261 0
3261 0
3261 0
3261 0
3261 0
3261 0
3261 0
3261 0
3261 0
3261 0
3261 0
3261 0
3261 0
3261 0
3261 0
3261 0
3261 0
3261 0
3261 0
3267 0
3267 0
3267 0
3267 0
3267 0
3267 0
3267 0
3267 0
3267 0
3267 0
3267 0
3267 0
3267 0
3267 0
3267 0
3267 0
3267 0
3267 0
3267 0
3267 0
3267 0
3267 0
3267 0
3267 0
3267 0
3267 0
3267 0
3267 0
3267 0
3267 0
3267 0
3444 0
3444 0
3444 0
3444 0
3444 0
3444 0
3444 0
3444 0
3444 0
3444 0
3444 0
3444 0
3444 0
3444 0
3444 0
3444 0
3444 0
3444 0
3444 0
3444 0
3444 0
3444 0
3444 0
3444 0
3444 0
3444 0
3444 0
3444 0
3444 0
3444 0
3444 0
