pt_graph shape
872 0
872 0
872 0
872 0
872 0
872 0
872 0
872 0
872 0
872 0
872 1.57
872 0
872 0
872 0
872 0
872 0
872 0
872 0
872 0
872 26.72
872 0
872 0
872 0
872 0
872 1.47
872 0
872 0
872 0
872 0
872 0
872 0
910 0
910 0
910 0
910 0
910 0
910 0
910 0
910 0
910 0
910 0
910 39.79
910 0
910 0
910 0
910 0
910 0
910 0
910 0
910 0
910 25.43
910 0
910 0
910 0
910 0
910 1.55
910 0
910 0
910 0
910 0
910 0
910 0
918 0
918 0
918 0
918 0
918 0
918 0
918 0
918 0
918 0
918 0
918 1.57
918 0
918 0
918 0
918 0
918 0
918 0
918 0
918 0
918 26.72
918 0
918 0
918 0
918 0
918 1.47
918 0
918 0
918 0
918 0
918 0
918 0
938 0
938 0
938 0
938 0
938 0
938 0
938 0
938 0
938 0
938 0
938 0
938 0
938 0
938 0
938 0
938 0
938 0
938 0
938 0
938 1.88
938 0
938 0
938 0
938 0
938 1.48
938 0
938 0
938 0
938 0
938 0
938 0
975 0
975 0
975 0
975 0
975 0
975 0
975 0
975 0
975 0
975 0
975 1.57
975 0
975 0
975 0
975 0
975 0
975 0
975 0
975 0
975 1.56
975 0
975 0
975 0
975 0
975 1.63
975 0
975 0
975 35.3
975 0
975 0
975 0
977 0
977 0
977 0
977 0
977 0
977 0
977 0
977 0
977 0
977 0
977 1.57
977 0
977 0
977 0
977 0
977 0
977 0
977 0
977 0
977 1.56
977 0
977 0
977 0
977 0
977 1.63
977 0
977 0
977 35.3
977 0
977 0
977 0
979 0
979 0
979 0
979 0
979 0
979 0
979 0
979 0
979 0
979 0
979 1.96
979 0
979 0
979 0
979 0
979 0
979 0
979 0
979 0
979 1.98
979 0
979 0
979 0
979 0
979 1.47
979 0
979 0
979 35.47
979 0
979 0
979 0
985 0
985 0
985 0
985 0
985 0
985 0
985 0
985 0
985 0
985 0
985 1.57
985 0
985 0
985 0
985 0
985 0
985 0
985 0
985 0
985 1.55
985 0
985 0
985 0
985 0
985 1.48
985 0
985 0
985 37.58
985 0
985 0
985 0
995 0
995 0
995 0
995 0
995 0
995 0
995 0
995 0
995 0
995 0
995 1.57
995 0
995 0
995 0
995 0
995 0
995 0
995 0
995 0
995 1.55
995 0
995 0
995 0
995 0
995 1.48
995 0
995 0
995 37.58
995 0
995 0
995 0
1004 0
1004 0
1004 0
1004 0
1004 0
1004 0
1004 0
1004 0
1004 0
1004 0
1004 39.79
1004 0
1004 0
1004 0
1004 0
1004 0
1004 0
1004 0
1004 0
1004 25.43
1004 0
1004 0
1004 0
1004 0
1004 1.55
1004 0
1004 0
1004 0
1004 0
1004 0
1004 0
1005 0
1005 0
1005 0
1005 0
1005 0
1005 0
1005 0
1005 0
1005 0
1005 0
1005 1.03
1005 0
1005 0
1005 0
1005 0
1005 0
1005 0
1005 0
1005 0
1005 0.99
1005 0
1005 0
1005 0
1005 0
1005 0.93
1005 0
1005 0
1005 35.47
1005 0
1005 0
1005 0
1015 0
1015 0
1015 0
1015 0
1015 0
1015 0
1015 0
1015 0
1015 0
1015 0
1015 1.02
1015 0
1015 0
1015 0
1015 0
1015 0
1015 0
1015 0
1015 0
1015 1.02
1015 0
1015 29.8
1015 0
1015 0
1015 0.92
1015 0
1015 0
1015 0
1015 0
1015 0
1015 0
1021 0
1021 0
1021 0
1021 0
1021 0
1021 0
1021 0
1021 0
1021 0
1021 0
1021 1.57
1021 0
1021 0
1021 0
1021 0
1021 0
1021 0
1021 0
1021 0
1021 0.89
1021 0
1021 0
1021 0
1021 0
1021 0.86
1021 0
1021 0
1021 37.58
1021 0
1021 0
1021 0
1022 0
1022 0
1022 0
1022 0
1022 0
1022 0
1022 0
1022 0
1022 0
1022 0
1022 2.39
1022 0
1022 0
1022 0
1022 0
1022 0
1022 0
1022 0
1022 0
1022 23.84
1022 0
1022 0
1022 0
1022 0
1022 1.47
1022 0
1022 0
1022 41.25
1022 0
1022 0
1022 0
1025 0
1025 0
1025 0
1025 0
1025 0
1025 0
1025 0
1025 0
1025 0
1025 0
1025 1.07
1025 0
1025 0
1025 0
1025 0
1025 0
1025 0
1025 0
1025 0
1025 0.98
1025 0
1025 0
1025 0
1025 0
1025 0.87
1025 0
1025 0
1025 0
1025 0
1025 0
1025 0
1042 0
1042 0
1042 0
1042 0
1042 0
1042 0
1042 0
1042 0
1042 0
1042 0
1042 2.39
1042 0
1042 0
1042 0
1042 0
1042 0
1042 0
1042 0
1042 0
1042 23.84
1042 0
1042 0
1042 0
1042 0
1042 1.47
1042 0
1042 0
1042 41.25
1042 0
1042 0
1042 0
1045 0
1045 0
1045 0
1045 0
1045 0
1045 0
1045 0
1045 0
1045 0
1045 0
1045 1.58
1045 0
1045 0
1045 0
1045 0
1045 0
1045 0
1045 0
1045 0
1045 35.07
1045 0
1045 0
1045 0
1045 0
1045 1.47
1045 0
1045 0
1045 0
1045 0
1045 0
1045 0
1054 0
1054 0
1054 0
1054 0
1054 0
1054 0
1054 0
1054 0
1054 0
1054 0
1054 2.07
1054 0
1054 0
1054 0
1054 0
1054 0
1054 0
1054 0
1054 0
1054 1.88
1054 0
1054 0
1054 0
1054 0
1054 1.48
1054 0
1054 0
1054 0
1054 0
1054 0
1054 0
1074 0
1074 0
1074 0
1074 0
1074 0
1074 0
1074 0
1074 0
1074 0
1074 0
1074 2.39
1074 0
1074 0
1074 0
1074 0
1074 0
1074 0
1074 0
1074 0
1074 23.84
1074 0
1074 0
1074 0
1074 0
1074 1.47
1074 0
1074 0
1074 41.25
1074 0
1074 0
1074 0
1075 0
1075 0
1075 0
1075 0
1075 0
1075 0
1075 0
1075 0
1075 0
1075 0
1075 5.15
1075 0
1075 0
1075 0
1075 0
1075 0
1075 0
1075 0
1075 0
1075 5.86
1075 0
1075 29.8
1075 0
1075 0
1075 0.6
1075 0
1075 0
1075 5.2
1075 0
1075 0
1075 0
2653 0
2653 0
2653 0
2653 0
2653 0
2653 0
2653 0
2653 0
2653 0
2653 0
2653 0
2653 0
2653 0
2653 0
2653 0
2653 0
2653 0
2653 0
2653 0
2653 28.97
2653 0
2653 0
2653 0
2653 0
2653 2.04
2653 0
2653 34.5
2653 0
2653 0
2653 0
2653 0
2775 0
2775 0
2775 0
2775 0
2775 0
2775 0
2775 0
2775 0
2775 0
2775 0
2775 0
2775 0
2775 0
2775 0
2775 0
2775 0
2775 0
2775 0
2775 0
2775 4.13
2775 0
2775 0
2775 0
2775 0
2775 0.9
2775 0
2775 4.94
2775 35.7
2775 0
2775 0
2775 0
2777 0
2777 0
2777 0
2777 0
2777 0
2777 0
2777 0
2777 0
2777 0
2777 0
2777 0
2777 0
2777 0
2777 0
2777 0
2777 0
2777 0
2777 0
2777 0
2777 28.97
2777 0
2777 0
2777 0
2777 0
2777 2.04
2777 0
2777 34.5
2777 0
2777 0
2777 0
2777 0
2789 0
2789 0
2789 0
2789 0
2789 0
2789 0
2789 0
2789 0
2789 0
2789 0
2789 0
2789 0
2789 0
2789 0
2789 0
2789 0
2789 0
2789 0
2789 0
2789 61.46
2789 0
2789 0
2789 0
2789 0
2789 1.03
2789 0
2789 41.23
2789 0
2789 0
2789 0
2789 0
2844 0
2844 0
2844 0
2844 0
2844 0
2844 0
2844 0
2844 0
2844 0
2844 0
2844 0
2844 0
2844 0
2844 0
2844 0
2844 0
2844 0
2844 0
2844 0
2844 5.1
2844 0
2844 0
2844 0
2844 0
2844 0.72
2844 0
2844 6.06
2844 55.18
2844 0
2844 0
2844 0
2904 0
2904 0
2904 0
2904 0
2904 0
2904 0
2904 0
2904 0
2904 0
2904 0
2904 0
2904 0
2904 0
2904 0
2904 0
2904 0
2904 0
2904 0
2904 0
2904 28.97
2904 0
2904 0
2904 0
2904 0
2904 2.04
2904 0
2904 34.5
2904 0
2904 0
2904 0
2904 0
2992 0
2992 0
2992 0
2992 0
2992 0
2992 0
2992 0
2992 0
2992 0
2992 0
2992 0
2992 0
2992 0
2992 0
2992 0
2992 0
2992 0
2992 0
2992 0
2992 42.58
2992 0
2992 0
2992 0
2992 0
2992 0.95
2992 0
2992 9.04
2992 60.62
2992 0
2992 0
2992 0
4941 0
4941 2.72
4941 0
4941 0
4941 0
4941 0
4941 0
4941 0
4941 0
4941 0
4941 0
4941 0
4941 0
4941 0
4941 0
4941 0
4941 0
4941 0
4941 0
4941 0
4941 0
4941 0
4941 0
4941 35.84
4941 0
4941 24.97
4941 0
4941 0
4941 0
4941 0
4941 0
4993 0
4993 2.72
4993 0
4993 0
4993 0
4993 0
4993 0
4993 0
4993 0
4993 0
4993 0
4993 0
4993 0
4993 0
4993 0
4993 0
4993 0
4993 0
4993 0
4993 0
4993 0
4993 0
4993 0
4993 35.84
4993 0
4993 24.97
4993 0
4993 0
4993 0
4993 0
4993 0
5057 0
5057 1.64
5057 0
5057 0
5057 0
5057 0
5057 0
5057 0
5057 0
5057 33.66
5057 0
5057 0
5057 0
5057 0
5057 0
5057 0
5057 0
5057 0
5057 0
5057 0
5057 35.47
5057 0
5057 0
5057 1.98
5057 0
5057 1.63
5057 0
5057 0
5057 0
5057 0
5057 0
5077 0
5077 2.72
5077 0
5077 0
5077 0
5077 0
5077 0
5077 0
5077 0
5077 0
5077 0
5077 0
5077 0
5077 0
5077 0
5077 0
5077 0
5077 0
5077 0
5077 0
5077 0
5077 0
5077 0
5077 35.84
5077 0
5077 24.97
5077 0
5077 0
5077 0
5077 0
5077 0
5150 0
5150 1.68
5150 0
5150 0
5150 0
5150 0
5150 0
5150 0
5150 0
5150 0
5150 0
5150 0
5150 0
5150 0
5150 0
5150 0
5150 0
5150 0
5150 0
5150 0
5150 0
5150 0
5150 0
5150 30.35
5150 0
5150 42.75
5150 0
5150 0
5150 0
5150 0
5150 0
5346 0
5346 1.68
5346 0
5346 0
5346 0
5346 0
5346 0
5346 0
5346 0
5346 0
5346 0
5346 0
5346 0
5346 0
5346 0
5346 0
5346 0
5346 0
5346 0
5346 0
5346 0
5346 0
5346 0
5346 30.35
5346 0
5346 42.75
5346 0
5346 0
5346 0
5346 0
5346 0
5416 0
5416 1.68
5416 0
5416 0
5416 0
5416 0
5416 0
5416 0
5416 0
5416 0
5416 0
5416 0
5416 0
5416 0
5416 0
5416 0
5416 0
5416 0
5416 0
5416 0
5416 0
5416 0
5416 0
5416 30.35
5416 0
5416 42.75
5416 0
5416 0
5416 0
5416 0
5416 0
5472 0
5472 1.75
5472 0
5472 0
5472 0
5472 0
5472 0
5472 0
5472 0
5472 0
5472 0
5472 0
5472 0
5472 0
5472 0
5472 0
5472 0
5472 0
5472 0
5472 0
5472 42.46
5472 0
5472 0
5472 29.81
5472 0
5472 40.16
5472 0
5472 0
5472 0
5472 0
5472 0
5554 0
5554 1.75
5554 0
5554 0
5554 0
5554 0
5554 0
5554 0
5554 0
5554 0
5554 0
5554 0
5554 0
5554 0
5554 0
5554 0
5554 0
5554 0
5554 0
5554 0
5554 42.46
5554 0
5554 0
5554 29.81
5554 0
5554 40.16
5554 0
5554 0
5554 0
5554 0
5554 0
5557 0
5557 2.44
5557 0
5557 0
5557 0
5557 0
5557 0
5557 0
5557 0
5557 0
5557 0
5557 0
5557 0
5557 0
5557 0
5557 0
5557 0
5557 0
5557 0
5557 0
5557 0
5557 0
5557 0
5557 0
5557 0
5557 0
5557 0
5557 0
5557 0
5557 0
5557 0
5578 0
5578 1.68
5578 0
5578 0
5578 0
5578 0
5578 0
5578 0
5578 0
5578 0
5578 0
5578 0
5578 0
5578 0
5578 0
5578 0
5578 0
5578 0
5578 0
5578 0
5578 0
5578 0
5578 0
5578 30.35
5578 0
5578 42.75
5578 0
5578 0
5578 0
5578 0
5578 0
5608 0
5608 1.75
5608 0
5608 0
5608 0
5608 0
5608 0
5608 0
5608 0
5608 0
5608 0
5608 0
5608 0
5608 0
5608 0
5608 0
5608 0
5608 0
5608 0
5608 0
5608 42.46
5608 0
5608 0
5608 29.81
5608 0
5608 40.16
5608 0
5608 0
5608 0
5608 0
5608 0
5650 0
5650 2.44
5650 0
5650 0
5650 0
5650 0
5650 0
5650 0
5650 0
5650 0
5650 0
5650 0
5650 0
5650 0
5650 0
5650 0
5650 0
5650 0
5650 0
5650 0
5650 0
5650 0
5650 0
5650 0
5650 0
5650 0
5650 0
5650 0
5650 0
5650 0
5650 0
5781 0
5781 1.68
5781 0
5781 0
5781 0
5781 0
5781 0
5781 0
5781 0
5781 0
5781 0
5781 0
5781 0
5781 0
5781 0
5781 0
5781 0
5781 0
5781 0
5781 0
5781 0
5781 0
5781 0
5781 30.35
5781 0
5781 42.75
5781 0
5781 0
5781 0
5781 0
5781 0
5834 0
5834 0.97
5834 0
5834 0
5834 0
5834 0
5834 0
5834 0
5834 0
5834 0
5834 0
5834 0
5834 0
5834 0
5834 0
5834 0
5834 0
5834 0
5834 0
5834 0
5834 5.8
5834 0
5834 0
5834 47.04
5834 0
5834 1.06
5834 0
5834 0
5834 0
5834 0
5834 0
5842 0
5842 1.05
5842 0
5842 0
5842 0
5842 0
5842 0
5842 0
5842 0
5842 0
5842 0
5842 0
5842 0
5842 0
5842 0
5842 0
5842 0
5842 0
5842 0
5842 0
5842 0
5842 0
5842 0
5842 0
5842 0
5842 0
5842 0
5842 0
5842 0
5842 0
5842 0
5905 0
5905 1.62
5905 0
5905 0
5905 0
5905 0
5905 0
5905 0
5905 0
5905 0
5905 0
5905 0
5905 0
5905 0
5905 0
5905 0
5905 0
5905 0
5905 0
5905 0
5905 0
5905 0
5905 0
5905 0
5905 0
5905 0
5905 0
5905 0
5905 0
5905 0
5905 0
5924 0
5924 2.44
5924 0
5924 0
5924 0
5924 0
5924 0
5924 0
5924 0
5924 0
5924 0
5924 0
5924 0
5924 0
5924 0
5924 0
5924 0
5924 0
5924 0
5924 0
5924 0
5924 0
5924 0
5924 0
5924 0
5924 0
5924 0
5924 0
5924 0
5924 0
5924 0
5953 0
5953 0.97
5953 0
5953 0
5953 0
5953 0
5953 0
5953 0
5953 0
5953 0
5953 0
5953 0
5953 0
5953 0
5953 0
5953 0
5953 0
5953 0
5953 0
5953 0
5953 5.8
5953 0
5953 0
5953 47.04
5953 0
5953 1.06
5953 0
5953 0
5953 0
5953 0
5953 0
5985 0
5985 0.86
5985 0
5985 0
5985 0
5985 0
5985 0
5985 0
5985 0
5985 0
5985 0
5985 0
5985 0
5985 0
5985 0
5985 0
5985 0
5985 0
5985 0
5985 0
5985 28.48
5985 0
5985 0
5985 61.12
5985 0
5985 33.89
5985 0
5985 0
5985 0
5985 0
5985 0
6018 0
6018 1.04
6018 0
6018 0
6018 0
6018 0
6018 0
6018 0
6018 0
6018 0
6018 0
6018 0
6018 0
6018 0
6018 0
6018 0
6018 0
6018 0
6018 0
6018 0
6018 5.09
6018 0
6018 0
6018 33.97
6018 0
6018 3.27
6018 0
6018 0
6018 0
6018 0
6018 0
6035 0
6035 1.62
6035 0
6035 0
6035 0
6035 0
6035 0
6035 0
6035 0
6035 0
6035 0
6035 0
6035 0
6035 0
6035 0
6035 0
6035 0
6035 0
6035 0
6035 0
6035 0
6035 0
6035 0
6035 0
6035 0
6035 0
6035 0
6035 0
6035 0
6035 0
6035 0
6042 0
6042 0
6042 0
6042 0
6042 0
6042 0
6042 0
6042 0
6042 0
6042 0
6042 0
6042 0
6042 0
6042 0
6042 0
6042 0
6042 0
6042 0
6042 0
6042 0
6042 0
6042 0
6042 0
6042 36.05
6042 0
6042 49.46
6042 0
6042 0
6042 0
6042 0
6042 0
6076 0
6076 48.22
6076 0
6076 0
6076 0
6076 0
6076 0
6076 0
6076 0
6076 0
6076 0
6076 0
6076 0
6076 0
6076 0
6076 0
6076 0
6076 0
6076 0
6076 0
6076 0
6076 0
6076 0
6076 33.95
6076 0
6076 44.25
6076 0
6076 0
6076 0
6076 0
6076 0
6100 0
6100 48.22
6100 0
6100 0
6100 0
6100 0
6100 0
6100 0
6100 0
6100 0
6100 0
6100 0
6100 0
6100 0
6100 0
6100 0
6100 0
6100 0
6100 0
6100 0
6100 0
6100 0
6100 0
6100 33.95
6100 0
6100 44.25
6100 0
6100 0
6100 0
6100 0
6100 0
6106 0
6106 48.22
6106 0
6106 0
6106 0
6106 0
6106 0
6106 0
6106 0
6106 0
6106 0
6106 0
6106 0
6106 0
6106 0
6106 0
6106 0
6106 0
6106 0
6106 0
6106 0
6106 0
6106 0
6106 33.95
6106 0
6106 44.25
6106 0
6106 0
6106 0
6106 0
6106 0
6113 0
6113 0
6113 0
6113 0
6113 0
6113 0
6113 0
6113 0
6113 0
6113 0
6113 0
6113 0
6113 0
6113 0
6113 0
6113 0
6113 0
6113 0
6113 0
6113 0
6113 0
6113 0
6113 0
6113 36.05
6113 0
6113 49.46
6113 0
6113 0
6113 0
6113 0
6113 0
6170 0
6170 0
6170 0
6170 0
6170 0
6170 0
6170 0
6170 0
6170 0
6170 0
6170 0
6170 0
6170 0
6170 0
6170 0
6170 0
6170 0
6170 0
6170 0
6170 0
6170 0
6170 0
6170 0
6170 36.05
6170 0
6170 49.46
6170 0
6170 0
6170 0
6170 0
6170 0
6238 0
6238 48.22
6238 0
6238 0
6238 0
6238 0
6238 0
6238 0
6238 0
6238 0
6238 0
6238 0
6238 0
6238 0
6238 0
6238 0
6238 0
6238 0
6238 0
6238 0
6238 0
6238 0
6238 0
6238 40.18
6238 0
6238 2.47
6238 0
6238 0
6238 0
6238 0
6238 0
6270 0
6270 48.22
6270 0
6270 0
6270 0
6270 0
6270 0
6270 0
6270 0
6270 0
6270 0
6270 0
6270 0
6270 0
6270 0
6270 0
6270 0
6270 0
6270 0
6270 0
6270 0
6270 0
6270 0
6270 33.95
6270 0
6270 44.25
6270 0
6270 0
6270 0
6270 0
6270 0
6283 0
6283 48.22
6283 0
6283 0
6283 0
6283 0
6283 0
6283 0
6283 0
6283 0
6283 0
6283 0
6283 0
6283 0
6283 0
6283 0
6283 0
6283 0
6283 0
6283 0
6283 0
6283 0
6283 0
6283 33.95
6283 0
6283 44.25
6283 0
6283 0
6283 0
6283 0
6283 0
6298 0
6298 0
6298 0
6298 0
6298 0
6298 0
6298 0
6298 0
6298 0
6298 0
6298 0
6298 0
6298 0
6298 0
6298 0
6298 0
6298 0
6298 0
6298 0
6298 0
6298 0
6298 0
6298 0
6298 36.05
6298 0
6298 49.46
6298 0
6298 0
6298 0
6298 0
6298 0
6310 0
6310 48.22
6310 0
6310 0
6310 0
6310 0
6310 0
6310 0
6310 0
6310 0
6310 0
6310 0
6310 0
6310 0
6310 0
6310 0
6310 0
6310 0
6310 0
6310 0
6310 0
6310 0
6310 0
6310 33.95
6310 0
6310 44.25
6310 0
6310 0
6310 0
6310 0
6310 0
6350 0
6350 48.22
6350 0
6350 0
6350 0
6350 0
6350 0
6350 0
6350 0
6350 0
6350 0
6350 0
6350 0
6350 0
6350 0
6350 0
6350 0
6350 0
6350 0
6350 0
6350 0
6350 0
6350 0
6350 33.95
6350 0
6350 44.25
6350 0
6350 0
6350 0
6350 0
6350 0
6354 0
6354 35.49
6354 0
6354 0
6354 0
6354 0
6354 0
6354 0
6354 0
6354 32.96
6354 0
6354 0
6354 0
6354 0
6354 0
6354 0
6354 0
6354 0
6354 0
6354 0
6354 0
6354 0
6354 0
6354 39.6
6354 0
6354 38.36
6354 0
6354 0
6354 0
6354 0
6354 0
6362 0
6362 48.22
6362 0
6362 0
6362 0
6362 0
6362 0
6362 0
6362 0
6362 0
6362 0
6362 0
6362 0
6362 0
6362 0
6362 0
6362 0
6362 0
6362 0
6362 0
6362 0
6362 0
6362 0
6362 40.18
6362 0
6362 2.47
6362 0
6362 0
6362 0
6362 0
6362 0
6365 0
6365 25.4
6365 0
6365 0
6365 0
6365 0
6365 0
6365 0
6365 0
6365 0
6365 0
6365 0
6365 0
6365 0
6365 0
6365 0
6365 0
6365 0
6365 0
6365 0
6365 0
6365 0
6365 0
6365 27.61
6365 0
6365 28.16
6365 0
6365 0
6365 0
6365 0
6365 0
6382 0
6382 1.25
6382 0
6382 0
6382 0
6382 0
6382 0
6382 0
6382 0
6382 41.37
6382 0
6382 0
6382 0
6382 0
6382 0
6382 0
6382 0
6382 0
6382 0
6382 0
6382 0
6382 0
6382 0
6382 5
6382 0
6382 39.71
6382 0
6382 0
6382 0
6382 0
6382 0
6387 0
6387 29.33
6387 0
6387 0
6387 0
6387 0
6387 0
6387 0
6387 0
6387 0
6387 0
6387 0
6387 0
6387 0
6387 0
6387 0
6387 0
6387 0
6387 0
6387 0
6387 0
6387 0
6387 0
6387 46.65
6387 0
6387 35.28
6387 0
6387 0
6387 0
6387 0
6387 0
6391 0
6391 35.49
6391 0
6391 0
6391 0
6391 0
6391 0
6391 0
6391 0
6391 32.96
6391 0
6391 0
6391 0
6391 0
6391 0
6391 0
6391 0
6391 0
6391 0
6391 0
6391 0
6391 0
6391 0
6391 39.6
6391 0
6391 38.36
6391 0
6391 0
6391 0
6391 0
6391 0
6392 0
6392 18.76
6392 0
6392 0
6392 0
6392 0
6392 0
6392 0
6392 0
6392 33.06
6392 0
6392 0
6392 0
6392 0
6392 0
6392 0
6392 0
6392 0
6392 0
6392 0
6392 0
6392 0
6392 0
6392 9.12
6392 0
6392 3.05
6392 0
6392 0
6392 0
6392 0
6392 0
6398 0
6398 18.56
6398 0
6398 0
6398 0
6398 0
6398 0
6398 0
6398 0
6398 5.64
6398 0
6398 0
6398 0
6398 0
6398 0
6398 0
6398 0
6398 0
6398 0
6398 0
6398 0
6398 0
6398 0
6398 4.1
6398 0
6398 11.76
6398 0
6398 0
6398 0
6398 0
6398 0
6404 0
6404 27.63
6404 0
6404 0
6404 0
6404 0
6404 0
6404 0
6404 0
6404 0
6404 0
6404 0
6404 0
6404 0
6404 0
6404 0
6404 0
6404 0
6404 0
6404 0
6404 0
6404 0
6404 0
6404 38.25
6404 0
6404 62.2
6404 0
6404 0
6404 0
6404 0
6404 0
6437 0
6437 33.44
6437 0
6437 0
6437 0
6437 0
6437 0
6437 0
6437 0
6437 41.37
6437 0
6437 0
6437 0
6437 0
6437 0
6437 0
6437 0
6437 0
6437 0
6437 0
6437 0
6437 0
6437 0
6437 31.83
6437 0
6437 43.13
6437 0
6437 0
6437 0
6437 0
6437 0
6447 0
6447 7.1
6447 0
6447 0
6447 0
6447 0
6447 0
6447 0
6447 0
6447 38.67
6447 0
6447 0
6447 0
6447 0
6447 0
6447 0
6447 0
6447 0
6447 0
6447 0
6447 0
6447 0
6447 0
6447 1.11
6447 0
6447 5.11
6447 0
6447 0
6447 0
6447 0
6447 0
6457 0
6457 9.74
6457 0
6457 0
6457 0
6457 0
6457 0
6457 0
6457 0
6457 3.09
6457 0
6457 0
6457 0
6457 0
6457 0
6457 0
6457 0
6457 0
6457 0
6457 0
6457 0
6457 0
6457 0
6457 4.03
6457 0
6457 10.5
6457 0
6457 0
6457 0
6457 0
6457 0
6459 0
6459 24.26
6459 0
6459 0
6459 0
6459 0
6459 0
6459 0
6459 0
6459 1.56
6459 0
6459 0
6459 0
6459 0
6459 0
6459 0
6459 0
6459 0
6459 0
6459 0
6459 0
6459 0
6459 0
6459 5.41
6459 0
6459 2.34
6459 0
6459 0
6459 0
6459 0
6459 0
6468 0
6468 11.04
6468 0
6468 0
6468 0
6468 0
6468 0
6468 0
6468 0
6468 3.11
6468 0
6468 0
6468 0
6468 0
6468 0
6468 0
6468 0
6468 0
6468 0
6468 0
6468 0
6468 0
6468 0
6468 2.8
6468 0
6468 18.66
6468 0
6468 0
6468 0
6468 0
6468 0
6500 0
6500 48.22
6500 0
6500 0
6500 0
6500 0
6500 0
6500 0
6500 0
6500 0
6500 0
6500 0
6500 0
6500 0
6500 0
6500 0
6500 0
6500 0
6500 0
6500 0
6500 0
6500 0
6500 0
6500 33.95
6500 0
6500 44.25
6500 0
6500 0
6500 0
6500 0
6500 0
6501 0
6501 25.4
6501 0
6501 0
6501 0
6501 0
6501 0
6501 0
6501 0
6501 0
6501 0
6501 0
6501 0
6501 0
6501 0
6501 0
6501 0
6501 0
6501 0
6501 0
6501 0
6501 0
6501 0
6501 27.61
6501 0
6501 28.16
6501 0
6501 0
6501 0
6501 0
6501 0
6503 0
6503 7.52
6503 0
6503 0
6503 0
6503 0
6503 0
6503 0
6503 0
6503 1.35
6503 0
6503 0
6503 0
6503 0
6503 0
6503 0
6503 0
6503 0
6503 0
6503 0
6503 0
6503 0
6503 0
6503 2
6503 0
6503 10.83
6503 0
6503 0
6503 0
6503 0
6503 0
6540 0
6540 19.6
6540 0
6540 0
6540 0
6540 0
6540 0
6540 0
6540 0
6540 34.67
6540 0
6540 0
6540 0
6540 0
6540 0
6540 0
6540 0
6540 0
6540 0
6540 0
6540 0
6540 0
6540 0
6540 46.11
6540 0
6540 2.11
6540 0
6540 0
6540 0
6540 0
6540 0
6545 0
6545 8.99
6545 0
6545 0
6545 0
6545 0
6545 0
6545 0
6545 0
6545 1.25
6545 0
6545 0
6545 0
6545 0
6545 0
6545 0
6545 0
6545 0
6545 0
6545 0
6545 0
6545 0
6545 0
6545 3.02
6545 0
6545 10.3
6545 0
6545 0
6545 0
6545 0
6545 0
6553 0
6553 25.4
6553 0
6553 0
6553 0
6553 0
6553 0
6553 0
6553 0
6553 0
6553 0
6553 0
6553 0
6553 0
6553 0
6553 0
6553 0
6553 0
6553 0
6553 0
6553 0
6553 0
6553 0
6553 27.61
6553 0
6553 28.16
6553 0
6553 0
6553 0
6553 0
6553 0
6631 0
6631 5.16
6631 0
6631 0
6631 0
6631 0
6631 0
6631 0
6631 0
6631 1.15
6631 0
6631 0
6631 0
6631 0
6631 0
6631 0
6631 0
6631 0
6631 0
6631 0
6631 0
6631 0
6631 0
6631 1.38
6631 0
6631 8.11
6631 0
6631 0
6631 0
6631 0
6631 0
6632 0
6632 36.63
6632 0
6632 0
6632 0
6632 0
6632 0
6632 0
6632 0
6632 0
6632 0
6632 0
6632 0
6632 0
6632 0
6632 0
6632 0
6632 0
6632 0
6632 0
6632 0
6632 0
6632 0
6632 0
6632 0
6632 0
6632 0
6632 0
6632 0
6632 0
6632 0
6636 0
6636 20.29
6636 0
6636 0
6636 0
6636 0
6636 0
6636 0
6636 0
6636 6.89
6636 0
6636 0
6636 0
6636 0
6636 0
6636 0
6636 0
6636 0
6636 0
6636 0
6636 0
6636 0
6636 0
6636 29.55
6636 0
6636 20.86
6636 0
6636 0
6636 0
6636 0
6636 0
6653 0
6653 36.63
6653 0
6653 0
6653 0
6653 0
6653 0
6653 0
6653 0
6653 0
6653 0
6653 0
6653 0
6653 0
6653 0
6653 0
6653 0
6653 0
6653 0
6653 0
6653 0
6653 0
6653 0
6653 0
6653 0
6653 0
6653 0
6653 0
6653 0
6653 0
6653 0
6681 0
6681 36.63
6681 0
6681 0
6681 0
6681 0
6681 0
6681 0
6681 0
6681 0
6681 0
6681 0
6681 0
6681 0
6681 0
6681 0
6681 0
6681 0
6681 0
6681 0
6681 0
6681 0
6681 0
6681 0
6681 0
6681 0
6681 0
6681 0
6681 0
6681 0
6681 0
6707 0
6707 36.63
6707 0
6707 0
6707 0
6707 0
6707 0
6707 0
6707 0
6707 0
6707 0
6707 0
6707 0
6707 0
6707 0
6707 0
6707 0
6707 0
6707 0
6707 0
6707 0
6707 0
6707 0
6707 0
6707 0
6707 0
6707 0
6707 0
6707 0
6707 0
6707 0
6709 0
6709 7.45
6709 0
6709 0
6709 0
6709 0
6709 0
6709 0
6709 0
6709 1.25
6709 0
6709 0
6709 0
6709 0
6709 0
6709 0
6709 0
6709 0
6709 0
6709 0
6709 0
6709 0
6709 0
6709 1.11
6709 0
6709 5.5
6709 0
6709 0
6709 0
6709 0
6709 0
6727 0
6727 24.85
6727 0
6727 0
6727 0
6727 0
6727 0
6727 0
6727 0
6727 37.36
6727 0
6727 0
6727 0
6727 0
6727 0
6727 0
6727 0
6727 0
6727 0
6727 0
6727 0
6727 0
6727 0
6727 28.5
6727 0
6727 45.25
6727 0
6727 0
6727 0
6727 0
6727 0
6734 0
6734 36.63
6734 0
6734 0
6734 0
6734 0
6734 0
6734 0
6734 0
6734 0
6734 0
6734 0
6734 0
6734 0
6734 0
6734 0
6734 0
6734 0
6734 0
6734 0
6734 0
6734 0
6734 0
6734 0
6734 0
6734 0
6734 0
6734 0
6734 0
6734 0
6734 0
6756 0
6756 24.85
6756 0
6756 0
6756 0
6756 0
6756 0
6756 0
6756 0
6756 37.36
6756 0
6756 0
6756 0
6756 0
6756 0
6756 0
6756 0
6756 0
6756 0
6756 0
6756 0
6756 0
6756 0
6756 28.5
6756 0
6756 45.25
6756 0
6756 0
6756 0
6756 0
6756 0
6766 0
6766 24.85
6766 0
6766 0
6766 0
6766 0
6766 0
6766 0
6766 0
6766 37.36
6766 0
6766 0
6766 0
6766 0
6766 0
6766 0
6766 0
6766 0
6766 0
6766 0
6766 0
6766 0
6766 0
6766 28.5
6766 0
6766 45.25
6766 0
6766 0
6766 0
6766 0
6766 0
6768 0
6768 49.54
6768 0
6768 0
6768 0
6768 0
6768 0
6768 0
6768 0
6768 0
6768 0
6768 0
6768 0
6768 0
6768 0
6768 0
6768 0
6768 0
6768 0
6768 0
6768 0
6768 0
6768 0
6768 0
6768 0
6768 0
6768 0
6768 0
6768 0
6768 0
6768 0
6781 0
6781 3.99
6781 0
6781 0
6781 0
6781 0
6781 0
6781 0
6781 0
6781 5.09
6781 0
6781 0
6781 0
6781 0
6781 0
6781 0
6781 0
6781 0
6781 0
6781 0
6781 0
6781 0
6781 0
6781 1.53
6781 0
6781 6.07
6781 0
6781 0
6781 0
6781 0
6781 0
6789 0
6789 1.63
6789 0
6789 0
6789 0
6789 0
6789 0
6789 0
6789 0
6789 35.59
6789 0
6789 0
6789 0
6789 0
6789 0
6789 0
6789 0
6789 0
6789 0
6789 0
6789 28.61
6789 0
6789 0
6789 33.38
6789 0
6789 30.57
6789 0
6789 0
6789 0
6789 0
6789 0
6794 0
6794 36.63
6794 0
6794 0
6794 0
6794 0
6794 0
6794 0
6794 0
6794 0
6794 0
6794 0
6794 0
6794 0
6794 0
6794 0
6794 0
6794 0
6794 0
6794 0
6794 0
6794 0
6794 0
6794 0
6794 0
6794 0
6794 0
6794 0
6794 0
6794 0
6794 0
6815 0
6815 24.85
6815 0
6815 0
6815 0
6815 0
6815 0
6815 0
6815 0
6815 37.36
6815 0
6815 0
6815 0
6815 0
6815 0
6815 0
6815 0
6815 0
6815 0
6815 0
6815 0
6815 0
6815 0
6815 28.5
6815 0
6815 45.25
6815 0
6815 0
6815 0
6815 0
6815 0
6816 0
6816 21.19
6816 0
6816 0
6816 0
6816 0
6816 0
6816 0
6816 0
6816 47.72
6816 0
6816 0
6816 0
6816 0
6816 0
6816 0
6816 0
6816 0
6816 0
6816 0
6816 0
6816 0
6816 0
6816 62.55
6816 0
6816 46.25
6816 0
6816 0
6816 0
6816 0
6816 0
6822 0
6822 24.85
6822 0
6822 0
6822 0
6822 0
6822 0
6822 0
6822 0
6822 37.36
6822 0
6822 0
6822 0
6822 0
6822 0
6822 0
6822 0
6822 0
6822 0
6822 0
6822 0
6822 0
6822 0
6822 28.5
6822 0
6822 45.25
6822 0
6822 0
6822 0
6822 0
6822 0
6843 0
6843 11.3
6843 0
6843 0
6843 0
6843 0
6843 0
6843 0
6843 0
6843 1.2
6843 0
6843 0
6843 0
6843 0
6843 0
6843 0
6843 0
6843 0
6843 0
6843 0
6843 0
6843 0
6843 0
6843 1.25
6843 0
6843 6.77
6843 0
6843 0
6843 0
6843 0
6843 0
6847 0
6847 24.85
6847 0
6847 0
6847 0
6847 0
6847 0
6847 0
6847 0
6847 37.36
6847 0
6847 0
6847 0
6847 0
6847 0
6847 0
6847 0
6847 0
6847 0
6847 0
6847 0
6847 0
6847 0
6847 28.5
6847 0
6847 45.25
6847 0
6847 0
6847 0
6847 0
6847 0
6856 0
6856 38.88
6856 0
6856 0
6856 0
6856 0
6856 0
6856 0
6856 0
6856 38.67
6856 0
6856 0
6856 0
6856 0
6856 0
6856 0
6856 0
6856 0
6856 0
6856 0
6856 0
6856 0
6856 0
6856 1.88
6856 0
6856 33.88
6856 0
6856 0
6856 0
6856 0
6856 0
6866 0
6866 1.23
6866 0
6866 0
6866 0
6866 0
6866 0
6866 0
6866 0
6866 4.62
6866 0
6866 0
6866 0
6866 0
6866 0
6866 0
6866 0
6866 0
6866 0
6866 0
6866 28.61
6866 0
6866 0
6866 2.81
6866 0
6866 2.03
6866 0
6866 0
6866 0
6866 0
6866 0
6871 0
6871 36.63
6871 0
6871 0
6871 0
6871 0
6871 0
6871 0
6871 0
6871 0
6871 0
6871 0
6871 0
6871 0
6871 0
6871 0
6871 0
6871 0
6871 0
6871 0
6871 0
6871 0
6871 0
6871 0
6871 0
6871 0
6871 0
6871 0
6871 0
6871 0
6871 0
6879 0
6879 36.63
6879 0
6879 0
6879 0
6879 0
6879 0
6879 0
6879 0
6879 0
6879 0
6879 0
6879 0
6879 0
6879 0
6879 0
6879 0
6879 0
6879 0
6879 0
6879 0
6879 0
6879 0
6879 0
6879 0
6879 0
6879 0
6879 0
6879 0
6879 0
6879 0
6886 0
6886 0.96
6886 0
6886 0
6886 0
6886 0
6886 0
6886 0
6886 0
6886 35.59
6886 0
6886 0
6886 0
6886 0
6886 0
6886 0
6886 0
6886 0
6886 0
6886 0
6886 28.61
6886 0
6886 0
6886 1.4
6886 0
6886 11.36
6886 0
6886 0
6886 0
6886 0
6886 0
6914 0
6914 33.44
6914 0
6914 0
6914 0
6914 0
6914 0
6914 0
6914 0
6914 41.37
6914 0
6914 0
6914 0
6914 0
6914 0
6914 0
6914 0
6914 0
6914 0
6914 0
6914 0
6914 0
6914 0
6914 31.83
6914 0
6914 43.13
6914 0
6914 0
6914 0
6914 0
6914 0
6917 0
6917 29.49
6917 0
6917 0
6917 0
6917 0
6917 0
6917 0
6917 0
6917 0
6917 0
6917 0
6917 0
6917 0
6917 0
6917 0
6917 0
6917 0
6917 0
6917 0
6917 0
6917 0
6917 0
6917 39.93
6917 0
6917 33.93
6917 0
6917 0
6917 0
6917 0
6917 0
6934 0
6934 2.07
6934 0
6934 0
6934 0
6934 0
6934 0
6934 0
6934 0
6934 1.73
6934 0
6934 0
6934 0
6934 0
6934 0
6934 0
6934 0
6934 0
6934 0
6934 0
6934 28.61
6934 0
6934 0
6934 2.09
6934 0
6934 5.39
6934 0
6934 0
6934 0
6934 0
6934 0
6942 0
6942 1.68
6942 0
6942 0
6942 0
6942 0
6942 0
6942 0
6942 0
6942 37.36
6942 0
6942 0
6942 0
6942 0
6942 0
6942 0
6942 0
6942 0
6942 0
6942 0
6942 0
6942 0
6942 0
6942 8.56
6942 0
6942 2.12
6942 0
6942 0
6942 0
6942 0
6942 0
6955 0
6955 2.32
6955 0
6955 0
6955 0
6955 0
6955 0
6955 0
6955 0
6955 41.37
6955 0
6955 0
6955 0
6955 0
6955 0
6955 0
6955 0
6955 0
6955 0
6955 0
6955 0
6955 0
6955 0
6955 17.26
6955 0
6955 5.39
6955 0
6955 0
6955 0
6955 0
6955 0
6959 0
6959 4.41
6959 0
6959 0
6959 0
6959 0
6959 0
6959 0
6959 0
6959 2.21
6959 0
6959 0
6959 0
6959 0
6959 0
6959 0
6959 0
6959 0
6959 0
6959 0
6959 0
6959 0
6959 0
6959 3.01
6959 0
6959 27.7
6959 0
6959 0
6959 0
6959 0
6959 0
6962 0
6962 2.87
6962 0
6962 0
6962 0
6962 0
6962 0
6962 0
6962 0
6962 4.12
6962 0
6962 0
6962 0
6962 0
6962 0
6962 0
6962 0
6962 0
6962 0
6962 0
6962 0
6962 0
6962 0
6962 2.55
6962 0
6962 1.01
6962 0
6962 0
6962 0
6962 0
6962 0
6967 0
6967 36.63
6967 0
6967 0
6967 0
6967 0
6967 0
6967 0
6967 0
6967 0
6967 0
6967 0
6967 0
6967 0
6967 0
6967 0
6967 0
6967 0
6967 0
6967 0
6967 0
6967 0
6967 0
6967 0
6967 0
6967 0
6967 0
6967 0
6967 0
6967 0
6967 0
6996 0
6996 2.06
6996 0
6996 0
6996 0
6996 0
6996 0
6996 0
6996 0
6996 5.23
6996 0
6996 0
6996 0
6996 0
6996 0
6996 0
6996 0
6996 0
6996 0
6996 0
6996 28.61
6996 0
6996 0
6996 2.22
6996 0
6996 5.53
6996 0
6996 0
6996 0
6996 0
6996 0
7002 0
7002 24.85
7002 0
7002 0
7002 0
7002 0
7002 0
7002 0
7002 0
7002 37.36
7002 0
7002 0
7002 0
7002 0
7002 0
7002 0
7002 0
7002 0
7002 0
7002 0
7002 0
7002 0
7002 0
7002 28.5
7002 0
7002 45.25
7002 0
7002 0
7002 0
7002 0
7002 0
7012 0
7012 33.44
7012 0
7012 0
7012 0
7012 0
7012 0
7012 0
7012 0
7012 41.37
7012 0
7012 0
7012 0
7012 0
7012 0
7012 0
7012 0
7012 0
7012 0
7012 0
7012 0
7012 0
7012 0
7012 31.83
7012 0
7012 43.13
7012 0
7012 0
7012 0
7012 0
7012 0
7015 0
7015 13.46
7015 0
7015 0
7015 0
7015 0
7015 0
7015 0
7015 0
7015 33.06
7015 0
7015 0
7015 0
7015 0
7015 0
7015 0
7015 0
7015 0
7015 0
7015 0
7015 0
7015 0
7015 0
7015 7.01
7015 0
7015 10.16
7015 0
7015 0
7015 0
7015 0
7015 0
7034 0
7034 29.49
7034 0
7034 0
7034 0
7034 0
7034 0
7034 0
7034 0
7034 0
7034 0
7034 0
7034 0
7034 0
7034 0
7034 0
7034 0
7034 0
7034 0
7034 0
7034 0
7034 0
7034 0
7034 39.93
7034 0
7034 33.93
7034 0
7034 0
7034 0
7034 0
7034 0
7035 0
7035 38.88
7035 0
7035 0
7035 0
7035 0
7035 0
7035 0
7035 0
7035 38.67
7035 0
7035 0
7035 0
7035 0
7035 0
7035 0
7035 0
7035 0
7035 0
7035 0
7035 0
7035 0
7035 0
7035 1.88
7035 0
7035 33.88
7035 0
7035 0
7035 0
7035 0
7035 0
7069 0
7069 4.36
7069 0
7069 0
7069 0
7069 0
7069 0
7069 0
7069 0
7069 5.09
7069 0
7069 0
7069 0
7069 0
7069 0
7069 0
7069 0
7069 0
7069 0
7069 0
7069 0
7069 0
7069 0
7069 3.95
7069 0
7069 1.7
7069 0
7069 0
7069 0
7069 0
7069 0
7080 0
7080 1.49
7080 0
7080 0
7080 0
7080 0
7080 0
7080 0
7080 0
7080 41.37
7080 0
7080 0
7080 0
7080 0
7080 0
7080 0
7080 0
7080 0
7080 0
7080 0
7080 0
7080 0
7080 0
7080 13.85
7080 0
7080 1.74
7080 0
7080 0
7080 0
7080 0
7080 0
7119 0
7119 23.18
7119 0
7119 0
7119 0
7119 0
7119 0
7119 0
7119 0
7119 35.72
7119 0
7119 0
7119 0
7119 0
7119 0
7119 0
7119 0
7119 0
7119 0
7119 0
7119 0
7119 0
7119 0
7119 40.15
7119 0
7119 48.01
7119 0
7119 0
7119 0
7119 0
7119 0
7121 0
7121 29.49
7121 0
7121 0
7121 0
7121 0
7121 0
7121 0
7121 0
7121 0
7121 0
7121 0
7121 0
7121 0
7121 0
7121 0
7121 0
7121 0
7121 0
7121 0
7121 0
7121 0
7121 0
7121 39.93
7121 0
7121 33.93
7121 0
7121 0
7121 0
7121 0
7121 0
7122 0
7122 29.49
7122 0
7122 0
7122 0
7122 0
7122 0
7122 0
7122 0
7122 0
7122 0
7122 0
7122 0
7122 0
7122 0
7122 0
7122 0
7122 0
7122 0
7122 0
7122 0
7122 0
7122 0
7122 39.93
7122 0
7122 33.93
7122 0
7122 0
7122 0
7122 0
7122 0
7137 0
7137 3.6
7137 0
7137 0
7137 0
7137 0
7137 0
7137 0
7137 0
7137 5.09
7137 0
7137 0
7137 0
7137 0
7137 0
7137 0
7137 0
7137 0
7137 0
7137 0
7137 0
7137 0
7137 0
7137 2.43
7137 0
7137 1.32
7137 0
7137 0
7137 0
7137 0
7137 0
7160 0
7160 6.37
7160 0
7160 0
7160 0
7160 0
7160 0
7160 0
7160 0
7160 1.29
7160 0
7160 0
7160 0
7160 0
7160 0
7160 0
7160 0
7160 0
7160 0
7160 0
7160 0
7160 0
7160 0
7160 1.11
7160 0
7160 4.87
7160 0
7160 0
7160 0
7160 0
7160 0
