pt_graph cpue_kghour
6531 0
6531 0
6531 0
6531 0
6531 0
6531 0
6531 0
6531 0
6531 0
6531 0
6531 23
6531 0
6531 0
6531 0
6531 0
6531 0
6531 0
6531 0
6531 0
6531 4
6531 0
6531 8
6531 0
6531 0
6531 1
6531 0
6531 0
6531 3
6531 0
6531 0
6531 0
6718 0
6718 0
6718 0
6718 0
6718 0
6718 0
6718 0
6718 0
6718 0
6718 0
6718 20
6718 0
6718 0
6718 0
6718 0
6718 0
6718 0
6718 0
6718 0
6718 3
6718 0
6718 16
6718 0
6718 0
6718 1
6718 0
6718 0
6718 7
6718 0
6718 0
6718 0
6719 0
6719 0
6719 0
6719 0
6719 0
6719 0
6719 0
6719 0
6719 0
6719 0
6719 31
6719 0
6719 0
6719 0
6719 0
6719 0
6719 0
6719 0
6719 0
6719 5
6719 0
6719 13
6719 0
6719 0
6719 2
6719 0
6719 0
6719 3
6719 0
6719 0
6719 0
6750 0
6750 0
6750 0
6750 0
6750 0
6750 0
6750 0
6750 0
6750 0
6750 0
6750 29
6750 0
6750 0
6750 0
6750 0
6750 0
6750 0
6750 0
6750 0
6750 3
6750 0
6750 9
6750 0
6750 0
6750 1
6750 0
6750 0
6750 4
6750 0
6750 0
6750 0
6777 0
6777 0
6777 0
6777 0
6777 0
6777 0
6777 0
6777 0
6777 0
6777 0
6777 30
6777 0
6777 0
6777 0
6777 0
6777 0
6777 0
6777 0
6777 0
6777 3
6777 0
6777 10
6777 0
6777 0
6777 0
6777 0
6777 0
6777 5
6777 0
6777 0
6777 0
6778 0
6778 0
6778 0
6778 0
6778 0
6778 0
6778 0
6778 0
6778 0
6778 0
6778 28
6778 0
6778 0
6778 0
6778 0
6778 0
6778 0
6778 0
6778 0
6778 1
6778 0
6778 5
6778 0
6778 0
6778 0
6778 0
6778 0
6778 4
6778 0
6778 0
6778 0
6820 0
6820 0
6820 0
6820 0
6820 0
6820 0
6820 0
6820 0
6820 0
6820 0
6820 31
6820 0
6820 0
6820 0
6820 0
6820 0
6820 0
6820 0
6820 0
6820 5
6820 0
6820 13
6820 0
6820 0
6820 2
6820 0
6820 0
6820 3
6820 0
6820 0
6820 0
6853 0
6853 0
6853 0
6853 0
6853 0
6853 0
6853 0
6853 0
6853 0
6853 0
6853 22
6853 0
6853 0
6853 0
6853 0
6853 0
6853 0
6853 0
6853 0
6853 3
6853 0
6853 8
6853 0
6853 0
6853 1
6853 0
6853 0
6853 5
6853 0
6853 0
6853 0
6857 0
6857 0
6857 0
6857 0
6857 0
6857 0
6857 0
6857 0
6857 0
6857 0
6857 30
6857 0
6857 0
6857 0
6857 0
6857 0
6857 0
6857 0
6857 0
6857 3
6857 0
6857 6
6857 0
6857 0
6857 1
6857 0
6857 0
6857 6
6857 0
6857 0
6857 0
6861 0
6861 0
6861 0
6861 0
6861 0
6861 0
6861 0
6861 0
6861 0
6861 0
6861 23
6861 0
6861 0
6861 0
6861 0
6861 0
6861 0
6861 0
6861 0
6861 3
6861 0
6861 15
6861 0
6861 0
6861 1
6861 0
6861 0
6861 3
6861 0
6861 0
6861 0
6880 0
6880 0
6880 0
6880 0
6880 0
6880 0
6880 0
6880 0
6880 0
6880 0
6880 22
6880 0
6880 0
6880 0
6880 0
6880 0
6880 0
6880 0
6880 0
6880 7
6880 0
6880 21
6880 0
6880 0
6880 2
6880 0
6880 0
6880 5
6880 0
6880 0
6880 0
6899 0
6899 0
6899 0
6899 0
6899 0
6899 0
6899 0
6899 0
6899 0
6899 0
6899 21
6899 0
6899 0
6899 0
6899 0
6899 0
6899 0
6899 0
6899 0
6899 2
6899 0
6899 11
6899 0
6899 0
6899 1
6899 0
6899 0
6899 4
6899 0
6899 0
6899 0
6901 0
6901 0
6901 0
6901 0
6901 0
6901 0
6901 0
6901 0
6901 0
6901 0
6901 33
6901 0
6901 0
6901 0
6901 0
6901 0
6901 0
6901 0
6901 0
6901 2
6901 0
6901 7
6901 0
6901 0
6901 1
6901 0
6901 0
6901 5
6901 0
6901 0
6901 0
6924 0
6924 0
6924 0
6924 0
6924 0
6924 0
6924 0
6924 0
6924 0
6924 0
6924 45
6924 0
6924 0
6924 0
6924 0
6924 0
6924 0
6924 0
6924 0
6924 5
6924 0
6924 18
6924 0
6924 0
6924 2
6924 0
6924 0
6924 4
6924 0
6924 0
6924 0
6976 0
6976 0
6976 0
6976 0
6976 0
6976 0
6976 0
6976 0
6976 0
6976 0
6976 32
6976 0
6976 0
6976 0
6976 0
6976 0
6976 0
6976 0
6976 0
6976 2
6976 0
6976 8
6976 0
6976 0
6976 1
6976 0
6976 0
6976 5
6976 0
6976 0
6976 0
6984 0
6984 0
6984 0
6984 0
6984 0
6984 0
6984 0
6984 0
6984 0
6984 0
6984 31
6984 0
6984 0
6984 0
6984 0
6984 0
6984 0
6984 0
6984 0
6984 8
6984 0
6984 19
6984 0
6984 0
6984 2
6984 0
6984 0
6984 3
6984 0
6984 0
6984 0
6991 0
6991 0
6991 0
6991 0
6991 0
6991 0
6991 0
6991 0
6991 0
6991 0
6991 12
6991 0
6991 0
6991 0
6991 0
6991 0
6991 0
6991 0
6991 0
6991 2
6991 0
6991 4
6991 0
6991 0
6991 0
6991 0
6991 0
6991 4
6991 0
6991 0
6991 0
7008 0
7008 0
7008 0
7008 0
7008 0
7008 0
7008 0
7008 0
7008 0
7008 0
7008 31
7008 0
7008 0
7008 0
7008 0
7008 0
7008 0
7008 0
7008 0
7008 5
7008 0
7008 13
7008 0
7008 0
7008 1
7008 0
7008 0
7008 3
7008 0
7008 0
7008 0
7027 0
7027 0
7027 0
7027 0
7027 0
7027 0
7027 0
7027 0
7027 0
7027 0
7027 41
7027 0
7027 0
7027 0
7027 0
7027 0
7027 0
7027 0
7027 0
7027 8
7027 0
7027 12
7027 0
7027 0
7027 2
7027 0
7027 0
7027 1
7027 0
7027 0
7027 0
7031 0
7031 0
7031 0
7031 0
7031 0
7031 0
7031 0
7031 0
7031 0
7031 0
7031 51
7031 0
7031 0
7031 0
7031 0
7031 0
7031 0
7031 0
7031 0
7031 7
7031 0
7031 16
7031 0
7031 0
7031 2
7031 0
7031 0
7031 2
7031 0
7031 0
7031 0
7076 0
7076 0
7076 0
7076 0
7076 0
7076 0
7076 0
7076 0
7076 0
7076 0
7076 34
7076 0
7076 0
7076 0
7076 0
7076 0
7076 0
7076 0
7076 0
7076 7
7076 0
7076 10
7076 0
7076 0
7076 1
7076 0
7076 0
7076 3
7076 0
7076 0
7076 0
7089 0
7089 0
7089 0
7089 0
7089 0
7089 0
7089 0
7089 0
7089 0
7089 0
7089 8
7089 0
7089 0
7089 0
7089 0
7089 0
7089 0
7089 0
7089 0
7089 1
7089 0
7089 6
7089 0
7089 0
7089 0
7089 0
7089 0
7089 4
7089 0
7089 0
7089 0
7102 0
7102 0
7102 0
7102 0
7102 0
7102 0
7102 0
7102 0
7102 0
7102 0
7102 42
7102 0
7102 0
7102 0
7102 0
7102 0
7102 0
7102 0
7102 0
7102 9
7102 0
7102 24
7102 0
7102 0
7102 2
7102 0
7102 0
7102 3
7102 0
7102 0
7102 0
7103 0
7103 0
7103 0
7103 0
7103 0
7103 0
7103 0
7103 0
7103 0
7103 0
7103 8
7103 0
7103 0
7103 0
7103 0
7103 0
7103 0
7103 0
7103 0
7103 1
7103 0
7103 13
7103 0
7103 0
7103 0
7103 0
7103 0
7103 3
7103 0
7103 0
7103 0
7117 0
7117 0
7117 0
7117 0
7117 0
7117 0
7117 0
7117 0
7117 0
7117 0
7117 26
7117 0
7117 0
7117 0
7117 0
7117 0
7117 0
7117 0
7117 0
7117 4
7117 0
7117 16
7117 0
7117 0
7117 0
7117 0
7117 0
7117 6
7117 0
7117 0
7117 0
7129 0
7129 0
7129 0
7129 0
7129 0
7129 0
7129 0
7129 0
7129 0
7129 0
7129 34
7129 0
7129 0
7129 0
7129 0
7129 0
7129 0
7129 0
7129 0
7129 6
7129 0
7129 13
7129 0
7129 0
7129 1
7129 0
7129 0
7129 2
7129 0
7129 0
7129 0
7184 0
7184 0
7184 0
7184 0
7184 0
7184 0
7184 0
7184 0
7184 0
7184 0
7184 15
7184 0
7184 0
7184 0
7184 0
7184 0
7184 0
7184 0
7184 0
7184 3
7184 0
7184 3
7184 0
7184 0
7184 1
7184 0
7184 0
7184 4
7184 0
7184 0
7184 0
7196 0
7196 0
7196 0
7196 0
7196 0
7196 0
7196 0
7196 0
7196 0
7196 0
7196 35
7196 0
7196 0
7196 0
7196 0
7196 0
7196 0
7196 0
7196 0
7196 9
7196 0
7196 10
7196 0
7196 0
7196 2
7196 0
7196 0
7196 2
7196 0
7196 0
7196 0
7210 0
7210 0
7210 0
7210 0
7210 0
7210 0
7210 0
7210 0
7210 0
7210 0
7210 39
7210 0
7210 0
7210 0
7210 0
7210 0
7210 0
7210 0
7210 0
7210 8
7210 0
7210 21
7210 0
7210 0
7210 2
7210 0
7210 0
7210 2
7210 0
7210 0
7210 0
7220 0
7220 0
7220 0
7220 0
7220 0
7220 0
7220 0
7220 0
7220 0
7220 0
7220 37
7220 0
7220 0
7220 0
7220 0
7220 0
7220 0
7220 0
7220 0
7220 8
7220 0
7220 14
7220 0
7220 0
7220 2
7220 0
7220 0
7220 2
7220 0
7220 0
7220 0
7232 0
7232 0
7232 0
7232 0
7232 0
7232 0
7232 0
7232 0
7232 0
7232 0
7232 24
7232 0
7232 0
7232 0
7232 0
7232 0
7232 0
7232 0
7232 0
7232 7
7232 0
7232 13
7232 0
7232 0
7232 1
7232 0
7232 0
7232 1
7232 0
7232 0
7232 0
7249 0
7249 0
7249 0
7249 0
7249 0
7249 0
7249 0
7249 0
7249 0
7249 0
7249 4
7249 0
7249 0
7249 0
7249 0
7249 0
7249 0
7249 0
7249 0
7249 21
7249 0
7249 58
7249 0
7249 0
7249 18
7249 0
7249 0
7249 1
7249 0
7249 0
7249 0
7261 0
7261 0
7261 0
7261 0
7261 0
7261 0
7261 0
7261 0
7261 0
7261 0
7261 23
7261 0
7261 0
7261 0
7261 0
7261 0
7261 0
7261 0
7261 0
7261 6
7261 0
7261 6
7261 0
7261 0
7261 1
7261 0
7261 0
7261 2
7261 0
7261 0
7261 0
7267 0
7267 0
7267 0
7267 0
7267 0
7267 0
7267 0
7267 0
7267 0
7267 0
7267 37
7267 0
7267 0
7267 0
7267 0
7267 0
7267 0
7267 0
7267 0
7267 7
7267 0
7267 20
7267 0
7267 0
7267 2
7267 0
7267 0
7267 2
7267 0
7267 0
7267 0
7272 0
7272 0
7272 0
7272 0
7272 0
7272 0
7272 0
7272 0
7272 0
7272 0
7272 32
7272 0
7272 0
7272 0
7272 0
7272 0
7272 0
7272 0
7272 0
7272 2
7272 0
7272 8
7272 0
7272 0
7272 1
7272 0
7272 0
7272 5
7272 0
7272 0
7272 0
7278 0
7278 0
7278 0
7278 0
7278 0
7278 0
7278 0
7278 0
7278 0
7278 0
7278 8
7278 0
7278 0
7278 0
7278 0
7278 0
7278 0
7278 0
7278 0
7278 1
7278 0
7278 13
7278 0
7278 0
7278 0
7278 0
7278 0
7278 3
7278 0
7278 0
7278 0
7283 0
7283 0
7283 0
7283 0
7283 0
7283 0
7283 0
7283 0
7283 0
7283 0
7283 54
7283 0
7283 0
7283 0
7283 0
7283 0
7283 0
7283 0
7283 0
7283 7
7283 0
7283 42
7283 0
7283 0
7283 3
7283 0
7283 0
7283 3
7283 0
7283 0
7283 0
7298 0
7298 0
7298 0
7298 0
7298 0
7298 0
7298 0
7298 0
7298 0
7298 0
7298 16
7298 0
7298 0
7298 0
7298 0
7298 0
7298 0
7298 0
7298 0
7298 5
7298 0
7298 17
7298 0
7298 0
7298 2
7298 0
7298 0
7298 3
7298 0
7298 0
7298 0
7327 0
7327 0
7327 0
7327 0
7327 0
7327 0
7327 0
7327 0
7327 0
7327 0
7327 39
7327 0
7327 0
7327 0
7327 0
7327 0
7327 0
7327 0
7327 0
7327 10
7327 0
7327 20
7327 0
7327 0
7327 2
7327 0
7327 0
7327 3
7327 0
7327 0
7327 0
7331 0
7331 0
7331 0
7331 0
7331 0
7331 0
7331 0
7331 0
7331 0
7331 0
7331 2
7331 0
7331 0
7331 0
7331 0
7331 0
7331 0
7331 0
7331 0
7331 12
7331 0
7331 71
7331 0
7331 0
7331 9
7331 0
7331 0
7331 0
7331 0
7331 0
7331 0
7342 0
7342 0
7342 0
7342 0
7342 0
7342 0
7342 0
7342 0
7342 0
7342 0
7342 26
7342 0
7342 0
7342 0
7342 0
7342 0
7342 0
7342 0
7342 0
7342 5
7342 0
7342 35
7342 0
7342 0
7342 5
7342 0
7342 0
7342 1
7342 0
7342 0
7342 0
7368 0
7368 0
7368 0
7368 0
7368 0
7368 0
7368 0
7368 0
7368 0
7368 0
7368 40
7368 0
7368 0
7368 0
7368 0
7368 0
7368 0
7368 0
7368 0
7368 6
7368 0
7368 38
7368 0
7368 0
7368 4
7368 0
7368 0
7368 2
7368 0
7368 0
7368 0
7378 0
7378 0
7378 0
7378 0
7378 0
7378 0
7378 0
7378 0
7378 0
7378 0
7378 43
7378 0
7378 0
7378 0
7378 0
7378 0
7378 0
7378 0
7378 0
7378 15
7378 0
7378 32
7378 0
7378 0
7378 4
7378 0
7378 0
7378 4
7378 0
7378 0
7378 0
7383 0
7383 0
7383 0
7383 0
7383 0
7383 0
7383 0
7383 0
7383 0
7383 0
7383 54
7383 0
7383 0
7383 0
7383 0
7383 0
7383 0
7383 0
7383 0
7383 7
7383 0
7383 42
7383 0
7383 0
7383 3
7383 0
7383 0
7383 3
7383 0
7383 0
7383 0
7390 0
7390 0
7390 0
7390 0
7390 0
7390 0
7390 0
7390 0
7390 0
7390 0
7390 46
7390 0
7390 0
7390 0
7390 0
7390 0
7390 0
7390 0
7390 0
7390 6
7390 0
7390 32
7390 0
7390 0
7390 3
7390 0
7390 0
7390 2
7390 0
7390 0
7390 0
7430 0
7430 0
7430 0
7430 0
7430 0
7430 0
7430 0
7430 0
7430 0
7430 0
7430 16
7430 0
7430 0
7430 0
7430 0
7430 0
7430 0
7430 0
7430 0
7430 5
7430 0
7430 17
7430 0
7430 0
7430 2
7430 0
7430 0
7430 3
7430 0
7430 0
7430 0
7452 0
7452 0
7452 0
7452 0
7452 0
7452 0
7452 0
7452 0
7452 0
7452 0
7452 24
7452 0
7452 0
7452 0
7452 0
7452 0
7452 0
7452 0
7452 0
7452 7
7452 0
7452 13
7452 0
7452 0
7452 1
7452 0
7452 0
7452 1
7452 0
7452 0
7452 0
7459 0
7459 0
7459 0
7459 0
7459 0
7459 0
7459 0
7459 0
7459 0
7459 0
7459 2
7459 0
7459 0
7459 0
7459 0
7459 0
7459 0
7459 0
7459 0
7459 12
7459 0
7459 71
7459 0
7459 0
7459 9
7459 0
7459 0
7459 0
7459 0
7459 0
7459 0
7510 0
7510 0
7510 0
7510 0
7510 0
7510 0
7510 0
7510 0
7510 0
7510 0
7510 22
7510 0
7510 0
7510 0
7510 0
7510 0
7510 0
7510 0
7510 0
7510 13
7510 0
7510 30
7510 0
7510 0
7510 6
7510 0
7510 0
7510 2
7510 0
7510 0
7510 0
7541 0
7541 0
7541 0
7541 0
7541 0
7541 0
7541 0
7541 0
7541 0
7541 0
7541 4
7541 0
7541 0
7541 0
7541 0
7541 0
7541 0
7541 0
7541 0
7541 21
7541 0
7541 58
7541 0
7541 0
7541 18
7541 0
7541 0
7541 1
7541 0
7541 0
7541 0
7556 0
7556 0
7556 0
7556 0
7556 0
7556 0
7556 0
7556 0
7556 0
7556 0
7556 19
7556 0
7556 0
7556 0
7556 0
7556 0
7556 0
7556 0
7556 0
7556 16
7556 0
7556 39
7556 0
7556 0
7556 10
7556 0
7556 0
7556 1
7556 0
7556 0
7556 0
7618 0
7618 0
7618 0
7618 0
7618 0
7618 0
7618 0
7618 0
7618 0
7618 0
7618 39
7618 0
7618 0
7618 0
7618 0
7618 0
7618 0
7618 0
7618 0
7618 8
7618 0
7618 21
7618 0
7618 0
7618 2
7618 0
7618 0
7618 2
7618 0
7618 0
7618 0
7619 0
7619 0
7619 0
7619 0
7619 0
7619 0
7619 0
7619 0
7619 0
7619 0
7619 2
7619 0
7619 0
7619 0
7619 0
7619 0
7619 0
7619 0
7619 0
7619 26
7619 0
7619 107
7619 0
7619 0
7619 41
7619 0
7619 0
7619 2
7619 0
7619 0
7619 0
7644 0
7644 0
7644 0
7644 0
7644 0
7644 0
7644 0
7644 0
7644 0
7644 0
7644 18
7644 0
7644 0
7644 0
7644 0
7644 0
7644 0
7644 0
7644 0
7644 14
7644 0
7644 37
7644 0
7644 0
7644 10
7644 0
7644 0
7644 2
7644 0
7644 0
7644 0
7645 0
7645 0
7645 0
7645 0
7645 0
7645 0
7645 0
7645 0
7645 0
7645 0
7645 54
7645 0
7645 0
7645 0
7645 0
7645 0
7645 0
7645 0
7645 0
7645 7
7645 0
7645 42
7645 0
7645 0
7645 3
7645 0
7645 0
7645 3
7645 0
7645 0
7645 0
7652 0
7652 0
7652 0
7652 0
7652 0
7652 0
7652 0
7652 0
7652 0
7652 0
7652 4
7652 0
7652 0
7652 0
7652 0
7652 0
7652 0
7652 0
7652 0
7652 21
7652 0
7652 58
7652 0
7652 0
7652 18
7652 0
7652 0
7652 1
7652 0
7652 0
7652 0
7691 0
7691 0
7691 0
7691 0
7691 0
7691 0
7691 0
7691 0
7691 0
7691 0
7691 2
7691 0
7691 0
7691 0
7691 0
7691 0
7691 0
7691 0
7691 0
7691 26
7691 0
7691 107
7691 0
7691 0
7691 41
7691 0
7691 0
7691 2
7691 0
7691 0
7691 0
7709 0
7709 0
7709 0
7709 0
7709 0
7709 0
7709 0
7709 0
7709 0
7709 0
7709 8
7709 0
7709 0
7709 0
7709 0
7709 0
7709 0
7709 0
7709 0
7709 21
7709 0
7709 52
7709 0
7709 0
7709 14
7709 0
7709 0
7709 1
7709 0
7709 0
7709 0
7730 0
7730 0
7730 0
7730 0
7730 0
7730 0
7730 0
7730 0
7730 0
7730 0
7730 7
7730 0
7730 0
7730 0
7730 0
7730 0
7730 0
7730 0
7730 0
7730 33
7730 0
7730 97
7730 0
7730 0
7730 30
7730 0
7730 0
7730 4
7730 0
7730 0
7730 0
7737 0
7737 0
7737 0
7737 0
7737 0
7737 0
7737 0
7737 0
7737 0
7737 0
7737 39
7737 0
7737 0
7737 0
7737 0
7737 0
7737 0
7737 0
7737 0
7737 8
7737 0
7737 21
7737 0
7737 0
7737 2
7737 0
7737 0
7737 2
7737 0
7737 0
7737 0
7749 0
7749 0
7749 0
7749 0
7749 0
7749 0
7749 0
7749 0
7749 0
7749 0
7749 26
7749 0
7749 0
7749 0
7749 0
7749 0
7749 0
7749 0
7749 0
7749 14
7749 0
7749 75
7749 0
7749 0
7749 5
7749 0
7749 0
7749 4
7749 0
7749 0
7749 0
7758 0
7758 0
7758 0
7758 0
7758 0
7758 0
7758 0
7758 0
7758 0
7758 0
7758 25
7758 0
7758 0
7758 0
7758 0
7758 0
7758 0
7758 0
7758 0
7758 11
7758 0
7758 32
7758 0
7758 0
7758 10
7758 0
7758 0
7758 1
7758 0
7758 0
7758 0
7762 0
7762 0
7762 0
7762 0
7762 0
7762 0
7762 0
7762 0
7762 0
7762 0
7762 2
7762 0
7762 0
7762 0
7762 0
7762 0
7762 0
7762 0
7762 0
7762 13
7762 0
7762 75
7762 0
7762 0
7762 42
7762 0
7762 0
7762 1
7762 0
7762 0
7762 0
7792 0
7792 0
7792 0
7792 0
7792 0
7792 0
7792 0
7792 0
7792 0
7792 0
7792 2
7792 0
7792 0
7792 0
7792 0
7792 0
7792 0
7792 0
7792 0
7792 26
7792 0
7792 107
7792 0
7792 0
7792 41
7792 0
7792 0
7792 2
7792 0
7792 0
7792 0
7801 0
7801 0
7801 0
7801 0
7801 0
7801 0
7801 0
7801 0
7801 0
7801 0
7801 12
7801 0
7801 0
7801 0
7801 0
7801 0
7801 0
7801 0
7801 0
7801 21
7801 0
7801 46
7801 0
7801 0
7801 10
7801 0
7801 0
7801 1
7801 0
7801 0
7801 0
7829 0
7829 0
7829 0
7829 0
7829 0
7829 0
7829 0
7829 0
7829 0
7829 0
7829 674
7829 0
7829 0
7829 0
7829 0
7829 0
7829 0
7829 0
7829 0
7829 0
7829 0
7829 0
7829 0
7829 0
7829 0
7829 0
7829 0
7829 0
7829 0
7829 0
7829 0
7833 0
7833 0
7833 0
7833 0
7833 0
7833 0
7833 0
7833 0
7833 0
7833 0
7833 12
7833 0
7833 0
7833 0
7833 0
7833 0
7833 0
7833 0
7833 0
7833 21
7833 0
7833 46
7833 0
7833 0
7833 10
7833 0
7833 0
7833 1
7833 0
7833 0
7833 0
7848 0
7848 0
7848 0
7848 0
7848 0
7848 0
7848 0
7848 0
7848 0
7848 0
7848 4
7848 0
7848 0
7848 0
7848 0
7848 0
7848 0
7848 0
7848 0
7848 21
7848 0
7848 58
7848 0
7848 0
7848 18
7848 0
7848 0
7848 1
7848 0
7848 0
7848 0
7868 0
7868 0
7868 0
7868 0
7868 0
7868 0
7868 0
7868 0
7868 0
7868 0
7868 31
7868 0
7868 0
7868 0
7868 0
7868 0
7868 0
7868 0
7868 0
7868 5
7868 0
7868 13
7868 0
7868 0
7868 2
7868 0
7868 0
7868 3
7868 0
7868 0
7868 0
7900 0
7900 0
7900 0
7900 0
7900 0
7900 0
7900 0
7900 0
7900 0
7900 0
7900 12
7900 0
7900 0
7900 0
7900 0
7900 0
7900 0
7900 0
7900 0
7900 34
7900 0
7900 91
7900 0
7900 0
7900 26
7900 0
7900 0
7900 4
7900 0
7900 0
7900 0
7927 0
7927 0
7927 0
7927 0
7927 0
7927 0
7927 0
7927 0
7927 0
7927 0
7927 147
7927 0
7927 0
7927 0
7927 2
7927 0
7927 0
7927 0
7927 0
7927 1
7927 0
7927 50
7927 0
7927 0
7927 5
7927 0
7927 0
7927 1
7927 0
7927 0
7927 0
7931 0
7931 0
7931 0
7931 0
7931 0
7931 0
7931 0
7931 0
7931 0
7931 0
7931 2
7931 0
7931 0
7931 0
7931 0
7931 0
7931 0
7931 0
7931 0
7931 13
7931 0
7931 75
7931 0
7931 0
7931 42
7931 0
7931 0
7931 1
7931 0
7931 0
7931 0
7937 0
7937 0
7937 0
7937 0
7937 0
7937 0
7937 0
7937 0
7937 0
7937 0
7937 26
7937 0
7937 0
7937 0
7937 0
7937 0
7937 0
7937 0
7937 0
7937 14
7937 0
7937 75
7937 0
7937 0
7937 5
7937 0
7937 0
7937 4
7937 0
7937 0
7937 0
7970 0
7970 0
7970 0
7970 0
7970 0
7970 0
7970 0
7970 0
7970 0
7970 0
7970 25
7970 0
7970 0
7970 0
7970 0
7970 0
7970 0
7970 0
7970 0
7970 11
7970 0
7970 32
7970 0
7970 0
7970 10
7970 0
7970 0
7970 1
7970 0
7970 0
7970 0
7984 0
7984 0
7984 0
7984 0
7984 0
7984 0
7984 0
7984 0
7984 0
7984 0
7984 4
7984 0
7984 0
7984 0
7984 0
7984 0
7984 0
7984 0
7984 0
7984 21
7984 0
7984 58
7984 0
7984 0
7984 18
7984 0
7984 0
7984 1
7984 0
7984 0
7984 0
8014 0
8014 0
8014 0
8014 0
8014 0
8014 0
8014 0
8014 0
8014 0
8014 0
8014 2
8014 0
8014 0
8014 0
8014 0
8014 0
8014 0
8014 0
8014 0
8014 13
8014 0
8014 75
8014 0
8014 0
8014 42
8014 0
8014 0
8014 1
8014 0
8014 0
8014 0
8036 0
8036 0
8036 0
8036 0
8036 0
8036 0
8036 0
8036 0
8036 0
8036 0
8036 830
8036 0
8036 0
8036 0
8036 0
8036 0
8036 0
8036 0
8036 0
8036 0
8036 0
8036 76
8036 0
8036 0
8036 0
8036 0
8036 0
8036 4
8036 0
8036 0
8036 0
8088 0
8088 0
8088 0
8088 0
8088 0
8088 0
8088 0
8088 0
8088 0
8088 0
8088 128
8088 0
8088 0
8088 0
8088 0
8088 0
8088 0
8088 0
8088 0
8088 0
8088 0
8088 45
8088 0
8088 0
8088 0
8088 0
8088 0
8088 5
8088 0
8088 0
8088 0
8108 0
8108 0
8108 0
8108 0
8108 0
8108 0
8108 0
8108 0
8108 0
8108 0
8108 109
8108 0
8108 0
8108 0
8108 0
8108 0
8108 0
8108 0
8108 0
8108 0
8108 0
8108 46
8108 0
8108 0
8108 0
8108 0
8108 0
8108 1
8108 0
8108 0
8108 0
8130 0
8130 0
8130 0
8130 0
8130 0
8130 0
8130 0
8130 0
8130 0
8130 0
8130 71
8130 0
8130 0
8130 0
8130 1
8130 0
8130 0
8130 0
8130 0
8130 13
8130 0
8130 53
8130 0
8130 0
8130 19
8130 0
8130 0
8130 5
8130 0
8130 0
8130 0
8131 0
8131 0
8131 0
8131 0
8131 0
8131 0
8131 0
8131 0
8131 0
8131 0
8131 150
8131 0
8131 0
8131 0
8131 0
8131 0
8131 0
8131 0
8131 0
8131 3
8131 0
8131 68
8131 0
8131 0
8131 4
8131 0
8131 0
8131 3
8131 0
8131 0
8131 0
8150 0
8150 0
8150 0
8150 0
8150 0
8150 0
8150 0
8150 0
8150 0
8150 0
8150 30
8150 0
8150 0
8150 0
8150 0
8150 0
8150 0
8150 0
8150 0
8150 3
8150 0
8150 102
8150 0
8150 0
8150 56
8150 0
8150 0
8150 2
8150 0
8150 0
8150 0
8160 0
8160 0
8160 0
8160 0
8160 0
8160 0
8160 0
8160 0
8160 0
8160 0
8160 30
8160 0
8160 0
8160 0
8160 0
8160 0
8160 0
8160 0
8160 0
8160 3
8160 0
8160 102
8160 0
8160 0
8160 56
8160 0
8160 0
8160 2
8160 0
8160 0
8160 0
8196 0
8196 0
8196 0
8196 0
8196 0
8196 0
8196 0
8196 0
8196 0
8196 0
8196 160
8196 0
8196 0
8196 0
8196 0
8196 0
8196 0
8196 0
8196 0
8196 45
8196 0
8196 168
8196 0
8196 0
8196 67
8196 0
8196 0
8196 15
8196 0
8196 0
8196 0
8202 0
8202 0
8202 0
8202 0
8202 0
8202 0
8202 0
8202 0
8202 0
8202 0
8202 50
8202 0
8202 0
8202 0
8202 0
8202 0
8202 0
8202 0
8202 0
8202 8
8202 0
8202 79
8202 0
8202 0
8202 51
8202 0
8202 0
8202 6
8202 0
8202 0
8202 0
8205 0
8205 0
8205 0
8205 0
8205 0
8205 0
8205 0
8205 0
8205 0
8205 0
8205 64
8205 0
8205 0
8205 0
8205 2
8205 0
8205 0
8205 0
8205 0
8205 26
8205 0
8205 56
8205 0
8205 0
8205 37
8205 0
8205 0
8205 7
8205 0
8205 0
8205 0
8233 0
8233 0
8233 0
8233 0
8233 0
8233 0
8233 0
8233 0
8233 0
8233 0
8233 52
8233 0
8233 0
8233 0
8233 0
8233 0
8233 0
8233 0
8233 0
8233 2
8233 0
8233 45
8233 0
8233 0
8233 20
8233 0
8233 0
8233 1
8233 0
8233 0
8233 0
8243 0
8243 0
8243 0
8243 0
8243 0
8243 0
8243 0
8243 0
8243 0
8243 0
8243 106
8243 0
8243 0
8243 0
8243 0
8243 0
8243 0
8243 0
8243 0
8243 0
8243 0
8243 45
8243 0
8243 0
8243 0
8243 0
8243 0
8243 1
8243 0
8243 0
8243 0
8293 0
8293 0
8293 0
8293 0
8293 0
8293 0
8293 0
8293 0
8293 0
8293 0
8293 64
8293 0
8293 0
8293 0
8293 2
8293 0
8293 0
8293 0
8293 0
8293 26
8293 0
8293 56
8293 0
8293 0
8293 37
8293 0
8293 0
8293 7
8293 0
8293 0
8293 0
8298 0
8298 0
8298 0
8298 0
8298 0
8298 0
8298 0
8298 0
8298 0
8298 0
8298 70
8298 0
8298 0
8298 0
8298 0
8298 0
8298 0
8298 0
8298 0
8298 6
8298 0
8298 69
8298 0
8298 0
8298 34
8298 0
8298 0
8298 4
8298 0
8298 0
8298 0
8301 0
8301 0
8301 0
8301 0
8301 0
8301 0
8301 0
8301 0
8301 0
8301 0
8301 172
8301 0
8301 0
8301 0
8301 1
8301 0
8301 0
8301 0
8301 0
8301 7
8301 0
8301 91
8301 0
8301 0
8301 8
8301 0
8301 0
8301 1
8301 0
8301 0
8301 0
8309 0
8309 0
8309 0
8309 0
8309 0
8309 0
8309 0
8309 0
8309 0
8309 0
8309 147
8309 0
8309 0
8309 0
8309 2
8309 0
8309 0
8309 0
8309 0
8309 1
8309 0
8309 50
8309 0
8309 0
8309 5
8309 0
8309 0
8309 1
8309 0
8309 0
8309 0
8321 0
8321 0
8321 0
8321 0
8321 0
8321 0
8321 0
8321 0
8321 0
8321 0
8321 109
8321 0
8321 0
8321 0
8321 0
8321 0
8321 0
8321 0
8321 0
8321 0
8321 0
8321 46
8321 0
8321 0
8321 0
8321 0
8321 0
8321 1
8321 0
8321 0
8321 0
8333 0
8333 0
8333 0
8333 0
8333 0
8333 0
8333 0
8333 0
8333 0
8333 0
8333 117
8333 0
8333 0
8333 0
8333 0
8333 0
8333 0
8333 0
8333 0
8333 4
8333 0
8333 54
8333 0
8333 0
8333 5
8333 0
8333 0
8333 1
8333 0
8333 0
8333 0
8352 0
8352 0
8352 0
8352 0
8352 0
8352 0
8352 0
8352 0
8352 0
8352 0
8352 128
8352 0
8352 0
8352 0
8352 1
8352 0
8352 0
8352 0
8352 0
8352 1
8352 0
8352 48
8352 0
8352 0
8352 2
8352 0
8352 0
8352 1
8352 0
8352 0
8352 0
8354 0
8354 0
8354 0
8354 0
8354 0
8354 0
8354 0
8354 0
8354 0
8354 0
8354 63
8354 0
8354 0
8354 0
8354 0
8354 0
8354 0
8354 0
8354 0
8354 2
8354 0
8354 16
8354 0
8354 0
8354 3
8354 0
8354 0
8354 1
8354 0
8354 0
8354 0
8375 0
8375 0
8375 0
8375 0
8375 0
8375 0
8375 0
8375 0
8375 0
8375 0
8375 172
8375 0
8375 0
8375 0
8375 1
8375 0
8375 0
8375 0
8375 0
8375 7
8375 0
8375 91
8375 0
8375 0
8375 8
8375 0
8375 0
8375 1
8375 0
8375 0
8375 0
8400 0
8400 0
8400 0
8400 0
8400 0
8400 0
8400 0
8400 0
8400 0
8400 0
8400 63
8400 0
8400 0
8400 0
8400 0
8400 0
8400 0
8400 0
8400 0
8400 2
8400 0
8400 16
8400 0
8400 0
8400 3
8400 0
8400 0
8400 1
8400 0
8400 0
8400 0
