pt_graph scale
6515 0
6515 0
6515 0
6515 0
6515 0
6515 0
6515 0
6515 0
6515 0
6515 0
6515 158
6515 0
6515 0
6515 0
6515 0
6515 0
6515 0
6515 0
6515 0
6515 106
6515 0
6515 0
6515 0
6515 0
6515 0
6515 0
6515 0
6515 0
6515 0
6515 0
6515 0
6539 0
6539 0
6539 0
6539 0
6539 0
6539 0
6539 0
6539 0
6539 0
6539 0
6539 936
6539 0
6539 0
6539 0
6539 0
6539 0
6539 0
6539 0
6539 0
6539 14
6539 0
6539 0
6539 0
6539 0
6539 0
6539 0
6539 0
6539 0
6539 0
6539 0
6539 0
6552 0
6552 0
6552 0
6552 0
6552 0
6552 0
6552 0
6552 0
6552 0
6552 0
6552 172
6552 0
6552 0
6552 0
6552 0
6552 0
6552 0
6552 0
6552 0
6552 11
6552 0
6552 0
6552 0
6552 0
6552 0
6552 0
6552 0
6552 0
6552 0
6552 0
6552 0
6616 0
6616 0
6616 0
6616 0
6616 0
6616 0
6616 0
6616 0
6616 0
6616 0
6616 778
6616 0
6616 0
6616 0
6616 0
6616 0
6616 0
6616 0
6616 0
6616 3
6616 0
6616 0
6616 0
6616 0
6616 0
6616 0
6616 0
6616 0
6616 0
6616 0
6616 0
6630 0
6630 0
6630 0
6630 0
6630 0
6630 0
6630 0
6630 0
6630 0
6630 0
6630 86
6630 0
6630 0
6630 0
6630 0
6630 0
6630 0
6630 0
6630 0
6630 41
6630 0
6630 0
6630 0
6630 0
6630 0
6630 0
6630 0
6630 0
6630 0
6630 0
6630 0
6639 0
6639 0
6639 0
6639 0
6639 0
6639 0
6639 0
6639 0
6639 0
6639 0
6639 83
6639 0
6639 0
6639 0
6639 0
6639 0
6639 0
6639 0
6639 0
6639 0
6639 0
6639 0
6639 0
6639 0
6639 0
6639 0
6639 0
6639 0
6639 0
6639 0
6639 0
6647 0
6647 0
6647 0
6647 0
6647 0
6647 0
6647 0
6647 0
6647 0
6647 0
6647 304
6647 0
6647 0
6647 0
6647 0
6647 0
6647 0
6647 0
6647 0
6647 54
6647 0
6647 5
6647 0
6647 0
6647 0
6647 0
6647 0
6647 0
6647 0
6647 0
6647 0
6682 0
6682 0
6682 0
6682 0
6682 0
6682 0
6682 0
6682 0
6682 0
6682 0
6682 81
6682 0
6682 0
6682 0
6682 0
6682 0
6682 0
6682 0
6682 0
6682 214
6682 0
6682 0
6682 0
6682 0
6682 0
6682 0
6682 0
6682 0
6682 0
6682 0
6682 0
6697 0
6697 0
6697 0
6697 0
6697 0
6697 0
6697 0
6697 0
6697 0
6697 0
6697 2522
6697 0
6697 0
6697 0
6697 0
6697 0
6697 0
6697 0
6697 0
6697 8
6697 0
6697 0
6697 0
6697 0
6697 0
6697 0
6697 0
6697 0
6697 0
6697 0
6697 0
6705 0
6705 0
6705 0
6705 0
6705 0
6705 0
6705 0
6705 0
6705 0
6705 0
6705 650
6705 0
6705 0
6705 0
6705 0
6705 0
6705 0
6705 0
6705 0
6705 9
6705 0
6705 0
6705 0
6705 0
6705 0
6705 0
6705 0
6705 0
6705 0
6705 0
6705 0
6708 0
6708 0
6708 0
6708 0
6708 0
6708 0
6708 0
6708 0
6708 0
6708 0
6708 105
6708 0
6708 0
6708 0
6708 0
6708 0
6708 0
6708 0
6708 0
6708 4
6708 0
6708 0
6708 0
6708 0
6708 0
6708 0
6708 0
6708 0
6708 0
6708 0
6708 0
6747 0
6747 0
6747 0
6747 0
6747 0
6747 0
6747 0
6747 0
6747 0
6747 0
6747 951
6747 0
6747 0
6747 0
6747 0
6747 0
6747 0
6747 0
6747 0
6747 9
6747 0
6747 0
6747 0
6747 0
6747 0
6747 0
6747 0
6747 0
6747 0
6747 0
6747 0
6764 0
6764 0
6764 0
6764 0
6764 0
6764 0
6764 0
6764 0
6764 0
6764 0
6764 81
6764 0
6764 0
6764 0
6764 0
6764 0
6764 0
6764 0
6764 0
6764 214
6764 0
6764 0
6764 0
6764 0
6764 0
6764 0
6764 0
6764 0
6764 0
6764 0
6764 0
6780 0
6780 0
6780 0
6780 0
6780 0
6780 0
6780 0
6780 0
6780 0
6780 0
6780 196
6780 0
6780 0
6780 0
6780 0
6780 0
6780 0
6780 0
6780 0
6780 2
6780 0
6780 0
6780 0
6780 0
6780 0
6780 0
6780 0
6780 0
6780 0
6780 0
6780 0
6791 0
6791 0
6791 0
6791 0
6791 0
6791 0
6791 0
6791 0
6791 0
6791 0
6791 601
6791 0
6791 0
6791 0
6791 0
6791 0
6791 0
6791 0
6791 0
6791 1
6791 0
6791 0
6791 0
6791 0
6791 0
6791 0
6791 0
6791 0
6791 0
6791 0
6791 0
6792 0
6792 0
6792 0
6792 0
6792 0
6792 0
6792 0
6792 0
6792 0
6792 0
6792 306
6792 0
6792 0
6792 0
6792 0
6792 0
6792 0
6792 0
6792 0
6792 7
6792 0
6792 0
6792 0
6792 0
6792 0
6792 0
6792 0
6792 0
6792 0
6792 0
6792 0
6801 0
6801 0
6801 0
6801 0
6801 0
6801 0
6801 0
6801 0
6801 0
6801 0
6801 328
6801 0
6801 0
6801 0
6801 0
6801 0
6801 0
6801 0
6801 0
6801 19
6801 0
6801 0
6801 0
6801 0
6801 0
6801 0
6801 0
6801 0
6801 0
6801 0
6801 0
6808 0
6808 0
6808 0
6808 0
6808 0
6808 0
6808 0
6808 0
6808 0
6808 0
6808 0
6808 0
6808 0
6808 0
6808 0
6808 0
6808 0
6808 0
6808 0
6808 149
6808 0
6808 1
6808 0
6808 0
6808 0
6808 0
6808 0
6808 0
6808 0
6808 0
6808 0
6881 0
6881 0
6881 0
6881 0
6881 0
6881 0
6881 0
6881 0
6881 0
6881 0
6881 263
6881 0
6881 0
6881 0
6881 0
6881 0
6881 0
6881 0
6881 0
6881 2
6881 0
6881 0
6881 0
6881 0
6881 0
6881 0
6881 0
6881 0
6881 0
6881 0
6881 0
6900 0
6900 0
6900 0
6900 0
6900 0
6900 0
6900 0
6900 0
6900 0
6900 0
6900 295
6900 0
6900 0
6900 0
6900 0
6900 0
6900 0
6900 0
6900 0
6900 2
6900 0
6900 0
6900 0
6900 0
6900 0
6900 0
6900 0
6900 0
6900 0
6900 0
6900 0
6961 0
6961 0
6961 0
6961 0
6961 0
6961 0
6961 0
6961 0
6961 0
6961 0
6961 10
6961 0
6961 0
6961 0
6961 0
6961 0
6961 0
6961 0
6961 0
6961 3
6961 0
6961 0
6961 0
6961 0
6961 1
6961 0
6961 0
6961 0
6961 0
6961 0
6961 0
6977 0
6977 0
6977 0
6977 0
6977 0
6977 0
6977 0
6977 0
6977 0
6977 0
6977 445
6977 0
6977 0
6977 0
6977 0
6977 0
6977 0
6977 0
6977 0
6977 34
6977 0
6977 0
6977 0
6977 0
6977 0
6977 0
6977 0
6977 0
6977 0
6977 0
6977 0
6979 0
6979 0
6979 0
6979 0
6979 0
6979 0
6979 0
6979 0
6979 0
6979 0
6979 413
6979 0
6979 0
6979 0
6979 0
6979 0
6979 0
6979 0
6979 0
6979 60
6979 0
6979 0
6979 0
6979 0
6979 0
6979 0
6979 0
6979 0
6979 0
6979 0
6979 0
6980 0
6980 0
6980 0
6980 0
6980 0
6980 0
6980 0
6980 0
6980 0
6980 0
6980 321
6980 0
6980 0
6980 0
6980 0
6980 0
6980 0
6980 0
6980 0
6980 74
6980 0
6980 0
6980 0
6980 0
6980 0
6980 0
6980 0
6980 0
6980 0
6980 0
6980 0
6992 0
6992 0
6992 0
6992 0
6992 0
6992 0
6992 0
6992 0
6992 0
6992 0
6992 1
6992 0
6992 0
6992 0
6992 0
6992 0
6992 0
6992 0
6992 0
6992 1
6992 0
6992 0
6992 0
6992 0
6992 0
6992 0
6992 0
6992 0
6992 0
6992 0
6992 0
7021 0
7021 0
7021 0
7021 0
7021 0
7021 0
7021 0
7021 0
7021 0
7021 0
7021 4
7021 0
7021 0
7021 0
7021 0
7021 0
7021 0
7021 0
7021 0
7021 1
7021 0
7021 0
7021 0
7021 0
7021 0
7021 0
7021 0
7021 0
7021 0
7021 0
7021 0
7649 0
7649 0
7649 0
7649 0
7649 0
7649 0
7649 0
7649 0
7649 0
7649 0
7649 59
7649 0
7649 0
7649 0
7649 0
7649 0
7649 0
7649 0
7649 0
7649 1
7649 0
7649 0
7649 0
7649 0
7649 0
7649 0
7649 0
7649 0
7649 0
7649 0
7649 0
7694 0
7694 0
7694 0
7694 0
7694 0
7694 0
7694 0
7694 0
7694 0
7694 0
7694 199
7694 0
7694 0
7694 0
7694 0
7694 0
7694 0
7694 0
7694 0
7694 0
7694 0
7694 0
7694 0
7694 0
7694 0
7694 0
7694 0
7694 0
7694 0
7694 0
7694 0
7730 0
7730 0
7730 0
7730 0
7730 0
7730 0
7730 0
7730 0
7730 0
7730 0
7730 205
7730 0
7730 0
7730 0
7730 0
7730 0
7730 0
7730 0
7730 0
7730 1
7730 0
7730 0
7730 0
7730 0
7730 0
7730 0
7730 0
7730 0
7730 0
7730 0
7730 0
7798 0
7798 0
7798 0
7798 0
7798 0
7798 0
7798 0
7798 0
7798 0
7798 0
7798 109
7798 0
7798 0
7798 0
7798 0
7798 0
7798 0
7798 0
7798 0
7798 0
7798 0
7798 0
7798 0
7798 0
7798 0
7798 0
7798 0
7798 0
7798 0
7798 0
7798 0
7848 0
7848 0
7848 0
7848 0
7848 0
7848 0
7848 0
7848 0
7848 0
7848 0
7848 258
7848 0
7848 0
7848 0
7848 1
7848 0
7848 0
7848 0
7848 0
7848 0
7848 0
7848 0
7848 0
7848 0
7848 0
7848 0
7848 0
7848 0
7848 0
7848 0
7848 0
7900 0
7900 0
7900 0
7900 0
7900 0
7900 0
7900 0
7900 0
7900 0
7900 0
7900 171
7900 0
7900 0
7900 0
7900 0
7900 0
7900 0
7900 0
7900 0
7900 0
7900 0
7900 0
7900 0
7900 0
7900 0
7900 0
7900 0
7900 0
7900 0
7900 0
7900 0
7927 0
7927 0
7927 0
7927 0
7927 0
7927 0
7927 0
7927 0
7927 0
7927 0
7927 107
7927 0
7927 0
7927 0
7927 0
7927 0
7927 0
7927 0
7927 0
7927 0
7927 0
7927 0
7927 0
7927 0
7927 0
7927 0
7927 0
7927 0
7927 0
7927 0
7927 0
7931 0
7931 0
7931 0
7931 0
7931 0
7931 0
7931 0
7931 0
7931 0
7931 0
7931 109
7931 0
7931 0
7931 0
7931 1
7931 0
7931 0
7931 0
7931 0
7931 0
7931 0
7931 0
7931 0
7931 0
7931 0
7931 0
7931 0
7931 0
7931 0
7931 0
7931 0
7945 0
7945 0
7945 0
7945 0
7945 0
7945 0
7945 0
7945 0
7945 0
7945 0
7945 105
7945 0
7945 0
7945 0
7945 0
7945 0
7945 0
7945 0
7945 0
7945 0
7945 0
7945 0
7945 0
7945 0
7945 0
7945 0
7945 0
7945 0
7945 0
7945 0
7945 0
