pt_graph cpue_kghour
1959 0
1959 0
1959 0
1959 0
1959 0
1959 0
1959 0
1959 0
1959 0
1959 0
1959 324
1959 0
1959 0
1959 0
1959 0
1959 0
1959 0
1959 0
1959 0
1959 4
1959 0
1959 10
1959 0
1959 0
1959 4
1959 0
1959 0
1959 0
1959 0
1959 0
1959 0
2073 0
2073 0
2073 0
2073 0
2073 0
2073 0
2073 0
2073 0
2073 0
2073 0
2073 372
2073 0
2073 0
2073 0
2073 0
2073 0
2073 0
2073 0
2073 0
2073 9
2073 0
2073 13
2073 0
2073 0
2073 31
2073 0
2073 1
2073 2
2073 0
2073 0
2073 0
2285 0
2285 0
2285 0
2285 0
2285 0
2285 0
2285 0
2285 0
2285 0
2285 0
2285 1
2285 0
2285 0
2285 0
2285 0
2285 0
2285 0
2285 0
2285 0
2285 8
2285 0
2285 10
2285 0
2285 0
2285 2
2285 0
2285 0
2285 0
2285 0
2285 0
2285 0
2300 0
2300 0
2300 0
2300 0
2300 0
2300 0
2300 0
2300 0
2300 0
2300 0
2300 1
2300 0
2300 0
2300 0
2300 0
2300 0
2300 0
2300 0
2300 0
2300 8
2300 0
2300 10
2300 0
2300 0
2300 2
2300 0
2300 0
2300 0
2300 0
2300 0
2300 0
2351 0
2351 0
2351 0
2351 0
2351 0
2351 0
2351 0
2351 0
2351 0
2351 0
2351 1
2351 0
2351 0
2351 0
2351 0
2351 0
2351 0
2351 0
2351 0
2351 8
2351 0
2351 10
2351 0
2351 0
2351 2
2351 0
2351 0
2351 0
2351 0
2351 0
2351 0
2365 0
2365 0
2365 0
2365 0
2365 0
2365 0
2365 0
2365 0
2365 0
2365 0
2365 292
2365 0
2365 0
2365 0
2365 0
2365 0
2365 0
2365 0
2365 0
2365 24
2365 0
2365 0
2365 0
2365 0
2365 27
2365 0
2365 0
2365 0
2365 0
2365 0
2365 0
2388 0
2388 0
2388 0
2388 0
2388 0
2388 0
2388 0
2388 0
2388 0
2388 0
2388 12
2388 0
2388 0
2388 0
2388 0
2388 0
2388 0
2388 0
2388 0
2388 1
2388 0
2388 17
2388 0
2388 0
2388 16
2388 0
2388 0
2388 0
2388 0
2388 0
2388 0
2414 0
2414 0
2414 0
2414 0
2414 0
2414 0
2414 0
2414 0
2414 0
2414 0
2414 9
2414 0
2414 0
2414 0
2414 0
2414 0
2414 0
2414 0
2414 0
2414 8
2414 0
2414 7
2414 0
2414 0
2414 49
2414 0
2414 8
2414 0
2414 0
2414 0
2414 0
2422 0
2422 0
2422 0
2422 0
2422 0
2422 0
2422 0
2422 0
2422 0
2422 0
2422 46
2422 0
2422 0
2422 0
2422 0
2422 0
2422 0
2422 0
2422 0
2422 6
2422 0
2422 3
2422 0
2422 0
2422 45
2422 0
2422 8
2422 0
2422 0
2422 0
2422 0
2455 0
2455 0
2455 0
2455 0
2455 0
2455 0
2455 0
2455 0
2455 0
2455 0
2455 1
2455 0
2455 0
2455 0
2455 0
2455 0
2455 0
2455 0
2455 0
2455 8
2455 0
2455 10
2455 0
2455 0
2455 2
2455 0
2455 0
2455 0
2455 0
2455 0
2455 0
2465 0
2465 0
2465 0
2465 0
2465 0
2465 0
2465 0
2465 0
2465 0
2465 0
2465 54
2465 0
2465 0
2465 0
2465 0
2465 0
2465 0
2465 0
2465 0
2465 7
2465 0
2465 0
2465 0
2465 0
2465 11
2465 0
2465 0
2465 0
2465 0
2465 0
2465 0
2485 0
2485 0
2485 0
2485 0
2485 0
2485 0
2485 0
2485 0
2485 0
2485 0
2485 54
2485 0
2485 0
2485 0
2485 0
2485 0
2485 0
2485 0
2485 0
2485 7
2485 0
2485 0
2485 0
2485 0
2485 11
2485 0
2485 0
2485 0
2485 0
2485 0
2485 0
2506 0
2506 0
2506 0
2506 0
2506 0
2506 0
2506 0
2506 0
2506 0
2506 0
2506 542
2506 0
2506 0
2506 0
2506 0
2506 0
2506 0
2506 0
2506 0
2506 0
2506 0
2506 55
2506 0
2506 0
2506 22
2506 0
2506 0
2506 1
2506 0
2506 0
2506 0
2600 0
2600 0
2600 0
2600 0
2600 0
2600 0
2600 0
2600 0
2600 0
2600 0
2600 184
2600 0
2600 0
2600 0
2600 0
2600 0
2600 0
2600 0
2600 0
2600 29
2600 0
2600 14
2600 0
2600 0
2600 5
2600 0
2600 0
2600 0
2600 0
2600 0
2600 0
2613 0
2613 0
2613 0
2613 0
2613 0
2613 0
2613 0
2613 0
2613 0
2613 0
2613 80
2613 0
2613 0
2613 0
2613 0
2613 0
2613 0
2613 0
2613 0
2613 1
2613 0
2613 5
2613 0
2613 0
2613 0
2613 0
2613 0
2613 0
2613 0
2613 0
2613 0
2625 0
2625 0
2625 0
2625 0
2625 0
2625 0
2625 0
2625 0
2625 0
2625 0
2625 51
2625 0
2625 0
2625 0
2625 0
2625 0
2625 0
2625 0
2625 0
2625 4
2625 0
2625 8
2625 0
2625 0
2625 35
2625 0
2625 5
2625 0
2625 0
2625 0
2625 0
2653 0
2653 0
2653 0
2653 0
2653 0
2653 0
2653 0
2653 0
2653 0
2653 0
2653 10
2653 0
2653 0
2653 0
2653 0
2653 0
2653 0
2653 0
2653 0
2653 9
2653 0
2653 10
2653 0
2653 0
2653 72
2653 0
2653 11
2653 0
2653 0
2653 0
2653 0
2748 0
2748 0
2748 0
2748 0
2748 0
2748 0
2748 0
2748 0
2748 0
2748 0
2748 111
2748 0
2748 0
2748 0
2748 0
2748 0
2748 0
2748 0
2748 0
2748 9
2748 0
2748 0
2748 0
2748 0
2748 9
2748 0
2748 1
2748 0
2748 0
2748 0
2748 0
2775 0
2775 0
2775 0
2775 0
2775 0
2775 0
2775 0
2775 0
2775 0
2775 0
2775 10
2775 0
2775 0
2775 0
2775 0
2775 0
2775 0
2775 0
2775 0
2775 9
2775 0
2775 10
2775 0
2775 0
2775 72
2775 0
2775 11
2775 0
2775 0
2775 0
2775 0
2789 0
2789 0
2789 0
2789 0
2789 0
2789 0
2789 0
2789 0
2789 0
2789 0
2789 10
2789 0
2789 0
2789 0
2789 0
2789 0
2789 0
2789 0
2789 0
2789 9
2789 0
2789 10
2789 0
2789 0
2789 72
2789 0
2789 11
2789 0
2789 0
2789 0
2789 0
2844 0
2844 0
2844 0
2844 0
2844 0
2844 0
2844 0
2844 0
2844 0
2844 0
2844 10
2844 0
2844 0
2844 0
2844 0
2844 0
2844 0
2844 0
2844 0
2844 9
2844 0
2844 10
2844 0
2844 0
2844 72
2844 0
2844 11
2844 0
2844 0
2844 0
2844 0
3098 0
3098 0
3098 0
3098 0
3098 0
3098 0
3098 0
3098 0
3098 0
3098 0
3098 22
3098 0
3098 0
3098 0
3098 0
3098 0
3098 0
3098 0
3098 0
3098 14
3098 0
3098 38
3098 0
3098 0
3098 10
3098 0
3098 1
3098 1
3098 0
3098 0
3098 0
3120 0
3120 0
3120 0
3120 0
3120 0
3120 0
3120 0
3120 0
3120 0
3120 0
3120 292
3120 0
3120 0
3120 0
3120 0
3120 0
3120 0
3120 0
3120 0
3120 2
3120 0
3120 0
3120 0
3120 0
3120 27
3120 0
3120 1
3120 0
3120 0
3120 0
3120 0
3148 0
3148 0
3148 0
3148 0
3148 0
3148 0
3148 0
3148 0
3148 0
3148 0
3148 240
3148 0
3148 0
3148 0
3148 0
3148 0
3148 0
3148 0
3148 0
3148 0
3148 0
3148 0
3148 0
3148 0
3148 10
3148 0
3148 2
3148 0
3148 0
3148 0
3148 0
3153 0
3153 0
3153 0
3153 0
3153 0
3153 0
3153 0
3153 0
3153 0
3153 0
3153 481
3153 0
3153 0
3153 0
3153 0
3153 0
3153 0
3153 0
3153 0
3153 2
3153 0
3153 14
3153 0
3153 0
3153 25
3153 0
3153 3
3153 1
3153 0
3153 0
3153 0
3193 0
3193 0
3193 0
3193 0
3193 0
3193 0
3193 0
3193 0
3193 0
3193 0
3193 75
3193 0
3193 0
3193 0
3193 0
3193 0
3193 0
3193 0
3193 0
3193 0
3193 0
3193 0
3193 0
3193 0
3193 20
3193 0
3193 0
3193 0
3193 0
3193 0
3193 0
3208 0
3208 0
3208 0
3208 0
3208 0
3208 0
3208 0
3208 0
3208 0
3208 0
3208 186
3208 0
3208 0
3208 0
3208 0
3208 0
3208 0
3208 0
3208 0
3208 14
3208 0
3208 6
3208 0
3208 0
3208 62
3208 0
3208 2
3208 2
3208 0
3208 0
3208 0
3287 0
3287 0
3287 0
3287 0
3287 0
3287 0
3287 0
3287 0
3287 0
3287 0
3287 62
3287 0
3287 0
3287 0
3287 0
3287 0
3287 0
3287 0
3287 0
3287 8
3287 0
3287 25
3287 0
3287 0
3287 21
3287 0
3287 1
3287 1
3287 0
3287 0
3287 0
3329 0
3329 0
3329 0
3329 0
3329 0
3329 0
3329 0
3329 0
3329 0
3329 0
3329 117
3329 0
3329 0
3329 0
3329 0
3329 0
3329 0
3329 0
3329 0
3329 3
3329 0
3329 17
3329 0
3329 0
3329 20
3329 0
3329 0
3329 1
3329 0
3329 0
3329 0
3487 0
3487 0
3487 0
3487 0
3487 0
3487 0
3487 0
3487 0
3487 0
3487 0
3487 311
3487 0
3487 0
3487 0
3487 0
3487 0
3487 0
3487 0
3487 0
3487 0
3487 0
3487 0
3487 0
3487 0
3487 1
3487 0
3487 1
3487 0
3487 0
3487 0
3487 0
3511 0
3511 0
3511 0
3511 0
3511 0
3511 0
3511 0
3511 0
3511 0
3511 0
3511 647
3511 0
3511 0
3511 0
3511 0
3511 0
3511 0
3511 0
3511 0
3511 9
3511 0
3511 0
3511 0
3511 0
3511 8
3511 0
3511 0
3511 0
3511 0
3511 0
3511 0
3804 0
3804 0
3804 0
3804 0
3804 0
3804 0
3804 0
3804 0
3804 0
3804 0
3804 647
3804 0
3804 0
3804 0
3804 0
3804 0
3804 0
3804 0
3804 0
3804 9
3804 0
3804 0
3804 0
3804 0
3804 8
3804 0
3804 0
3804 0
3804 0
3804 0
3804 0
8813 0
8813 0
8813 0
8813 0
8813 0
8813 0
8813 0
8813 0
8813 0
8813 0
8813 991
8813 0
8813 0
8813 0
8813 42
8813 0
8813 0
8813 0
8813 0
8813 0
8813 0
8813 0
8813 0
8813 0
8813 10
8813 0
8813 0
8813 0
8813 0
8813 0
8813 0
