pt_graph cpue_kghour
1262 0
1262 0
1262 0
1262 0
1262 0
1262 0
1262 0
1262 0
1262 0
1262 0
1262 31
1262 0
1262 0
1262 0
1262 0
1262 0
1262 0
1262 0
1262 0
1262 37
1262 0
1262 113
1262 0
1262 0
1262 87
1262 0
1262 0
1262 17
1262 0
1262 0
1262 0
1313 0
1313 0
1313 0
1313 0
1313 0
1313 0
1313 0
1313 0
1313 0
1313 0
1313 31
1313 0
1313 0
1313 0
1313 0
1313 0
1313 0
1313 0
1313 0
1313 37
1313 0
1313 113
1313 0
1313 0
1313 87
1313 0
1313 0
1313 17
1313 0
1313 0
1313 0
1380 0
1380 0
1380 0
1380 0
1380 0
1380 0
1380 0
1380 0
1380 0
1380 0
1380 4
1380 0
1380 0
1380 0
1380 0
1380 0
1380 0
1380 0
1380 0
1380 7
1380 0
1380 1
1380 0
1380 0
1380 53
1380 0
1380 0
1380 0
1380 0
1380 0
1380 0
1394 0
1394 0
1394 0
1394 0
1394 0
1394 0
1394 0
1394 0
1394 0
1394 0
1394 4
1394 0
1394 0
1394 0
1394 0
1394 0
1394 0
1394 0
1394 0
1394 7
1394 0
1394 1
1394 0
1394 0
1394 53
1394 0
1394 0
1394 0
1394 0
1394 0
1394 0
1489 0
1489 0
1489 0
1489 0
1489 0
1489 0
1489 0
1489 0
1489 0
1489 0
1489 4
1489 0
1489 0
1489 0
1489 0
1489 0
1489 0
1489 0
1489 0
1489 7
1489 0
1489 1
1489 0
1489 0
1489 53
1489 0
1489 0
1489 0
1489 0
1489 0
1489 0
1493 0
1493 0
1493 0
1493 0
1493 0
1493 0
1493 0
1493 0
1493 0
1493 0
1493 10
1493 0
1493 0
1493 0
1493 0
1493 0
1493 0
1493 0
1493 0
1493 6
1493 0
1493 0
1493 0
1493 0
1493 42
1493 0
1493 0
1493 0
1493 0
1493 0
1493 0
1521 0
1521 0
1521 0
1521 0
1521 0
1521 0
1521 0
1521 0
1521 0
1521 0
1521 4
1521 0
1521 0
1521 0
1521 0
1521 0
1521 0
1521 0
1521 0
1521 7
1521 0
1521 1
1521 0
1521 0
1521 53
1521 0
1521 0
1521 0
1521 0
1521 0
1521 0
1534 0
1534 0
1534 0
1534 0
1534 0
1534 0
1534 0
1534 0
1534 0
1534 0
1534 4
1534 0
1534 0
1534 0
1534 0
1534 0
1534 0
1534 0
1534 0
1534 7
1534 0
1534 1
1534 0
1534 0
1534 53
1534 0
1534 0
1534 0
1534 0
1534 0
1534 0
1554 0
1554 0
1554 0
1554 0
1554 0
1554 0
1554 0
1554 0
1554 0
1554 0
1554 4
1554 0
1554 0
1554 0
1554 0
1554 0
1554 0
1554 0
1554 0
1554 7
1554 0
1554 1
1554 0
1554 0
1554 53
1554 0
1554 0
1554 0
1554 0
1554 0
1554 0
1604 0
1604 0
1604 0
1604 0
1604 0
1604 0
1604 0
1604 0
1604 0
1604 0
1604 50
1604 0
1604 0
1604 0
1604 0
1604 0
1604 0
1604 0
1604 0
1604 101
1604 0
1604 316
1604 0
1604 0
1604 349
1604 0
1604 4
1604 20
1604 0
1604 0
1604 0
1657 0
1657 0
1657 0
1657 0
1657 0
1657 0
1657 0
1657 0
1657 0
1657 0
1657 0
1657 0
1657 0
1657 0
1657 0
1657 0
1657 0
1657 0
1657 0
1657 22
1657 0
1657 124
1657 0
1657 0
1657 30
1657 0
1657 0
1657 1
1657 0
1657 0
1657 0
1677 0
1677 0
1677 0
1677 0
1677 0
1677 0
1677 0
1677 0
1677 0
1677 0
1677 4
1677 0
1677 0
1677 0
1677 0
1677 0
1677 0
1677 0
1677 0
1677 29
1677 0
1677 185
1677 0
1677 0
1677 46
1677 0
1677 0
1677 1
1677 0
1677 0
1677 0
1748 0
1748 0
1748 0
1748 0
1748 0
1748 0
1748 0
1748 0
1748 0
1748 0
1748 3
1748 0
1748 0
1748 0
1748 0
1748 0
1748 0
1748 0
1748 0
1748 11
1748 0
1748 7
1748 0
1748 0
1748 62
1748 0
1748 0
1748 4
1748 0
1748 0
1748 0
1766 0
1766 0
1766 0
1766 0
1766 0
1766 0
1766 0
1766 0
1766 0
1766 0
1766 7
1766 0
1766 0
1766 0
1766 0
1766 0
1766 0
1766 0
1766 0
1766 46
1766 0
1766 6
1766 0
1766 0
1766 140
1766 0
1766 7
1766 12
1766 0
1766 0
1766 0
1776 0
1776 0
1776 0
1776 0
1776 0
1776 0
1776 0
1776 0
1776 0
1776 0
1776 3
1776 0
1776 0
1776 0
1776 0
1776 0
1776 0
1776 0
1776 0
1776 11
1776 0
1776 7
1776 0
1776 0
1776 62
1776 0
1776 0
1776 4
1776 0
1776 0
1776 0
1798 0
1798 0
1798 0
1798 0
1798 0
1798 0
1798 0
1798 0
1798 0
1798 0
1798 4
1798 0
1798 0
1798 0
1798 0
1798 0
1798 0
1798 0
1798 0
1798 7
1798 0
1798 1
1798 0
1798 0
1798 53
1798 0
1798 0
1798 0
1798 0
1798 0
1798 0
1815 0
1815 0
1815 0
1815 0
1815 0
1815 0
1815 0
1815 0
1815 0
1815 0
1815 0
1815 0
1815 0
1815 0
1815 0
1815 0
1815 0
1815 0
1815 0
1815 22
1815 0
1815 124
1815 0
1815 0
1815 30
1815 0
1815 0
1815 1
1815 0
1815 0
1815 0
1863 0
1863 0
1863 0
1863 0
1863 0
1863 0
1863 0
1863 0
1863 0
1863 0
1863 0
1863 0
1863 0
1863 0
1863 0
1863 0
1863 0
1863 0
1863 0
1863 2
1863 0
1863 2
1863 0
1863 0
1863 12
1863 0
1863 0
1863 0
1863 0
1863 0
1863 0
1873 0
1873 0
1873 0
1873 0
1873 0
1873 0
1873 0
1873 0
1873 0
1873 0
1873 0
1873 0
1873 0
1873 0
1873 0
1873 0
1873 0
1873 0
1873 0
1873 4
1873 0
1873 4
1873 0
1873 0
1873 25
1873 0
1873 0
1873 0
1873 0
1873 0
1873 0
1898 0
1898 0
1898 0
1898 0
1898 0
1898 0
1898 0
1898 0
1898 0
1898 0
1898 3
1898 0
1898 0
1898 0
1898 0
1898 0
1898 0
1898 0
1898 0
1898 13
1898 0
1898 3
1898 0
1898 0
1898 58
1898 0
1898 1
1898 3
1898 0
1898 0
1898 0
1966 0
1966 0
1966 0
1966 0
1966 0
1966 0
1966 0
1966 0
1966 0
1966 0
1966 5
1966 0
1966 0
1966 0
1966 0
1966 0
1966 0
1966 0
1966 0
1966 0
1966 0
1966 0
1966 0
1966 0
1966 34
1966 0
1966 0
1966 0
1966 0
1966 0
1966 0
2040 0
2040 0
2040 0
2040 0
2040 0
2040 0
2040 0
2040 0
2040 0
2040 0
2040 12
2040 0
2040 0
2040 0
2040 0
2040 0
2040 0
2040 0
2040 0
2040 16
2040 0
2040 7
2040 0
2040 0
2040 109
2040 0
2040 3
2040 3
2040 0
2040 0
2040 0
2045 0
2045 0
2045 0
2045 0
2045 0
2045 0
2045 0
2045 0
2045 0
2045 0
2045 1
2045 0
2045 0
2045 0
2045 0
2045 0
2045 0
2045 0
2045 0
2045 28
2045 0
2045 18
2045 0
2045 0
2045 183
2045 0
2045 1
2045 0
2045 0
2045 0
2045 0
2046 0
2046 0
2046 0
2046 0
2046 0
2046 0
2046 0
2046 0
2046 0
2046 0
2046 1
2046 0
2046 0
2046 0
2046 0
2046 0
2046 0
2046 0
2046 0
2046 28
2046 0
2046 18
2046 0
2046 0
2046 183
2046 0
2046 1
2046 0
2046 0
2046 0
2046 0
2048 0
2048 0
2048 0
2048 0
2048 0
2048 0
2048 0
2048 0
2048 0
2048 0
2048 0
2048 0
2048 0
2048 0
2048 0
2048 0
2048 0
2048 0
2048 0
2048 4
2048 0
2048 4
2048 0
2048 0
2048 25
2048 0
2048 0
2048 0
2048 0
2048 0
2048 0
2078 0
2078 0
2078 0
2078 0
2078 0
2078 0
2078 0
2078 0
2078 0
2078 0
2078 3
2078 0
2078 0
2078 0
2078 0
2078 0
2078 0
2078 0
2078 0
2078 17
2078 0
2078 2
2078 0
2078 0
2078 66
2078 0
2078 2
2078 4
2078 0
2078 0
2078 0
2089 0
2089 0
2089 0
2089 0
2089 0
2089 0
2089 0
2089 0
2089 0
2089 0
2089 5
2089 0
2089 0
2089 0
2089 0
2089 0
2089 0
2089 0
2089 0
2089 0
2089 0
2089 0
2089 0
2089 0
2089 34
2089 0
2089 0
2089 0
2089 0
2089 0
2089 0
2113 0
2113 0
2113 0
2113 0
2113 0
2113 0
2113 0
2113 0
2113 0
2113 0
2113 19
2113 0
2113 0
2113 0
2113 0
2113 0
2113 0
2113 0
2113 0
2113 47
2113 0
2113 3
2113 0
2113 0
2113 197
2113 0
2113 3
2113 10
2113 0
2113 0
2113 0
2179 0
2179 0
2179 0
2179 0
2179 0
2179 0
2179 0
2179 0
2179 0
2179 0
2179 17
2179 0
2179 0
2179 0
2179 0
2179 0
2179 0
2179 0
2179 0
2179 27
2179 0
2179 27
2179 0
2179 0
2179 90
2179 0
2179 1
2179 8
2179 0
2179 0
2179 0
2184 0
2184 0
2184 0
2184 0
2184 0
2184 0
2184 0
2184 0
2184 0
2184 0
2184 5
2184 0
2184 0
2184 0
2184 0
2184 0
2184 0
2184 0
2184 0
2184 0
2184 0
2184 0
2184 0
2184 0
2184 34
2184 0
2184 0
2184 0
2184 0
2184 0
2184 0
2191 0
2191 0
2191 0
2191 0
2191 0
2191 0
2191 0
2191 0
2191 0
2191 0
2191 41
2191 0
2191 0
2191 0
2191 0
2191 0
2191 0
2191 0
2191 0
2191 44
2191 0
2191 12
2191 0
2191 0
2191 194
2191 0
2191 2
2191 13
2191 0
2191 0
2191 0
2211 0
2211 0
2211 0
2211 0
2211 0
2211 0
2211 0
2211 0
2211 0
2211 0
2211 22
2211 0
2211 0
2211 0
2211 0
2211 0
2211 0
2211 0
2211 0
2211 29
2211 0
2211 34
2211 0
2211 0
2211 95
2211 0
2211 1
2211 10
2211 0
2211 0
2211 0
2212 0
2212 0
2212 0
2212 0
2212 0
2212 0
2212 0
2212 0
2212 0
2212 0
2212 26
2212 0
2212 0
2212 0
2212 0
2212 0
2212 0
2212 0
2212 0
2212 14
2212 0
2212 4
2212 0
2212 0
2212 103
2212 0
2212 1
2212 5
2212 0
2212 0
2212 0
2281 0
2281 0
2281 0
2281 0
2281 0
2281 0
2281 0
2281 0
2281 0
2281 0
2281 28
2281 0
2281 0
2281 0
2281 0
2281 0
2281 0
2281 0
2281 0
2281 59
2281 0
2281 22
2281 0
2281 0
2281 201
2281 0
2281 6
2281 16
2281 0
2281 0
2281 0
2303 0
2303 0
2303 0
2303 0
2303 0
2303 0
2303 0
2303 0
2303 0
2303 0
2303 41
2303 0
2303 0
2303 0
2303 0
2303 0
2303 0
2303 0
2303 0
2303 44
2303 0
2303 12
2303 0
2303 0
2303 194
2303 0
2303 2
2303 13
2303 0
2303 0
2303 0
2374 0
2374 0
2374 0
2374 0
2374 0
2374 0
2374 0
2374 0
2374 0
2374 0
2374 15
2374 0
2374 0
2374 0
2374 0
2374 0
2374 0
2374 0
2374 0
2374 15
2374 0
2374 0
2374 0
2374 0
2374 93
2374 0
2374 0
2374 5
2374 0
2374 0
2374 0
2419 0
2419 0
2419 0
2419 0
2419 0
2419 0
2419 0
2419 0
2419 0
2419 0
2419 29
2419 0
2419 0
2419 0
2419 0
2419 0
2419 0
2419 0
2419 0
2419 17
2419 0
2419 8
2419 0
2419 0
2419 90
2419 0
2419 1
2419 5
2419 0
2419 0
2419 0
2421 0
2421 0
2421 0
2421 0
2421 0
2421 0
2421 0
2421 0
2421 0
2421 0
2421 41
2421 0
2421 0
2421 0
2421 0
2421 0
2421 0
2421 0
2421 0
2421 44
2421 0
2421 12
2421 0
2421 0
2421 194
2421 0
2421 2
2421 13
2421 0
2421 0
2421 0
2427 0
2427 0
2427 0
2427 0
2427 0
2427 0
2427 0
2427 0
2427 0
2427 0
2427 23
2427 0
2427 0
2427 0
2427 0
2427 0
2427 0
2427 0
2427 0
2427 48
2427 0
2427 32
2427 0
2427 0
2427 212
2427 0
2427 2
2427 13
2427 0
2427 0
2427 0
2620 0
2620 0
2620 0
2620 0
2620 0
2620 0
2620 0
2620 0
2620 0
2620 0
2620 41
2620 0
2620 0
2620 0
2620 0
2620 0
2620 0
2620 0
2620 0
2620 13
2620 0
2620 8
2620 0
2620 0
2620 55
2620 0
2620 0
2620 5
2620 0
2620 0
2620 0
2678 0
2678 0
2678 0
2678 0
2678 0
2678 0
2678 0
2678 0
2678 0
2678 0
2678 47
2678 0
2678 0
2678 0
2678 0
2678 0
2678 0
2678 0
2678 0
2678 40
2678 0
2678 41
2678 0
2678 0
2678 165
2678 0
2678 1
2678 15
2678 0
2678 0
2678 0
2690 0
2690 0
2690 0
2690 0
2690 0
2690 0
2690 0
2690 0
2690 0
2690 0
2690 28
2690 0
2690 0
2690 0
2690 0
2690 0
2690 0
2690 0
2690 0
2690 14
2690 0
2690 9
2690 0
2690 0
2690 49
2690 0
2690 0
2690 3
2690 0
2690 0
2690 0
2996 0
2996 0
2996 0
2996 0
2996 0
2996 0
2996 0
2996 0
2996 0
2996 0
2996 11
2996 0
2996 0
2996 0
2996 0
2996 0
2996 0
2996 0
2996 0
2996 18
2996 0
2996 50
2996 0
2996 0
2996 25
2996 0
2996 0
2996 7
2996 0
2996 0
2996 0
3154 0
3154 0
3154 0
3154 0
3154 0
3154 0
3154 0
3154 0
3154 0
3154 0
3154 20
3154 0
3154 0
3154 0
3154 0
3154 0
3154 0
3154 0
3154 0
3154 23
3154 0
3154 64
3154 0
3154 0
3154 30
3154 0
3154 0
3154 7
3154 0
3154 0
3154 0
3213 0
3213 0
3213 0
3213 0
3213 0
3213 0
3213 0
3213 0
3213 0
3213 0
3213 11
3213 0
3213 0
3213 0
3213 0
3213 0
3213 0
3213 0
3213 0
3213 18
3213 0
3213 50
3213 0
3213 0
3213 25
3213 0
3213 0
3213 7
3213 0
3213 0
3213 0
3236 0
3236 0
3236 0
3236 0
3236 0
3236 0
3236 0
3236 0
3236 0
3236 0
3236 11
3236 0
3236 0
3236 0
3236 0
3236 0
3236 0
3236 0
3236 0
3236 18
3236 0
3236 50
3236 0
3236 0
3236 25
3236 0
3236 0
3236 7
3236 0
3236 0
3236 0
3237 0
3237 0
3237 0
3237 0
3237 0
3237 0
3237 0
3237 0
3237 0
3237 0
3237 18
3237 0
3237 0
3237 0
3237 0
3237 0
3237 0
3237 0
3237 0
3237 22
3237 0
3237 61
3237 0
3237 0
3237 29
3237 0
3237 0
3237 7
3237 0
3237 0
3237 0
3405 0
3405 0
3405 0
3405 0
3405 0
3405 0
3405 0
3405 0
3405 0
3405 0
3405 11
3405 0
3405 0
3405 0
3405 0
3405 0
3405 0
3405 0
3405 0
3405 18
3405 0
3405 50
3405 0
3405 0
3405 25
3405 0
3405 0
3405 7
3405 0
3405 0
3405 0
3446 0
3446 0
3446 0
3446 0
3446 0
3446 0
3446 0
3446 0
3446 0
3446 0
3446 24
3446 0
3446 0
3446 0
3446 0
3446 0
3446 0
3446 0
3446 0
3446 25
3446 0
3446 72
3446 0
3446 0
3446 33
3446 0
3446 0
3446 7
3446 0
3446 0
3446 0
3516 0
3516 0
3516 0
3516 0
3516 0
3516 0
3516 0
3516 0
3516 0
3516 0
3516 11
3516 0
3516 0
3516 0
3516 0
3516 0
3516 0
3516 0
3516 0
3516 18
3516 0
3516 50
3516 0
3516 0
3516 25
3516 0
3516 0
3516 7
3516 0
3516 0
3516 0
