pt_graph LE_MET_level6
991 8
1186 8
1064 8
1022 8
1033 8
1113 8
975 8
938 8
986 8
995 8
1123 8
1054 8
1075 8
924 8
909 8
955 8
965 8
1023 8
925 8
1005 8
1370 8
1063 8
994 8
1004 8
1119 8
1059 8
918 8
964 8
1006 8
1030 8
1124 8
1333 8
985 8
950 8
910 8
977 8
1021 8
1012 8
1072 8
1032 8
1115 8
979 8
1042 8
956 8
946 8
1823 8
1608 8
1540 8
1066 8
999 8
941 8
954 8
1029 8
1013 8
1074 8
1748 8
1153 8
10935 8
10940 8
10938 8
10902 8
10899 8
10959 8
10993 8
10962 8
10929 8
10893 8
10897 8
10909 8
10883 8
10918 8
10953 8
10913 8
10880 8
10901 8
10942 8
10930 8
10914 8
10878 8
10988 8
8379 8
