pt_graph scale
872 0
872 0
872 0
872 0
872 0
872 0
872 0
872 0
872 0
872 0
872 93
872 0
872 0
872 0
872 0
872 0
872 0
872 0
872 0
872 1
872 0
872 0
872 0
872 0
872 504
872 0
872 0
872 0
872 0
872 0
872 0
910 0
910 0
910 0
910 0
910 0
910 0
910 0
910 0
910 0
910 0
910 1
910 0
910 0
910 0
910 0
910 0
910 0
910 0
910 0
910 1
910 0
910 0
910 0
910 0
910 115
910 0
910 0
910 0
910 0
910 0
910 0
918 0
918 0
918 0
918 0
918 0
918 0
918 0
918 0
918 0
918 0
918 93
918 0
918 0
918 0
918 0
918 0
918 0
918 0
918 0
918 1
918 0
918 0
918 0
918 0
918 504
918 0
918 0
918 0
918 0
918 0
918 0
938 0
938 0
938 0
938 0
938 0
938 0
938 0
938 0
938 0
938 0
938 0
938 0
938 0
938 0
938 0
938 0
938 0
938 0
938 0
938 34
938 0
938 0
938 0
938 0
938 321
938 0
938 0
938 0
938 0
938 0
938 0
975 0
975 0
975 0
975 0
975 0
975 0
975 0
975 0
975 0
975 0
975 97
975 0
975 0
975 0
975 0
975 0
975 0
975 0
975 0
975 102
975 0
975 0
975 0
975 0
975 537
975 0
975 0
975 0
975 0
975 0
975 0
977 0
977 0
977 0
977 0
977 0
977 0
977 0
977 0
977 0
977 0
977 97
977 0
977 0
977 0
977 0
977 0
977 0
977 0
977 0
977 102
977 0
977 0
977 0
977 0
977 537
977 0
977 0
977 0
977 0
977 0
977 0
979 0
979 0
979 0
979 0
979 0
979 0
979 0
979 0
979 0
979 0
979 28
979 0
979 0
979 0
979 0
979 0
979 0
979 0
979 0
979 35
979 0
979 0
979 0
979 0
979 508
979 0
979 0
979 0
979 0
979 0
979 0
985 0
985 0
985 0
985 0
985 0
985 0
985 0
985 0
985 0
985 0
985 136
985 0
985 0
985 0
985 0
985 0
985 0
985 0
985 0
985 123
985 0
985 0
985 0
985 0
985 929
985 0
985 0
985 0
985 0
985 0
985 0
995 0
995 0
995 0
995 0
995 0
995 0
995 0
995 0
995 0
995 0
995 136
995 0
995 0
995 0
995 0
995 0
995 0
995 0
995 0
995 123
995 0
995 0
995 0
995 0
995 929
995 0
995 0
995 0
995 0
995 0
995 0
1004 0
1004 0
1004 0
1004 0
1004 0
1004 0
1004 0
1004 0
1004 0
1004 0
1004 1
1004 0
1004 0
1004 0
1004 0
1004 0
1004 0
1004 0
1004 0
1004 1
1004 0
1004 0
1004 0
1004 0
1004 115
1004 0
1004 0
1004 0
1004 0
1004 0
1004 0
1005 0
1005 0
1005 0
1005 0
1005 0
1005 0
1005 0
1005 0
1005 0
1005 0
1005 76
1005 0
1005 0
1005 0
1005 0
1005 0
1005 0
1005 0
1005 0
1005 97
1005 0
1005 0
1005 0
1005 0
1005 862
1005 0
1005 0
1005 0
1005 0
1005 0
1005 0
1015 0
1015 0
1015 0
1015 0
1015 0
1015 0
1015 0
1015 0
1015 0
1015 0
1015 42
1015 0
1015 0
1015 0
1015 0
1015 0
1015 0
1015 0
1015 0
1015 73
1015 0
1015 1
1015 0
1015 0
1015 935
1015 0
1015 0
1015 0
1015 0
1015 0
1015 0
1021 0
1021 0
1021 0
1021 0
1021 0
1021 0
1021 0
1021 0
1021 0
1021 0
1021 136
1021 0
1021 0
1021 0
1021 0
1021 0
1021 0
1021 0
1021 0
1021 177
1021 0
1021 0
1021 0
1021 0
1021 1264
1021 0
1021 0
1021 0
1021 0
1021 0
1021 0
1022 0
1022 0
1022 0
1022 0
1022 0
1022 0
1022 0
1022 0
1022 0
1022 0
1022 19
1022 0
1022 0
1022 0
1022 0
1022 0
1022 0
1022 0
1022 0
1022 1
1022 0
1022 0
1022 0
1022 0
1022 397
1022 0
1022 0
1022 0
1022 0
1022 0
1022 0
1025 0
1025 0
1025 0
1025 0
1025 0
1025 0
1025 0
1025 0
1025 0
1025 0
1025 54
1025 0
1025 0
1025 0
1025 0
1025 0
1025 0
1025 0
1025 0
1025 57
1025 0
1025 0
1025 0
1025 0
1025 472
1025 0
1025 0
1025 0
1025 0
1025 0
1025 0
1042 0
1042 0
1042 0
1042 0
1042 0
1042 0
1042 0
1042 0
1042 0
1042 0
1042 19
1042 0
1042 0
1042 0
1042 0
1042 0
1042 0
1042 0
1042 0
1042 1
1042 0
1042 0
1042 0
1042 0
1042 397
1042 0
1042 0
1042 0
1042 0
1042 0
1042 0
1045 0
1045 0
1045 0
1045 0
1045 0
1045 0
1045 0
1045 0
1045 0
1045 0
1045 90
1045 0
1045 0
1045 0
1045 0
1045 0
1045 0
1045 0
1045 0
1045 1
1045 0
1045 0
1045 0
1045 0
1045 488
1045 0
1045 0
1045 0
1045 0
1045 0
1045 0
1054 0
1054 0
1054 0
1054 0
1054 0
1054 0
1054 0
1054 0
1054 0
1054 0
1054 25
1054 0
1054 0
1054 0
1054 0
1054 0
1054 0
1054 0
1054 0
1054 34
1054 0
1054 0
1054 0
1054 0
1054 347
1054 0
1054 0
1054 0
1054 0
1054 0
1054 0
1074 0
1074 0
1074 0
1074 0
1074 0
1074 0
1074 0
1074 0
1074 0
1074 0
1074 19
1074 0
1074 0
1074 0
1074 0
1074 0
1074 0
1074 0
1074 0
1074 1
1074 0
1074 0
1074 0
1074 0
1074 397
1074 0
1074 0
1074 0
1074 0
1074 0
1074 0
1075 0
1075 0
1075 0
1075 0
1075 0
1075 0
1075 0
1075 0
1075 0
1075 0
1075 6
1075 0
1075 0
1075 0
1075 0
1075 0
1075 0
1075 0
1075 0
1075 6
1075 0
1075 1
1075 0
1075 0
1075 1624
1075 0
1075 0
1075 1
1075 0
1075 0
1075 0
2653 0
2653 0
2653 0
2653 0
2653 0
2653 0
2653 0
2653 0
2653 0
2653 0
2653 0
2653 0
2653 0
2653 0
2653 0
2653 0
2653 0
2653 0
2653 0
2653 0
2653 0
2653 0
2653 0
2653 0
2653 25
2653 0
2653 0
2653 0
2653 0
2653 0
2653 0
2775 0
2775 0
2775 0
2775 0
2775 0
2775 0
2775 0
2775 0
2775 0
2775 0
2775 0
2775 0
2775 0
2775 0
2775 0
2775 0
2775 0
2775 0
2775 0
2775 1
2775 0
2775 0
2775 0
2775 0
2775 149
2775 0
2775 3
2775 0
2775 0
2775 0
2775 0
2777 0
2777 0
2777 0
2777 0
2777 0
2777 0
2777 0
2777 0
2777 0
2777 0
2777 0
2777 0
2777 0
2777 0
2777 0
2777 0
2777 0
2777 0
2777 0
2777 0
2777 0
2777 0
2777 0
2777 0
2777 25
2777 0
2777 0
2777 0
2777 0
2777 0
2777 0
2789 0
2789 0
2789 0
2789 0
2789 0
2789 0
2789 0
2789 0
2789 0
2789 0
2789 0
2789 0
2789 0
2789 0
2789 0
2789 0
2789 0
2789 0
2789 0
2789 0
2789 0
2789 0
2789 0
2789 0
2789 75
2789 0
2789 0
2789 0
2789 0
2789 0
2789 0
2844 0
2844 0
2844 0
2844 0
2844 0
2844 0
2844 0
2844 0
2844 0
2844 0
2844 0
2844 0
2844 0
2844 0
2844 0
2844 0
2844 0
2844 0
2844 0
2844 1
2844 0
2844 0
2844 0
2844 0
2844 255
2844 0
2844 3
2844 0
2844 0
2844 0
2844 0
2904 0
2904 0
2904 0
2904 0
2904 0
2904 0
2904 0
2904 0
2904 0
2904 0
2904 0
2904 0
2904 0
2904 0
2904 0
2904 0
2904 0
2904 0
2904 0
2904 0
2904 0
2904 0
2904 0
2904 0
2904 25
2904 0
2904 0
2904 0
2904 0
2904 0
2904 0
2992 0
2992 0
2992 0
2992 0
2992 0
2992 0
2992 0
2992 0
2992 0
2992 0
2992 0
2992 0
2992 0
2992 0
2992 0
2992 0
2992 0
2992 0
2992 0
2992 0
2992 0
2992 0
2992 0
2992 0
2992 213
2992 0
2992 2
2992 0
2992 0
2992 0
2992 0
4941 0
4941 27
4941 0
4941 0
4941 0
4941 0
4941 0
4941 0
4941 0
4941 0
4941 0
4941 0
4941 0
4941 0
4941 0
4941 0
4941 0
4941 0
4941 0
4941 0
4941 0
4941 0
4941 0
4941 0
4941 0
4941 1
4941 0
4941 0
4941 0
4941 0
4941 0
4993 0
4993 27
4993 0
4993 0
4993 0
4993 0
4993 0
4993 0
4993 0
4993 0
4993 0
4993 0
4993 0
4993 0
4993 0
4993 0
4993 0
4993 0
4993 0
4993 0
4993 0
4993 0
4993 0
4993 0
4993 0
4993 1
4993 0
4993 0
4993 0
4993 0
4993 0
5057 0
5057 198
5057 0
5057 0
5057 0
5057 0
5057 0
5057 0
5057 0
5057 0
5057 0
5057 0
5057 0
5057 0
5057 0
5057 0
5057 0
5057 0
5057 0
5057 0
5057 0
5057 0
5057 0
5057 27
5057 0
5057 68
5057 0
5057 0
5057 0
5057 0
5057 0
5077 0
5077 27
5077 0
5077 0
5077 0
5077 0
5077 0
5077 0
5077 0
5077 0
5077 0
5077 0
5077 0
5077 0
5077 0
5077 0
5077 0
5077 0
5077 0
5077 0
5077 0
5077 0
5077 0
5077 0
5077 0
5077 1
5077 0
5077 0
5077 0
5077 0
5077 0
5150 0
5150 58
5150 0
5150 0
5150 0
5150 0
5150 0
5150 0
5150 0
5150 0
5150 0
5150 0
5150 0
5150 0
5150 0
5150 0
5150 0
5150 0
5150 0
5150 0
5150 0
5150 0
5150 0
5150 0
5150 0
5150 0
5150 0
5150 0
5150 0
5150 0
5150 0
5346 0
5346 58
5346 0
5346 0
5346 0
5346 0
5346 0
5346 0
5346 0
5346 0
5346 0
5346 0
5346 0
5346 0
5346 0
5346 0
5346 0
5346 0
5346 0
5346 0
5346 0
5346 0
5346 0
5346 0
5346 0
5346 0
5346 0
5346 0
5346 0
5346 0
5346 0
5416 0
5416 58
5416 0
5416 0
5416 0
5416 0
5416 0
5416 0
5416 0
5416 0
5416 0
5416 0
5416 0
5416 0
5416 0
5416 0
5416 0
5416 0
5416 0
5416 0
5416 0
5416 0
5416 0
5416 0
5416 0
5416 0
5416 0
5416 0
5416 0
5416 0
5416 0
5472 0
5472 40
5472 0
5472 0
5472 0
5472 0
5472 0
5472 0
5472 0
5472 0
5472 0
5472 0
5472 0
5472 0
5472 0
5472 0
5472 0
5472 0
5472 0
5472 0
5472 0
5472 0
5472 0
5472 0
5472 0
5472 0
5472 0
5472 0
5472 0
5472 0
5472 0
5554 0
5554 40
5554 0
5554 0
5554 0
5554 0
5554 0
5554 0
5554 0
5554 0
5554 0
5554 0
5554 0
5554 0
5554 0
5554 0
5554 0
5554 0
5554 0
5554 0
5554 0
5554 0
5554 0
5554 0
5554 0
5554 0
5554 0
5554 0
5554 0
5554 0
5554 0
5557 0
5557 18
5557 0
5557 0
5557 0
5557 0
5557 0
5557 0
5557 0
5557 0
5557 0
5557 0
5557 0
5557 0
5557 0
5557 0
5557 0
5557 0
5557 0
5557 0
5557 0
5557 0
5557 0
5557 0
5557 0
5557 0
5557 0
5557 0
5557 0
5557 0
5557 0
5578 0
5578 58
5578 0
5578 0
5578 0
5578 0
5578 0
5578 0
5578 0
5578 0
5578 0
5578 0
5578 0
5578 0
5578 0
5578 0
5578 0
5578 0
5578 0
5578 0
5578 0
5578 0
5578 0
5578 0
5578 0
5578 0
5578 0
5578 0
5578 0
5578 0
5578 0
5608 0
5608 40
5608 0
5608 0
5608 0
5608 0
5608 0
5608 0
5608 0
5608 0
5608 0
5608 0
5608 0
5608 0
5608 0
5608 0
5608 0
5608 0
5608 0
5608 0
5608 0
5608 0
5608 0
5608 0
5608 0
5608 0
5608 0
5608 0
5608 0
5608 0
5608 0
5650 0
5650 18
5650 0
5650 0
5650 0
5650 0
5650 0
5650 0
5650 0
5650 0
5650 0
5650 0
5650 0
5650 0
5650 0
5650 0
5650 0
5650 0
5650 0
5650 0
5650 0
5650 0
5650 0
5650 0
5650 0
5650 0
5650 0
5650 0
5650 0
5650 0
5650 0
5781 0
5781 58
5781 0
5781 0
5781 0
5781 0
5781 0
5781 0
5781 0
5781 0
5781 0
5781 0
5781 0
5781 0
5781 0
5781 0
5781 0
5781 0
5781 0
5781 0
5781 0
5781 0
5781 0
5781 0
5781 0
5781 0
5781 0
5781 0
5781 0
5781 0
5781 0
5834 0
5834 64
5834 0
5834 0
5834 0
5834 0
5834 0
5834 0
5834 0
5834 0
5834 0
5834 0
5834 0
5834 0
5834 0
5834 0
5834 0
5834 0
5834 0
5834 0
5834 0
5834 0
5834 0
5834 0
5834 0
5834 8
5834 0
5834 0
5834 0
5834 0
5834 0
5842 0
5842 66
5842 0
5842 0
5842 0
5842 0
5842 0
5842 0
5842 0
5842 0
5842 0
5842 0
5842 0
5842 0
5842 0
5842 0
5842 0
5842 0
5842 0
5842 0
5842 0
5842 0
5842 0
5842 0
5842 0
5842 0
5842 0
5842 0
5842 0
5842 0
5842 0
5905 0
5905 70
5905 0
5905 0
5905 0
5905 0
5905 0
5905 0
5905 0
5905 0
5905 0
5905 0
5905 0
5905 0
5905 0
5905 0
5905 0
5905 0
5905 0
5905 0
5905 0
5905 0
5905 0
5905 0
5905 0
5905 0
5905 0
5905 0
5905 0
5905 0
5905 0
5924 0
5924 18
5924 0
5924 0
5924 0
5924 0
5924 0
5924 0
5924 0
5924 0
5924 0
5924 0
5924 0
5924 0
5924 0
5924 0
5924 0
5924 0
5924 0
5924 0
5924 0
5924 0
5924 0
5924 0
5924 0
5924 0
5924 0
5924 0
5924 0
5924 0
5924 0
5953 0
5953 64
5953 0
5953 0
5953 0
5953 0
5953 0
5953 0
5953 0
5953 0
5953 0
5953 0
5953 0
5953 0
5953 0
5953 0
5953 0
5953 0
5953 0
5953 0
5953 0
5953 0
5953 0
5953 0
5953 0
5953 8
5953 0
5953 0
5953 0
5953 0
5953 0
5985 0
5985 176
5985 0
5985 0
5985 0
5985 0
5985 0
5985 0
5985 0
5985 0
5985 0
5985 0
5985 0
5985 0
5985 0
5985 0
5985 0
5985 0
5985 0
5985 0
5985 0
5985 0
5985 0
5985 0
5985 0
5985 0
5985 0
5985 0
5985 0
5985 0
5985 0
6018 0
6018 90
6018 0
6018 0
6018 0
6018 0
6018 0
6018 0
6018 0
6018 0
6018 0
6018 0
6018 0
6018 0
6018 0
6018 0
6018 0
6018 0
6018 0
6018 0
6018 0
6018 0
6018 0
6018 0
6018 0
6018 3
6018 0
6018 0
6018 0
6018 0
6018 0
6035 0
6035 70
6035 0
6035 0
6035 0
6035 0
6035 0
6035 0
6035 0
6035 0
6035 0
6035 0
6035 0
6035 0
6035 0
6035 0
6035 0
6035 0
6035 0
6035 0
6035 0
6035 0
6035 0
6035 0
6035 0
6035 0
6035 0
6035 0
6035 0
6035 0
6035 0
6042 0
6042 0
6042 0
6042 0
6042 0
6042 0
6042 0
6042 0
6042 0
6042 0
6042 0
6042 0
6042 0
6042 0
6042 0
6042 0
6042 0
6042 0
6042 0
6042 0
6042 0
6042 0
6042 0
6042 0
6042 0
6042 0
6042 0
6042 0
6042 0
6042 0
6042 0
6076 0
6076 1
6076 0
6076 0
6076 0
6076 0
6076 0
6076 0
6076 0
6076 0
6076 0
6076 0
6076 0
6076 0
6076 0
6076 0
6076 0
6076 0
6076 0
6076 0
6076 0
6076 0
6076 0
6076 0
6076 0
6076 0
6076 0
6076 0
6076 0
6076 0
6076 0
6100 0
6100 1
6100 0
6100 0
6100 0
6100 0
6100 0
6100 0
6100 0
6100 0
6100 0
6100 0
6100 0
6100 0
6100 0
6100 0
6100 0
6100 0
6100 0
6100 0
6100 0
6100 0
6100 0
6100 0
6100 0
6100 0
6100 0
6100 0
6100 0
6100 0
6100 0
6106 0
6106 1
6106 0
6106 0
6106 0
6106 0
6106 0
6106 0
6106 0
6106 0
6106 0
6106 0
6106 0
6106 0
6106 0
6106 0
6106 0
6106 0
6106 0
6106 0
6106 0
6106 0
6106 0
6106 0
6106 0
6106 0
6106 0
6106 0
6106 0
6106 0
6106 0
6113 0
6113 0
6113 0
6113 0
6113 0
6113 0
6113 0
6113 0
6113 0
6113 0
6113 0
6113 0
6113 0
6113 0
6113 0
6113 0
6113 0
6113 0
6113 0
6113 0
6113 0
6113 0
6113 0
6113 0
6113 0
6113 0
6113 0
6113 0
6113 0
6113 0
6113 0
6170 0
6170 0
6170 0
6170 0
6170 0
6170 0
6170 0
6170 0
6170 0
6170 0
6170 0
6170 0
6170 0
6170 0
6170 0
6170 0
6170 0
6170 0
6170 0
6170 0
6170 0
6170 0
6170 0
6170 0
6170 0
6170 0
6170 0
6170 0
6170 0
6170 0
6170 0
6238 0
6238 1
6238 0
6238 0
6238 0
6238 0
6238 0
6238 0
6238 0
6238 0
6238 0
6238 0
6238 0
6238 0
6238 0
6238 0
6238 0
6238 0
6238 0
6238 0
6238 0
6238 0
6238 0
6238 0
6238 0
6238 1
6238 0
6238 0
6238 0
6238 0
6238 0
6270 0
6270 1
6270 0
6270 0
6270 0
6270 0
6270 0
6270 0
6270 0
6270 0
6270 0
6270 0
6270 0
6270 0
6270 0
6270 0
6270 0
6270 0
6270 0
6270 0
6270 0
6270 0
6270 0
6270 0
6270 0
6270 0
6270 0
6270 0
6270 0
6270 0
6270 0
6283 0
6283 1
6283 0
6283 0
6283 0
6283 0
6283 0
6283 0
6283 0
6283 0
6283 0
6283 0
6283 0
6283 0
6283 0
6283 0
6283 0
6283 0
6283 0
6283 0
6283 0
6283 0
6283 0
6283 0
6283 0
6283 0
6283 0
6283 0
6283 0
6283 0
6283 0
6298 0
6298 0
6298 0
6298 0
6298 0
6298 0
6298 0
6298 0
6298 0
6298 0
6298 0
6298 0
6298 0
6298 0
6298 0
6298 0
6298 0
6298 0
6298 0
6298 0
6298 0
6298 0
6298 0
6298 0
6298 0
6298 0
6298 0
6298 0
6298 0
6298 0
6298 0
6310 0
6310 1
6310 0
6310 0
6310 0
6310 0
6310 0
6310 0
6310 0
6310 0
6310 0
6310 0
6310 0
6310 0
6310 0
6310 0
6310 0
6310 0
6310 0
6310 0
6310 0
6310 0
6310 0
6310 0
6310 0
6310 0
6310 0
6310 0
6310 0
6310 0
6310 0
6350 0
6350 1
6350 0
6350 0
6350 0
6350 0
6350 0
6350 0
6350 0
6350 0
6350 0
6350 0
6350 0
6350 0
6350 0
6350 0
6350 0
6350 0
6350 0
6350 0
6350 0
6350 0
6350 0
6350 0
6350 0
6350 0
6350 0
6350 0
6350 0
6350 0
6350 0
6354 0
6354 1
6354 0
6354 0
6354 0
6354 0
6354 0
6354 0
6354 0
6354 0
6354 0
6354 0
6354 0
6354 0
6354 0
6354 0
6354 0
6354 0
6354 0
6354 0
6354 0
6354 0
6354 0
6354 0
6354 0
6354 0
6354 0
6354 0
6354 0
6354 0
6354 0
6362 0
6362 1
6362 0
6362 0
6362 0
6362 0
6362 0
6362 0
6362 0
6362 0
6362 0
6362 0
6362 0
6362 0
6362 0
6362 0
6362 0
6362 0
6362 0
6362 0
6362 0
6362 0
6362 0
6362 0
6362 0
6362 1
6362 0
6362 0
6362 0
6362 0
6362 0
6365 0
6365 1
6365 0
6365 0
6365 0
6365 0
6365 0
6365 0
6365 0
6365 0
6365 0
6365 0
6365 0
6365 0
6365 0
6365 0
6365 0
6365 0
6365 0
6365 0
6365 0
6365 0
6365 0
6365 1
6365 0
6365 0
6365 0
6365 0
6365 0
6365 0
6365 0
6382 0
6382 28
6382 0
6382 0
6382 0
6382 0
6382 0
6382 0
6382 0
6382 0
6382 0
6382 0
6382 0
6382 0
6382 0
6382 0
6382 0
6382 0
6382 0
6382 0
6382 0
6382 0
6382 0
6382 3
6382 0
6382 0
6382 0
6382 0
6382 0
6382 0
6382 0
6387 0
6387 1
6387 0
6387 0
6387 0
6387 0
6387 0
6387 0
6387 0
6387 0
6387 0
6387 0
6387 0
6387 0
6387 0
6387 0
6387 0
6387 0
6387 0
6387 0
6387 0
6387 0
6387 0
6387 1
6387 0
6387 0
6387 0
6387 0
6387 0
6387 0
6387 0
6391 0
6391 1
6391 0
6391 0
6391 0
6391 0
6391 0
6391 0
6391 0
6391 0
6391 0
6391 0
6391 0
6391 0
6391 0
6391 0
6391 0
6391 0
6391 0
6391 0
6391 0
6391 0
6391 0
6391 0
6391 0
6391 0
6391 0
6391 0
6391 0
6391 0
6391 0
6392 0
6392 1
6392 0
6392 0
6392 0
6392 0
6392 0
6392 0
6392 0
6392 0
6392 0
6392 0
6392 0
6392 0
6392 0
6392 0
6392 0
6392 0
6392 0
6392 0
6392 0
6392 0
6392 0
6392 1
6392 0
6392 1
6392 0
6392 0
6392 0
6392 0
6392 0
6398 0
6398 1
6398 0
6398 0
6398 0
6398 0
6398 0
6398 0
6398 0
6398 1
6398 0
6398 0
6398 0
6398 0
6398 0
6398 0
6398 0
6398 0
6398 0
6398 0
6398 0
6398 0
6398 0
6398 3
6398 0
6398 0
6398 0
6398 0
6398 0
6398 0
6398 0
6404 0
6404 1
6404 0
6404 0
6404 0
6404 0
6404 0
6404 0
6404 0
6404 0
6404 0
6404 0
6404 0
6404 0
6404 0
6404 0
6404 0
6404 0
6404 0
6404 0
6404 0
6404 0
6404 0
6404 1
6404 0
6404 0
6404 0
6404 0
6404 0
6404 0
6404 0
6437 0
6437 0
6437 0
6437 0
6437 0
6437 0
6437 0
6437 0
6437 0
6437 0
6437 0
6437 0
6437 0
6437 0
6437 0
6437 0
6437 0
6437 0
6437 0
6437 0
6437 0
6437 0
6437 0
6437 0
6437 0
6437 0
6437 0
6437 0
6437 0
6437 0
6437 0
6447 0
6447 3
6447 0
6447 0
6447 0
6447 0
6447 0
6447 0
6447 0
6447 0
6447 0
6447 0
6447 0
6447 0
6447 0
6447 0
6447 0
6447 0
6447 0
6447 0
6447 0
6447 0
6447 0
6447 25
6447 0
6447 1
6447 0
6447 0
6447 0
6447 0
6447 0
6457 0
6457 2
6457 0
6457 0
6457 0
6457 0
6457 0
6457 0
6457 0
6457 1
6457 0
6457 0
6457 0
6457 0
6457 0
6457 0
6457 0
6457 0
6457 0
6457 0
6457 0
6457 0
6457 0
6457 4
6457 0
6457 0
6457 0
6457 0
6457 0
6457 0
6457 0
6459 0
6459 1
6459 0
6459 0
6459 0
6459 0
6459 0
6459 0
6459 0
6459 5
6459 0
6459 0
6459 0
6459 0
6459 0
6459 0
6459 0
6459 0
6459 0
6459 0
6459 0
6459 0
6459 0
6459 4
6459 0
6459 2
6459 0
6459 0
6459 0
6459 0
6459 0
6468 0
6468 2
6468 0
6468 0
6468 0
6468 0
6468 0
6468 0
6468 0
6468 1
6468 0
6468 0
6468 0
6468 0
6468 0
6468 0
6468 0
6468 0
6468 0
6468 0
6468 0
6468 0
6468 0
6468 5
6468 0
6468 0
6468 0
6468 0
6468 0
6468 0
6468 0
6500 0
6500 1
6500 0
6500 0
6500 0
6500 0
6500 0
6500 0
6500 0
6500 0
6500 0
6500 0
6500 0
6500 0
6500 0
6500 0
6500 0
6500 0
6500 0
6500 0
6500 0
6500 0
6500 0
6500 0
6500 0
6500 0
6500 0
6500 0
6500 0
6500 0
6500 0
6501 0
6501 1
6501 0
6501 0
6501 0
6501 0
6501 0
6501 0
6501 0
6501 0
6501 0
6501 0
6501 0
6501 0
6501 0
6501 0
6501 0
6501 0
6501 0
6501 0
6501 0
6501 0
6501 0
6501 1
6501 0
6501 0
6501 0
6501 0
6501 0
6501 0
6501 0
6503 0
6503 3
6503 0
6503 0
6503 0
6503 0
6503 0
6503 0
6503 0
6503 5
6503 0
6503 0
6503 0
6503 0
6503 0
6503 0
6503 0
6503 0
6503 0
6503 0
6503 0
6503 0
6503 0
6503 11
6503 0
6503 0
6503 0
6503 0
6503 0
6503 0
6503 0
6540 0
6540 1
6540 0
6540 0
6540 0
6540 0
6540 0
6540 0
6540 0
6540 0
6540 0
6540 0
6540 0
6540 0
6540 0
6540 0
6540 0
6540 0
6540 0
6540 0
6540 0
6540 0
6540 0
6540 0
6540 0
6540 2
6540 0
6540 0
6540 0
6540 0
6540 0
6545 0
6545 3
6545 0
6545 0
6545 0
6545 0
6545 0
6545 0
6545 0
6545 6
6545 0
6545 0
6545 0
6545 0
6545 0
6545 0
6545 0
6545 0
6545 0
6545 0
6545 0
6545 0
6545 0
6545 8
6545 0
6545 0
6545 0
6545 0
6545 0
6545 0
6545 0
6553 0
6553 1
6553 0
6553 0
6553 0
6553 0
6553 0
6553 0
6553 0
6553 0
6553 0
6553 0
6553 0
6553 0
6553 0
6553 0
6553 0
6553 0
6553 0
6553 0
6553 0
6553 0
6553 0
6553 1
6553 0
6553 0
6553 0
6553 0
6553 0
6553 0
6553 0
6631 0
6631 3
6631 0
6631 0
6631 0
6631 0
6631 0
6631 0
6631 0
6631 4
6631 0
6631 0
6631 0
6631 0
6631 0
6631 0
6631 0
6631 0
6631 0
6631 0
6631 0
6631 0
6631 0
6631 13
6631 0
6631 1
6631 0
6631 0
6631 0
6631 0
6631 0
6632 0
6632 0
6632 0
6632 0
6632 0
6632 0
6632 0
6632 0
6632 0
6632 0
6632 0
6632 0
6632 0
6632 0
6632 0
6632 0
6632 0
6632 0
6632 0
6632 0
6632 0
6632 0
6632 0
6632 0
6632 0
6632 0
6632 0
6632 0
6632 0
6632 0
6632 0
6636 0
6636 1
6636 0
6636 0
6636 0
6636 0
6636 0
6636 0
6636 0
6636 1
6636 0
6636 0
6636 0
6636 0
6636 0
6636 0
6636 0
6636 0
6636 0
6636 0
6636 0
6636 0
6636 0
6636 1
6636 0
6636 0
6636 0
6636 0
6636 0
6636 0
6636 0
6653 0
6653 0
6653 0
6653 0
6653 0
6653 0
6653 0
6653 0
6653 0
6653 0
6653 0
6653 0
6653 0
6653 0
6653 0
6653 0
6653 0
6653 0
6653 0
6653 0
6653 0
6653 0
6653 0
6653 0
6653 0
6653 0
6653 0
6653 0
6653 0
6653 0
6653 0
6681 0
6681 0
6681 0
6681 0
6681 0
6681 0
6681 0
6681 0
6681 0
6681 0
6681 0
6681 0
6681 0
6681 0
6681 0
6681 0
6681 0
6681 0
6681 0
6681 0
6681 0
6681 0
6681 0
6681 0
6681 0
6681 0
6681 0
6681 0
6681 0
6681 0
6681 0
6707 0
6707 0
6707 0
6707 0
6707 0
6707 0
6707 0
6707 0
6707 0
6707 0
6707 0
6707 0
6707 0
6707 0
6707 0
6707 0
6707 0
6707 0
6707 0
6707 0
6707 0
6707 0
6707 0
6707 0
6707 0
6707 0
6707 0
6707 0
6707 0
6707 0
6707 0
6709 0
6709 3
6709 0
6709 0
6709 0
6709 0
6709 0
6709 0
6709 0
6709 6
6709 0
6709 0
6709 0
6709 0
6709 0
6709 0
6709 0
6709 0
6709 0
6709 0
6709 0
6709 0
6709 0
6709 28
6709 0
6709 1
6709 0
6709 0
6709 0
6709 0
6709 0
6727 0
6727 1
6727 0
6727 0
6727 0
6727 0
6727 0
6727 0
6727 0
6727 0
6727 0
6727 0
6727 0
6727 0
6727 0
6727 0
6727 0
6727 0
6727 0
6727 0
6727 0
6727 0
6727 0
6727 0
6727 0
6727 0
6727 0
6727 0
6727 0
6727 0
6727 0
6734 0
6734 0
6734 0
6734 0
6734 0
6734 0
6734 0
6734 0
6734 0
6734 0
6734 0
6734 0
6734 0
6734 0
6734 0
6734 0
6734 0
6734 0
6734 0
6734 0
6734 0
6734 0
6734 0
6734 0
6734 0
6734 0
6734 0
6734 0
6734 0
6734 0
6734 0
6756 0
6756 1
6756 0
6756 0
6756 0
6756 0
6756 0
6756 0
6756 0
6756 0
6756 0
6756 0
6756 0
6756 0
6756 0
6756 0
6756 0
6756 0
6756 0
6756 0
6756 0
6756 0
6756 0
6756 0
6756 0
6756 0
6756 0
6756 0
6756 0
6756 0
6756 0
6766 0
6766 1
6766 0
6766 0
6766 0
6766 0
6766 0
6766 0
6766 0
6766 0
6766 0
6766 0
6766 0
6766 0
6766 0
6766 0
6766 0
6766 0
6766 0
6766 0
6766 0
6766 0
6766 0
6766 0
6766 0
6766 0
6766 0
6766 0
6766 0
6766 0
6766 0
6768 0
6768 0
6768 0
6768 0
6768 0
6768 0
6768 0
6768 0
6768 0
6768 0
6768 0
6768 0
6768 0
6768 0
6768 0
6768 0
6768 0
6768 0
6768 0
6768 0
6768 0
6768 0
6768 0
6768 0
6768 0
6768 0
6768 0
6768 0
6768 0
6768 0
6768 0
6781 0
6781 4
6781 0
6781 0
6781 0
6781 0
6781 0
6781 0
6781 0
6781 2
6781 0
6781 0
6781 0
6781 0
6781 0
6781 0
6781 0
6781 0
6781 0
6781 0
6781 0
6781 0
6781 0
6781 16
6781 0
6781 1
6781 0
6781 0
6781 0
6781 0
6781 0
6789 0
6789 67
6789 0
6789 0
6789 0
6789 0
6789 0
6789 0
6789 0
6789 0
6789 0
6789 0
6789 0
6789 0
6789 0
6789 0
6789 0
6789 0
6789 0
6789 0
6789 0
6789 0
6789 0
6789 1
6789 0
6789 0
6789 0
6789 0
6789 0
6789 0
6789 0
6794 0
6794 0
6794 0
6794 0
6794 0
6794 0
6794 0
6794 0
6794 0
6794 0
6794 0
6794 0
6794 0
6794 0
6794 0
6794 0
6794 0
6794 0
6794 0
6794 0
6794 0
6794 0
6794 0
6794 0
6794 0
6794 0
6794 0
6794 0
6794 0
6794 0
6794 0
6815 0
6815 1
6815 0
6815 0
6815 0
6815 0
6815 0
6815 0
6815 0
6815 0
6815 0
6815 0
6815 0
6815 0
6815 0
6815 0
6815 0
6815 0
6815 0
6815 0
6815 0
6815 0
6815 0
6815 0
6815 0
6815 0
6815 0
6815 0
6815 0
6815 0
6815 0
6816 0
6816 1
6816 0
6816 0
6816 0
6816 0
6816 0
6816 0
6816 0
6816 0
6816 0
6816 0
6816 0
6816 0
6816 0
6816 0
6816 0
6816 0
6816 0
6816 0
6816 0
6816 0
6816 0
6816 0
6816 0
6816 0
6816 0
6816 0
6816 0
6816 0
6816 0
6822 0
6822 1
6822 0
6822 0
6822 0
6822 0
6822 0
6822 0
6822 0
6822 0
6822 0
6822 0
6822 0
6822 0
6822 0
6822 0
6822 0
6822 0
6822 0
6822 0
6822 0
6822 0
6822 0
6822 0
6822 0
6822 0
6822 0
6822 0
6822 0
6822 0
6822 0
6843 0
6843 2
6843 0
6843 0
6843 0
6843 0
6843 0
6843 0
6843 0
6843 5
6843 0
6843 0
6843 0
6843 0
6843 0
6843 0
6843 0
6843 0
6843 0
6843 0
6843 0
6843 0
6843 0
6843 17
6843 0
6843 1
6843 0
6843 0
6843 0
6843 0
6843 0
6847 0
6847 1
6847 0
6847 0
6847 0
6847 0
6847 0
6847 0
6847 0
6847 0
6847 0
6847 0
6847 0
6847 0
6847 0
6847 0
6847 0
6847 0
6847 0
6847 0
6847 0
6847 0
6847 0
6847 0
6847 0
6847 0
6847 0
6847 0
6847 0
6847 0
6847 0
6856 0
6856 1
6856 0
6856 0
6856 0
6856 0
6856 0
6856 0
6856 0
6856 0
6856 0
6856 0
6856 0
6856 0
6856 0
6856 0
6856 0
6856 0
6856 0
6856 0
6856 0
6856 0
6856 0
6856 34
6856 0
6856 0
6856 0
6856 0
6856 0
6856 0
6856 0
6866 0
6866 36
6866 0
6866 0
6866 0
6866 0
6866 0
6866 0
6866 0
6866 1
6866 0
6866 0
6866 0
6866 0
6866 0
6866 0
6866 0
6866 0
6866 0
6866 0
6866 0
6866 0
6866 0
6866 7
6866 0
6866 7
6866 0
6866 0
6866 0
6866 0
6866 0
6871 0
6871 0
6871 0
6871 0
6871 0
6871 0
6871 0
6871 0
6871 0
6871 0
6871 0
6871 0
6871 0
6871 0
6871 0
6871 0
6871 0
6871 0
6871 0
6871 0
6871 0
6871 0
6871 0
6871 0
6871 0
6871 0
6871 0
6871 0
6871 0
6871 0
6871 0
6879 0
6879 0
6879 0
6879 0
6879 0
6879 0
6879 0
6879 0
6879 0
6879 0
6879 0
6879 0
6879 0
6879 0
6879 0
6879 0
6879 0
6879 0
6879 0
6879 0
6879 0
6879 0
6879 0
6879 0
6879 0
6879 0
6879 0
6879 0
6879 0
6879 0
6879 0
6886 0
6886 122
6886 0
6886 0
6886 0
6886 0
6886 0
6886 0
6886 0
6886 0
6886 0
6886 0
6886 0
6886 0
6886 0
6886 0
6886 0
6886 0
6886 0
6886 0
6886 0
6886 0
6886 0
6886 23
6886 0
6886 1
6886 0
6886 0
6886 0
6886 0
6886 0
6914 0
6914 0
6914 0
6914 0
6914 0
6914 0
6914 0
6914 0
6914 0
6914 0
6914 0
6914 0
6914 0
6914 0
6914 0
6914 0
6914 0
6914 0
6914 0
6914 0
6914 0
6914 0
6914 0
6914 0
6914 0
6914 0
6914 0
6914 0
6914 0
6914 0
6914 0
6917 0
6917 0
6917 0
6917 0
6917 0
6917 0
6917 0
6917 0
6917 0
6917 0
6917 0
6917 0
6917 0
6917 0
6917 0
6917 0
6917 0
6917 0
6917 0
6917 0
6917 0
6917 0
6917 0
6917 0
6917 0
6917 0
6917 0
6917 0
6917 0
6917 0
6917 0
6934 0
6934 19
6934 0
6934 0
6934 0
6934 0
6934 0
6934 0
6934 0
6934 4
6934 0
6934 0
6934 0
6934 0
6934 0
6934 0
6934 0
6934 0
6934 0
6934 0
6934 0
6934 0
6934 0
6934 15
6934 0
6934 1
6934 0
6934 0
6934 0
6934 0
6934 0
6942 0
6942 15
6942 0
6942 0
6942 0
6942 0
6942 0
6942 0
6942 0
6942 0
6942 0
6942 0
6942 0
6942 0
6942 0
6942 0
6942 0
6942 0
6942 0
6942 0
6942 0
6942 0
6942 0
6942 1
6942 0
6942 5
6942 0
6942 0
6942 0
6942 0
6942 0
6955 0
6955 3
6955 0
6955 0
6955 0
6955 0
6955 0
6955 0
6955 0
6955 0
6955 0
6955 0
6955 0
6955 0
6955 0
6955 0
6955 0
6955 0
6955 0
6955 0
6955 0
6955 0
6955 0
6955 1
6955 0
6955 1
6955 0
6955 0
6955 0
6955 0
6955 0
6959 0
6959 3
6959 0
6959 0
6959 0
6959 0
6959 0
6959 0
6959 0
6959 1
6959 0
6959 0
6959 0
6959 0
6959 0
6959 0
6959 0
6959 0
6959 0
6959 0
6959 0
6959 0
6959 0
6959 3
6959 0
6959 0
6959 0
6959 0
6959 0
6959 0
6959 0
6962 0
6962 12
6962 0
6962 0
6962 0
6962 0
6962 0
6962 0
6962 0
6962 1
6962 0
6962 0
6962 0
6962 0
6962 0
6962 0
6962 0
6962 0
6962 0
6962 0
6962 0
6962 0
6962 0
6962 8
6962 0
6962 14
6962 0
6962 0
6962 0
6962 0
6962 0
6967 0
6967 0
6967 0
6967 0
6967 0
6967 0
6967 0
6967 0
6967 0
6967 0
6967 0
6967 0
6967 0
6967 0
6967 0
6967 0
6967 0
6967 0
6967 0
6967 0
6967 0
6967 0
6967 0
6967 0
6967 0
6967 0
6967 0
6967 0
6967 0
6967 0
6967 0
6996 0
6996 14
6996 0
6996 0
6996 0
6996 0
6996 0
6996 0
6996 0
6996 0
6996 0
6996 0
6996 0
6996 0
6996 0
6996 0
6996 0
6996 0
6996 0
6996 0
6996 0
6996 0
6996 0
6996 6
6996 0
6996 1
6996 0
6996 0
6996 0
6996 0
6996 0
7002 0
7002 1
7002 0
7002 0
7002 0
7002 0
7002 0
7002 0
7002 0
7002 0
7002 0
7002 0
7002 0
7002 0
7002 0
7002 0
7002 0
7002 0
7002 0
7002 0
7002 0
7002 0
7002 0
7002 0
7002 0
7002 0
7002 0
7002 0
7002 0
7002 0
7002 0
7012 0
7012 0
7012 0
7012 0
7012 0
7012 0
7012 0
7012 0
7012 0
7012 0
7012 0
7012 0
7012 0
7012 0
7012 0
7012 0
7012 0
7012 0
7012 0
7012 0
7012 0
7012 0
7012 0
7012 0
7012 0
7012 0
7012 0
7012 0
7012 0
7012 0
7012 0
7015 0
7015 1
7015 0
7015 0
7015 0
7015 0
7015 0
7015 0
7015 0
7015 0
7015 0
7015 0
7015 0
7015 0
7015 0
7015 0
7015 0
7015 0
7015 0
7015 0
7015 0
7015 0
7015 0
7015 2
7015 0
7015 0
7015 0
7015 0
7015 0
7015 0
7015 0
7034 0
7034 0
7034 0
7034 0
7034 0
7034 0
7034 0
7034 0
7034 0
7034 0
7034 0
7034 0
7034 0
7034 0
7034 0
7034 0
7034 0
7034 0
7034 0
7034 0
7034 0
7034 0
7034 0
7034 0
7034 0
7034 0
7034 0
7034 0
7034 0
7034 0
7034 0
7035 0
7035 1
7035 0
7035 0
7035 0
7035 0
7035 0
7035 0
7035 0
7035 0
7035 0
7035 0
7035 0
7035 0
7035 0
7035 0
7035 0
7035 0
7035 0
7035 0
7035 0
7035 0
7035 0
7035 34
7035 0
7035 0
7035 0
7035 0
7035 0
7035 0
7035 0
7069 0
7069 9
7069 0
7069 0
7069 0
7069 0
7069 0
7069 0
7069 0
7069 2
7069 0
7069 0
7069 0
7069 0
7069 0
7069 0
7069 0
7069 0
7069 0
7069 0
7069 0
7069 0
7069 0
7069 7
7069 0
7069 10
7069 0
7069 0
7069 0
7069 0
7069 0
7080 0
7080 16
7080 0
7080 0
7080 0
7080 0
7080 0
7080 0
7080 0
7080 0
7080 0
7080 0
7080 0
7080 0
7080 0
7080 0
7080 0
7080 0
7080 0
7080 0
7080 0
7080 0
7080 0
7080 1
7080 0
7080 6
7080 0
7080 0
7080 0
7080 0
7080 0
7119 0
7119 1
7119 0
7119 0
7119 0
7119 0
7119 0
7119 0
7119 0
7119 0
7119 0
7119 0
7119 0
7119 0
7119 0
7119 0
7119 0
7119 0
7119 0
7119 0
7119 0
7119 0
7119 0
7119 0
7119 0
7119 0
7119 0
7119 0
7119 0
7119 0
7119 0
7121 0
7121 0
7121 0
7121 0
7121 0
7121 0
7121 0
7121 0
7121 0
7121 0
7121 0
7121 0
7121 0
7121 0
7121 0
7121 0
7121 0
7121 0
7121 0
7121 0
7121 0
7121 0
7121 0
7121 0
7121 0
7121 0
7121 0
7121 0
7121 0
7121 0
7121 0
7122 0
7122 0
7122 0
7122 0
7122 0
7122 0
7122 0
7122 0
7122 0
7122 0
7122 0
7122 0
7122 0
7122 0
7122 0
7122 0
7122 0
7122 0
7122 0
7122 0
7122 0
7122 0
7122 0
7122 0
7122 0
7122 0
7122 0
7122 0
7122 0
7122 0
7122 0
7137 0
7137 10
7137 0
7137 0
7137 0
7137 0
7137 0
7137 0
7137 0
7137 2
7137 0
7137 0
7137 0
7137 0
7137 0
7137 0
7137 0
7137 0
7137 0
7137 0
7137 0
7137 0
7137 0
7137 16
7137 0
7137 12
7137 0
7137 0
7137 0
7137 0
7137 0
7160 0
7160 3
7160 0
7160 0
7160 0
7160 0
7160 0
7160 0
7160 0
7160 4
7160 0
7160 0
7160 0
7160 0
7160 0
7160 0
7160 0
7160 0
7160 0
7160 0
7160 0
7160 0
7160 0
7160 18
7160 0
7160 1
7160 0
7160 0
7160 0
7160 0
7160 0
