pt_graph shape
1262 0
1262 0
1262 0
1262 0
1262 0
1262 0
1262 0
1262 0
1262 0
1262 0
1262 32.53
1262 0
1262 0
1262 0
1262 0
1262 0
1262 0
1262 0
1262 0
1262 4.79
1262 0
1262 1.56
1262 0
1262 0
1262 1.6
1262 0
1262 0
1262 29.28
1262 0
1262 0
1262 0
1313 0
1313 0
1313 0
1313 0
1313 0
1313 0
1313 0
1313 0
1313 0
1313 0
1313 32.53
1313 0
1313 0
1313 0
1313 0
1313 0
1313 0
1313 0
1313 0
1313 4.79
1313 0
1313 1.56
1313 0
1313 0
1313 1.6
1313 0
1313 0
1313 29.28
1313 0
1313 0
1313 0
1380 0
1380 0
1380 0
1380 0
1380 0
1380 0
1380 0
1380 0
1380 0
1380 0
1380 27.71
1380 0
1380 0
1380 0
1380 0
1380 0
1380 0
1380 0
1380 0
1380 24.76
1380 0
1380 0
1380 0
1380 0
1380 1.75
1380 0
1380 0
1380 0
1380 0
1380 0
1380 0
1394 0
1394 0
1394 0
1394 0
1394 0
1394 0
1394 0
1394 0
1394 0
1394 0
1394 27.71
1394 0
1394 0
1394 0
1394 0
1394 0
1394 0
1394 0
1394 0
1394 24.76
1394 0
1394 0
1394 0
1394 0
1394 1.75
1394 0
1394 0
1394 0
1394 0
1394 0
1394 0
1489 0
1489 0
1489 0
1489 0
1489 0
1489 0
1489 0
1489 0
1489 0
1489 0
1489 27.71
1489 0
1489 0
1489 0
1489 0
1489 0
1489 0
1489 0
1489 0
1489 24.76
1489 0
1489 0
1489 0
1489 0
1489 1.75
1489 0
1489 0
1489 0
1489 0
1489 0
1489 0
1493 0
1493 0
1493 0
1493 0
1493 0
1493 0
1493 0
1493 0
1493 0
1493 0
1493 40.84
1493 0
1493 0
1493 0
1493 0
1493 0
1493 0
1493 0
1493 0
1493 32.71
1493 0
1493 0
1493 0
1493 0
1493 2.11
1493 0
1493 0
1493 0
1493 0
1493 0
1493 0
1521 0
1521 0
1521 0
1521 0
1521 0
1521 0
1521 0
1521 0
1521 0
1521 0
1521 27.71
1521 0
1521 0
1521 0
1521 0
1521 0
1521 0
1521 0
1521 0
1521 24.76
1521 0
1521 0
1521 0
1521 0
1521 1.75
1521 0
1521 0
1521 0
1521 0
1521 0
1521 0
1534 0
1534 0
1534 0
1534 0
1534 0
1534 0
1534 0
1534 0
1534 0
1534 0
1534 27.71
1534 0
1534 0
1534 0
1534 0
1534 0
1534 0
1534 0
1534 0
1534 24.76
1534 0
1534 0
1534 0
1534 0
1534 1.75
1534 0
1534 0
1534 0
1534 0
1534 0
1534 0
1554 0
1554 0
1554 0
1554 0
1554 0
1554 0
1554 0
1554 0
1554 0
1554 0
1554 27.71
1554 0
1554 0
1554 0
1554 0
1554 0
1554 0
1554 0
1554 0
1554 24.76
1554 0
1554 0
1554 0
1554 0
1554 1.75
1554 0
1554 0
1554 0
1554 0
1554 0
1554 0
1604 0
1604 0
1604 0
1604 0
1604 0
1604 0
1604 0
1604 0
1604 0
1604 0
1604 0.39
1604 0
1604 0
1604 0
1604 0
1604 0
1604 0
1604 0
1604 0
1604 0.74
1604 0
1604 0.45
1604 0
1604 0
1604 0.76
1604 0
1604 1.04
1604 0.64
1604 0
1604 0
1604 0
1657 0
1657 0
1657 0
1657 0
1657 0
1657 0
1657 0
1657 0
1657 0
1657 0
1657 0
1657 0
1657 0
1657 0
1657 0
1657 0
1657 0
1657 0
1657 0
1657 10.13
1657 0
1657 0.94
1657 0
1657 0
1657 1.22
1657 0
1657 0
1657 30.09
1657 0
1657 0
1657 0
1677 0
1677 0
1677 0
1677 0
1677 0
1677 0
1677 0
1677 0
1677 0
1677 0
1677 32.27
1677 0
1677 0
1677 0
1677 0
1677 0
1677 0
1677 0
1677 0
1677 12.01
1677 0
1677 0.74
1677 0
1677 0
1677 0.71
1677 0
1677 0
1677 36.19
1677 0
1677 0
1677 0
1748 0
1748 0
1748 0
1748 0
1748 0
1748 0
1748 0
1748 0
1748 0
1748 0
1748 28.48
1748 0
1748 0
1748 0
1748 0
1748 0
1748 0
1748 0
1748 0
1748 34.03
1748 0
1748 31.09
1748 0
1748 0
1748 1.7
1748 0
1748 0
1748 31.91
1748 0
1748 0
1748 0
1766 0
1766 0
1766 0
1766 0
1766 0
1766 0
1766 0
1766 0
1766 0
1766 0
1766 27.56
1766 0
1766 0
1766 0
1766 0
1766 0
1766 0
1766 0
1766 0
1766 1.91
1766 0
1766 32.71
1766 0
1766 0
1766 1.56
1766 0
1766 27.56
1766 31.91
1766 0
1766 0
1766 0
1776 0
1776 0
1776 0
1776 0
1776 0
1776 0
1776 0
1776 0
1776 0
1776 0
1776 28.48
1776 0
1776 0
1776 0
1776 0
1776 0
1776 0
1776 0
1776 0
1776 34.03
1776 0
1776 31.09
1776 0
1776 0
1776 1.7
1776 0
1776 0
1776 31.91
1776 0
1776 0
1776 0
1798 0
1798 0
1798 0
1798 0
1798 0
1798 0
1798 0
1798 0
1798 0
1798 0
1798 27.71
1798 0
1798 0
1798 0
1798 0
1798 0
1798 0
1798 0
1798 0
1798 24.76
1798 0
1798 0
1798 0
1798 0
1798 1.75
1798 0
1798 0
1798 0
1798 0
1798 0
1798 0
1815 0
1815 0
1815 0
1815 0
1815 0
1815 0
1815 0
1815 0
1815 0
1815 0
1815 0
1815 0
1815 0
1815 0
1815 0
1815 0
1815 0
1815 0
1815 0
1815 10.13
1815 0
1815 0.94
1815 0
1815 0
1815 1.22
1815 0
1815 0
1815 30.09
1815 0
1815 0
1815 0
1863 0
1863 0
1863 0
1863 0
1863 0
1863 0
1863 0
1863 0
1863 0
1863 0
1863 0
1863 0
1863 0
1863 0
1863 0
1863 0
1863 0
1863 0
1863 0
1863 31.69
1863 0
1863 28
1863 0
1863 0
1863 31.91
1863 0
1863 0
1863 0
1863 0
1863 0
1863 0
1873 0
1873 0
1873 0
1873 0
1873 0
1873 0
1873 0
1873 0
1873 0
1873 0
1873 0
1873 0
1873 0
1873 0
1873 0
1873 0
1873 0
1873 0
1873 0
1873 30.82
1873 0
1873 32.39
1873 0
1873 0
1873 28.12
1873 0
1873 0
1873 0
1873 0
1873 0
1873 0
1898 0
1898 0
1898 0
1898 0
1898 0
1898 0
1898 0
1898 0
1898 0
1898 0
1898 28.24
1898 0
1898 0
1898 0
1898 0
1898 0
1898 0
1898 0
1898 0
1898 19.62
1898 0
1898 4.75
1898 0
1898 0
1898 8.37
1898 0
1898 41.85
1898 7.52
1898 0
1898 0
1898 0
1966 0
1966 0
1966 0
1966 0
1966 0
1966 0
1966 0
1966 0
1966 0
1966 0
1966 33.34
1966 0
1966 0
1966 0
1966 0
1966 0
1966 0
1966 0
1966 0
1966 0
1966 0
1966 0
1966 0
1966 0
1966 34.65
1966 0
1966 0
1966 0
1966 0
1966 0
1966 0
2040 0
2040 0
2040 0
2040 0
2040 0
2040 0
2040 0
2040 0
2040 0
2040 0
2040 25.66
2040 0
2040 0
2040 0
2040 0
2040 0
2040 0
2040 0
2040 0
2040 29.55
2040 0
2040 12.75
2040 0
2040 0
2040 0.84
2040 0
2040 38.7
2040 7.71
2040 0
2040 0
2040 0
2045 0
2045 0
2045 0
2045 0
2045 0
2045 0
2045 0
2045 0
2045 0
2045 0
2045 40.81
2045 0
2045 0
2045 0
2045 0
2045 0
2045 0
2045 0
2045 0
2045 26.33
2045 0
2045 49.88
2045 0
2045 0
2045 1.65
2045 0
2045 0
2045 0
2045 0
2045 0
2045 0
2046 0
2046 0
2046 0
2046 0
2046 0
2046 0
2046 0
2046 0
2046 0
2046 0
2046 40.81
2046 0
2046 0
2046 0
2046 0
2046 0
2046 0
2046 0
2046 0
2046 26.33
2046 0
2046 49.88
2046 0
2046 0
2046 1.65
2046 0
2046 0
2046 0
2046 0
2046 0
2046 0
2048 0
2048 0
2048 0
2048 0
2048 0
2048 0
2048 0
2048 0
2048 0
2048 0
2048 0
2048 0
2048 0
2048 0
2048 0
2048 0
2048 0
2048 0
2048 0
2048 30.82
2048 0
2048 32.39
2048 0
2048 0
2048 28.12
2048 0
2048 0
2048 0
2048 0
2048 0
2048 0
2078 0
2078 0
2078 0
2078 0
2078 0
2078 0
2078 0
2078 0
2078 0
2078 0
2078 9.72
2078 0
2078 0
2078 0
2078 0
2078 0
2078 0
2078 0
2078 0
2078 1.61
2078 0
2078 14.09
2078 0
2078 0
2078 3.57
2078 0
2078 1.66
2078 2.26
2078 0
2078 0
2078 0
2089 0
2089 0
2089 0
2089 0
2089 0
2089 0
2089 0
2089 0
2089 0
2089 0
2089 33.34
2089 0
2089 0
2089 0
2089 0
2089 0
2089 0
2089 0
2089 0
2089 0
2089 0
2089 0
2089 0
2089 0
2089 34.65
2089 0
2089 0
2089 0
2089 0
2089 0
2089 0
2113 0
2113 0
2113 0
2113 0
2113 0
2113 0
2113 0
2113 0
2113 0
2113 0
2113 0.94
2113 0
2113 0
2113 0
2113 0
2113 0
2113 0
2113 0
2113 0
2113 0.76
2113 0
2113 33.67
2113 0
2113 0
2113 0.63
2113 0
2113 15.24
2113 1.98
2113 0
2113 0
2113 0
2179 0
2179 0
2179 0
2179 0
2179 0
2179 0
2179 0
2179 0
2179 0
2179 0
2179 1.48
2179 0
2179 0
2179 0
2179 0
2179 0
2179 0
2179 0
2179 0
2179 2.58
2179 0
2179 0.84
2179 0
2179 0
2179 0.71
2179 0
2179 10.95
2179 0.99
2179 0
2179 0
2179 0
2184 0
2184 0
2184 0
2184 0
2184 0
2184 0
2184 0
2184 0
2184 0
2184 0
2184 33.34
2184 0
2184 0
2184 0
2184 0
2184 0
2184 0
2184 0
2184 0
2184 0
2184 0
2184 0
2184 0
2184 0
2184 34.65
2184 0
2184 0
2184 0
2184 0
2184 0
2184 0
2191 0
2191 0
2191 0
2191 0
2191 0
2191 0
2191 0
2191 0
2191 0
2191 0
2191 2.28
2191 0
2191 0
2191 0
2191 0
2191 0
2191 0
2191 0
2191 0
2191 2
2191 0
2191 29.06
2191 0
2191 0
2191 1.68
2191 0
2191 35.28
2191 35.96
2191 0
2191 0
2191 0
2211 0
2211 0
2211 0
2211 0
2211 0
2211 0
2211 0
2211 0
2211 0
2211 0
2211 1.33
2211 0
2211 0
2211 0
2211 0
2211 0
2211 0
2211 0
2211 0
2211 0.91
2211 0
2211 1.68
2211 0
2211 0
2211 0.85
2211 0
2211 34.8
2211 23.25
2211 0
2211 0
2211 0
2212 0
2212 0
2212 0
2212 0
2212 0
2212 0
2212 0
2212 0
2212 0
2212 0
2212 1.13
2212 0
2212 0
2212 0
2212 0
2212 0
2212 0
2212 0
2212 0
2212 4.9
2212 0
2212 35.84
2212 0
2212 0
2212 0.68
2212 0
2212 52.78
2212 5.09
2212 0
2212 0
2212 0
2281 0
2281 0
2281 0
2281 0
2281 0
2281 0
2281 0
2281 0
2281 0
2281 0
2281 1.61
2281 0
2281 0
2281 0
2281 0
2281 0
2281 0
2281 0
2281 0
2281 1.14
2281 0
2281 0.9
2281 0
2281 0
2281 0.54
2281 0
2281 0.86
2281 1.11
2281 0
2281 0
2281 0
2303 0
2303 0
2303 0
2303 0
2303 0
2303 0
2303 0
2303 0
2303 0
2303 0
2303 2.28
2303 0
2303 0
2303 0
2303 0
2303 0
2303 0
2303 0
2303 0
2303 2
2303 0
2303 29.06
2303 0
2303 0
2303 1.68
2303 0
2303 35.28
2303 35.96
2303 0
2303 0
2303 0
2374 0
2374 0
2374 0
2374 0
2374 0
2374 0
2374 0
2374 0
2374 0
2374 0
2374 35.1
2374 0
2374 0
2374 0
2374 0
2374 0
2374 0
2374 0
2374 0
2374 35.1
2374 0
2374 0
2374 0
2374 0
2374 1.58
2374 0
2374 0
2374 28.64
2374 0
2374 0
2374 0
2419 0
2419 0
2419 0
2419 0
2419 0
2419 0
2419 0
2419 0
2419 0
2419 0
2419 1.21
2419 0
2419 0
2419 0
2419 0
2419 0
2419 0
2419 0
2419 0
2419 9.2
2419 0
2419 4.72
2419 0
2419 0
2419 0.64
2419 0
2419 26.93
2419 1.92
2419 0
2419 0
2419 0
2421 0
2421 0
2421 0
2421 0
2421 0
2421 0
2421 0
2421 0
2421 0
2421 0
2421 2.28
2421 0
2421 0
2421 0
2421 0
2421 0
2421 0
2421 0
2421 0
2421 2
2421 0
2421 29.06
2421 0
2421 0
2421 1.68
2421 0
2421 35.28
2421 35.96
2421 0
2421 0
2421 0
2427 0
2427 0
2427 0
2427 0
2427 0
2427 0
2427 0
2427 0
2427 0
2427 0
2427 4.14
2427 0
2427 0
2427 0
2427 0
2427 0
2427 0
2427 0
2427 0
2427 0.82
2427 0
2427 1.05
2427 0
2427 0
2427 0.58
2427 0
2427 38.7
2427 0.86
2427 0
2427 0
2427 0
2620 0
2620 0
2620 0
2620 0
2620 0
2620 0
2620 0
2620 0
2620 0
2620 0
2620 2.28
2620 0
2620 0
2620 0
2620 0
2620 0
2620 0
2620 0
2620 0
2620 29.89
2620 0
2620 35.68
2620 0
2620 0
2620 1.78
2620 0
2620 0
2620 33.01
2620 0
2620 0
2620 0
2678 0
2678 0
2678 0
2678 0
2678 0
2678 0
2678 0
2678 0
2678 0
2678 0
2678 0.98
2678 0
2678 0
2678 0
2678 0
2678 0
2678 0
2678 0
2678 0
2678 1
2678 0
2678 0.86
2678 0
2678 0
2678 0.94
2678 0
2678 37.63
2678 16.84
2678 0
2678 0
2678 0
2690 0
2690 0
2690 0
2690 0
2690 0
2690 0
2690 0
2690 0
2690 0
2690 0
2690 1.07
2690 0
2690 0
2690 0
2690 0
2690 0
2690 0
2690 0
2690 0
2690 46.86
2690 0
2690 41.92
2690 0
2690 0
2690 1
2690 0
2690 0
2690 4.6
2690 0
2690 0
2690 0
2996 0
2996 0
2996 0
2996 0
2996 0
2996 0
2996 0
2996 0
2996 0
2996 0
2996 45.18
2996 0
2996 0
2996 0
2996 0
2996 0
2996 0
2996 0
2996 0
2996 29.96
2996 0
2996 1.88
2996 0
2996 0
2996 28.12
2996 0
2996 0
2996 30.65
2996 0
2996 0
2996 0
3154 0
3154 0
3154 0
3154 0
3154 0
3154 0
3154 0
3154 0
3154 0
3154 0
3154 7.51
3154 0
3154 0
3154 0
3154 0
3154 0
3154 0
3154 0
3154 0
3154 31.39
3154 0
3154 0.75
3154 0
3154 0
3154 37.12
3154 0
3154 0
3154 56.66
3154 0
3154 0
3154 0
3213 0
3213 0
3213 0
3213 0
3213 0
3213 0
3213 0
3213 0
3213 0
3213 0
3213 45.18
3213 0
3213 0
3213 0
3213 0
3213 0
3213 0
3213 0
3213 0
3213 29.96
3213 0
3213 1.88
3213 0
3213 0
3213 28.12
3213 0
3213 0
3213 30.65
3213 0
3213 0
3213 0
3236 0
3236 0
3236 0
3236 0
3236 0
3236 0
3236 0
3236 0
3236 0
3236 0
3236 45.18
3236 0
3236 0
3236 0
3236 0
3236 0
3236 0
3236 0
3236 0
3236 29.96
3236 0
3236 1.88
3236 0
3236 0
3236 28.12
3236 0
3236 0
3236 30.65
3236 0
3236 0
3236 0
3237 0
3237 0
3237 0
3237 0
3237 0
3237 0
3237 0
3237 0
3237 0
3237 0
3237 6.17
3237 0
3237 0
3237 0
3237 0
3237 0
3237 0
3237 0
3237 0
3237 12.02
3237 0
3237 0.97
3237 0
3237 0
3237 1.25
3237 0
3237 0
3237 46.17
3237 0
3237 0
3237 0
3405 0
3405 0
3405 0
3405 0
3405 0
3405 0
3405 0
3405 0
3405 0
3405 0
3405 45.18
3405 0
3405 0
3405 0
3405 0
3405 0
3405 0
3405 0
3405 0
3405 29.96
3405 0
3405 1.88
3405 0
3405 0
3405 28.12
3405 0
3405 0
3405 30.65
3405 0
3405 0
3405 0
3446 0
3446 0
3446 0
3446 0
3446 0
3446 0
3446 0
3446 0
3446 0
3446 0
3446 31.97
3446 0
3446 0
3446 0
3446 0
3446 0
3446 0
3446 0
3446 0
3446 34.25
3446 0
3446 1.66
3446 0
3446 0
3446 26.45
3446 0
3446 0
3446 40.59
3446 0
3446 0
3446 0
3516 0
3516 0
3516 0
3516 0
3516 0
3516 0
3516 0
3516 0
3516 0
3516 0
3516 45.18
3516 0
3516 0
3516 0
3516 0
3516 0
3516 0
3516 0
3516 0
3516 29.96
3516 0
3516 1.88
3516 0
3516 0
3516 28.12
3516 0
3516 0
3516 30.65
3516 0
3516 0
3516 0
