pt_graph shape
1222 0
1222 0
1222 0
1222 0
1222 0
1222 0
1222 0
1222 0
1222 0
1222 0
1222 0
1222 0
1222 0
1222 0
1222 0
1222 0
1222 0
1222 0
1222 0
1222 1.6
1222 0
1222 0
1222 0
1222 0
1222 1.69
1222 0
1222 0
1222 0
1222 0
1222 0
1222 0
1266 0
1266 0
1266 0
1266 0
1266 0
1266 0
1266 0
1266 0
1266 0
1266 0
1266 38.27
1266 0
1266 0
1266 0
1266 0
1266 0
1266 0
1266 0
1266 0
1266 1.58
1266 0
1266 31.91
1266 0
1266 0
1266 1.48
1266 0
1266 0
1266 0
1266 0
1266 0
1266 0
1370 0
1370 0
1370 0
1370 0
1370 0
1370 0
1370 0
1370 0
1370 0
1370 0
1370 38.27
1370 0
1370 0
1370 0
1370 0
1370 0
1370 0
1370 0
1370 0
1370 1.58
1370 0
1370 31.91
1370 0
1370 0
1370 1.48
1370 0
1370 0
1370 0
1370 0
1370 0
1370 0
1442 0
1442 0
1442 0
1442 0
1442 0
1442 0
1442 0
1442 0
1442 0
1442 0
1442 0
1442 0
1442 0
1442 0
1442 0
1442 0
1442 0
1442 0
1442 0
1442 0.89
1442 0
1442 23.29
1442 0
1442 0
1442 0.84
1442 0
1442 0
1442 36.51
1442 0
1442 0
1442 0
1458 0
1458 0
1458 0
1458 0
1458 0
1458 0
1458 0
1458 0
1458 0
1458 0
1458 38.27
1458 0
1458 0
1458 0
1458 0
1458 0
1458 0
1458 0
1458 0
1458 1.58
1458 0
1458 31.91
1458 0
1458 0
1458 1.48
1458 0
1458 0
1458 0
1458 0
1458 0
1458 0
1555 0
1555 0
1555 0
1555 0
1555 0
1555 0
1555 0
1555 0
1555 0
1555 0
1555 0
1555 0
1555 0
1555 0
1555 0
1555 0
1555 0
1555 0
1555 0
1555 1.6
1555 0
1555 0
1555 0
1555 0
1555 1.69
1555 0
1555 0
1555 0
1555 0
1555 0
1555 0
1651 0
1651 0
1651 0
1651 0
1651 0
1651 0
1651 0
1651 0
1651 0
1651 0
1651 38.27
1651 0
1651 0
1651 0
1651 0
1651 0
1651 0
1651 0
1651 0
1651 1.58
1651 0
1651 31.91
1651 0
1651 0
1651 1.48
1651 0
1651 0
1651 0
1651 0
1651 0
1651 0
1736 0
1736 0
1736 0
1736 0
1736 0
1736 0
1736 0
1736 0
1736 0
1736 0
1736 0
1736 0
1736 0
1736 0
1736 0
1736 0
1736 0
1736 0
1736 0
1736 0.89
1736 0
1736 23.29
1736 0
1736 0
1736 0.84
1736 0
1736 0
1736 36.51
1736 0
1736 0
1736 0
1765 0
1765 0
1765 0
1765 0
1765 0
1765 0
1765 0
1765 0
1765 0
1765 0
1765 27.78
1765 0
1765 0
1765 0
1765 0
1765 0
1765 0
1765 0
1765 0
1765 1.64
1765 0
1765 0
1765 0
1765 0
1765 1.61
1765 0
1765 0
1765 45.13
1765 0
1765 0
1765 0
1806 0
1806 0
1806 0
1806 0
1806 0
1806 0
1806 0
1806 0
1806 0
1806 0
1806 31.57
1806 0
1806 0
1806 0
1806 0
1806 0
1806 0
1806 0
1806 0
1806 1.59
1806 0
1806 29.8
1806 0
1806 0
1806 1.63
1806 0
1806 0
1806 33.03
1806 0
1806 0
1806 0
1863 0
1863 0
1863 0
1863 0
1863 0
1863 0
1863 0
1863 0
1863 0
1863 0
1863 6.66
1863 0
1863 0
1863 0
1863 0
1863 0
1863 0
1863 0
1863 0
1863 22.14
1863 0
1863 6.85
1863 0
1863 0
1863 0.65
1863 0
1863 30.72
1863 30.28
1863 0
1863 0
1863 0
1873 0
1873 0
1873 0
1873 0
1873 0
1873 0
1873 0
1873 0
1873 0
1873 0
1873 36.53
1873 0
1873 0
1873 0
1873 0
1873 0
1873 0
1873 0
1873 0
1873 0.95
1873 0
1873 55.1
1873 0
1873 0
1873 0.95
1873 0
1873 0
1873 31.71
1873 0
1873 0
1873 0
1874 0
1874 0
1874 0
1874 0
1874 0
1874 0
1874 0
1874 0
1874 0
1874 0
1874 27.78
1874 0
1874 0
1874 0
1874 0
1874 0
1874 0
1874 0
1874 0
1874 1.64
1874 0
1874 0
1874 0
1874 0
1874 1.61
1874 0
1874 0
1874 45.13
1874 0
1874 0
1874 0
1879 0
1879 0
1879 0
1879 0
1879 0
1879 0
1879 0
1879 0
1879 0
1879 0
1879 0
1879 0
1879 0
1879 0
1879 0
1879 0
1879 0
1879 0
1879 0
1879 1.84
1879 0
1879 36.02
1879 0
1879 0
1879 1.65
1879 0
1879 30.72
1879 35.5
1879 0
1879 0
1879 0
1898 0
1898 0
1898 0
1898 0
1898 0
1898 0
1898 0
1898 0
1898 0
1898 0
1898 0
1898 0
1898 0
1898 0
1898 0
1898 0
1898 0
1898 0
1898 0
1898 25.29
1898 0
1898 0
1898 0
1898 0
1898 23.35
1898 0
1898 0
1898 0
1898 0
1898 0
1898 0
1935 0
1935 0
1935 0
1935 0
1935 0
1935 0
1935 0
1935 0
1935 0
1935 0
1935 27.78
1935 0
1935 0
1935 0
1935 0
1935 0
1935 0
1935 0
1935 0
1935 0.97
1935 0
1935 32.86
1935 0
1935 0
1935 0.93
1935 0
1935 0
1935 45.13
1935 0
1935 0
1935 0
1952 0
1952 0
1952 0
1952 0
1952 0
1952 0
1952 0
1952 0
1952 0
1952 0
1952 39.52
1952 0
1952 0
1952 0
1952 0
1952 0
1952 0
1952 0
1952 0
1952 1.69
1952 0
1952 33.28
1952 0
1952 0
1952 1.61
1952 0
1952 0
1952 0
1952 0
1952 0
1952 0
1999 0
1999 0
1999 0
1999 0
1999 0
1999 0
1999 0
1999 0
1999 0
1999 0
1999 7.31
1999 0
1999 0
1999 0
1999 0
1999 0
1999 0
1999 0
1999 0
1999 0.75
1999 0
1999 22.04
1999 0
1999 0
1999 0.74
1999 0
1999 0
1999 56.54
1999 0
1999 0
1999 0
2046 0
2046 0
2046 0
2046 0
2046 0
2046 0
2046 0
2046 0
2046 0
2046 0
2046 4.02
2046 0
2046 0
2046 0
2046 0
2046 0
2046 0
2046 0
2046 0
2046 24.38
2046 0
2046 7.28
2046 0
2046 0
2046 0.58
2046 0
2046 30.72
2046 24.35
2046 0
2046 0
2046 0
2048 0
2048 0
2048 0
2048 0
2048 0
2048 0
2048 0
2048 0
2048 0
2048 0
2048 31.57
2048 0
2048 0
2048 0
2048 0
2048 0
2048 0
2048 0
2048 0
2048 0.96
2048 0
2048 12.62
2048 0
2048 0
2048 0.94
2048 0
2048 0
2048 33.03
2048 0
2048 0
2048 0
2068 0
2068 0
2068 0
2068 0
2068 0
2068 0
2068 0
2068 0
2068 0
2068 0
2068 10.5
2068 0
2068 0
2068 0
2068 0
2068 0
2068 0
2068 0
2068 0
2068 1.35
2068 0
2068 8.04
2068 0
2068 0
2068 0.98
2068 0
2068 30.72
2068 54.91
2068 0
2068 0
2068 0
2137 0
2137 0
2137 0
2137 0
2137 0
2137 0
2137 0
2137 0
2137 0
2137 0
2137 3.08
2137 0
2137 0
2137 0
2137 0
2137 0
2137 0
2137 0
2137 0
2137 3.78
2137 0
2137 18.25
2137 0
2137 0
2137 1.1
2137 0
2137 30.72
2137 21.28
2137 0
2137 0
2137 0
2146 0
2146 0
2146 0
2146 0
2146 0
2146 0
2146 0
2146 0
2146 0
2146 0
2146 31.57
2146 0
2146 0
2146 0
2146 0
2146 0
2146 0
2146 0
2146 0
2146 1.59
2146 0
2146 29.8
2146 0
2146 0
2146 1.63
2146 0
2146 0
2146 33.03
2146 0
2146 0
2146 0
2234 0
2234 0
2234 0
2234 0
2234 0
2234 0
2234 0
2234 0
2234 0
2234 0
2234 9.58
2234 0
2234 0
2234 0
2234 0
2234 0
2234 0
2234 0
2234 0
2234 2.94
2234 0
2234 5.55
2234 0
2234 0
2234 1.28
2234 0
2234 30.72
2234 32.14
2234 0
2234 0
2234 0
2255 0
2255 0
2255 0
2255 0
2255 0
2255 0
2255 0
2255 0
2255 0
2255 0
2255 40.19
2255 0
2255 0
2255 0
2255 0
2255 0
2255 0
2255 0
2255 0
2255 0.97
2255 0
2255 31.91
2255 0
2255 0
2255 0.95
2255 0
2255 0
2255 68.8
2255 0
2255 0
2255 0
2266 0
2266 0
2266 0
2266 0
2266 0
2266 0
2266 0
2266 0
2266 0
2266 0
2266 33.14
2266 0
2266 0
2266 0
2266 0
2266 0
2266 0
2266 0
2266 0
2266 1.98
2266 0
2266 31.91
2266 0
2266 0
2266 1.57
2266 0
2266 0
2266 34.61
2266 0
2266 0
2266 0
2294 0
2294 0
2294 0
2294 0
2294 0
2294 0
2294 0
2294 0
2294 0
2294 0
2294 59.74
2294 0
2294 0
2294 0
2294 0
2294 0
2294 0
2294 0
2294 0
2294 24.27
2294 0
2294 8.81
2294 0
2294 0
2294 1.4
2294 0
2294 30.72
2294 54.91
2294 0
2294 0
2294 0
2443 0
2443 0
2443 0
2443 0
2443 0
2443 0
2443 0
2443 0
2443 0
2443 0
2443 27.78
2443 0
2443 0
2443 0
2443 0
2443 0
2443 0
2443 0
2443 0
2443 0.87
2443 0
2443 0
2443 0
2443 0
2443 0.93
2443 0
2443 0
2443 45.13
2443 0
2443 0
2443 0
3551 0
3551 0
3551 0
3551 0
3551 0
3551 0
3551 0
3551 0
3551 0
3551 0
3551 32.07
3551 0
3551 0
3551 0
3551 0
3551 0
3551 0
3551 0
3551 0
3551 1.68
3551 0
3551 29.98
3551 0
3551 0
3551 1.66
3551 0
3551 0
3551 42.99
3551 0
3551 0
3551 0
3751 0
3751 0
3751 0
3751 0
3751 0
3751 0
3751 0
3751 0
3751 0
3751 0
3751 32.07
3751 0
3751 0
3751 0
3751 0
3751 0
3751 0
3751 0
3751 0
3751 1.68
3751 0
3751 29.98
3751 0
3751 0
3751 1.66
3751 0
3751 0
3751 42.99
3751 0
3751 0
3751 0
3819 0
3819 0
3819 0
3819 0
3819 0
3819 0
3819 0
3819 0
3819 0
3819 0
3819 32.07
3819 0
3819 0
3819 0
3819 0
3819 0
3819 0
3819 0
3819 0
3819 1.68
3819 0
3819 29.98
3819 0
3819 0
3819 1.66
3819 0
3819 0
3819 42.99
3819 0
3819 0
3819 0
4094 0
4094 0
4094 0
4094 0
4094 0
4094 0
4094 0
4094 0
4094 0
4094 0
4094 32.07
4094 0
4094 0
4094 0
4094 0
4094 0
4094 0
4094 0
4094 0
4094 1.68
4094 0
4094 29.98
4094 0
4094 0
4094 1.66
4094 0
4094 0
4094 42.99
4094 0
4094 0
4094 0
4305 0
4305 0
4305 0
4305 0
4305 0
4305 0
4305 0
4305 0
4305 0
4305 0
4305 32.07
4305 0
4305 0
4305 0
4305 0
4305 0
4305 0
4305 0
4305 0
4305 1.68
4305 0
4305 29.98
4305 0
4305 0
4305 1.66
4305 0
4305 0
4305 42.99
4305 0
4305 0
4305 0
4650 0
4650 0
4650 0
4650 0
4650 0
4650 0
4650 0
4650 0
4650 0
4650 0
4650 32.07
4650 0
4650 0
4650 0
4650 0
4650 0
4650 0
4650 0
4650 0
4650 1.68
4650 0
4650 29.98
4650 0
4650 0
4650 1.66
4650 0
4650 0
4650 42.99
4650 0
4650 0
4650 0
4806 0
4806 0
4806 0
4806 0
4806 0
4806 0
4806 0
4806 0
4806 0
4806 0
4806 32.07
4806 0
4806 0
4806 0
4806 0
4806 0
4806 0
4806 0
4806 0
4806 1.68
4806 0
4806 29.98
4806 0
4806 0
4806 1.66
4806 0
4806 0
4806 42.99
4806 0
4806 0
4806 0
5597 0
5597 27.35
5597 0
5597 0
5597 0
5597 0
5597 0
5597 0
5597 0
5597 0
5597 0
5597 0
5597 0
5597 0
5597 0
5597 0
5597 0
5597 0
5597 0
5597 0
5597 30.47
5597 0
5597 0
5597 34.22
5597 0
5597 40.7
5597 0
5597 0
5597 0
5597 0
5597 0
5687 0
5687 27.35
5687 0
5687 0
5687 0
5687 0
5687 0
5687 0
5687 0
5687 0
5687 0
5687 0
5687 0
5687 0
5687 0
5687 0
5687 0
5687 0
5687 0
5687 0
5687 30.47
5687 0
5687 0
5687 34.22
5687 0
5687 40.7
5687 0
5687 0
5687 0
5687 0
5687 0
5731 0
5731 27.35
5731 0
5731 0
5731 0
5731 0
5731 0
5731 0
5731 0
5731 0
5731 0
5731 0
5731 0
5731 0
5731 0
5731 0
5731 0
5731 0
5731 0
5731 0
5731 30.47
5731 0
5731 0
5731 34.22
5731 0
5731 40.7
5731 0
5731 0
5731 0
5731 0
5731 0
5737 0
5737 27.35
5737 0
5737 0
5737 0
5737 0
5737 0
5737 0
5737 0
5737 0
5737 0
5737 0
5737 0
5737 0
5737 0
5737 0
5737 0
5737 0
5737 0
5737 0
5737 30.47
5737 0
5737 0
5737 34.22
5737 0
5737 40.7
5737 0
5737 0
5737 0
5737 0
5737 0
6170 0
6170 1.61
6170 0
6170 0
6170 0
6170 0
6170 0
6170 0
6170 0
6170 0
6170 0
6170 0
6170 0
6170 0
6170 0
6170 0
6170 0
6170 0
6170 0
6170 0
6170 27.29
6170 0
6170 0
6170 34.95
6170 0
6170 27.57
6170 0
6170 0
6170 0
6170 0
6170 0
7503 0
7503 0
7503 0
7503 0
7503 0
7503 0
7503 0
7503 0
7503 0
7503 0
7503 32.1
7503 0
7503 0
7503 0
7503 0
7503 0
7503 0
7503 0
7503 0
7503 23.56
7503 0
7503 1.58
7503 0
7503 0
7503 40.64
7503 0
7503 0
7503 30.2
7503 0
7503 0
7503 0
7645 0
7645 0
7645 0
7645 0
7645 0
7645 0
7645 0
7645 0
7645 0
7645 0
7645 32.1
7645 0
7645 0
7645 0
7645 0
7645 0
7645 0
7645 0
7645 0
7645 23.56
7645 0
7645 1.58
7645 0
7645 0
7645 40.64
7645 0
7645 0
7645 30.2
7645 0
7645 0
7645 0
7705 0
7705 0
7705 0
7705 0
7705 0
7705 0
7705 0
7705 0
7705 0
7705 0
7705 0
7705 0
7705 0
7705 0
7705 0
7705 0
7705 0
7705 0
7705 0
7705 1.55
7705 0
7705 1.48
7705 0
7705 0
7705 1.59
7705 0
7705 0
7705 29.23
7705 0
7705 0
7705 0
7709 0
7709 0
7709 0
7709 0
7709 0
7709 0
7709 0
7709 0
7709 0
7709 0
7709 1.62
7709 0
7709 0
7709 0
7709 0
7709 0
7709 0
7709 0
7709 0
7709 0
7709 0
7709 1.55
7709 0
7709 0
7709 0
7709 0
7709 0
7709 0
7709 0
7709 0
7709 0
7730 0
7730 0
7730 0
7730 0
7730 0
7730 0
7730 0
7730 0
7730 0
7730 0
7730 1.11
7730 0
7730 0
7730 0
7730 0
7730 0
7730 0
7730 0
7730 0
7730 27.63
7730 0
7730 1.56
7730 0
7730 0
7730 1.56
7730 0
7730 0
7730 31.69
7730 0
7730 0
7730 0
7737 0
7737 0
7737 0
7737 0
7737 0
7737 0
7737 0
7737 0
7737 0
7737 0
7737 32.1
7737 0
7737 0
7737 0
7737 0
7737 0
7737 0
7737 0
7737 0
7737 23.56
7737 0
7737 1.58
7737 0
7737 0
7737 40.64
7737 0
7737 0
7737 30.2
7737 0
7737 0
7737 0
7761 0
7761 0
7761 0
7761 0
7761 0
7761 0
7761 0
7761 0
7761 0
7761 0
7761 32.1
7761 0
7761 0
7761 0
7761 0
7761 0
7761 0
7761 0
7761 0
7761 23.56
7761 0
7761 1.58
7761 0
7761 0
7761 40.64
7761 0
7761 0
7761 30.2
7761 0
7761 0
7761 0
7785 0
7785 0
7785 0
7785 0
7785 0
7785 0
7785 0
7785 0
7785 0
7785 0
7785 0
7785 0
7785 0
7785 0
7785 0
7785 0
7785 0
7785 0
7785 0
7785 1.55
7785 0
7785 1.48
7785 0
7785 0
7785 1.59
7785 0
7785 0
7785 29.23
7785 0
7785 0
7785 0
7829 0
7829 0
7829 0
7829 0
7829 0
7829 0
7829 0
7829 0
7829 0
7829 0
7829 1.48
7829 0
7829 0
7829 0
7829 0
7829 0
7829 0
7829 0
7829 0
7829 27.9
7829 0
7829 1.47
7829 0
7829 0
7829 1.89
7829 0
7829 0
7829 0
7829 0
7829 0
7829 0
7848 0
7848 0
7848 0
7848 0
7848 0
7848 0
7848 0
7848 0
7848 0
7848 0
7848 1.48
7848 0
7848 0
7848 0
7848 0
7848 0
7848 0
7848 0
7848 0
7848 0
7848 0
7848 1.48
7848 0
7848 0
7848 1.79
7848 0
7848 0
7848 26.76
7848 0
7848 0
7848 0
7902 0
7902 0
7902 0
7902 0
7902 0
7902 0
7902 0
7902 0
7902 0
7902 0
7902 37.55
7902 0
7902 0
7902 0
7902 0
7902 0
7902 0
7902 0
7902 0
7902 27.06
7902 0
7902 1.59
7902 0
7902 0
7902 29.8
7902 0
7902 0
7902 30.85
7902 0
7902 0
7902 0
7927 0
7927 0
7927 0
7927 0
7927 0
7927 0
7927 0
7927 0
7927 0
7927 0
7927 0.91
7927 0
7927 0
7927 0
7927 0
7927 0
7927 0
7927 0
7927 0
7927 26.33
7927 0
7927 0.86
7927 0
7927 0
7927 1.79
7927 0
7927 0
7927 24.96
7927 0
7927 0
7927 0
7931 0
7931 0
7931 0
7931 0
7931 0
7931 0
7931 0
7931 0
7931 0
7931 0
7931 38.27
7931 0
7931 0
7931 0
7931 0
7931 0
7931 0
7931 0
7931 0
7931 27.63
7931 0
7931 1.56
7931 0
7931 0
7931 1.56
7931 0
7931 0
7931 31.69
7931 0
7931 0
7931 0
7973 0
7973 0
7973 0
7973 0
7973 0
7973 0
7973 0
7973 0
7973 0
7973 0
7973 0.99
7973 0
7973 0
7973 0
7973 0
7973 0
7973 0
7973 0
7973 0
7973 0
7973 0
7973 0
7973 0
7973 0
7973 0
7973 0
7973 0
7973 0
7973 0
7973 0
7973 0
8002 0
8002 0
8002 0
8002 0
8002 0
8002 0
8002 0
8002 0
8002 0
8002 0
8002 1.48
8002 0
8002 0
8002 0
8002 0
8002 0
8002 0
8002 0
8002 0
8002 0
8002 0
8002 1.48
8002 0
8002 0
8002 1.79
8002 0
8002 0
8002 26.76
8002 0
8002 0
8002 0
8038 0
8038 0
8038 0
8038 0
8038 0
8038 0
8038 0
8038 0
8038 0
8038 0
8038 1.46
8038 0
8038 0
8038 0
8038 0
8038 0
8038 0
8038 0
8038 0
8038 1.9
8038 0
8038 1.48
8038 0
8038 0
8038 1.67
8038 0
8038 0
8038 0
8038 0
8038 0
8038 0
8062 0
8062 0
8062 0
8062 0
8062 0
8062 0
8062 0
8062 0
8062 0
8062 0
8062 0.47
8062 0
8062 0
8062 0
8062 0
8062 0
8062 0
8062 0
8062 0
8062 2.62
8062 0
8062 0.55
8062 0
8062 0
8062 0.58
8062 0
8062 0
8062 2.04
8062 0
8062 0
8062 0
8088 0
8088 0
8088 0
8088 0
8088 0
8088 0
8088 0
8088 0
8088 0
8088 0
8088 38.27
8088 0
8088 0
8088 0
8088 0
8088 0
8088 0
8088 0
8088 0
8088 27.63
8088 0
8088 1.56
8088 0
8088 0
8088 1.56
8088 0
8088 0
8088 31.69
8088 0
8088 0
8088 0
8142 0
8142 0
8142 0
8142 0
8142 0
8142 0
8142 0
8142 0
8142 0
8142 0
8142 1.57
8142 0
8142 0
8142 0
8142 0
8142 0
8142 0
8142 0
8142 0
8142 34.78
8142 0
8142 28.12
8142 0
8142 0
8142 30.09
8142 0
8142 0
8142 55.21
8142 0
8142 0
8142 0
8196 0
8196 0
8196 0
8196 0
8196 0
8196 0
8196 0
8196 0
8196 0
8196 0
8196 1.57
8196 0
8196 0
8196 0
8196 0
8196 0
8196 0
8196 0
8196 0
8196 34.78
8196 0
8196 28.12
8196 0
8196 0
8196 30.09
8196 0
8196 0
8196 55.21
8196 0
8196 0
8196 0
8240 0
8240 0
8240 0
8240 0
8240 0
8240 0
8240 0
8240 0
8240 0
8240 0
8240 0.88
8240 0
8240 0
8240 0
8240 0
8240 0
8240 0
8240 0
8240 0
8240 34.78
8240 0
8240 0.84
8240 0
8240 0
8240 51.76
8240 0
8240 0
8240 55.21
8240 0
8240 0
8240 0
8275 0
8275 0
8275 0
8275 0
8275 0
8275 0
8275 0
8275 0
8275 0
8275 0
8275 0.88
8275 0
8275 0
8275 0
8275 0
8275 0
8275 0
8275 0
8275 0
8275 34.78
8275 0
8275 0.84
8275 0
8275 0
8275 51.76
8275 0
8275 0
8275 55.21
8275 0
8275 0
8275 0
8298 0
8298 0
8298 0
8298 0
8298 0
8298 0
8298 0
8298 0
8298 0
8298 0
8298 1.57
8298 0
8298 0
8298 0
8298 0
8298 0
8298 0
8298 0
8298 0
8298 34.78
8298 0
8298 28.12
8298 0
8298 0
8298 30.09
8298 0
8298 0
8298 55.21
8298 0
8298 0
8298 0
8303 0
8303 0
8303 0
8303 0
8303 0
8303 0
8303 0
8303 0
8303 0
8303 0
8303 1.57
8303 0
8303 0
8303 0
8303 0
8303 0
8303 0
8303 0
8303 0
8303 34.78
8303 0
8303 28.12
8303 0
8303 0
8303 30.09
8303 0
8303 0
8303 55.21
8303 0
8303 0
8303 0
8309 0
8309 0
8309 0
8309 0
8309 0
8309 0
8309 0
8309 0
8309 0
8309 0
8309 1.57
8309 0
8309 0
8309 0
8309 0
8309 0
8309 0
8309 0
8309 0
8309 34.78
8309 0
8309 28.12
8309 0
8309 0
8309 30.09
8309 0
8309 0
8309 55.21
8309 0
8309 0
8309 0
8317 0
8317 0
8317 0
8317 0
8317 0
8317 0
8317 0
8317 0
8317 0
8317 0
8317 1.58
8317 0
8317 0
8317 0
8317 0
8317 0
8317 0
8317 0
8317 0
8317 0
8317 0
8317 1.57
8317 0
8317 0
8317 44.05
8317 0
8317 0
8317 0
8317 0
8317 0
8317 0
8352 0
8352 0
8352 0
8352 0
8352 0
8352 0
8352 0
8352 0
8352 0
8352 0
8352 1.58
8352 0
8352 0
8352 0
8352 0
8352 0
8352 0
8352 0
8352 0
8352 0
8352 0
8352 1.57
8352 0
8352 0
8352 44.05
8352 0
8352 0
8352 0
8352 0
8352 0
8352 0
8394 0
8394 0
8394 0
8394 0
8394 0
8394 0
8394 0
8394 0
8394 0
8394 0
8394 1.58
8394 0
8394 0
8394 0
8394 0
8394 0
8394 0
8394 0
8394 0
8394 0
8394 0
8394 1.57
8394 0
8394 0
8394 44.05
8394 0
8394 0
8394 0
8394 0
8394 0
8394 0
8426 0
8426 0
8426 0
8426 0
8426 0
8426 0
8426 0
8426 0
8426 0
8426 0
8426 1.58
8426 0
8426 0
8426 0
8426 0
8426 0
8426 0
8426 0
8426 0
8426 0
8426 0
8426 1.57
8426 0
8426 0
8426 44.05
8426 0
8426 0
8426 0
8426 0
8426 0
8426 0
8427 0
8427 0
8427 0
8427 0
8427 0
8427 0
8427 0
8427 0
8427 0
8427 0
8427 1.58
8427 0
8427 0
8427 0
8427 0
8427 0
8427 0
8427 0
8427 0
8427 0
8427 0
8427 1.57
8427 0
8427 0
8427 44.05
8427 0
8427 0
8427 0
8427 0
8427 0
8427 0
8434 0
8434 0
8434 0
8434 0
8434 0
8434 0
8434 0
8434 0
8434 0
8434 0
8434 1.58
8434 0
8434 0
8434 0
8434 0
8434 0
8434 0
8434 0
8434 0
8434 0
8434 0
8434 1.57
8434 0
8434 0
8434 44.05
8434 0
8434 0
8434 0
8434 0
8434 0
8434 0
8639 0
8639 0
8639 0
8639 0
8639 0
8639 0
8639 0
8639 0
8639 0
8639 0
8639 1.48
8639 0
8639 0
8639 0
8639 0
8639 0
8639 0
8639 0
8639 0
8639 27.57
8639 0
8639 1.65
8639 0
8639 0
8639 1.59
8639 0
8639 0
8639 42.99
8639 0
8639 0
8639 0
8734 0
8734 0
8734 0
8734 0
8734 0
8734 0
8734 0
8734 0
8734 0
8734 0
8734 1.48
8734 0
8734 0
8734 0
8734 0
8734 0
8734 0
8734 0
8734 0
8734 27.57
8734 0
8734 1.65
8734 0
8734 0
8734 1.59
8734 0
8734 0
8734 42.99
8734 0
8734 0
8734 0
8767 0
8767 0
8767 0
8767 0
8767 0
8767 0
8767 0
8767 0
8767 0
8767 0
8767 1.48
8767 0
8767 0
8767 0
8767 0
8767 0
8767 0
8767 0
8767 0
8767 27.57
8767 0
8767 1.65
8767 0
8767 0
8767 1.59
8767 0
8767 0
8767 42.99
8767 0
8767 0
8767 0
8789 0
8789 0
8789 0
8789 0
8789 0
8789 0
8789 0
8789 0
8789 0
8789 0
8789 1.49
8789 0
8789 0
8789 0
8789 0
8789 0
8789 0
8789 0
8789 0
8789 0
8789 0
8789 1.64
8789 0
8789 0
8789 1.55
8789 0
8789 0
8789 42.46
8789 0
8789 0
8789 0
8848 0
8848 0
8848 0
8848 0
8848 0
8848 0
8848 0
8848 0
8848 0
8848 0
8848 0.93
8848 0
8848 0
8848 0
8848 0
8848 0
8848 0
8848 0
8848 0
8848 35.86
8848 0
8848 0.83
8848 0
8848 0
8848 0.78
8848 0
8848 0
8848 40.48
8848 0
8848 0
8848 0
8864 0
8864 0
8864 0
8864 0
8864 0
8864 0
8864 0
8864 0
8864 0
8864 0
8864 1.48
8864 0
8864 0
8864 0
8864 0
8864 0
8864 0
8864 0
8864 0
8864 27.57
8864 0
8864 1.65
8864 0
8864 0
8864 1.59
8864 0
8864 0
8864 42.99
8864 0
8864 0
8864 0
8916 0
8916 0
8916 0
8916 0
8916 0
8916 0
8916 0
8916 0
8916 0
8916 0
8916 2.76
8916 0
8916 0
8916 0
8916 0
8916 0
8916 0
8916 0
8916 0
8916 0
8916 0
8916 1.56
8916 0
8916 0
8916 1.6
8916 0
8916 0
8916 0
8916 0
8916 0
8916 0
8957 0
8957 0
8957 0
8957 0
8957 0
8957 0
8957 0
8957 0
8957 0
8957 0
8957 1.47
8957 0
8957 0
8957 0
8957 0
8957 0
8957 0
8957 0
8957 0
8957 35.86
8957 0
8957 1.49
8957 0
8957 0
8957 1.48
8957 0
8957 0
8957 32.69
8957 0
8957 0
8957 0
8960 0
8960 0
8960 0
8960 0
8960 0
8960 0
8960 0
8960 0
8960 0
8960 0
8960 1.49
8960 0
8960 0
8960 0
8960 0
8960 0
8960 0
8960 0
8960 0
8960 0
8960 0
8960 1.64
8960 0
8960 0
8960 1.55
8960 0
8960 0
8960 42.46
8960 0
8960 0
8960 0
8966 0
8966 0
8966 0
8966 0
8966 0
8966 0
8966 0
8966 0
8966 0
8966 0
8966 1.48
8966 0
8966 0
8966 0
8966 0
8966 0
8966 0
8966 0
8966 0
8966 27.57
8966 0
8966 1.65
8966 0
8966 0
8966 1.59
8966 0
8966 0
8966 42.99
8966 0
8966 0
8966 0
9117 0
9117 0
9117 0
9117 0
9117 0
9117 0
9117 0
9117 0
9117 0
9117 0
9117 0.93
9117 0
9117 0
9117 0
9117 0
9117 0
9117 0
9117 0
9117 0
9117 35.86
9117 0
9117 0.83
9117 0
9117 0
9117 0.78
9117 0
9117 0
9117 40.48
9117 0
9117 0
9117 0
9122 0
9122 0
9122 0
9122 0
9122 0
9122 0
9122 0
9122 0
9122 0
9122 0
9122 2.76
9122 0
9122 0
9122 0
9122 0
9122 0
9122 0
9122 0
9122 0
9122 0
9122 0
9122 1.56
9122 0
9122 0
9122 1.6
9122 0
9122 0
9122 0
9122 0
9122 0
9122 0
9154 0
9154 0
9154 0
9154 0
9154 0
9154 0
9154 0
9154 0
9154 0
9154 0
9154 1.48
9154 0
9154 0
9154 0
9154 0
9154 0
9154 0
9154 0
9154 0
9154 27.57
9154 0
9154 1.65
9154 0
9154 0
9154 1.59
9154 0
9154 0
9154 42.99
9154 0
9154 0
9154 0
9201 0
9201 0
9201 0
9201 0
9201 0
9201 0
9201 0
9201 0
9201 0
9201 0
9201 2.76
9201 0
9201 0
9201 0
9201 0
9201 0
9201 0
9201 0
9201 0
9201 0
9201 0
9201 1.56
9201 0
9201 0
9201 1.6
9201 0
9201 0
9201 0
9201 0
9201 0
9201 0
9245 0
9245 0
9245 0
9245 0
9245 0
9245 0
9245 0
9245 0
9245 0
9245 0
9245 1.47
9245 0
9245 0
9245 0
9245 0
9245 0
9245 0
9245 0
9245 0
9245 35.86
9245 0
9245 1.49
9245 0
9245 0
9245 1.48
9245 0
9245 0
9245 32.69
9245 0
9245 0
9245 0
9311 0
9311 0
9311 0
9311 0
9311 0
9311 0
9311 0
9311 0
9311 0
9311 0
9311 0.94
9311 0
9311 0
9311 0
9311 0
9311 0
9311 0
9311 0
9311 0
9311 27.57
9311 0
9311 0.97
9311 0
9311 0
9311 0.94
9311 0
9311 0
9311 36.96
9311 0
9311 0
9311 0
9316 0
9316 0
9316 0
9316 0
9316 0
9316 0
9316 0
9316 0
9316 0
9316 0
9316 1.58
9316 0
9316 0
9316 0
9316 0
9316 0
9316 0
9316 0
9316 0
9316 31.76
9316 0
9316 1.88
9316 0
9316 0
9316 1.58
9316 0
9316 0
9316 37.64
9316 0
9316 0
9316 0
9335 0
9335 0
9335 0
9335 0
9335 0
9335 0
9335 0
9335 0
9335 0
9335 0
9335 1.47
9335 0
9335 0
9335 0
9335 0
9335 0
9335 0
9335 0
9335 0
9335 35.48
9335 0
9335 28.12
9335 0
9335 0
9335 34.97
9335 0
9335 0
9335 28.2
9335 0
9335 0
9335 0
9372 0
9372 0
9372 0
9372 0
9372 0
9372 0
9372 0
9372 0
9372 0
9372 0
9372 2.76
9372 0
9372 0
9372 0
9372 0
9372 0
9372 0
9372 0
9372 0
9372 0
9372 0
9372 1.56
9372 0
9372 0
9372 1.6
9372 0
9372 0
9372 0
9372 0
9372 0
9372 0
9404 0
9404 0
9404 0
9404 0
9404 0
9404 0
9404 0
9404 0
9404 0
9404 0
9404 0.94
9404 0
9404 0
9404 0
9404 0
9404 0
9404 0
9404 0
9404 0
9404 34.7
9404 0
9404 0.97
9404 0
9404 0
9404 0.89
9404 0
9404 0
9404 35.44
9404 0
9404 0
9404 0
9423 0
9423 0
9423 0
9423 0
9423 0
9423 0
9423 0
9423 0
9423 0
9423 0
9423 1.66
9423 0
9423 0
9423 0
9423 0
9423 0
9423 0
9423 0
9423 0
9423 0
9423 0
9423 33.26
9423 0
9423 0
9423 2.04
9423 0
9423 0
9423 0
9423 0
9423 0
9423 0
9481 0
9481 0
9481 0
9481 0
9481 0
9481 0
9481 0
9481 0
9481 0
9481 0
9481 1.58
9481 0
9481 0
9481 0
9481 0
9481 0
9481 0
9481 0
9481 0
9481 31.76
9481 0
9481 1.88
9481 0
9481 0
9481 1.58
9481 0
9481 0
9481 37.64
9481 0
9481 0
9481 0
9497 0
9497 0
9497 0
9497 0
9497 0
9497 0
9497 0
9497 0
9497 0
9497 0
9497 0.85
9497 0
9497 0
9497 0
9497 0
9497 0
9497 0
9497 0
9497 0
9497 35.48
9497 0
9497 0.73
9497 0
9497 0
9497 0.65
9497 0
9497 0
9497 28.2
9497 0
9497 0
9497 0
9507 0
9507 0
9507 0
9507 0
9507 0
9507 0
9507 0
9507 0
9507 0
9507 0
9507 1.48
9507 0
9507 0
9507 0
9507 0
9507 0
9507 0
9507 0
9507 0
9507 0
9507 0
9507 1.69
9507 0
9507 0
9507 1.69
9507 0
9507 0
9507 0
9507 0
9507 0
9507 0
9541 0
9541 0
9541 0
9541 0
9541 0
9541 0
9541 0
9541 0
9541 0
9541 0
9541 2.76
9541 0
9541 0
9541 0
9541 0
9541 0
9541 0
9541 0
9541 0
9541 0
9541 0
9541 1.56
9541 0
9541 0
9541 1.6
9541 0
9541 0
9541 0
9541 0
9541 0
9541 0
9590 0
9590 0
9590 0
9590 0
9590 0
9590 0
9590 0
9590 0
9590 0
9590 0
9590 0.74
9590 0
9590 0
9590 0
9590 0
9590 0
9590 0
9590 0
9590 0
9590 9.54
9590 0
9590 3.95
9590 0
9590 0
9590 1.52
9590 0
9590 0
9590 24.3
9590 0
9590 0
9590 0
9599 0
9599 0
9599 0
9599 0
9599 0
9599 0
9599 0
9599 0
9599 0
9599 0
9599 1.48
9599 0
9599 0
9599 0
9599 0
9599 0
9599 0
9599 0
9599 0
9599 34.7
9599 0
9599 1.64
9599 0
9599 0
9599 1.6
9599 0
9599 0
9599 35.44
9599 0
9599 0
9599 0
9656 0
9656 0
9656 0
9656 0
9656 0
9656 0
9656 0
9656 0
9656 0
9656 0
9656 2.76
9656 0
9656 0
9656 0
9656 0
9656 0
9656 0
9656 0
9656 0
9656 0
9656 0
9656 1.56
9656 0
9656 0
9656 1.6
9656 0
9656 0
9656 0
9656 0
9656 0
9656 0
9685 0
9685 0
9685 0
9685 0
9685 0
9685 0
9685 0
9685 0
9685 0
9685 0
9685 0.9
9685 0
9685 0
9685 0
9685 0
9685 0
9685 0
9685 0
9685 0
9685 35.28
9685 0
9685 1.15
9685 0
9685 0
9685 0.94
9685 0
9685 0
9685 31.45
9685 0
9685 0
9685 0
9717 0
9717 0
9717 0
9717 0
9717 0
9717 0
9717 0
9717 0
9717 0
9717 0
9717 1.49
9717 0
9717 0
9717 0
9717 0
9717 0
9717 0
9717 0
9717 0
9717 47.36
9717 0
9717 1.65
9717 0
9717 0
9717 1.59
9717 0
9717 0
9717 38.53
9717 0
9717 0
9717 0
9741 0
9741 0
9741 0
9741 0
9741 0
9741 0
9741 0
9741 0
9741 0
9741 0
9741 0.75
9741 0
9741 0
9741 0
9741 0
9741 0
9741 0
9741 0
9741 0
9741 0
9741 0
9741 0.8
9741 0
9741 0
9741 0.72
9741 0
9741 0
9741 0
9741 0
9741 0
9741 0
9766 0
9766 0
9766 0
9766 0
9766 0
9766 0
9766 0
9766 0
9766 0
9766 0
9766 1.56
9766 0
9766 0
9766 0
9766 0
9766 0
9766 0
9766 0
9766 0
9766 52.82
9766 0
9766 2.01
9766 0
9766 0
9766 0.53
9766 0
9766 0
9766 43.54
9766 0
9766 0
9766 0
9808 0
9808 0
9808 0
9808 0
9808 0
9808 0
9808 0
9808 0
9808 0
9808 0
9808 1.47
9808 0
9808 0
9808 0
9808 0
9808 0
9808 0
9808 0
9808 0
9808 35.48
9808 0
9808 28.12
9808 0
9808 0
9808 34.97
9808 0
9808 0
9808 28.2
9808 0
9808 0
9808 0
9813 0
9813 0
9813 0
9813 0
9813 0
9813 0
9813 0
9813 0
9813 0
9813 0
9813 2.76
9813 0
9813 0
9813 0
9813 0
9813 0
9813 0
9813 0
9813 0
9813 0
9813 0
9813 1.56
9813 0
9813 0
9813 1.6
9813 0
9813 0
9813 0
9813 0
9813 0
9813 0
9858 0
9858 0
9858 0
9858 0
9858 0
9858 0
9858 0
9858 0
9858 0
9858 0
9858 0.6
9858 0
9858 0
9858 0
9858 0
9858 0
9858 0
9858 0
9858 0
9858 31.76
9858 0
9858 0.53
9858 0
9858 0
9858 0.52
9858 0
9858 0
9858 37.64
9858 0
9858 0
9858 0
9874 0
9874 0
9874 0
9874 0
9874 0
9874 0
9874 0
9874 0
9874 0
9874 0
9874 1.6
9874 0
9874 0
9874 0
9874 0
9874 0
9874 0
9874 0
9874 0
9874 0
9874 0
9874 27.07
9874 0
9874 0
9874 27.07
9874 0
9874 0
9874 0
9874 0
9874 0
9874 0
9896 0
9896 0
9896 0
9896 0
9896 0
9896 0
9896 0
9896 0
9896 0
9896 0
9896 2.76
9896 0
9896 0
9896 0
9896 0
9896 0
9896 0
9896 0
9896 0
9896 0
9896 0
9896 1.56
9896 0
9896 0
9896 1.6
9896 0
9896 0
9896 0
9896 0
9896 0
9896 0
9914 0
9914 0
9914 0
9914 0
9914 0
9914 0
9914 0
9914 0
9914 0
9914 0
9914 0.55
9914 0
9914 0
9914 0
9914 0
9914 0
9914 0
9914 0
9914 0
9914 0
9914 0
9914 0.72
9914 0
9914 0
9914 0.7
9914 0
9914 0
9914 0
9914 0
9914 0
9914 0
9971 0
9971 0
9971 0
9971 0
9971 0
9971 0
9971 0
9971 0
9971 0
9971 0
9971 28.12
9971 0
9971 0
9971 0
9971 0
9971 0
9971 0
9971 0
9971 0
9971 0
9971 0
9971 2.14
9971 0
9971 0
9971 1.69
9971 0
9971 0
9971 0
9971 0
9971 0
9971 0
9975 0
9975 0
9975 0
9975 0
9975 0
9975 0
9975 0
9975 0
9975 0
9975 0
9975 0.92
9975 0
9975 0
9975 0
9975 0
9975 0
9975 0
9975 0
9975 0
9975 0
9975 0
9975 1.05
9975 0
9975 0
9975 0.97
9975 0
9975 0
9975 0
9975 0
9975 0
9975 0
10093 0
10093 0
10093 0
10093 0
10093 0
10093 0
10093 0
10093 0
10093 0
10093 0
10093 28.12
10093 0
10093 0
10093 0
10093 0
10093 0
10093 0
10093 0
10093 0
10093 0
10093 0
10093 2.14
10093 0
10093 0
10093 1.69
10093 0
10093 0
10093 0
10093 0
10093 0
10093 0
10182 0
10182 0
10182 0
10182 0
10182 0
10182 0
10182 0
10182 0
10182 0
10182 0
10182 0.91
10182 0
10182 0
10182 0
10182 0
10182 0
10182 0
10182 0
10182 0
10182 0
10182 0
10182 1.07
10182 0
10182 0
10182 0.98
10182 0
10182 0
10182 0
10182 0
10182 0
10182 0
10217 0
10217 0
10217 0
10217 0
10217 0
10217 0
10217 0
10217 0
10217 0
10217 0
10217 28.12
10217 0
10217 0
10217 0
10217 0
10217 0
10217 0
10217 0
10217 0
10217 0
10217 0
10217 2.14
10217 0
10217 0
10217 1.69
10217 0
10217 0
10217 0
10217 0
10217 0
10217 0
10222 0
10222 0
10222 0
10222 0
10222 0
10222 0
10222 0
10222 0
10222 0
10222 0
10222 28.12
10222 0
10222 0
10222 0
10222 0
10222 0
10222 0
10222 0
10222 0
10222 0
10222 0
10222 2.14
10222 0
10222 0
10222 1.69
10222 0
10222 0
10222 0
10222 0
10222 0
10222 0
10309 0
10309 0
10309 0
10309 0
10309 0
10309 0
10309 0
10309 0
10309 0
10309 0
10309 1.66
10309 0
10309 0
10309 0
10309 0
10309 0
10309 0
10309 0
10309 0
10309 0
10309 0
10309 33.26
10309 0
10309 0
10309 2.04
10309 0
10309 0
10309 0
10309 0
10309 0
10309 0
10344 0
10344 0
10344 0
10344 0
10344 0
10344 0
10344 0
10344 0
10344 0
10344 0
10344 28.12
10344 0
10344 0
10344 0
10344 0
10344 0
10344 0
10344 0
10344 0
10344 0
10344 0
10344 2.14
10344 0
10344 0
10344 1.69
10344 0
10344 0
10344 0
10344 0
10344 0
10344 0
10399 0
10399 0
10399 0
10399 0
10399 0
10399 0
10399 0
10399 0
10399 0
10399 0
10399 28.12
10399 0
10399 0
10399 0
10399 0
10399 0
10399 0
10399 0
10399 0
10399 0
10399 0
10399 2.14
10399 0
10399 0
10399 1.69
10399 0
10399 0
10399 0
10399 0
10399 0
10399 0
10492 0
10492 0
10492 0
10492 0
10492 0
10492 0
10492 0
10492 0
10492 0
10492 0
10492 28.12
10492 0
10492 0
10492 0
10492 0
10492 0
10492 0
10492 0
10492 0
10492 0
10492 0
10492 2.14
10492 0
10492 0
10492 1.69
10492 0
10492 0
10492 0
10492 0
10492 0
10492 0
