pt_graph shape
330 0
330 0
330 0
330 0
330 0
330 0
330 0
330 0
330 27.37
330 0
330 0
330 0
330 0
330 0
330 0
330 0
330 0
330 0
330 6.76
330 0
330 0
330 0
330 1.02
330 0
330 0
330 0
330 0
330 0
330 0
330 0
330 0
352 0
352 0
352 0
352 0
352 0
352 0
352 0
352 0
352 2.98
352 0
352 0
352 0
352 32.24
352 0
352 0
352 0
352 0
352 0
352 3.21
352 0
352 0
352 0
352 1.4
352 0
352 0
352 0
352 0
352 0
352 0
352 0
352 0
357 0
357 0
357 0
357 0
357 0
357 0
357 0
357 0
357 24.26
357 0
357 0
357 0
357 0
357 0
357 0
357 0
357 0
357 0
357 1.57
357 0
357 0
357 0
357 1.62
357 0
357 0
357 0
357 0
357 0
357 0
357 0
357 0
364 0
364 0
364 0
364 0
364 0
364 0
364 0
364 0
364 2.48
364 0
364 0
364 0
364 32.24
364 0
364 0
364 0
364 0
364 0
364 3.24
364 0
364 0
364 0
364 0.78
364 0
364 0
364 0
364 0
364 0
364 0
364 0
364 0
6396 0
6396 0
6396 0
6396 0
6396 0
6396 0
6396 0
6396 0
6396 0
6396 0
6396 36.48
6396 0
6396 0
6396 0
6396 0
6396 0
6396 0
6396 0
6396 0
6396 1.71
6396 0
6396 0
6396 0
6396 0
6396 26.11
6396 0
6396 0
6396 0
6396 0
6396 0
6396 0
6399 0
6399 0
6399 0
6399 0
6399 0
6399 0
6399 0
6399 0
6399 0
6399 0
6399 44.17
6399 0
6399 0
6399 0
6399 0
6399 0
6399 0
6399 0
6399 0
6399 0.76
6399 0
6399 0
6399 0
6399 0
6399 43.77
6399 0
6399 0
6399 0
6399 0
6399 0
6399 0
6585 0
6585 0
6585 0
6585 0
6585 0
6585 0
6585 0
6585 0
6585 0
6585 0
6585 60.07
6585 0
6585 0
6585 0
6585 0
6585 0
6585 0
6585 0
6585 0
6585 0.98
6585 0
6585 0
6585 0
6585 0
6585 1.12
6585 0
6585 0
6585 0
6585 0
6585 0
6585 0
6616 0
6616 0
6616 0
6616 0
6616 0
6616 0
6616 0
6616 0
6616 0
6616 0
6616 1.68
6616 0
6616 0
6616 0
6616 0
6616 0
6616 0
6616 0
6616 0
6616 1.9
6616 0
6616 0
6616 0
6616 0
6616 26.22
6616 0
6616 0
6616 34.7
6616 0
6616 0
6616 0
6630 0
6630 0
6630 0
6630 0
6630 0
6630 0
6630 0
6630 0
6630 0
6630 0
6630 1.68
6630 0
6630 0
6630 0
6630 0
6630 0
6630 0
6630 0
6630 0
6630 29.09
6630 0
6630 0
6630 0
6630 0
6630 32.87
6630 0
6630 0
6630 32.87
6630 0
6630 0
6630 0
6697 0
6697 0
6697 0
6697 0
6697 0
6697 0
6697 0
6697 0
6697 0
6697 0
6697 0.72
6697 0
6697 0
6697 0
6697 0
6697 0
6697 0
6697 0
6697 0
6697 3.41
6697 0
6697 0
6697 0
6697 0
6697 1.9
6697 0
6697 0
6697 43.6
6697 0
6697 0
6697 0
6705 0
6705 0
6705 0
6705 0
6705 0
6705 0
6705 0
6705 0
6705 0
6705 0
6705 0.97
6705 0
6705 0
6705 0
6705 0
6705 0
6705 0
6705 0
6705 0
6705 1.01
6705 0
6705 0
6705 0
6705 0
6705 1.14
6705 0
6705 0
6705 40.73
6705 0
6705 0
6705 0
6747 0
6747 0
6747 0
6747 0
6747 0
6747 0
6747 0
6747 0
6747 0
6747 0
6747 1.06
6747 0
6747 0
6747 0
6747 0
6747 0
6747 0
6747 0
6747 0
6747 2.49
6747 0
6747 0
6747 0
6747 0
6747 4.44
6747 0
6747 0
6747 78.75
6747 0
6747 0
6747 0
6791 0
6791 0
6791 0
6791 0
6791 0
6791 0
6791 0
6791 0
6791 0
6791 0
6791 1.68
6791 0
6791 0
6791 0
6791 0
6791 0
6791 0
6791 0
6791 0
6791 29.09
6791 0
6791 0
6791 0
6791 0
6791 32.87
6791 0
6791 0
6791 32.87
6791 0
6791 0
6791 0
6801 0
6801 0
6801 0
6801 0
6801 0
6801 0
6801 0
6801 0
6801 0
6801 0
6801 1.68
6801 0
6801 0
6801 0
6801 0
6801 0
6801 0
6801 0
6801 0
6801 29.09
6801 0
6801 0
6801 0
6801 0
6801 32.87
6801 0
6801 0
6801 32.87
6801 0
6801 0
6801 0
6891 0
6891 0
6891 0
6891 0
6891 0
6891 0
6891 0
6891 0
6891 0
6891 0
6891 67.82
6891 0
6891 0
6891 0
6891 0
6891 0
6891 0
6891 0
6891 0
6891 0.75
6891 0
6891 0
6891 0
6891 0
6891 45.51
6891 0
6891 0
6891 0
6891 0
6891 0
6891 0
6929 0
6929 0
6929 0
6929 0
6929 0
6929 0
6929 0
6929 0
6929 0
6929 0
6929 29.75
6929 0
6929 0
6929 0
6929 0
6929 0
6929 0
6929 0
6929 0
6929 1.62
6929 0
6929 0
6929 0
6929 0
6929 28.2
6929 0
6929 0
6929 0
6929 0
6929 0
6929 0
6952 0
6952 0
6952 0
6952 0
6952 0
6952 0
6952 0
6952 0
6952 0
6952 0
6952 0.52
6952 0
6952 0
6952 0
6952 0
6952 0
6952 0
6952 0
6952 0
6952 0.82
6952 0
6952 0
6952 0
6952 0
6952 28.2
6952 0
6952 0
6952 0
6952 0
6952 0
6952 0
6982 0
6982 0
6982 0
6982 0
6982 0
6982 0
6982 0
6982 0
6982 0
6982 0
6982 0.52
6982 0
6982 0
6982 0
6982 0
6982 0
6982 0
6982 0
6982 0
6982 0.82
6982 0
6982 0
6982 0
6982 0
6982 28.2
6982 0
6982 0
6982 0
6982 0
6982 0
6982 0
7165 0
7165 0
7165 0
7165 0
7165 0
7165 0
7165 0
7165 0
7165 0
7165 0
7165 1.47
7165 0
7165 0
7165 0
7165 0
7165 0
7165 0
7165 0
7165 0
7165 3.89
7165 0
7165 0
7165 0
7165 0
7165 0
7165 0
7165 0
7165 0
7165 0
7165 0
7165 0
7190 0
7190 0
7190 0
7190 0
7190 0
7190 0
7190 0
7190 0
7190 0
7190 0
7190 1.47
7190 0
7190 0
7190 0
7190 0
7190 0
7190 0
7190 0
7190 0
7190 3.89
7190 0
7190 0
7190 0
7190 0
7190 0
7190 0
7190 0
7190 0
7190 0
7190 0
7190 0
7707 0
7707 0
7707 0
7707 0
7707 0
7707 0
7707 0
7707 0
7707 0
7707 0
7707 1.65
7707 0
7707 0
7707 0
7707 0
7707 0
7707 0
7707 0
7707 0
7707 1.56
7707 0
7707 0
7707 0
7707 0
7707 37.53
7707 0
7707 0
7707 0
7707 0
7707 0
7707 0
7711 0
7711 0
7711 0
7711 0
7711 0
7711 0
7711 0
7711 0
7711 0
7711 0
7711 35.49
7711 0
7711 0
7711 0
7711 0
7711 0
7711 0
7711 0
7711 0
7711 42.14
7711 0
7711 0
7711 0
7711 0
7711 40.43
7711 0
7711 0
7711 0
7711 0
7711 0
7711 0
7748 0
7748 0
7748 0
7748 0
7748 0
7748 0
7748 0
7748 0
7748 0
7748 0
7748 1.59
7748 0
7748 0
7748 0
7748 0
7748 0
7748 0
7748 0
7748 0
7748 1.59
7748 0
7748 0
7748 0
7748 0
7748 36.95
7748 0
7748 0
7748 39.7
7748 0
7748 0
7748 0
7863 0
7863 0
7863 0
7863 0
7863 0
7863 0
7863 0
7863 0
7863 0
7863 0
7863 1.48
7863 0
7863 0
7863 0
7863 0
7863 0
7863 0
7863 0
7863 0
7863 2.3
7863 0
7863 0
7863 0
7863 0
7863 7.87
7863 0
7863 0
7863 27.82
7863 0
7863 0
7863 0
7909 0
7909 0
7909 0
7909 0
7909 0
7909 0
7909 0
7909 0
7909 0
7909 0
7909 0.86
7909 0
7909 0
7909 0
7909 0
7909 0
7909 0
7909 0
7909 0
7909 1.68
7909 0
7909 0
7909 0
7909 0
7909 8.44
7909 0
7909 0
7909 27.82
7909 0
7909 0
7909 0
7926 0
7926 0
7926 0
7926 0
7926 0
7926 0
7926 0
7926 0
7926 0
7926 0
7926 0.57
7926 0
7926 0
7926 0
7926 0
7926 0
7926 0
7926 0
7926 0
7926 1.73
7926 0
7926 0
7926 0
7926 0
7926 40.96
7926 0
7926 0
7926 55.83
7926 0
7926 0
7926 0
7972 0
7972 0
7972 0
7972 0
7972 0
7972 0
7972 0
7972 0
7972 0
7972 0
7972 0.69
7972 0
7972 0
7972 0
7972 0
7972 0
7972 0
7972 0
7972 0
7972 0.71
7972 0
7972 0
7972 0
7972 0
7972 12.99
7972 0
7972 0
7972 55.83
7972 0
7972 0
7972 0
8026 0
8026 0
8026 0
8026 0
8026 0
8026 0
8026 0
8026 0
8026 0
8026 0
8026 0.63
8026 0
8026 0
8026 0
8026 0
8026 0
8026 0
8026 0
8026 0
8026 3.02
8026 0
8026 0
8026 0
8026 0
8026 34.7
8026 0
8026 0
8026 29.81
8026 0
8026 0
8026 0
8056 0
8056 0
8056 0
8056 0
8056 0
8056 0
8056 0
8056 0
8056 0
8056 0
8056 1.57
8056 0
8056 0
8056 0
8056 0
8056 0
8056 0
8056 0
8056 0
8056 34.08
8056 0
8056 0
8056 0
8056 0
8056 28.93
8056 0
8056 0
8056 0
8056 0
8056 0
8056 0
