pt_graph cpue_kghour
7664 0
7664 0
7664 0
7664 0
7664 0
7664 0
7664 0
7664 0
7664 0
7664 0
7664 653
7664 0
7664 0
7664 0
7664 0
7664 0
7664 0
7664 0
7664 0
7664 6
7664 0
7664 125
7664 0
7664 0
7664 105
7664 0
7664 0
7664 18
7664 0
7664 0
7664 0
7678 0
7678 0
7678 0
7678 0
7678 0
7678 0
7678 0
7678 0
7678 0
7678 0
7678 653
7678 0
7678 0
7678 0
7678 0
7678 0
7678 0
7678 0
7678 0
7678 6
7678 0
7678 125
7678 0
7678 0
7678 105
7678 0
7678 0
7678 18
7678 0
7678 0
7678 0
7711 0
7711 0
7711 0
7711 0
7711 0
7711 0
7711 0
7711 0
7711 0
7711 0
7711 251
7711 0
7711 0
7711 0
7711 0
7711 0
7711 0
7711 0
7711 0
7711 2
7711 0
7711 0
7711 0
7711 0
7711 0
7711 0
7711 0
7711 0
7711 0
7711 0
7711 0
7713 0
7713 0
7713 0
7713 0
7713 0
7713 0
7713 0
7713 0
7713 0
7713 0
7713 251
7713 0
7713 0
7713 0
7713 0
7713 0
7713 0
7713 0
7713 0
7713 2
7713 0
7713 0
7713 0
7713 0
7713 0
7713 0
7713 0
7713 0
7713 0
7713 0
7713 0
7759 0
7759 0
7759 0
7759 0
7759 0
7759 0
7759 0
7759 0
7759 0
7759 0
7759 251
7759 0
7759 0
7759 0
7759 0
7759 0
7759 0
7759 0
7759 0
7759 2
7759 0
7759 0
7759 0
7759 0
7759 0
7759 0
7759 0
7759 0
7759 0
7759 0
7759 0
7775 0
7775 0
7775 0
7775 0
7775 0
7775 0
7775 0
7775 0
7775 0
7775 0
7775 251
7775 0
7775 0
7775 0
7775 0
7775 0
7775 0
7775 0
7775 0
7775 2
7775 0
7775 0
7775 0
7775 0
7775 0
7775 0
7775 0
7775 0
7775 0
7775 0
7775 0
8002 0
8002 0
8002 0
8002 0
8002 0
8002 0
8002 0
8002 0
8002 0
8002 0
8002 3802
8002 0
8002 0
8002 0
8002 4
8002 0
8002 0
8002 0
8002 0
8002 3
8002 0
8002 410
8002 0
8002 0
8002 79
8002 0
8002 0
8002 0
8002 0
8002 0
8002 0
8365 0
8365 0
8365 0
8365 0
8365 0
8365 0
8365 0
8365 0
8365 0
8365 0
8365 210
8365 0
8365 0
8365 0
8365 2
8365 0
8365 0
8365 0
8365 0
8365 0
8365 0
8365 12
8365 0
8365 0
8365 0
8365 0
8365 0
8365 1
8365 0
8365 0
8365 0
8411 0
8411 0
8411 0
8411 0
8411 0
8411 0
8411 0
8411 0
8411 0
8411 0
8411 210
8411 0
8411 0
8411 0
8411 2
8411 0
8411 0
8411 0
8411 0
8411 0
8411 0
8411 12
8411 0
8411 0
8411 0
8411 0
8411 0
8411 1
8411 0
8411 0
8411 0
8426 0
8426 0
8426 0
8426 0
8426 0
8426 0
8426 0
8426 0
8426 0
8426 0
8426 222
8426 0
8426 0
8426 0
8426 0
8426 0
8426 0
8426 0
8426 0
8426 0
8426 0
8426 25
8426 0
8426 0
8426 29
8426 0
8426 0
8426 0
8426 0
8426 0
8426 0
8492 0
8492 0
8492 0
8492 0
8492 0
8492 0
8492 0
8492 0
8492 0
8492 0
8492 381
8492 0
8492 0
8492 0
8492 1
8492 0
8492 0
8492 0
8492 0
8492 0
8492 0
8492 6
8492 0
8492 0
8492 3
8492 0
8492 0
8492 0
8492 0
8492 0
8492 0
8510 0
8510 0
8510 0
8510 0
8510 0
8510 0
8510 0
8510 0
8510 0
8510 0
8510 222
8510 0
8510 0
8510 0
8510 0
8510 0
8510 0
8510 0
8510 0
8510 0
8510 0
8510 25
8510 0
8510 0
8510 29
8510 0
8510 0
8510 0
8510 0
8510 0
8510 0
8570 0
8570 0
8570 0
8570 0
8570 0
8570 0
8570 0
8570 0
8570 0
8570 0
8570 584
8570 0
8570 0
8570 0
8570 0
8570 0
8570 0
8570 0
8570 0
8570 0
8570 0
8570 0
8570 0
8570 0
8570 4
8570 0
8570 0
8570 0
8570 0
8570 0
8570 0
8578 0
8578 0
8578 0
8578 0
8578 0
8578 0
8578 0
8578 0
8578 0
8578 0
8578 222
8578 0
8578 0
8578 0
8578 0
8578 0
8578 0
8578 0
8578 0
8578 0
8578 0
8578 25
8578 0
8578 0
8578 29
8578 0
8578 0
8578 0
8578 0
8578 0
8578 0
8584 0
8584 0
8584 0
8584 0
8584 0
8584 0
8584 0
8584 0
8584 0
8584 0
8584 553
8584 0
8584 0
8584 0
8584 0
8584 0
8584 0
8584 0
8584 0
8584 0
8584 0
8584 0
8584 0
8584 0
8584 6
8584 0
8584 0
8584 0
8584 0
8584 0
8584 0
8600 0
8600 0
8600 0
8600 0
8600 0
8600 0
8600 0
8600 0
8600 0
8600 0
8600 210
8600 0
8600 0
8600 0
8600 2
8600 0
8600 0
8600 0
8600 0
8600 0
8600 0
8600 12
8600 0
8600 0
8600 0
8600 0
8600 0
8600 1
8600 0
8600 0
8600 0
8623 0
8623 0
8623 0
8623 0
8623 0
8623 0
8623 0
8623 0
8623 0
8623 0
8623 416
8623 0
8623 0
8623 0
8623 0
8623 0
8623 0
8623 0
8623 0
8623 0
8623 0
8623 0
8623 0
8623 0
8623 3
8623 0
8623 0
8623 0
8623 0
8623 0
8623 0
8663 0
8663 0
8663 0
8663 0
8663 0
8663 0
8663 0
8663 0
8663 0
8663 0
8663 453
8663 0
8663 0
8663 0
8663 0
8663 0
8663 0
8663 0
8663 0
8663 0
8663 0
8663 8
8663 0
8663 0
8663 13
8663 0
8663 0
8663 0
8663 0
8663 0
8663 0
8674 0
8674 0
8674 0
8674 0
8674 0
8674 0
8674 0
8674 0
8674 0
8674 0
8674 422
8674 0
8674 0
8674 0
8674 1
8674 0
8674 0
8674 0
8674 0
8674 0
8674 0
8674 4
8674 0
8674 0
8674 8
8674 0
8674 0
8674 0
8674 0
8674 0
8674 0
8685 0
8685 0
8685 0
8685 0
8685 0
8685 0
8685 0
8685 0
8685 0
8685 0
8685 222
8685 0
8685 0
8685 0
8685 0
8685 0
8685 0
8685 0
8685 0
8685 0
8685 0
8685 25
8685 0
8685 0
8685 29
8685 0
8685 0
8685 0
8685 0
8685 0
8685 0
8714 0
8714 0
8714 0
8714 0
8714 0
8714 0
8714 0
8714 0
8714 0
8714 0
8714 553
8714 0
8714 0
8714 0
8714 0
8714 0
8714 0
8714 0
8714 0
8714 0
8714 0
8714 0
8714 0
8714 0
8714 6
8714 0
8714 0
8714 0
8714 0
8714 0
8714 0
8737 0
8737 0
8737 0
8737 0
8737 0
8737 0
8737 0
8737 0
8737 0
8737 0
8737 509
8737 0
8737 0
8737 0
8737 0
8737 0
8737 0
8737 0
8737 0
8737 0
8737 0
8737 0
8737 0
8737 0
8737 2
8737 0
8737 0
8737 0
8737 0
8737 0
8737 0
8765 0
8765 0
8765 0
8765 0
8765 0
8765 0
8765 0
8765 0
8765 0
8765 0
8765 432
8765 0
8765 0
8765 0
8765 0
8765 0
8765 0
8765 0
8765 0
8765 0
8765 0
8765 0
8765 0
8765 0
8765 2
8765 0
8765 0
8765 0
8765 0
8765 0
8765 0
8771 0
8771 0
8771 0
8771 0
8771 0
8771 0
8771 0
8771 0
8771 0
8771 0
8771 553
8771 0
8771 0
8771 0
8771 0
8771 0
8771 0
8771 0
8771 0
8771 0
8771 0
8771 0
8771 0
8771 0
8771 6
8771 0
8771 0
8771 0
8771 0
8771 0
8771 0
8813 0
8813 0
8813 0
8813 0
8813 0
8813 0
8813 0
8813 0
8813 0
8813 0
8813 216
8813 0
8813 0
8813 0
8813 1
8813 0
8813 0
8813 0
8813 0
8813 0
8813 0
8813 18
8813 0
8813 0
8813 15
8813 0
8813 0
8813 0
8813 0
8813 0
8813 0
8842 0
8842 0
8842 0
8842 0
8842 0
8842 0
8842 0
8842 0
8842 0
8842 0
8842 584
8842 0
8842 0
8842 0
8842 0
8842 0
8842 0
8842 0
8842 0
8842 0
8842 0
8842 0
8842 0
8842 0
8842 4
8842 0
8842 0
8842 0
8842 0
8842 0
8842 0
8853 0
8853 0
8853 0
8853 0
8853 0
8853 0
8853 0
8853 0
8853 0
8853 0
8853 584
8853 0
8853 0
8853 0
8853 0
8853 0
8853 0
8853 0
8853 0
8853 0
8853 0
8853 0
8853 0
8853 0
8853 4
8853 0
8853 0
8853 0
8853 0
8853 0
8853 0
8863 0
8863 0
8863 0
8863 0
8863 0
8863 0
8863 0
8863 0
8863 0
8863 0
8863 359
8863 0
8863 0
8863 0
8863 0
8863 0
8863 0
8863 0
8863 0
8863 0
8863 0
8863 0
8863 0
8863 0
8863 0
8863 0
8863 0
8863 0
8863 0
8863 0
8863 0
8875 0
8875 0
8875 0
8875 0
8875 0
8875 0
8875 0
8875 0
8875 0
8875 0
8875 314
8875 0
8875 0
8875 0
8875 0
8875 0
8875 0
8875 0
8875 0
8875 0
8875 0
8875 0
8875 0
8875 0
8875 0
8875 0
8875 0
8875 0
8875 0
8875 0
8875 0
8910 0
8910 0
8910 0
8910 0
8910 0
8910 0
8910 0
8910 0
8910 0
8910 0
8910 584
8910 0
8910 0
8910 0
8910 0
8910 0
8910 0
8910 0
8910 0
8910 0
8910 0
8910 0
8910 0
8910 0
8910 4
8910 0
8910 0
8910 0
8910 0
8910 0
8910 0
8914 0
8914 0
8914 0
8914 0
8914 0
8914 0
8914 0
8914 0
8914 0
8914 0
8914 359
8914 0
8914 0
8914 0
8914 0
8914 0
8914 0
8914 0
8914 0
8914 0
8914 0
8914 0
8914 0
8914 0
8914 0
8914 0
8914 0
8914 0
8914 0
8914 0
8914 0
8927 0
8927 0
8927 0
8927 0
8927 0
8927 0
8927 0
8927 0
8927 0
8927 0
8927 210
8927 0
8927 0
8927 0
8927 2
8927 0
8927 0
8927 0
8927 0
8927 0
8927 0
8927 12
8927 0
8927 0
8927 0
8927 0
8927 0
8927 1
8927 0
8927 0
8927 0
8936 0
8936 0
8936 0
8936 0
8936 0
8936 0
8936 0
8936 0
8936 0
8936 0
8936 553
8936 0
8936 0
8936 0
8936 0
8936 0
8936 0
8936 0
8936 0
8936 0
8936 0
8936 0
8936 0
8936 0
8936 6
8936 0
8936 0
8936 0
8936 0
8936 0
8936 0
8976 0
8976 0
8976 0
8976 0
8976 0
8976 0
8976 0
8976 0
8976 0
8976 0
8976 319
8976 0
8976 0
8976 0
8976 0
8976 0
8976 0
8976 0
8976 0
8976 0
8976 0
8976 0
8976 0
8976 0
8976 0
8976 0
8976 0
8976 0
8976 0
8976 0
8976 0
8980 0
8980 0
8980 0
8980 0
8980 0
8980 0
8980 0
8980 0
8980 0
8980 0
8980 181
8980 0
8980 0
8980 0
8980 1
8980 0
8980 0
8980 0
8980 0
8980 0
8980 0
8980 6
8980 0
8980 0
8980 0
8980 0
8980 0
8980 0
8980 0
8980 0
8980 0
9001 0
9001 0
9001 0
9001 0
9001 0
9001 0
9001 0
9001 0
9001 0
9001 0
9001 503
9001 0
9001 0
9001 0
9001 0
9001 0
9001 0
9001 0
9001 0
9001 0
9001 0
9001 0
9001 0
9001 0
9001 18
9001 0
9001 0
9001 0
9001 0
9001 0
9001 0
9032 0
9032 0
9032 0
9032 0
9032 0
9032 0
9032 0
9032 0
9032 0
9032 0
9032 153
9032 0
9032 0
9032 0
9032 0
9032 0
9032 0
9032 0
9032 0
9032 0
9032 0
9032 0
9032 0
9032 0
9032 0
9032 0
9032 0
9032 0
9032 0
9032 0
9032 0
9042 0
9042 0
9042 0
9042 0
9042 0
9042 0
9042 0
9042 0
9042 0
9042 0
9042 214
9042 0
9042 0
9042 0
9042 0
9042 0
9042 0
9042 0
9042 0
9042 0
9042 0
9042 24
9042 0
9042 0
9042 28
9042 0
9042 0
9042 0
9042 0
9042 0
9042 0
9057 0
9057 0
9057 0
9057 0
9057 0
9057 0
9057 0
9057 0
9057 0
9057 0
9057 153
9057 0
9057 0
9057 0
9057 0
9057 0
9057 0
9057 0
9057 0
9057 0
9057 0
9057 0
9057 0
9057 0
9057 0
9057 0
9057 0
9057 0
9057 0
9057 0
9057 0
9075 0
9075 0
9075 0
9075 0
9075 0
9075 0
9075 0
9075 0
9075 0
9075 0
9075 486
9075 0
9075 0
9075 0
9075 0
9075 0
9075 0
9075 0
9075 0
9075 0
9075 0
9075 0
9075 0
9075 0
9075 18
9075 0
9075 0
9075 0
9075 0
9075 0
9075 0
9087 0
9087 0
9087 0
9087 0
9087 0
9087 0
9087 0
9087 0
9087 0
9087 0
9087 359
9087 0
9087 0
9087 0
9087 0
9087 0
9087 0
9087 0
9087 0
9087 0
9087 0
9087 0
9087 0
9087 0
9087 0
9087 0
9087 0
9087 0
9087 0
9087 0
9087 0
9122 0
9122 0
9122 0
9122 0
9122 0
9122 0
9122 0
9122 0
9122 0
9122 0
9122 153
9122 0
9122 0
9122 0
9122 0
9122 0
9122 0
9122 0
9122 0
9122 0
9122 0
9122 0
9122 0
9122 0
9122 0
9122 0
9122 0
9122 0
9122 0
9122 0
9122 0
9130 0
9130 0
9130 0
9130 0
9130 0
9130 0
9130 0
9130 0
9130 0
9130 0
9130 153
9130 0
9130 0
9130 0
9130 0
9130 0
9130 0
9130 0
9130 0
9130 0
9130 0
9130 0
9130 0
9130 0
9130 0
9130 0
9130 0
9130 0
9130 0
9130 0
9130 0
9136 0
9136 0
9136 0
9136 0
9136 0
9136 0
9136 0
9136 0
9136 0
9136 0
9136 431
9136 0
9136 0
9136 0
9136 0
9136 0
9136 0
9136 0
9136 0
9136 0
9136 0
9136 0
9136 0
9136 0
9136 9
9136 0
9136 0
9136 0
9136 0
9136 0
9136 0
9142 0
9142 0
9142 0
9142 0
9142 0
9142 0
9142 0
9142 0
9142 0
9142 0
9142 181
9142 0
9142 0
9142 0
9142 1
9142 0
9142 0
9142 0
9142 0
9142 0
9142 0
9142 6
9142 0
9142 0
9142 0
9142 0
9142 0
9142 0
9142 0
9142 0
9142 0
9157 0
9157 0
9157 0
9157 0
9157 0
9157 0
9157 0
9157 0
9157 0
9157 0
9157 153
9157 0
9157 0
9157 0
9157 0
9157 0
9157 0
9157 0
9157 0
9157 0
9157 0
9157 0
9157 0
9157 0
9157 0
9157 0
9157 0
9157 0
9157 0
9157 0
9157 0
9191 0
9191 0
9191 0
9191 0
9191 0
9191 0
9191 0
9191 0
9191 0
9191 0
9191 153
9191 0
9191 0
9191 0
9191 0
9191 0
9191 0
9191 0
9191 0
9191 0
9191 0
9191 0
9191 0
9191 0
9191 0
9191 0
9191 0
9191 0
9191 0
9191 0
9191 0
9205 0
9205 0
9205 0
9205 0
9205 0
9205 0
9205 0
9205 0
9205 0
9205 0
9205 153
9205 0
9205 0
9205 0
9205 0
9205 0
9205 0
9205 0
9205 0
9205 0
9205 0
9205 0
9205 0
9205 0
9205 0
9205 0
9205 0
9205 0
9205 0
9205 0
9205 0
9207 0
9207 0
9207 0
9207 0
9207 0
9207 0
9207 0
9207 0
9207 0
9207 0
9207 222
9207 0
9207 0
9207 0
9207 0
9207 0
9207 0
9207 0
9207 0
9207 0
9207 0
9207 25
9207 0
9207 0
9207 29
9207 0
9207 0
9207 0
9207 0
9207 0
9207 0
9235 0
9235 0
9235 0
9235 0
9235 0
9235 0
9235 0
9235 0
9235 0
9235 0
9235 153
9235 0
9235 0
9235 0
9235 0
9235 0
9235 0
9235 0
9235 0
9235 0
9235 0
9235 0
9235 0
9235 0
9235 0
9235 0
9235 0
9235 0
9235 0
9235 0
9235 0
9267 0
9267 0
9267 0
9267 0
9267 0
9267 0
9267 0
9267 0
9267 0
9267 0
9267 186
9267 0
9267 0
9267 0
9267 0
9267 0
9267 0
9267 0
9267 0
9267 0
9267 0
9267 0
9267 0
9267 0
9267 19
9267 0
9267 0
9267 0
9267 0
9267 0
9267 0
9272 0
9272 0
9272 0
9272 0
9272 0
9272 0
9272 0
9272 0
9272 0
9272 0
9272 153
9272 0
9272 0
9272 0
9272 0
9272 0
9272 0
9272 0
9272 0
9272 0
9272 0
9272 0
9272 0
9272 0
9272 0
9272 0
9272 0
9272 0
9272 0
9272 0
9272 0
9274 0
9274 0
9274 0
9274 0
9274 0
9274 0
9274 0
9274 0
9274 0
9274 0
9274 153
9274 0
9274 0
9274 0
9274 0
9274 0
9274 0
9274 0
9274 0
9274 0
9274 0
9274 0
9274 0
9274 0
9274 0
9274 0
9274 0
9274 0
9274 0
9274 0
9274 0
9282 0
9282 0
9282 0
9282 0
9282 0
9282 0
9282 0
9282 0
9282 0
9282 0
9282 1085
9282 0
9282 0
9282 0
9282 0
9282 0
9282 0
9282 0
9282 0
9282 0
9282 0
9282 0
9282 0
9282 0
9282 9
9282 0
9282 0
9282 0
9282 0
9282 0
9282 0
9295 0
9295 0
9295 0
9295 0
9295 0
9295 0
9295 0
9295 0
9295 0
9295 0
9295 210
9295 0
9295 0
9295 0
9295 2
9295 0
9295 0
9295 0
9295 0
9295 0
9295 0
9295 12
9295 0
9295 0
9295 0
9295 0
9295 0
9295 1
9295 0
9295 0
9295 0
9331 0
9331 0
9331 0
9331 0
9331 0
9331 0
9331 0
9331 0
9331 0
9331 0
9331 222
9331 0
9331 0
9331 0
9331 0
9331 0
9331 0
9331 0
9331 0
9331 0
9331 0
9331 25
9331 0
9331 0
9331 29
9331 0
9331 0
9331 0
9331 0
9331 0
9331 0
9354 0
9354 0
9354 0
9354 0
9354 0
9354 0
9354 0
9354 0
9354 0
9354 0
9354 222
9354 0
9354 0
9354 0
9354 0
9354 0
9354 0
9354 0
9354 0
9354 0
9354 0
9354 20
9354 0
9354 0
9354 18
9354 0
9354 0
9354 0
9354 0
9354 0
9354 0
9365 0
9365 0
9365 0
9365 0
9365 0
9365 0
9365 0
9365 0
9365 0
9365 0
9365 200
9365 0
9365 0
9365 0
9365 0
9365 0
9365 0
9365 0
9365 0
9365 0
9365 0
9365 12
9365 0
9365 0
9365 0
9365 0
9365 0
9365 0
9365 0
9365 0
9365 0
9366 0
9366 0
9366 0
9366 0
9366 0
9366 0
9366 0
9366 0
9366 0
9366 0
9366 186
9366 0
9366 0
9366 0
9366 0
9366 0
9366 0
9366 0
9366 0
9366 0
9366 0
9366 0
9366 0
9366 0
9366 19
9366 0
9366 0
9366 0
9366 0
9366 0
9366 0
9372 0
9372 0
9372 0
9372 0
9372 0
9372 0
9372 0
9372 0
9372 0
9372 0
9372 371
9372 0
9372 0
9372 0
9372 0
9372 0
9372 0
9372 0
9372 0
9372 0
9372 0
9372 0
9372 0
9372 0
9372 25
9372 0
9372 0
9372 0
9372 0
9372 0
9372 0
9394 0
9394 0
9394 0
9394 0
9394 0
9394 0
9394 0
9394 0
9394 0
9394 0
9394 186
9394 0
9394 0
9394 0
9394 0
9394 0
9394 0
9394 0
9394 0
9394 0
9394 0
9394 0
9394 0
9394 0
9394 19
9394 0
9394 0
9394 0
9394 0
9394 0
9394 0
9415 0
9415 0
9415 0
9415 0
9415 0
9415 0
9415 0
9415 0
9415 0
9415 0
9415 112
9415 0
9415 0
9415 0
9415 0
9415 0
9415 0
9415 0
9415 0
9415 0
9415 0
9415 25
9415 0
9415 0
9415 28
9415 0
9415 0
9415 0
9415 0
9415 0
9415 0
9435 0
9435 0
9435 0
9435 0
9435 0
9435 0
9435 0
9435 0
9435 0
9435 0
9435 557
9435 0
9435 0
9435 0
9435 0
9435 0
9435 0
9435 0
9435 0
9435 0
9435 0
9435 0
9435 0
9435 0
9435 32
9435 0
9435 0
9435 0
9435 0
9435 0
9435 0
9439 0
9439 0
9439 0
9439 0
9439 0
9439 0
9439 0
9439 0
9439 0
9439 0
9439 312
9439 0
9439 0
9439 0
9439 0
9439 0
9439 0
9439 0
9439 0
9439 0
9439 0
9439 2
9439 0
9439 0
9439 20
9439 0
9439 0
9439 0
9439 0
9439 0
9439 0
9445 0
9445 0
9445 0
9445 0
9445 0
9445 0
9445 0
9445 0
9445 0
9445 0
9445 186
9445 0
9445 0
9445 0
9445 0
9445 0
9445 0
9445 0
9445 0
9445 0
9445 0
9445 0
9445 0
9445 0
9445 19
9445 0
9445 0
9445 0
9445 0
9445 0
9445 0
9457 0
9457 0
9457 0
9457 0
9457 0
9457 0
9457 0
9457 0
9457 0
9457 0
9457 222
9457 0
9457 0
9457 0
9457 0
9457 0
9457 0
9457 0
9457 0
9457 0
9457 0
9457 25
9457 0
9457 0
9457 29
9457 0
9457 0
9457 0
9457 0
9457 0
9457 0
9482 0
9482 0
9482 0
9482 0
9482 0
9482 0
9482 0
9482 0
9482 0
9482 0
9482 186
9482 0
9482 0
9482 0
9482 0
9482 0
9482 0
9482 0
9482 0
9482 0
9482 0
9482 0
9482 0
9482 0
9482 19
9482 0
9482 0
9482 0
9482 0
9482 0
9482 0
9493 0
9493 0
9493 0
9493 0
9493 0
9493 0
9493 0
9493 0
9493 0
9493 0
9493 222
9493 0
9493 0
9493 0
9493 0
9493 0
9493 0
9493 0
9493 0
9493 0
9493 0
9493 20
9493 0
9493 0
9493 18
9493 0
9493 0
9493 0
9493 0
9493 0
9493 0
9521 0
9521 0
9521 0
9521 0
9521 0
9521 0
9521 0
9521 0
9521 0
9521 0
9521 158
9521 0
9521 0
9521 0
9521 0
9521 0
9521 0
9521 0
9521 0
9521 0
9521 0
9521 22
9521 0
9521 0
9521 24
9521 0
9521 0
9521 0
9521 0
9521 0
9521 0
9524 0
9524 0
9524 0
9524 0
9524 0
9524 0
9524 0
9524 0
9524 0
9524 0
9524 346
9524 0
9524 0
9524 0
9524 0
9524 0
9524 0
9524 0
9524 0
9524 0
9524 0
9524 6
9524 0
9524 0
9524 0
9524 0
9524 0
9524 0
9524 0
9524 0
9524 0
9526 0
9526 0
9526 0
9526 0
9526 0
9526 0
9526 0
9526 0
9526 0
9526 0
9526 186
9526 0
9526 0
9526 0
9526 0
9526 0
9526 0
9526 0
9526 0
9526 0
9526 0
9526 0
9526 0
9526 0
9526 19
9526 0
9526 0
9526 0
9526 0
9526 0
9526 0
9541 0
9541 0
9541 0
9541 0
9541 0
9541 0
9541 0
9541 0
9541 0
9541 0
9541 199
9541 0
9541 0
9541 0
9541 1
9541 0
9541 0
9541 0
9541 0
9541 0
9541 0
9541 8
9541 0
9541 0
9541 6
9541 0
9541 0
9541 0
9541 0
9541 0
9541 0
9552 0
9552 0
9552 0
9552 0
9552 0
9552 0
9552 0
9552 0
9552 0
9552 0
9552 186
9552 0
9552 0
9552 0
9552 0
9552 0
9552 0
9552 0
9552 0
9552 0
9552 0
9552 0
9552 0
9552 0
9552 19
9552 0
9552 0
9552 0
9552 0
9552 0
9552 0
9556 0
9556 0
9556 0
9556 0
9556 0
9556 0
9556 0
9556 0
9556 0
9556 0
9556 231
9556 0
9556 0
9556 0
9556 0
9556 0
9556 0
9556 0
9556 0
9556 0
9556 0
9556 0
9556 0
9556 0
9556 7
9556 0
9556 0
9556 0
9556 0
9556 0
9556 0
9580 0
9580 0
9580 0
9580 0
9580 0
9580 0
9580 0
9580 0
9580 0
9580 0
9580 203
9580 0
9580 0
9580 0
9580 0
9580 0
9580 0
9580 0
9580 0
9580 0
9580 0
9580 0
9580 0
9580 0
9580 0
9580 0
9580 0
9580 0
9580 0
9580 0
9580 0
9590 0
9590 0
9590 0
9590 0
9590 0
9590 0
9590 0
9590 0
9590 0
9590 0
9590 137
9590 0
9590 0
9590 0
9590 0
9590 0
9590 0
9590 0
9590 0
9590 0
9590 0
9590 21
9590 0
9590 0
9590 23
9590 0
9590 0
9590 0
9590 0
9590 0
9590 0
9614 0
9614 0
9614 0
9614 0
9614 0
9614 0
9614 0
9614 0
9614 0
9614 0
9614 316
9614 0
9614 0
9614 0
9614 0
9614 0
9614 0
9614 0
9614 0
9614 0
9614 0
9614 7
9614 0
9614 0
9614 14
9614 0
9614 0
9614 0
9614 0
9614 0
9614 0
9617 0
9617 0
9617 0
9617 0
9617 0
9617 0
9617 0
9617 0
9617 0
9617 0
9617 222
9617 0
9617 0
9617 0
9617 0
9617 0
9617 0
9617 0
9617 0
9617 0
9617 0
9617 20
9617 0
9617 0
9617 18
9617 0
9617 0
9617 0
9617 0
9617 0
9617 0
9620 0
9620 0
9620 0
9620 0
9620 0
9620 0
9620 0
9620 0
9620 0
9620 0
9620 248
9620 0
9620 0
9620 0
9620 0
9620 0
9620 0
9620 0
9620 0
9620 0
9620 0
9620 4
9620 0
9620 0
9620 7
9620 0
9620 0
9620 0
9620 0
9620 0
9620 0
9641 0
9641 0
9641 0
9641 0
9641 0
9641 0
9641 0
9641 0
9641 0
9641 0
9641 166
9641 0
9641 0
9641 0
9641 0
9641 0
9641 0
9641 0
9641 0
9641 0
9641 0
9641 7
9641 0
9641 0
9641 3
9641 0
9641 0
9641 0
9641 0
9641 0
9641 0
9643 0
9643 0
9643 0
9643 0
9643 0
9643 0
9643 0
9643 0
9643 0
9643 0
9643 350
9643 0
9643 0
9643 0
9643 0
9643 0
9643 0
9643 0
9643 0
9643 0
9643 0
9643 0
9643 0
9643 0
9643 0
9643 0
9643 0
9643 0
9643 0
9643 0
9643 0
9644 0
9644 0
9644 0
9644 0
9644 0
9644 0
9644 0
9644 0
9644 0
9644 0
9644 203
9644 0
9644 0
9644 0
9644 0
9644 0
9644 0
9644 0
9644 0
9644 0
9644 0
9644 0
9644 0
9644 0
9644 0
9644 0
9644 0
9644 0
9644 0
9644 0
9644 0
9656 0
9656 0
9656 0
9656 0
9656 0
9656 0
9656 0
9656 0
9656 0
9656 0
9656 195
9656 0
9656 0
9656 0
9656 0
9656 0
9656 0
9656 0
9656 0
9656 0
9656 0
9656 11
9656 0
9656 0
9656 6
9656 0
9656 0
9656 0
9656 0
9656 0
9656 0
9666 0
9666 0
9666 0
9666 0
9666 0
9666 0
9666 0
9666 0
9666 0
9666 0
9666 186
9666 0
9666 0
9666 0
9666 0
9666 0
9666 0
9666 0
9666 0
9666 0
9666 0
9666 0
9666 0
9666 0
9666 19
9666 0
9666 0
9666 0
9666 0
9666 0
9666 0
9670 0
9670 0
9670 0
9670 0
9670 0
9670 0
9670 0
9670 0
9670 0
9670 0
9670 112
9670 0
9670 0
9670 0
9670 0
9670 0
9670 0
9670 0
9670 0
9670 0
9670 0
9670 25
9670 0
9670 0
9670 28
9670 0
9670 0
9670 0
9670 0
9670 0
9670 0
9676 0
9676 0
9676 0
9676 0
9676 0
9676 0
9676 0
9676 0
9676 0
9676 0
9676 231
9676 0
9676 0
9676 0
9676 0
9676 0
9676 0
9676 0
9676 0
9676 0
9676 0
9676 0
9676 0
9676 0
9676 7
9676 0
9676 0
9676 0
9676 0
9676 0
9676 0
9685 0
9685 0
9685 0
9685 0
9685 0
9685 0
9685 0
9685 0
9685 0
9685 0
9685 173
9685 0
9685 0
9685 0
9685 0
9685 0
9685 0
9685 0
9685 0
9685 0
9685 0
9685 21
9685 0
9685 0
9685 23
9685 0
9685 0
9685 0
9685 0
9685 0
9685 0
9693 0
9693 0
9693 0
9693 0
9693 0
9693 0
9693 0
9693 0
9693 0
9693 0
9693 239
9693 0
9693 0
9693 0
9693 0
9693 0
9693 0
9693 0
9693 0
9693 0
9693 0
9693 6
9693 0
9693 0
9693 2
9693 0
9693 0
9693 0
9693 0
9693 0
9693 0
9698 0
9698 0
9698 0
9698 0
9698 0
9698 0
9698 0
9698 0
9698 0
9698 0
9698 146
9698 0
9698 0
9698 0
9698 0
9698 0
9698 0
9698 0
9698 0
9698 0
9698 0
9698 10
9698 0
9698 0
9698 7
9698 0
9698 0
9698 0
9698 0
9698 0
9698 0
9717 0
9717 0
9717 0
9717 0
9717 0
9717 0
9717 0
9717 0
9717 0
9717 0
9717 112
9717 0
9717 0
9717 0
9717 0
9717 0
9717 0
9717 0
9717 0
9717 0
9717 0
9717 25
9717 0
9717 0
9717 28
9717 0
9717 0
9717 0
9717 0
9717 0
9717 0
9723 0
9723 0
9723 0
9723 0
9723 0
9723 0
9723 0
9723 0
9723 0
9723 0
9723 201
9723 0
9723 0
9723 0
9723 0
9723 0
9723 0
9723 0
9723 0
9723 0
9723 0
9723 9
9723 0
9723 0
9723 7
9723 0
9723 0
9723 0
9723 0
9723 0
9723 0
9726 0
9726 0
9726 0
9726 0
9726 0
9726 0
9726 0
9726 0
9726 0
9726 0
9726 276
9726 0
9726 0
9726 0
9726 0
9726 0
9726 0
9726 0
9726 0
9726 0
9726 0
9726 6
9726 0
9726 0
9726 3
9726 0
9726 0
9726 0
9726 0
9726 0
9726 0
9741 0
9741 0
9741 0
9741 0
9741 0
9741 0
9741 0
9741 0
9741 0
9741 0
9741 236
9741 0
9741 0
9741 0
9741 0
9741 0
9741 0
9741 0
9741 0
9741 0
9741 0
9741 10
9741 0
9741 0
9741 3
9741 0
9741 0
9741 0
9741 0
9741 0
9741 0
9748 0
9748 0
9748 0
9748 0
9748 0
9748 0
9748 0
9748 0
9748 0
9748 0
9748 185
9748 0
9748 0
9748 0
9748 0
9748 0
9748 0
9748 0
9748 0
9748 0
9748 0
9748 14
9748 0
9748 0
9748 12
9748 0
9748 0
9748 0
9748 0
9748 0
9748 0
9766 0
9766 0
9766 0
9766 0
9766 0
9766 0
9766 0
9766 0
9766 0
9766 0
9766 292
9766 0
9766 0
9766 0
9766 0
9766 0
9766 0
9766 0
9766 0
9766 0
9766 0
9766 16
9766 0
9766 0
9766 9
9766 0
9766 0
9766 0
9766 0
9766 0
9766 0
9799 0
9799 0
9799 0
9799 0
9799 0
9799 0
9799 0
9799 0
9799 0
9799 0
9799 239
9799 0
9799 0
9799 0
9799 0
9799 0
9799 0
9799 0
9799 0
9799 0
9799 0
9799 6
9799 0
9799 0
9799 2
9799 0
9799 0
9799 0
9799 0
9799 0
9799 0
9802 0
9802 0
9802 0
9802 0
9802 0
9802 0
9802 0
9802 0
9802 0
9802 0
9802 175
9802 0
9802 0
9802 0
9802 0
9802 0
9802 0
9802 0
9802 0
9802 0
9802 0
9802 2
9802 0
9802 0
9802 4
9802 0
9802 0
9802 0
9802 0
9802 0
9802 0
9806 0
9806 0
9806 0
9806 0
9806 0
9806 0
9806 0
9806 0
9806 0
9806 0
9806 201
9806 0
9806 0
9806 0
9806 0
9806 0
9806 0
9806 0
9806 0
9806 0
9806 0
9806 6
9806 0
9806 0
9806 0
9806 0
9806 0
9806 0
9806 0
9806 0
9806 0
9808 0
9808 0
9808 0
9808 0
9808 0
9808 0
9808 0
9808 0
9808 0
9808 0
9808 171
9808 0
9808 0
9808 0
9808 0
9808 0
9808 0
9808 0
9808 0
9808 0
9808 0
9808 21
9808 0
9808 0
9808 23
9808 0
9808 0
9808 0
9808 0
9808 0
9808 0
9813 0
9813 0
9813 0
9813 0
9813 0
9813 0
9813 0
9813 0
9813 0
9813 0
9813 217
9813 0
9813 0
9813 0
9813 0
9813 0
9813 0
9813 0
9813 0
9813 0
9813 0
9813 8
9813 0
9813 0
9813 4
9813 0
9813 0
9813 0
9813 0
9813 0
9813 0
9819 0
9819 0
9819 0
9819 0
9819 0
9819 0
9819 0
9819 0
9819 0
9819 0
9819 339
9819 0
9819 0
9819 0
9819 0
9819 0
9819 0
9819 0
9819 0
9819 0
9819 0
9819 0
9819 0
9819 0
9819 0
9819 0
9819 0
9819 0
9819 0
9819 0
9819 0
9835 0
9835 0
9835 0
9835 0
9835 0
9835 0
9835 0
9835 0
9835 0
9835 0
9835 220
9835 0
9835 0
9835 0
9835 0
9835 0
9835 0
9835 0
9835 0
9835 0
9835 0
9835 10
9835 0
9835 0
9835 4
9835 0
9835 0
9835 0
9835 0
9835 0
9835 0
9844 0
9844 0
9844 0
9844 0
9844 0
9844 0
9844 0
9844 0
9844 0
9844 0
9844 352
9844 0
9844 0
9844 0
9844 0
9844 0
9844 0
9844 0
9844 0
9844 0
9844 0
9844 14
9844 0
9844 0
9844 4
9844 0
9844 0
9844 0
9844 0
9844 0
9844 0
9852 0
9852 0
9852 0
9852 0
9852 0
9852 0
9852 0
9852 0
9852 0
9852 0
9852 286
9852 0
9852 0
9852 0
9852 0
9852 0
9852 0
9852 0
9852 0
9852 0
9852 0
9852 10
9852 0
9852 0
9852 9
9852 0
9852 0
9852 0
9852 0
9852 0
9852 0
9855 0
9855 0
9855 0
9855 0
9855 0
9855 0
9855 0
9855 0
9855 0
9855 0
9855 163
9855 0
9855 0
9855 0
9855 0
9855 0
9855 0
9855 0
9855 0
9855 0
9855 0
9855 8
9855 0
9855 0
9855 6
9855 0
9855 0
9855 0
9855 0
9855 0
9855 0
9874 0
9874 0
9874 0
9874 0
9874 0
9874 0
9874 0
9874 0
9874 0
9874 0
9874 148
9874 0
9874 0
9874 0
9874 0
9874 0
9874 0
9874 0
9874 0
9874 0
9874 0
9874 15
9874 0
9874 0
9874 13
9874 0
9874 0
9874 0
9874 0
9874 0
9874 0
9888 0
9888 0
9888 0
9888 0
9888 0
9888 0
9888 0
9888 0
9888 0
9888 0
9888 261
9888 0
9888 0
9888 0
9888 0
9888 0
9888 0
9888 0
9888 0
9888 0
9888 0
9888 0
9888 0
9888 0
9888 3
9888 0
9888 0
9888 0
9888 0
9888 0
9888 0
9896 0
9896 0
9896 0
9896 0
9896 0
9896 0
9896 0
9896 0
9896 0
9896 0
9896 314
9896 0
9896 0
9896 0
9896 0
9896 0
9896 0
9896 0
9896 0
9896 0
9896 0
9896 9
9896 0
9896 0
9896 5
9896 0
9896 0
9896 0
9896 0
9896 0
9896 0
9922 0
9922 0
9922 0
9922 0
9922 0
9922 0
9922 0
9922 0
9922 0
9922 0
9922 172
9922 0
9922 0
9922 0
9922 0
9922 0
9922 0
9922 0
9922 0
9922 0
9922 0
9922 12
9922 0
9922 0
9922 10
9922 0
9922 0
9922 0
9922 0
9922 0
9922 0
9931 0
9931 0
9931 0
9931 0
9931 0
9931 0
9931 0
9931 0
9931 0
9931 0
9931 200
9931 0
9931 0
9931 0
9931 0
9931 0
9931 0
9931 0
9931 0
9931 0
9931 0
9931 12
9931 0
9931 0
9931 0
9931 0
9931 0
9931 0
9931 0
9931 0
9931 0
9950 0
9950 0
9950 0
9950 0
9950 0
9950 0
9950 0
9950 0
9950 0
9950 0
9950 151
9950 0
9950 0
9950 0
9950 0
9950 0
9950 0
9950 0
9950 0
9950 0
9950 0
9950 16
9950 0
9950 0
9950 9
9950 0
9950 0
9950 0
9950 0
9950 0
9950 0
9971 0
9971 0
9971 0
9971 0
9971 0
9971 0
9971 0
9971 0
9971 0
9971 0
9971 346
9971 0
9971 0
9971 0
9971 0
9971 0
9971 0
9971 0
9971 0
9971 0
9971 0
9971 20
9971 0
9971 0
9971 13
9971 0
9971 0
9971 0
9971 0
9971 0
9971 0
9975 0
9975 0
9975 0
9975 0
9975 0
9975 0
9975 0
9975 0
9975 0
9975 0
9975 210
9975 0
9975 0
9975 0
9975 2
9975 0
9975 0
9975 0
9975 0
9975 0
9975 0
9975 12
9975 0
9975 0
9975 0
9975 0
9975 0
9975 1
9975 0
9975 0
9975 0
9979 0
9979 0
9979 0
9979 0
9979 0
9979 0
9979 0
9979 0
9979 0
9979 0
9979 129
9979 0
9979 0
9979 0
9979 0
9979 0
9979 0
9979 0
9979 0
9979 0
9979 0
9979 12
9979 0
9979 0
9979 5
9979 0
9979 0
9979 0
9979 0
9979 0
9979 0
9986 0
9986 0
9986 0
9986 0
9986 0
9986 0
9986 0
9986 0
9986 0
9986 0
9986 220
9986 0
9986 0
9986 0
9986 0
9986 0
9986 0
9986 0
9986 0
9986 0
9986 0
9986 10
9986 0
9986 0
9986 4
9986 0
9986 0
9986 0
9986 0
9986 0
9986 0
9989 0
9989 0
9989 0
9989 0
9989 0
9989 0
9989 0
9989 0
9989 0
9989 0
9989 163
9989 0
9989 0
9989 0
9989 0
9989 0
9989 0
9989 0
9989 0
9989 0
9989 0
9989 8
9989 0
9989 0
9989 7
9989 0
9989 0
9989 0
9989 0
9989 0
9989 0
10033 0
10033 0
10033 0
10033 0
10033 0
10033 0
10033 0
10033 0
10033 0
10033 0
10033 139
10033 0
10033 0
10033 0
10033 0
10033 0
10033 0
10033 0
10033 0
10033 0
10033 0
10033 5
10033 0
10033 0
10033 0
10033 0
10033 0
10033 0
10033 0
10033 0
10033 0
10056 0
10056 0
10056 0
10056 0
10056 0
10056 0
10056 0
10056 0
10056 0
10056 0
10056 192
10056 0
10056 0
10056 0
10056 0
10056 0
10056 0
10056 0
10056 0
10056 0
10056 0
10056 8
10056 0
10056 0
10056 9
10056 0
10056 0
10056 0
10056 0
10056 0
10056 0
10058 0
10058 0
10058 0
10058 0
10058 0
10058 0
10058 0
10058 0
10058 0
10058 0
10058 288
10058 0
10058 0
10058 0
10058 0
10058 0
10058 0
10058 0
10058 0
10058 0
10058 0
10058 16
10058 0
10058 0
10058 8
10058 0
10058 0
10058 0
10058 0
10058 0
10058 0
10060 0
10060 0
10060 0
10060 0
10060 0
10060 0
10060 0
10060 0
10060 0
10060 0
10060 230
10060 0
10060 0
10060 0
10060 0
10060 0
10060 0
10060 0
10060 0
10060 0
10060 0
10060 6
10060 0
10060 0
10060 5
10060 0
10060 0
10060 0
10060 0
10060 0
10060 0
10093 0
10093 0
10093 0
10093 0
10093 0
10093 0
10093 0
10093 0
10093 0
10093 0
10093 208
10093 0
10093 0
10093 0
10093 0
10093 0
10093 0
10093 0
10093 0
10093 0
10093 0
10093 12
10093 0
10093 0
10093 8
10093 0
10093 0
10093 0
10093 0
10093 0
10093 0
10112 0
10112 0
10112 0
10112 0
10112 0
10112 0
10112 0
10112 0
10112 0
10112 0
10112 430
10112 0
10112 0
10112 0
10112 0
10112 0
10112 0
10112 0
10112 0
10112 0
10112 0
10112 22
10112 0
10112 0
10112 10
10112 0
10112 0
10112 0
10112 0
10112 0
10112 0
10151 0
10151 0
10151 0
10151 0
10151 0
10151 0
10151 0
10151 0
10151 0
10151 0
10151 203
10151 0
10151 0
10151 0
10151 0
10151 0
10151 0
10151 0
10151 0
10151 0
10151 0
10151 0
10151 0
10151 0
10151 0
10151 0
10151 0
10151 0
10151 0
10151 0
10151 0
10164 0
10164 0
10164 0
10164 0
10164 0
10164 0
10164 0
10164 0
10164 0
10164 0
10164 109
10164 0
10164 0
10164 0
10164 0
10164 0
10164 0
10164 0
10164 0
10164 0
10164 0
10164 13
10164 0
10164 0
10164 9
10164 0
10164 0
10164 0
10164 0
10164 0
10164 0
10167 0
10167 0
10167 0
10167 0
10167 0
10167 0
10167 0
10167 0
10167 0
10167 0
10167 230
10167 0
10167 0
10167 0
10167 0
10167 0
10167 0
10167 0
10167 0
10167 0
10167 0
10167 0
10167 0
10167 0
10167 8
10167 0
10167 0
10167 0
10167 0
10167 0
10167 0
10182 0
10182 0
10182 0
10182 0
10182 0
10182 0
10182 0
10182 0
10182 0
10182 0
10182 328
10182 0
10182 0
10182 0
10182 0
10182 0
10182 0
10182 0
10182 0
10182 0
10182 0
10182 16
10182 0
10182 0
10182 11
10182 0
10182 0
10182 0
10182 0
10182 0
10182 0
10222 0
10222 0
10222 0
10222 0
10222 0
10222 0
10222 0
10222 0
10222 0
10222 0
10222 270
10222 0
10222 0
10222 0
10222 1
10222 0
10222 0
10222 0
10222 0
10222 0
10222 0
10222 15
10222 0
10222 0
10222 3
10222 0
10222 0
10222 0
10222 0
10222 0
10222 0
10232 0
10232 0
10232 0
10232 0
10232 0
10232 0
10232 0
10232 0
10232 0
10232 0
10232 229
10232 0
10232 0
10232 0
10232 0
10232 0
10232 0
10232 0
10232 0
10232 0
10232 0
10232 4
10232 0
10232 0
10232 0
10232 0
10232 0
10232 0
10232 0
10232 0
10232 0
10242 0
10242 0
10242 0
10242 0
10242 0
10242 0
10242 0
10242 0
10242 0
10242 0
10242 153
10242 0
10242 0
10242 0
10242 0
10242 0
10242 0
10242 0
10242 0
10242 0
10242 0
10242 12
10242 0
10242 0
10242 3
10242 0
10242 0
10242 0
10242 0
10242 0
10242 0
10254 0
10254 0
10254 0
10254 0
10254 0
10254 0
10254 0
10254 0
10254 0
10254 0
10254 354
10254 0
10254 0
10254 0
10254 0
10254 0
10254 0
10254 0
10254 0
10254 0
10254 0
10254 19
10254 0
10254 0
10254 6
10254 0
10254 0
10254 0
10254 0
10254 0
10254 0
10295 0
10295 0
10295 0
10295 0
10295 0
10295 0
10295 0
10295 0
10295 0
10295 0
10295 222
10295 0
10295 0
10295 0
10295 0
10295 0
10295 0
10295 0
10295 0
10295 0
10295 0
10295 20
10295 0
10295 0
10295 18
10295 0
10295 0
10295 0
10295 0
10295 0
10295 0
10307 0
10307 0
10307 0
10307 0
10307 0
10307 0
10307 0
10307 0
10307 0
10307 0
10307 252
10307 0
10307 0
10307 0
10307 0
10307 0
10307 0
10307 0
10307 0
10307 0
10307 0
10307 33
10307 0
10307 0
10307 8
10307 0
10307 0
10307 0
10307 0
10307 0
10307 0
10311 0
10311 0
10311 0
10311 0
10311 0
10311 0
10311 0
10311 0
10311 0
10311 0
10311 186
10311 0
10311 0
10311 0
10311 0
10311 0
10311 0
10311 0
10311 0
10311 0
10311 0
10311 18
10311 0
10311 0
10311 14
10311 0
10311 0
10311 0
10311 0
10311 0
10311 0
10349 0
10349 0
10349 0
10349 0
10349 0
10349 0
10349 0
10349 0
10349 0
10349 0
10349 212
10349 0
10349 0
10349 0
10349 0
10349 0
10349 0
10349 0
10349 0
10349 0
10349 0
10349 10
10349 0
10349 0
10349 7
10349 0
10349 0
10349 0
10349 0
10349 0
10349 0
10399 0
10399 0
10399 0
10399 0
10399 0
10399 0
10399 0
10399 0
10399 0
10399 0
10399 248
10399 0
10399 0
10399 0
10399 0
10399 0
10399 0
10399 0
10399 0
10399 0
10399 0
10399 11
10399 0
10399 0
10399 5
10399 0
10399 0
10399 0
10399 0
10399 0
10399 0
10492 0
10492 0
10492 0
10492 0
10492 0
10492 0
10492 0
10492 0
10492 0
10492 0
10492 134
10492 0
10492 0
10492 0
10492 0
10492 0
10492 0
10492 0
10492 0
10492 0
10492 0
10492 17
10492 0
10492 0
10492 6
10492 0
10492 0
10492 0
10492 0
10492 0
10492 0
10850 0
10850 0
10850 0
10850 0
10850 0
10850 0
10850 0
10850 0
10850 0
10850 0
10850 401
10850 0
10850 0
10850 0
10850 0
10850 0
10850 0
10850 0
10850 0
10850 0
10850 0
10850 0
10850 0
10850 0
10850 0
10850 0
10850 0
10850 0
10850 0
10850 0
10850 0
10865 0
10865 0
10865 0
10865 0
10865 0
10865 0
10865 0
10865 0
10865 0
10865 0
10865 208
10865 0
10865 0
10865 0
10865 0
10865 0
10865 0
10865 0
10865 0
10865 0
10865 0
10865 0
10865 0
10865 0
10865 0
10865 0
10865 0
10865 0
10865 0
10865 0
10865 0
10883 0
10883 0
10883 0
10883 0
10883 0
10883 0
10883 0
10883 0
10883 0
10883 0
10883 0
10883 149
10883 0
10883 0
10883 0
10883 0
10883 0
10883 0
10883 0
10883 0
10883 0
10883 8
10883 0
10883 0
10883 0
10883 0
10883 0
10883 0
10883 0
10883 0
10883 0
10887 0
10887 0
10887 0
10887 0
10887 0
10887 0
10887 0
10887 0
10887 0
10887 0
10887 0
10887 208
10887 0
10887 0
10887 0
10887 0
10887 0
10887 0
10887 0
10887 0
10887 0
10887 2
10887 0
10887 0
10887 0
10887 0
10887 0
10887 0
10887 0
10887 0
10887 0
10892 0
10892 0
10892 0
10892 0
10892 0
10892 0
10892 0
10892 0
10892 0
10892 0
10892 0
10892 389
10892 0
10892 0
10892 0
10892 0
10892 0
10892 0
10892 0
10892 0
10892 0
10892 0
10892 0
10892 0
10892 0
10892 0
10892 0
10892 0
10892 0
10892 0
10892 0
10897 0
10897 0
10897 0
10897 0
10897 0
10897 0
10897 0
10897 0
10897 0
10897 0
10897 0
10897 337
10897 0
10897 0
10897 0
10897 0
10897 0
10897 0
10897 0
10897 0
10897 0
10897 6
10897 0
10897 0
10897 0
10897 0
10897 0
10897 0
10897 0
10897 0
10897 0
10905 0
10905 0
10905 0
10905 0
10905 0
10905 0
10905 0
10905 0
10905 0
10905 0
10905 0
10905 339
10905 0
10905 0
10905 0
10905 0
10905 0
10905 0
10905 0
10905 0
10905 0
10905 7
10905 0
10905 0
10905 0
10905 0
10905 0
10905 0
10905 0
10905 0
10905 0
10909 0
10909 0
10909 0
10909 0
10909 0
10909 0
10909 0
10909 0
10909 0
10909 0
10909 0
10909 267
10909 0
10909 0
10909 0
10909 0
10909 0
10909 0
10909 0
10909 0
10909 0
10909 6
10909 0
10909 0
10909 0
10909 0
10909 0
10909 0
10909 0
10909 0
10909 0
10920 0
10920 0
10920 0
10920 0
10920 0
10920 0
10920 0
10920 0
10920 0
10920 0
10920 0
10920 439
10920 0
10920 0
10920 0
10920 0
10920 0
10920 0
10920 0
10920 0
10920 0
10920 0
10920 0
10920 0
10920 1
10920 0
10920 0
10920 0
10920 0
10920 0
10920 0
10924 0
10924 0
10924 0
10924 0
10924 0
10924 0
10924 0
10924 0
10924 0
10924 0
10924 0
10924 359
10924 0
10924 0
10924 0
10924 0
10924 0
10924 0
10924 0
10924 0
10924 0
10924 8
10924 0
10924 0
10924 0
10924 0
10924 0
10924 0
10924 0
10924 0
10924 0
10926 0
10926 0
10926 0
10926 0
10926 0
10926 0
10926 0
10926 0
10926 0
10926 0
10926 0
10926 439
10926 0
10926 0
10926 0
10926 0
10926 0
10926 0
10926 0
10926 0
10926 0
10926 0
10926 0
10926 0
10926 1
10926 0
10926 0
10926 0
10926 0
10926 0
10926 0
