pt_graph scale
5123 0
5123 0
5123 0
5123 0
5123 0
5123 0
5123 0
5123 0
5123 0
5123 0
5123 0
5123 0
5123 0
5123 0
5123 0
5123 0
5123 0
5123 0
5123 0
5123 0
5123 0
5123 0
5123 0
5123 0
5123 0
5123 0
5123 0
5123 0
5123 0
5123 0
5123 0
5152 0
5152 0
5152 0
5152 0
5152 0
5152 0
5152 0
5152 0
5152 0
5152 0
5152 0
5152 0
5152 0
5152 0
5152 0
5152 0
5152 0
5152 0
5152 0
5152 0
5152 0
5152 0
5152 0
5152 0
5152 0
5152 0
5152 0
5152 0
5152 0
5152 0
5152 0
5157 0
5157 0
5157 0
5157 0
5157 0
5157 0
5157 0
5157 0
5157 0
5157 0
5157 0
5157 0
5157 0
5157 0
5157 0
5157 0
5157 0
5157 0
5157 0
5157 0
5157 0
5157 0
5157 0
5157 0
5157 0
5157 0
5157 0
5157 0
5157 0
5157 0
5157 0
5177 0
5177 0
5177 0
5177 0
5177 0
5177 0
5177 0
5177 0
5177 0
5177 0
5177 0
5177 0
5177 0
5177 0
5177 0
5177 0
5177 0
5177 0
5177 0
5177 0
5177 0
5177 0
5177 0
5177 0
5177 0
5177 0
5177 0
5177 0
5177 0
5177 0
5177 0
5200 0
5200 0
5200 0
5200 0
5200 0
5200 0
5200 0
5200 0
5200 0
5200 0
5200 0
5200 0
5200 0
5200 0
5200 0
5200 0
5200 0
5200 0
5200 0
5200 0
5200 0
5200 0
5200 0
5200 0
5200 0
5200 0
5200 0
5200 0
5200 0
5200 0
5200 0
5256 0
5256 0
5256 0
5256 0
5256 0
5256 0
5256 0
5256 0
5256 0
5256 0
5256 0
5256 0
5256 0
5256 0
5256 0
5256 0
5256 0
5256 0
5256 0
5256 0
5256 0
5256 0
5256 0
5256 0
5256 0
5256 0
5256 0
5256 0
5256 0
5256 0
5256 0
5642 0
5642 1
5642 0
5642 0
5642 0
5642 0
5642 0
5642 0
5642 0
5642 0
5642 0
5642 0
5642 0
5642 0
5642 0
5642 0
5642 0
5642 0
5642 0
5642 0
5642 0
5642 0
5642 0
5642 0
5642 0
5642 0
5642 0
5642 0
5642 0
5642 0
5642 0
5711 0
5711 1
5711 0
5711 0
5711 0
5711 0
5711 0
5711 0
5711 0
5711 0
5711 0
5711 0
5711 0
5711 0
5711 0
5711 0
5711 0
5711 0
5711 0
5711 0
5711 0
5711 0
5711 0
5711 0
5711 0
5711 0
5711 0
5711 0
5711 0
5711 0
5711 0
5731 0
5731 1
5731 0
5731 0
5731 0
5731 0
5731 0
5731 0
5731 0
5731 0
5731 0
5731 0
5731 0
5731 0
5731 0
5731 0
5731 0
5731 0
5731 0
5731 0
5731 0
5731 0
5731 0
5731 0
5731 0
5731 0
5731 0
5731 0
5731 0
5731 0
5731 0
5813 0
5813 1
5813 0
5813 0
5813 0
5813 0
5813 0
5813 0
5813 0
5813 0
5813 0
5813 0
5813 0
5813 0
5813 0
5813 0
5813 0
5813 0
5813 0
5813 0
5813 0
5813 0
5813 0
5813 0
5813 0
5813 0
5813 0
5813 0
5813 0
5813 0
5813 0
5821 0
5821 1
5821 0
5821 0
5821 0
5821 0
5821 0
5821 0
5821 0
5821 0
5821 0
5821 0
5821 0
5821 0
5821 0
5821 0
5821 0
5821 0
5821 0
5821 0
5821 0
5821 0
5821 0
5821 0
5821 0
5821 0
5821 0
5821 0
5821 0
5821 0
5821 0
5905 0
5905 1
5905 0
5905 0
5905 0
5905 0
5905 0
5905 0
5905 0
5905 0
5905 0
5905 0
5905 0
5905 0
5905 0
5905 0
5905 0
5905 0
5905 0
5905 0
5905 0
5905 0
5905 0
5905 0
5905 0
5905 0
5905 0
5905 0
5905 0
5905 0
5905 0
5933 0
5933 1
5933 0
5933 0
5933 0
5933 0
5933 0
5933 0
5933 0
5933 0
5933 0
5933 0
5933 0
5933 0
5933 0
5933 0
5933 0
5933 0
5933 0
5933 0
5933 0
5933 0
5933 0
5933 0
5933 0
5933 0
5933 0
5933 0
5933 0
5933 0
5933 0
5953 0
5953 1
5953 0
5953 0
5953 0
5953 0
5953 0
5953 0
5953 0
5953 0
5953 0
5953 0
5953 0
5953 0
5953 0
5953 0
5953 0
5953 0
5953 0
5953 0
5953 0
5953 0
5953 0
5953 0
5953 0
5953 0
5953 0
5953 0
5953 0
5953 0
5953 0
5963 0
5963 1
5963 0
5963 0
5963 0
5963 0
5963 0
5963 0
5963 0
5963 0
5963 0
5963 0
5963 0
5963 0
5963 0
5963 0
5963 0
5963 0
5963 0
5963 0
5963 0
5963 0
5963 0
5963 0
5963 0
5963 0
5963 0
5963 0
5963 0
5963 0
5963 0
6042 0
6042 95
6042 0
6042 0
6042 0
6042 0
6042 0
6042 0
6042 0
6042 0
6042 0
6042 0
6042 0
6042 0
6042 0
6042 0
6042 0
6042 0
6042 0
6042 0
6042 0
6042 0
6042 0
6042 0
6042 0
6042 0
6042 0
6042 0
6042 0
6042 0
6042 0
6089 0
6089 0
6089 0
6089 0
6089 0
6089 0
6089 0
6089 0
6089 0
6089 1
6089 0
6089 0
6089 0
6089 0
6089 0
6089 0
6089 0
6089 0
6089 0
6089 0
6089 0
6089 0
6089 0
6089 33
6089 0
6089 0
6089 0
6089 0
6089 0
6089 0
6089 0
6092 0
6092 0
6092 0
6092 0
6092 0
6092 0
6092 0
6092 0
6092 0
6092 1
6092 0
6092 0
6092 0
6092 0
6092 0
6092 0
6092 0
6092 0
6092 0
6092 0
6092 0
6092 0
6092 0
6092 33
6092 0
6092 0
6092 0
6092 0
6092 0
6092 0
6092 0
6120 0
6120 1
6120 0
6120 0
6120 0
6120 0
6120 0
6120 0
6120 0
6120 0
6120 0
6120 0
6120 0
6120 0
6120 0
6120 0
6120 0
6120 0
6120 0
6120 0
6120 0
6120 0
6120 0
6120 0
6120 0
6120 0
6120 0
6120 0
6120 0
6120 0
6120 0
6125 0
6125 1
6125 0
6125 0
6125 0
6125 0
6125 0
6125 0
6125 0
6125 0
6125 0
6125 0
6125 0
6125 0
6125 0
6125 0
6125 0
6125 0
6125 0
6125 0
6125 0
6125 0
6125 0
6125 0
6125 0
6125 0
6125 0
6125 0
6125 0
6125 0
6125 0
6135 0
6135 0
6135 0
6135 0
6135 0
6135 0
6135 0
6135 0
6135 0
6135 0
6135 0
6135 0
6135 0
6135 0
6135 0
6135 0
6135 0
6135 0
6135 0
6135 0
6135 0
6135 0
6135 0
6135 0
6135 0
6135 0
6135 0
6135 0
6135 0
6135 0
6135 0
6165 0
6165 1
6165 0
6165 0
6165 0
6165 0
6165 0
6165 0
6165 0
6165 0
6165 0
6165 0
6165 0
6165 0
6165 0
6165 0
6165 0
6165 0
6165 0
6165 0
6165 0
6165 0
6165 0
6165 0
6165 0
6165 0
6165 0
6165 0
6165 0
6165 0
6165 0
6233 0
6233 0
6233 0
6233 0
6233 0
6233 0
6233 0
6233 0
6233 0
6233 1
6233 0
6233 0
6233 0
6233 0
6233 0
6233 0
6233 0
6233 0
6233 0
6233 0
6233 0
6233 0
6233 0
6233 4
6233 0
6233 0
6233 0
6233 0
6233 0
6233 0
6233 0
6236 0
6236 0
6236 0
6236 0
6236 0
6236 0
6236 0
6236 0
6236 0
6236 1
6236 0
6236 0
6236 0
6236 0
6236 0
6236 0
6236 0
6236 0
6236 0
6236 0
6236 0
6236 0
6236 0
6236 138
6236 0
6236 0
6236 0
6236 0
6236 0
6236 0
6236 0
6270 0
6270 37
6270 0
6270 0
6270 0
6270 0
6270 0
6270 0
6270 0
6270 0
6270 0
6270 0
6270 0
6270 0
6270 0
6270 0
6270 0
6270 0
6270 0
6270 0
6270 0
6270 0
6270 0
6270 0
6270 0
6270 0
6270 0
6270 0
6270 0
6270 0
6270 0
6349 0
6349 0
6349 0
6349 0
6349 0
6349 0
6349 0
6349 0
6349 0
6349 0
6349 0
6349 0
6349 0
6349 0
6349 0
6349 0
6349 0
6349 0
6349 0
6349 0
6349 0
6349 0
6349 0
6349 0
6349 0
6349 0
6349 0
6349 0
6349 0
6349 0
6349 0
6354 0
6354 0
6354 0
6354 0
6354 0
6354 0
6354 0
6354 0
6354 0
6354 8
6354 0
6354 0
6354 0
6354 0
6354 0
6354 0
6354 0
6354 0
6354 0
6354 0
6354 0
6354 0
6354 0
6354 31
6354 0
6354 0
6354 0
6354 0
6354 0
6354 0
6354 0
6359 0
6359 0
6359 0
6359 0
6359 0
6359 0
6359 0
6359 0
6359 0
6359 0
6359 0
6359 0
6359 0
6359 0
6359 0
6359 0
6359 0
6359 0
6359 0
6359 0
6359 0
6359 0
6359 0
6359 1
6359 0
6359 0
6359 0
6359 0
6359 0
6359 0
6359 0
6365 0
6365 0
6365 0
6365 0
6365 0
6365 0
6365 0
6365 0
6365 0
6365 1
6365 0
6365 0
6365 0
6365 0
6365 0
6365 0
6365 0
6365 0
6365 0
6365 0
6365 0
6365 0
6365 0
6365 33
6365 0
6365 0
6365 0
6365 0
6365 0
6365 0
6365 0
6382 0
6382 2
6382 0
6382 0
6382 0
6382 0
6382 0
6382 0
6382 0
6382 0
6382 0
6382 0
6382 0
6382 0
6382 0
6382 0
6382 0
6382 0
6382 0
6382 0
6382 0
6382 0
6382 0
6382 6
6382 0
6382 1
6382 0
6382 0
6382 0
6382 0
6382 0
6387 0
6387 1
6387 0
6387 0
6387 0
6387 0
6387 0
6387 0
6387 0
6387 0
6387 0
6387 0
6387 0
6387 0
6387 0
6387 0
6387 0
6387 0
6387 0
6387 0
6387 0
6387 0
6387 0
6387 1
6387 0
6387 1
6387 0
6387 0
6387 0
6387 0
6387 0
6391 0
6391 10
6391 0
6391 0
6391 0
6391 0
6391 0
6391 0
6391 0
6391 0
6391 0
6391 0
6391 0
6391 0
6391 0
6391 0
6391 0
6391 0
6391 0
6391 0
6391 0
6391 0
6391 0
6391 3
6391 0
6391 1
6391 0
6391 0
6391 0
6391 0
6391 0
6392 0
6392 0
6392 0
6392 0
6392 0
6392 0
6392 0
6392 0
6392 0
6392 0
6392 0
6392 0
6392 0
6392 0
6392 0
6392 0
6392 0
6392 0
6392 0
6392 0
6392 0
6392 0
6392 0
6392 0
6392 0
6392 0
6392 0
6392 0
6392 0
6392 0
6392 0
6404 0
6404 3
6404 0
6404 0
6404 0
6404 0
6404 0
6404 0
6404 0
6404 2
6404 0
6404 0
6404 0
6404 0
6404 0
6404 0
6404 0
6404 0
6404 0
6404 0
6404 0
6404 0
6404 0
6404 2
6404 0
6404 1
6404 0
6404 0
6404 0
6404 0
6404 0
6437 0
6437 1
6437 0
6437 0
6437 0
6437 0
6437 0
6437 0
6437 0
6437 9
6437 0
6437 0
6437 0
6437 0
6437 0
6437 0
6437 0
6437 0
6437 0
6437 0
6437 0
6437 0
6437 0
6437 5
6437 0
6437 0
6437 0
6437 0
6437 0
6437 0
6437 0
6447 0
6447 4
6447 0
6447 0
6447 0
6447 0
6447 0
6447 0
6447 0
6447 0
6447 0
6447 0
6447 0
6447 0
6447 0
6447 0
6447 0
6447 0
6447 0
6447 0
6447 0
6447 0
6447 0
6447 1
6447 0
6447 0
6447 0
6447 0
6447 0
6447 0
6447 0
6457 0
6457 3
6457 0
6457 0
6457 0
6457 0
6457 0
6457 0
6457 0
6457 1
6457 0
6457 0
6457 0
6457 0
6457 0
6457 0
6457 0
6457 0
6457 0
6457 0
6457 0
6457 0
6457 0
6457 5
6457 0
6457 1
6457 0
6457 0
6457 0
6457 0
6457 0
6468 0
6468 3
6468 0
6468 0
6468 0
6468 0
6468 0
6468 0
6468 0
6468 0
6468 0
6468 0
6468 0
6468 0
6468 0
6468 0
6468 0
6468 0
6468 0
6468 0
6468 0
6468 0
6468 0
6468 4
6468 0
6468 0
6468 0
6468 0
6468 0
6468 0
6468 0
6503 0
6503 4
6503 0
6503 0
6503 0
6503 0
6503 0
6503 0
6503 0
6503 2
6503 0
6503 0
6503 0
6503 0
6503 0
6503 0
6503 0
6503 0
6503 0
6503 0
6503 0
6503 0
6503 0
6503 4
6503 0
6503 0
6503 0
6503 0
6503 0
6503 0
6503 0
6540 0
6540 2
6540 0
6540 0
6540 0
6540 0
6540 0
6540 0
6540 0
6540 0
6540 0
6540 0
6540 0
6540 0
6540 0
6540 0
6540 0
6540 0
6540 0
6540 0
6540 0
6540 0
6540 0
6540 4
6540 0
6540 1
6540 0
6540 0
6540 0
6540 0
6540 0
6544 0
6544 2
6544 0
6544 0
6544 0
6544 0
6544 0
6544 0
6544 0
6544 0
6544 0
6544 0
6544 0
6544 0
6544 0
6544 0
6544 0
6544 0
6544 0
6544 0
6544 0
6544 0
6544 0
6544 2
6544 0
6544 1
6544 0
6544 0
6544 0
6544 0
6544 0
6545 0
6545 7
6545 0
6545 0
6545 0
6545 0
6545 0
6545 0
6545 0
6545 0
6545 0
6545 0
6545 0
6545 0
6545 0
6545 0
6545 0
6545 0
6545 0
6545 0
6545 0
6545 0
6545 0
6545 1
6545 0
6545 0
6545 0
6545 0
6545 0
6545 0
6545 0
6618 0
6618 0
6618 0
6618 0
6618 0
6618 0
6618 0
6618 0
6618 0
6618 0
6618 0
6618 0
6618 0
6618 0
6618 0
6618 0
6618 0
6618 0
6618 0
6618 0
6618 0
6618 0
6618 0
6618 0
6618 0
6618 0
6618 0
6618 0
6618 0
6618 0
6618 0
6631 0
6631 1
6631 0
6631 0
6631 0
6631 0
6631 0
6631 0
6631 0
6631 0
6631 0
6631 0
6631 0
6631 0
6631 0
6631 0
6631 0
6631 0
6631 0
6631 0
6631 0
6631 0
6631 0
6631 0
6631 0
6631 0
6631 0
6631 0
6631 0
6631 0
6631 0
6691 0
6691 0
6691 0
6691 0
6691 0
6691 0
6691 0
6691 0
6691 0
6691 0
6691 0
6691 0
6691 0
6691 0
6691 0
6691 0
6691 0
6691 0
6691 0
6691 0
6691 0
6691 0
6691 0
6691 3
6691 0
6691 2
6691 0
6691 0
6691 0
6691 0
6691 0
6709 0
6709 0
6709 0
6709 0
6709 0
6709 0
6709 0
6709 0
6709 0
6709 0
6709 0
6709 0
6709 0
6709 0
6709 0
6709 0
6709 0
6709 0
6709 0
6709 0
6709 0
6709 0
6709 0
6709 1
6709 0
6709 0
6709 0
6709 0
6709 0
6709 0
6709 0
6734 0
6734 0
6734 0
6734 0
6734 0
6734 0
6734 0
6734 0
6734 0
6734 0
6734 0
6734 0
6734 0
6734 0
6734 0
6734 0
6734 0
6734 0
6734 0
6734 0
6734 0
6734 0
6734 0
6734 0
6734 0
6734 0
6734 0
6734 0
6734 0
6734 0
6734 0
6757 0
6757 5
6757 0
6757 0
6757 0
6757 0
6757 0
6757 0
6757 0
6757 0
6757 0
6757 0
6757 0
6757 0
6757 0
6757 0
6757 0
6757 0
6757 0
6757 0
6757 0
6757 0
6757 0
6757 2
6757 0
6757 1
6757 0
6757 0
6757 0
6757 0
6757 0
6789 0
6789 0
6789 0
6789 0
6789 0
6789 0
6789 0
6789 0
6789 0
6789 0
6789 0
6789 0
6789 0
6789 0
6789 0
6789 0
6789 0
6789 0
6789 0
6789 0
6789 0
6789 0
6789 0
6789 0
6789 0
6789 0
6789 0
6789 0
6789 0
6789 0
6789 0
6816 0
6816 0
6816 0
6816 0
6816 0
6816 0
6816 0
6816 0
6816 0
6816 0
6816 0
6816 0
6816 0
6816 0
6816 0
6816 0
6816 0
6816 0
6816 0
6816 0
6816 0
6816 0
6816 0
6816 0
6816 0
6816 0
6816 0
6816 0
6816 0
6816 0
6816 0
6839 0
6839 0
6839 0
6839 0
6839 0
6839 0
6839 0
6839 0
6839 0
6839 0
6839 0
6839 0
6839 0
6839 0
6839 0
6839 0
6839 0
6839 0
6839 0
6839 0
6839 0
6839 0
6839 0
6839 0
6839 0
6839 0
6839 0
6839 0
6839 0
6839 0
6839 0
6843 0
6843 1
6843 0
6843 0
6843 0
6843 0
6843 0
6843 0
6843 0
6843 1
6843 0
6843 0
6843 0
6843 0
6843 0
6843 0
6843 0
6843 0
6843 0
6843 0
6843 0
6843 0
6843 0
6843 3
6843 0
6843 0
6843 0
6843 0
6843 0
6843 0
6843 0
6856 0
6856 2
6856 0
6856 0
6856 0
6856 0
6856 0
6856 0
6856 0
6856 0
6856 0
6856 0
6856 0
6856 0
6856 0
6856 0
6856 0
6856 0
6856 0
6856 0
6856 0
6856 0
6856 0
6856 8
6856 0
6856 4
6856 0
6856 0
6856 0
6856 0
6856 0
6866 0
6866 0
6866 0
6866 0
6866 0
6866 0
6866 0
6866 0
6866 0
6866 1
6866 0
6866 0
6866 0
6866 0
6866 0
6866 0
6866 0
6866 0
6866 0
6866 0
6866 0
6866 0
6866 0
6866 4
6866 0
6866 0
6866 0
6866 0
6866 0
6866 0
6866 0
6871 0
6871 1
6871 0
6871 0
6871 0
6871 0
6871 0
6871 0
6871 0
6871 0
6871 0
6871 0
6871 0
6871 0
6871 0
6871 0
6871 0
6871 0
6871 0
6871 0
6871 0
6871 0
6871 0
6871 3
6871 0
6871 4
6871 0
6871 0
6871 0
6871 0
6871 0
6886 0
6886 0
6886 0
6886 0
6886 0
6886 0
6886 0
6886 0
6886 0
6886 0
6886 0
6886 0
6886 0
6886 0
6886 0
6886 0
6886 0
6886 0
6886 0
6886 0
6886 0
6886 0
6886 0
6886 0
6886 0
6886 0
6886 0
6886 0
6886 0
6886 0
6886 0
6917 0
6917 0
6917 0
6917 0
6917 0
6917 0
6917 0
6917 0
6917 0
6917 0
6917 0
6917 0
6917 0
6917 0
6917 0
6917 0
6917 0
6917 0
6917 0
6917 0
6917 0
6917 0
6917 0
6917 0
6917 0
6917 0
6917 0
6917 0
6917 0
6917 0
6917 0
6942 0
6942 0
6942 0
6942 0
6942 0
6942 0
6942 0
6942 0
6942 0
6942 1
6942 0
6942 0
6942 0
6942 0
6942 0
6942 0
6942 0
6942 0
6942 0
6942 0
6942 0
6942 0
6942 0
6942 4
6942 0
6942 0
6942 0
6942 0
6942 0
6942 0
6942 0
6955 0
6955 1
6955 0
6955 0
6955 0
6955 0
6955 0
6955 0
6955 0
6955 0
6955 0
6955 0
6955 0
6955 0
6955 0
6955 0
6955 0
6955 0
6955 0
6955 0
6955 0
6955 0
6955 0
6955 1
6955 0
6955 0
6955 0
6955 0
6955 0
6955 0
6955 0
6959 0
6959 0
6959 0
6959 0
6959 0
6959 0
6959 0
6959 0
6959 0
6959 0
6959 0
6959 0
6959 0
6959 0
6959 0
6959 0
6959 0
6959 0
6959 0
6959 0
6959 0
6959 0
6959 0
6959 49
6959 0
6959 5
6959 0
6959 0
6959 0
6959 0
6959 0
6962 0
6962 0
6962 0
6962 0
6962 0
6962 0
6962 0
6962 0
6962 0
6962 0
6962 0
6962 0
6962 0
6962 0
6962 0
6962 0
6962 0
6962 0
6962 0
6962 0
6962 0
6962 0
6962 0
6962 0
6962 0
6962 0
6962 0
6962 0
6962 0
6962 0
6962 0
6967 0
6967 0
6967 0
6967 0
6967 0
6967 0
6967 0
6967 0
6967 0
6967 0
6967 0
6967 0
6967 0
6967 0
6967 0
6967 0
6967 0
6967 0
6967 0
6967 0
6967 0
6967 0
6967 0
6967 0
6967 0
6967 0
6967 0
6967 0
6967 0
6967 0
6967 0
6996 0
6996 1
6996 0
6996 0
6996 0
6996 0
6996 0
6996 0
6996 0
6996 0
6996 0
6996 0
6996 0
6996 0
6996 0
6996 0
6996 0
6996 0
6996 0
6996 0
6996 0
6996 0
6996 0
6996 0
6996 0
6996 0
6996 0
6996 0
6996 0
6996 0
6996 0
7012 0
7012 1
7012 0
7012 0
7012 0
7012 0
7012 0
7012 0
7012 0
7012 0
7012 0
7012 0
7012 0
7012 0
7012 0
7012 0
7012 0
7012 0
7012 0
7012 0
7012 0
7012 0
7012 0
7012 7
7012 0
7012 2
7012 0
7012 0
7012 0
7012 0
7012 0
7015 0
7015 7
7015 0
7015 0
7015 0
7015 0
7015 0
7015 0
7015 0
7015 0
7015 0
7015 0
7015 0
7015 0
7015 0
7015 0
7015 0
7015 0
7015 0
7015 0
7015 0
7015 0
7015 0
7015 22
7015 0
7015 9
7015 0
7015 0
7015 0
7015 0
7015 0
7034 0
7034 2
7034 0
7034 0
7034 0
7034 0
7034 0
7034 0
7034 0
7034 0
7034 0
7034 0
7034 0
7034 0
7034 0
7034 0
7034 0
7034 0
7034 0
7034 0
7034 0
7034 0
7034 0
7034 85
7034 0
7034 1
7034 0
7034 0
7034 0
7034 0
7034 0
7035 0
7035 1
7035 0
7035 0
7035 0
7035 0
7035 0
7035 0
7035 0
7035 1
7035 0
7035 0
7035 0
7035 0
7035 0
7035 0
7035 0
7035 0
7035 0
7035 0
7035 0
7035 0
7035 0
7035 2
7035 0
7035 1
7035 0
7035 0
7035 0
7035 0
7035 0
7041 0
7041 314
7041 0
7041 0
7041 0
7041 0
7041 0
7041 0
7041 0
7041 68
7041 0
7041 0
7041 0
7041 0
7041 0
7041 0
7041 0
7041 0
7041 0
7041 0
7041 0
7041 0
7041 0
7041 446
7041 0
7041 146
7041 0
7041 0
7041 0
7041 0
7041 0
7069 0
7069 3
7069 0
7069 0
7069 0
7069 0
7069 0
7069 0
7069 0
7069 1
7069 0
7069 0
7069 0
7069 0
7069 0
7069 0
7069 0
7069 0
7069 0
7069 0
7069 0
7069 0
7069 0
7069 29
7069 0
7069 11
7069 0
7069 0
7069 0
7069 0
7069 0
7080 0
7080 0
7080 0
7080 0
7080 0
7080 0
7080 0
7080 0
7080 0
7080 1
7080 0
7080 0
7080 0
7080 0
7080 0
7080 0
7080 0
7080 0
7080 0
7080 0
7080 0
7080 0
7080 0
7080 0
7080 0
7080 0
7080 0
7080 0
7080 0
7080 0
7080 0
7119 0
7119 1
7119 0
7119 0
7119 0
7119 0
7119 0
7119 0
7119 0
7119 0
7119 0
7119 0
7119 0
7119 0
7119 0
7119 0
7119 0
7119 0
7119 0
7119 0
7119 0
7119 0
7119 0
7119 0
7119 0
7119 0
7119 0
7119 0
7119 0
7119 0
7119 0
7121 0
7121 1
7121 0
7121 0
7121 0
7121 0
7121 0
7121 0
7121 0
7121 0
7121 0
7121 0
7121 0
7121 0
7121 0
7121 0
7121 0
7121 0
7121 0
7121 0
7121 0
7121 0
7121 0
7121 1
7121 0
7121 0
7121 0
7121 0
7121 0
7121 0
7121 0
7122 0
7122 1
7122 0
7122 0
7122 0
7122 0
7122 0
7122 0
7122 0
7122 0
7122 0
7122 0
7122 0
7122 0
7122 0
7122 0
7122 0
7122 0
7122 0
7122 0
7122 0
7122 0
7122 0
7122 1
7122 0
7122 0
7122 0
7122 0
7122 0
7122 0
7122 0
7137 0
7137 1
7137 0
7137 0
7137 0
7137 0
7137 0
7137 0
7137 0
7137 0
7137 0
7137 0
7137 0
7137 0
7137 0
7137 0
7137 0
7137 0
7137 0
7137 0
7137 0
7137 0
7137 0
7137 141
7137 0
7137 1
7137 0
7137 0
7137 0
7137 0
7137 0
7160 0
7160 15
7160 0
7160 0
7160 0
7160 0
7160 0
7160 0
7160 0
7160 0
7160 0
7160 0
7160 0
7160 0
7160 0
7160 0
7160 0
7160 0
7160 0
7160 0
7160 0
7160 0
7160 0
7160 1
7160 0
7160 0
7160 0
7160 0
7160 0
7160 0
7160 0
7200 0
7200 0
7200 0
7200 0
7200 0
7200 0
7200 0
7200 0
7200 0
7200 0
7200 0
7200 0
7200 0
7200 0
7200 0
7200 0
7200 0
7200 0
7200 0
7200 0
7200 0
7200 0
7200 0
7200 31
7200 0
7200 1
7200 0
7200 0
7200 0
7200 0
7200 0
