pt_graph cpue_kghour
4635 0
4635 19
4635 0
4635 0
4635 0
4635 0
4635 0
4635 0
4635 0
4635 0
4635 0
4635 0
4635 0
4635 0
4635 0
4635 0
4635 0
4635 0
4635 0
4635 0
4635 0
4635 0
4635 0
4635 0
4635 0
4635 0
4635 0
4635 0
4635 0
4635 0
4635 0
4712 0
4712 25
4712 0
4712 0
4712 0
4712 0
4712 0
4712 0
4712 0
4712 0
4712 0
4712 0
4712 0
4712 0
4712 0
4712 0
4712 0
4712 0
4712 0
4712 0
4712 0
4712 0
4712 0
4712 0
4712 0
4712 0
4712 0
4712 0
4712 0
4712 0
4712 0
4934 0
4934 32
4934 0
4934 0
4934 0
4934 0
4934 0
4934 0
4934 0
4934 0
4934 0
4934 0
4934 0
4934 0
4934 0
4934 0
4934 0
4934 0
4934 0
4934 0
4934 0
4934 0
4934 0
4934 0
4934 0
4934 0
4934 0
4934 0
4934 0
4934 0
4934 0
5245 0
5245 17
5245 0
5245 0
5245 0
5245 0
5245 0
5245 0
5245 0
5245 0
5245 0
5245 0
5245 0
5245 0
5245 0
5245 0
5245 0
5245 0
5245 0
5245 0
5245 0
5245 0
5245 0
5245 13
5245 0
5245 0
5245 0
5245 0
5245 0
5245 0
5245 0
5259 0
5259 1
5259 0
5259 0
5259 0
5259 0
5259 0
5259 0
5259 0
5259 0
5259 0
5259 0
5259 0
5259 0
5259 0
5259 0
5259 0
5259 0
5259 0
5259 0
5259 0
5259 0
5259 0
5259 27
5259 0
5259 0
5259 0
5259 0
5259 0
5259 0
5259 0
5285 0
5285 1
5285 0
5285 0
5285 0
5285 0
5285 0
5285 0
5285 0
5285 0
5285 0
5285 0
5285 0
5285 0
5285 0
5285 0
5285 0
5285 0
5285 0
5285 0
5285 0
5285 0
5285 0
5285 27
5285 0
5285 0
5285 0
5285 0
5285 0
5285 0
5285 0
5301 0
5301 1
5301 0
5301 0
5301 0
5301 0
5301 0
5301 0
5301 0
5301 0
5301 0
5301 0
5301 0
5301 0
5301 0
5301 0
5301 0
5301 0
5301 0
5301 0
5301 0
5301 0
5301 0
5301 27
5301 0
5301 0
5301 0
5301 0
5301 0
5301 0
5301 0
5336 0
5336 49
5336 0
5336 0
5336 0
5336 0
5336 0
5336 0
5336 0
5336 0
5336 0
5336 0
5336 0
5336 0
5336 0
5336 0
5336 0
5336 0
5336 0
5336 0
5336 0
5336 0
5336 0
5336 0
5336 0
5336 0
5336 0
5336 0
5336 0
5336 0
5336 0
5350 0
5350 20
5350 0
5350 0
5350 0
5350 0
5350 0
5350 0
5350 0
5350 0
5350 0
5350 0
5350 0
5350 0
5350 0
5350 0
5350 0
5350 0
5350 0
5350 0
5350 0
5350 0
5350 0
5350 0
5350 0
5350 0
5350 0
5350 0
5350 0
5350 0
5350 0
5372 0
5372 30
5372 0
5372 0
5372 0
5372 0
5372 0
5372 0
5372 0
5372 0
5372 0
5372 0
5372 0
5372 0
5372 0
5372 0
5372 0
5372 0
5372 0
5372 0
5372 0
5372 0
5372 0
5372 0
5372 0
5372 0
5372 0
5372 0
5372 0
5372 0
5372 0
5387 0
5387 41
5387 0
5387 0
5387 0
5387 0
5387 0
5387 0
5387 0
5387 0
5387 0
5387 0
5387 0
5387 0
5387 0
5387 0
5387 0
5387 0
5387 0
5387 0
5387 0
5387 0
5387 0
5387 0
5387 0
5387 0
5387 0
5387 0
5387 0
5387 0
5387 0
5414 0
5414 18
5414 0
5414 0
5414 0
5414 0
5414 0
5414 0
5414 0
5414 0
5414 0
5414 0
5414 0
5414 0
5414 0
5414 0
5414 0
5414 0
5414 0
5414 0
5414 0
5414 0
5414 0
5414 9
5414 0
5414 0
5414 0
5414 0
5414 0
5414 0
5414 0
5434 0
5434 23
5434 0
5434 0
5434 0
5434 0
5434 0
5434 0
5434 0
5434 0
5434 0
5434 0
5434 0
5434 0
5434 0
5434 0
5434 0
5434 0
5434 0
5434 0
5434 0
5434 0
5434 0
5434 0
5434 0
5434 0
5434 0
5434 0
5434 0
5434 0
5434 0
5438 0
5438 27
5438 0
5438 0
5438 0
5438 0
5438 0
5438 0
5438 0
5438 0
5438 0
5438 0
5438 0
5438 0
5438 0
5438 0
5438 0
5438 0
5438 0
5438 0
5438 0
5438 0
5438 0
5438 0
5438 0
5438 0
5438 0
5438 0
5438 0
5438 0
5438 0
5446 0
5446 49
5446 0
5446 0
5446 0
5446 0
5446 0
5446 0
5446 0
5446 0
5446 0
5446 0
5446 0
5446 0
5446 0
5446 0
5446 0
5446 0
5446 0
5446 0
5446 0
5446 0
5446 0
5446 0
5446 0
5446 0
5446 0
5446 0
5446 0
5446 0
5446 0
5452 0
5452 25
5452 0
5452 0
5452 0
5452 0
5452 0
5452 0
5452 0
5452 0
5452 0
5452 0
5452 0
5452 0
5452 0
5452 0
5452 0
5452 0
5452 0
5452 0
5452 0
5452 0
5452 0
5452 0
5452 0
5452 0
5452 0
5452 0
5452 0
5452 0
5452 0
5472 0
5472 141
5472 0
5472 0
5472 0
5472 0
5472 0
5472 0
5472 0
5472 0
5472 0
5472 0
5472 0
5472 0
5472 0
5472 0
5472 0
5472 0
5472 0
5472 0
5472 0
5472 0
5472 0
5472 0
5472 0
5472 0
5472 0
5472 0
5472 0
5472 0
5472 0
5473 0
5473 49
5473 0
5473 0
5473 0
5473 0
5473 0
5473 0
5473 0
5473 0
5473 0
5473 0
5473 0
5473 0
5473 0
5473 0
5473 0
5473 0
5473 0
5473 0
5473 0
5473 0
5473 0
5473 0
5473 0
5473 0
5473 0
5473 0
5473 0
5473 0
5473 0
5477 0
5477 21
5477 0
5477 0
5477 0
5477 0
5477 0
5477 0
5477 0
5477 0
5477 0
5477 0
5477 0
5477 0
5477 0
5477 0
5477 0
5477 0
5477 0
5477 0
5477 0
5477 0
5477 0
5477 0
5477 0
5477 0
5477 0
5477 0
5477 0
5477 0
5477 0
5509 0
5509 24
5509 0
5509 0
5509 0
5509 0
5509 0
5509 0
5509 0
5509 0
5509 0
5509 0
5509 0
5509 0
5509 0
5509 0
5509 0
5509 0
5509 0
5509 0
5509 0
5509 0
5509 0
5509 0
5509 0
5509 0
5509 0
5509 0
5509 0
5509 0
5509 0
5529 0
5529 29
5529 0
5529 0
5529 0
5529 0
5529 0
5529 0
5529 0
5529 0
5529 0
5529 0
5529 0
5529 0
5529 0
5529 0
5529 0
5529 0
5529 0
5529 0
5529 0
5529 0
5529 0
5529 0
5529 0
5529 0
5529 0
5529 0
5529 0
5529 0
5529 0
5533 0
5533 34
5533 0
5533 0
5533 0
5533 0
5533 0
5533 0
5533 0
5533 0
5533 0
5533 0
5533 0
5533 0
5533 0
5533 0
5533 0
5533 0
5533 0
5533 0
5533 0
5533 0
5533 0
5533 0
5533 0
5533 0
5533 0
5533 0
5533 0
5533 0
5533 0
5538 0
5538 60
5538 0
5538 0
5538 0
5538 0
5538 0
5538 0
5538 0
5538 0
5538 0
5538 0
5538 0
5538 0
5538 0
5538 0
5538 0
5538 0
5538 0
5538 0
5538 0
5538 0
5538 0
5538 0
5538 0
5538 0
5538 0
5538 0
5538 0
5538 0
5538 0
5550 0
5550 23
5550 0
5550 0
5550 0
5550 0
5550 0
5550 0
5550 0
5550 0
5550 0
5550 0
5550 0
5550 0
5550 0
5550 0
5550 0
5550 0
5550 0
5550 0
5550 0
5550 0
5550 0
5550 0
5550 0
5550 0
5550 0
5550 0
5550 0
5550 0
5550 0
5554 0
5554 141
5554 0
5554 0
5554 0
5554 0
5554 0
5554 0
5554 0
5554 0
5554 0
5554 0
5554 0
5554 0
5554 0
5554 0
5554 0
5554 0
5554 0
5554 0
5554 0
5554 0
5554 0
5554 0
5554 0
5554 0
5554 0
5554 0
5554 0
5554 0
5554 0
5566 0
5566 33
5566 0
5566 0
5566 0
5566 0
5566 0
5566 0
5566 0
5566 0
5566 0
5566 0
5566 0
5566 0
5566 0
5566 0
5566 0
5566 0
5566 0
5566 0
5566 0
5566 0
5566 0
5566 0
5566 0
5566 0
5566 0
5566 0
5566 0
5566 0
5566 0
5597 0
5597 35
5597 0
5597 0
5597 0
5597 0
5597 0
5597 0
5597 0
5597 0
5597 0
5597 0
5597 0
5597 0
5597 0
5597 0
5597 0
5597 0
5597 0
5597 0
5597 1
5597 0
5597 0
5597 3
5597 0
5597 0
5597 0
5597 0
5597 0
5597 0
5597 0
5605 0
5605 28
5605 0
5605 0
5605 0
5605 0
5605 0
5605 0
5605 0
5605 0
5605 0
5605 0
5605 0
5605 0
5605 0
5605 0
5605 0
5605 0
5605 0
5605 0
5605 0
5605 0
5605 0
5605 0
5605 0
5605 0
5605 0
5605 0
5605 0
5605 0
5605 0
5608 0
5608 68
5608 0
5608 0
5608 0
5608 0
5608 0
5608 0
5608 0
5608 0
5608 0
5608 0
5608 0
5608 0
5608 0
5608 0
5608 0
5608 0
5608 0
5608 0
5608 2
5608 0
5608 0
5608 10
5608 0
5608 0
5608 0
5608 0
5608 0
5608 0
5608 0
5625 0
5625 25
5625 0
5625 0
5625 0
5625 0
5625 0
5625 0
5625 0
5625 0
5625 0
5625 0
5625 0
5625 0
5625 0
5625 0
5625 0
5625 0
5625 0
5625 0
5625 0
5625 0
5625 0
5625 0
5625 0
5625 0
5625 0
5625 0
5625 0
5625 0
5625 0
5638 0
5638 23
5638 0
5638 0
5638 0
5638 0
5638 0
5638 0
5638 0
5638 0
5638 0
5638 0
5638 0
5638 0
5638 0
5638 0
5638 0
5638 0
5638 0
5638 0
5638 0
5638 0
5638 0
5638 0
5638 0
5638 0
5638 0
5638 0
5638 0
5638 0
5638 0
5642 0
5642 48
5642 0
5642 0
5642 0
5642 0
5642 0
5642 0
5642 0
5642 0
5642 0
5642 0
5642 0
5642 0
5642 0
5642 0
5642 0
5642 0
5642 0
5642 0
5642 0
5642 0
5642 0
5642 0
5642 0
5642 0
5642 0
5642 0
5642 0
5642 0
5642 0
5643 0
5643 34
5643 0
5643 0
5643 0
5643 0
5643 0
5643 0
5643 0
5643 0
5643 0
5643 0
5643 0
5643 0
5643 0
5643 0
5643 0
5643 0
5643 0
5643 0
5643 0
5643 0
5643 0
5643 0
5643 0
5643 0
5643 0
5643 0
5643 0
5643 0
5643 0
5647 0
5647 23
5647 0
5647 0
5647 0
5647 0
5647 0
5647 0
5647 0
5647 0
5647 0
5647 0
5647 0
5647 0
5647 0
5647 0
5647 0
5647 0
5647 0
5647 0
5647 0
5647 0
5647 0
5647 0
5647 0
5647 0
5647 0
5647 0
5647 0
5647 0
5647 0
5656 0
5656 34
5656 0
5656 0
5656 0
5656 0
5656 0
5656 0
5656 0
5656 0
5656 0
5656 0
5656 0
5656 0
5656 0
5656 0
5656 0
5656 0
5656 0
5656 0
5656 0
5656 0
5656 0
5656 0
5656 0
5656 0
5656 0
5656 0
5656 0
5656 0
5656 0
5658 0
5658 21
5658 0
5658 0
5658 0
5658 0
5658 0
5658 0
5658 0
5658 0
5658 0
5658 0
5658 0
5658 0
5658 0
5658 0
5658 0
5658 0
5658 0
5658 0
5658 0
5658 0
5658 0
5658 0
5658 0
5658 0
5658 0
5658 0
5658 0
5658 0
5658 0
5662 0
5662 21
5662 0
5662 0
5662 0
5662 0
5662 0
5662 0
5662 0
5662 0
5662 0
5662 0
5662 0
5662 0
5662 0
5662 0
5662 0
5662 0
5662 0
5662 0
5662 0
5662 0
5662 0
5662 0
5662 0
5662 0
5662 0
5662 0
5662 0
5662 0
5662 0
5669 0
5669 47
5669 0
5669 0
5669 0
5669 0
5669 0
5669 0
5669 0
5669 0
5669 0
5669 0
5669 0
5669 0
5669 0
5669 0
5669 0
5669 0
5669 0
5669 0
5669 0
5669 0
5669 0
5669 0
5669 0
5669 0
5669 0
5669 0
5669 0
5669 0
5669 0
5674 0
5674 34
5674 0
5674 0
5674 0
5674 0
5674 0
5674 0
5674 0
5674 0
5674 0
5674 0
5674 0
5674 0
5674 0
5674 0
5674 0
5674 0
5674 0
5674 0
5674 0
5674 0
5674 0
5674 0
5674 0
5674 0
5674 0
5674 0
5674 0
5674 0
5674 0
5676 0
5676 60
5676 0
5676 0
5676 0
5676 0
5676 0
5676 0
5676 0
5676 0
5676 0
5676 0
5676 0
5676 0
5676 0
5676 0
5676 0
5676 0
5676 0
5676 0
5676 0
5676 0
5676 0
5676 0
5676 0
5676 0
5676 0
5676 0
5676 0
5676 0
5676 0
5688 0
5688 48
5688 0
5688 0
5688 0
5688 0
5688 0
5688 0
5688 0
5688 0
5688 0
5688 0
5688 0
5688 0
5688 0
5688 0
5688 0
5688 0
5688 0
5688 0
5688 0
5688 0
5688 0
5688 0
5688 0
5688 0
5688 0
5688 0
5688 0
5688 0
5688 0
5711 0
5711 43
5711 0
5711 0
5711 0
5711 0
5711 0
5711 0
5711 0
5711 0
5711 0
5711 0
5711 0
5711 0
5711 0
5711 0
5711 0
5711 0
5711 0
5711 0
5711 0
5711 0
5711 0
5711 0
5711 0
5711 0
5711 0
5711 0
5711 0
5711 0
5711 0
5726 0
5726 23
5726 0
5726 0
5726 0
5726 0
5726 0
5726 0
5726 0
5726 0
5726 0
5726 0
5726 0
5726 0
5726 0
5726 0
5726 0
5726 0
5726 0
5726 0
5726 0
5726 0
5726 0
5726 0
5726 0
5726 0
5726 0
5726 0
5726 0
5726 0
5726 0
5731 0
5731 64
5731 0
5731 0
5731 0
5731 0
5731 0
5731 0
5731 0
5731 0
5731 0
5731 0
5731 0
5731 0
5731 0
5731 0
5731 0
5731 0
5731 0
5731 0
5731 0
5731 0
5731 0
5731 4
5731 0
5731 0
5731 0
5731 0
5731 0
5731 0
5731 0
5782 0
5782 65
5782 0
5782 0
5782 0
5782 0
5782 0
5782 0
5782 0
5782 0
5782 0
5782 0
5782 0
5782 0
5782 0
5782 0
5782 0
5782 0
5782 0
5782 0
5782 0
5782 0
5782 0
5782 0
5782 0
5782 0
5782 0
5782 0
5782 0
5782 0
5782 0
5787 0
5787 28
5787 0
5787 0
5787 0
5787 0
5787 0
5787 0
5787 0
5787 0
5787 0
5787 0
5787 0
5787 0
5787 0
5787 0
5787 0
5787 0
5787 0
5787 0
5787 1
5787 0
5787 0
5787 2
5787 0
5787 0
5787 0
5787 0
5787 0
5787 0
5787 0
5813 0
5813 65
5813 0
5813 0
5813 0
5813 0
5813 0
5813 0
5813 0
5813 0
5813 0
5813 0
5813 0
5813 0
5813 0
5813 0
5813 0
5813 0
5813 0
5813 0
5813 0
5813 0
5813 0
5813 0
5813 0
5813 0
5813 0
5813 0
5813 0
5813 0
5813 0
5834 0
5834 60
5834 0
5834 0
5834 0
5834 0
5834 0
5834 0
5834 0
5834 0
5834 0
5834 0
5834 0
5834 0
5834 0
5834 0
5834 0
5834 0
5834 0
5834 0
5834 1
5834 0
5834 0
5834 5
5834 0
5834 0
5834 0
5834 0
5834 0
5834 0
5834 0
5842 0
5842 48
5842 0
5842 0
5842 0
5842 0
5842 0
5842 0
5842 0
5842 0
5842 0
5842 0
5842 0
5842 0
5842 0
5842 0
5842 0
5842 0
5842 0
5842 0
5842 0
5842 0
5842 0
5842 0
5842 0
5842 0
5842 0
5842 0
5842 0
5842 0
5842 0
5857 0
5857 23
5857 0
5857 0
5857 0
5857 0
5857 0
5857 0
5857 0
5857 0
5857 0
5857 0
5857 0
5857 0
5857 0
5857 0
5857 0
5857 0
5857 0
5857 0
5857 0
5857 0
5857 0
5857 0
5857 0
5857 0
5857 0
5857 0
5857 0
5857 0
5857 0
5865 0
5865 35
5865 0
5865 0
5865 0
5865 0
5865 0
5865 0
5865 0
5865 0
5865 0
5865 0
5865 0
5865 0
5865 0
5865 0
5865 0
5865 0
5865 0
5865 0
5865 1
5865 0
5865 0
5865 3
5865 0
5865 0
5865 0
5865 0
5865 0
5865 0
5865 0
5902 0
5902 23
5902 0
5902 0
5902 0
5902 0
5902 0
5902 0
5902 0
5902 0
5902 0
5902 0
5902 0
5902 0
5902 0
5902 0
5902 0
5902 0
5902 0
5902 0
5902 0
5902 0
5902 0
5902 0
5902 0
5902 0
5902 0
5902 0
5902 0
5902 0
5902 0
5978 0
5978 41
5978 0
5978 0
5978 0
5978 0
5978 0
5978 0
5978 0
5978 0
5978 0
5978 0
5978 0
5978 0
5978 0
5978 0
5978 0
5978 0
5978 0
5978 0
5978 1
5978 0
5978 0
5978 2
5978 0
5978 0
5978 0
5978 0
5978 0
5978 0
5978 0
6018 0
6018 64
6018 0
6018 0
6018 0
6018 0
6018 0
6018 0
6018 0
6018 0
6018 0
6018 0
6018 0
6018 0
6018 0
6018 0
6018 0
6018 0
6018 0
6018 0
6018 0
6018 0
6018 0
6018 4
6018 0
6018 0
6018 0
6018 0
6018 0
6018 0
6018 0
6035 0
6035 79
6035 0
6035 0
6035 0
6035 0
6035 0
6035 0
6035 0
6035 0
6035 0
6035 0
6035 0
6035 0
6035 0
6035 0
6035 0
6035 0
6035 0
6035 0
6035 0
6035 0
6035 0
6035 2
6035 0
6035 0
6035 0
6035 0
6035 0
6035 0
6035 0
6042 0
6042 254
6042 0
6042 0
6042 0
6042 0
6042 0
6042 0
6042 0
6042 0
6042 0
6042 0
6042 0
6042 0
6042 0
6042 0
6042 0
6042 0
6042 0
6042 0
6042 0
6042 0
6042 0
6042 20
6042 0
6042 0
6042 0
6042 0
6042 0
6042 0
6042 0
6100 0
6100 94
6100 0
6100 0
6100 0
6100 0
6100 0
6100 0
6100 0
6100 0
6100 0
6100 0
6100 0
6100 0
6100 0
6100 0
6100 0
6100 0
6100 0
6100 0
6100 0
6100 0
6100 0
6100 0
6100 0
6100 0
6100 0
6100 0
6100 0
6100 0
6100 0
6120 0
6120 43
6120 0
6120 0
6120 0
6120 0
6120 0
6120 0
6120 0
6120 0
6120 0
6120 0
6120 0
6120 0
6120 0
6120 0
6120 0
6120 0
6120 0
6120 0
6120 2
6120 0
6120 0
6120 14
6120 0
6120 0
6120 0
6120 0
6120 0
6120 0
6120 0
6130 0
6130 67
6130 0
6130 0
6130 0
6130 0
6130 0
6130 0
6130 0
6130 0
6130 0
6130 0
6130 0
6130 0
6130 0
6130 0
6130 0
6130 0
6130 0
6130 0
6130 0
6130 0
6130 0
6130 0
6130 0
6130 0
6130 0
6130 0
6130 0
6130 0
6130 0
6143 0
6143 67
6143 0
6143 0
6143 0
6143 0
6143 0
6143 0
6143 0
6143 0
6143 0
6143 0
6143 0
6143 0
6143 0
6143 0
6143 0
6143 0
6143 0
6143 0
6143 0
6143 0
6143 0
6143 0
6143 0
6143 0
6143 0
6143 0
6143 0
6143 0
6143 0
6165 0
6165 94
6165 0
6165 0
6165 0
6165 0
6165 0
6165 0
6165 0
6165 0
6165 0
6165 0
6165 0
6165 0
6165 0
6165 0
6165 0
6165 0
6165 0
6165 0
6165 0
6165 0
6165 0
6165 0
6165 0
6165 0
6165 0
6165 0
6165 0
6165 0
6165 0
6174 0
6174 254
6174 0
6174 0
6174 0
6174 0
6174 0
6174 0
6174 0
6174 0
6174 0
6174 0
6174 0
6174 0
6174 0
6174 0
6174 0
6174 0
6174 0
6174 0
6174 0
6174 0
6174 0
6174 20
6174 0
6174 0
6174 0
6174 0
6174 0
6174 0
6174 0
6185 0
6185 67
6185 0
6185 0
6185 0
6185 0
6185 0
6185 0
6185 0
6185 0
6185 0
6185 0
6185 0
6185 0
6185 0
6185 0
6185 0
6185 0
6185 0
6185 0
6185 0
6185 0
6185 0
6185 0
6185 0
6185 0
6185 0
6185 0
6185 0
6185 0
6185 0
6243 0
6243 67
6243 0
6243 0
6243 0
6243 0
6243 0
6243 0
6243 0
6243 0
6243 0
6243 0
6243 0
6243 0
6243 0
6243 0
6243 0
6243 0
6243 0
6243 0
6243 0
6243 0
6243 0
6243 0
6243 0
6243 0
6243 0
6243 0
6243 0
6243 0
6243 0
6327 0
6327 44
6327 0
6327 0
6327 0
6327 0
6327 0
6327 0
6327 0
6327 0
6327 0
6327 0
6327 0
6327 0
6327 0
6327 0
6327 0
6327 0
6327 0
6327 0
6327 1
6327 0
6327 0
6327 0
6327 0
6327 0
6327 0
6327 0
6327 0
6327 0
6327 0
6413 0
6413 35
6413 0
6413 0
6413 0
6413 0
6413 0
6413 0
6413 0
6413 0
6413 0
6413 0
6413 0
6413 0
6413 0
6413 0
6413 0
6413 0
6413 0
6413 0
6413 1
6413 0
6413 0
6413 16
6413 0
6413 0
6413 0
6413 0
6413 0
6413 0
6413 0
6428 0
6428 35
6428 0
6428 0
6428 0
6428 0
6428 0
6428 0
6428 0
6428 0
6428 0
6428 0
6428 0
6428 0
6428 0
6428 0
6428 0
6428 0
6428 0
6428 0
6428 1
6428 0
6428 0
6428 16
6428 0
6428 0
6428 0
6428 0
6428 0
6428 0
6428 0
6433 0
6433 67
6433 0
6433 0
6433 0
6433 0
6433 0
6433 0
6433 0
6433 0
6433 0
6433 0
6433 0
6433 0
6433 0
6433 0
6433 0
6433 0
6433 0
6433 0
6433 0
6433 0
6433 0
6433 0
6433 0
6433 0
6433 0
6433 0
6433 0
6433 0
6433 0
6434 0
6434 44
6434 0
6434 0
6434 0
6434 0
6434 0
6434 0
6434 0
6434 0
6434 0
6434 0
6434 0
6434 0
6434 0
6434 0
6434 0
6434 0
6434 0
6434 0
6434 1
6434 0
6434 0
6434 0
6434 0
6434 0
6434 0
6434 0
6434 0
6434 0
6434 0
6459 0
6459 15
6459 0
6459 0
6459 0
6459 0
6459 0
6459 0
6459 0
6459 0
6459 0
6459 0
6459 0
6459 0
6459 0
6459 0
6459 0
6459 0
6459 0
6459 0
6459 0
6459 0
6459 0
6459 5
6459 0
6459 0
6459 0
6459 0
6459 0
6459 0
6459 0
6488 0
6488 44
6488 0
6488 0
6488 0
6488 0
6488 0
6488 0
6488 0
6488 0
6488 0
6488 0
6488 0
6488 0
6488 0
6488 0
6488 0
6488 0
6488 0
6488 0
6488 1
6488 0
6488 0
6488 0
6488 0
6488 0
6488 0
6488 0
6488 0
6488 0
6488 0
6501 0
6501 35
6501 0
6501 0
6501 0
6501 0
6501 0
6501 0
6501 0
6501 0
6501 0
6501 0
6501 0
6501 0
6501 0
6501 0
6501 0
6501 0
6501 0
6501 0
6501 1
6501 0
6501 0
6501 16
6501 0
6501 0
6501 0
6501 0
6501 0
6501 0
6501 0
6520 0
6520 15
6520 0
6520 0
6520 0
6520 0
6520 0
6520 0
6520 0
6520 0
6520 0
6520 0
6520 0
6520 0
6520 0
6520 0
6520 0
6520 0
6520 0
6520 0
6520 0
6520 0
6520 0
6520 5
6520 0
6520 0
6520 0
6520 0
6520 0
6520 0
6520 0
6521 0
6521 35
6521 0
6521 0
6521 0
6521 0
6521 0
6521 0
6521 0
6521 0
6521 0
6521 0
6521 0
6521 0
6521 0
6521 0
6521 0
6521 0
6521 0
6521 0
6521 1
6521 0
6521 0
6521 16
6521 0
6521 0
6521 0
6521 0
6521 0
6521 0
6521 0
6540 0
6540 15
6540 0
6540 0
6540 0
6540 0
6540 0
6540 0
6540 0
6540 0
6540 0
6540 0
6540 0
6540 0
6540 0
6540 0
6540 0
6540 0
6540 0
6540 0
6540 0
6540 0
6540 0
6540 5
6540 0
6540 0
6540 0
6540 0
6540 0
6540 0
6540 0
6544 0
6544 15
6544 0
6544 0
6544 0
6544 0
6544 0
6544 0
6544 0
6544 0
6544 0
6544 0
6544 0
6544 0
6544 0
6544 0
6544 0
6544 0
6544 0
6544 0
6544 0
6544 0
6544 0
6544 5
6544 0
6544 0
6544 0
6544 0
6544 0
6544 0
6544 0
6548 0
6548 45
6548 0
6548 0
6548 0
6548 0
6548 0
6548 0
6548 0
6548 0
6548 0
6548 0
6548 0
6548 0
6548 0
6548 0
6548 0
6548 0
6548 0
6548 0
6548 0
6548 0
6548 0
6548 0
6548 0
6548 0
6548 0
6548 0
6548 0
6548 0
6548 0
6551 0
6551 44
6551 0
6551 0
6551 0
6551 0
6551 0
6551 0
6551 0
6551 0
6551 0
6551 0
6551 0
6551 0
6551 0
6551 0
6551 0
6551 0
6551 0
6551 0
6551 1
6551 0
6551 0
6551 0
6551 0
6551 0
6551 0
6551 0
6551 0
6551 0
6551 0
6553 0
6553 27
6553 0
6553 0
6553 0
6553 0
6553 0
6553 0
6553 0
6553 0
6553 0
6553 0
6553 0
6553 0
6553 0
6553 0
6553 0
6553 0
6553 0
6553 0
6553 0
6553 0
6553 0
6553 6
6553 0
6553 0
6553 0
6553 0
6553 0
6553 0
6553 0
6570 0
6570 35
6570 0
6570 0
6570 0
6570 0
6570 0
6570 0
6570 0
6570 0
6570 0
6570 0
6570 0
6570 0
6570 0
6570 0
6570 0
6570 0
6570 0
6570 0
6570 1
6570 0
6570 0
6570 16
6570 0
6570 0
6570 0
6570 0
6570 0
6570 0
6570 0
6571 0
6571 44
6571 0
6571 0
6571 0
6571 0
6571 0
6571 0
6571 0
6571 0
6571 0
6571 0
6571 0
6571 0
6571 0
6571 0
6571 0
6571 0
6571 0
6571 0
6571 1
6571 0
6571 0
6571 0
6571 0
6571 0
6571 0
6571 0
6571 0
6571 0
6571 0
6578 0
6578 15
6578 0
6578 0
6578 0
6578 0
6578 0
6578 0
6578 0
6578 0
6578 0
6578 0
6578 0
6578 0
6578 0
6578 0
6578 0
6578 0
6578 0
6578 0
6578 0
6578 0
6578 0
6578 5
6578 0
6578 0
6578 0
6578 0
6578 0
6578 0
6578 0
6618 0
6618 35
6618 0
6618 0
6618 0
6618 0
6618 0
6618 0
6618 0
6618 0
6618 0
6618 0
6618 0
6618 0
6618 0
6618 0
6618 0
6618 0
6618 0
6618 0
6618 1
6618 0
6618 0
6618 16
6618 0
6618 0
6618 0
6618 0
6618 0
6618 0
6618 0
6622 0
6622 283
6622 0
6622 0
6622 0
6622 0
6622 0
6622 0
6622 0
6622 0
6622 0
6622 0
6622 0
6622 0
6622 0
6622 0
6622 0
6622 0
6622 0
6622 0
6622 2
6622 0
6622 0
6622 8
6622 0
6622 0
6622 0
6622 0
6622 0
6622 0
6622 0
6631 0
6631 15
6631 0
6631 0
6631 0
6631 0
6631 0
6631 0
6631 0
6631 0
6631 0
6631 0
6631 0
6631 0
6631 0
6631 0
6631 0
6631 0
6631 0
6631 0
6631 0
6631 0
6631 0
6631 5
6631 0
6631 0
6631 0
6631 0
6631 0
6631 0
6631 0
6636 0
6636 15
6636 0
6636 0
6636 0
6636 0
6636 0
6636 0
6636 0
6636 0
6636 0
6636 0
6636 0
6636 0
6636 0
6636 0
6636 0
6636 0
6636 0
6636 0
6636 0
6636 0
6636 0
6636 5
6636 0
6636 0
6636 0
6636 0
6636 0
6636 0
6636 0
6651 0
6651 188
6651 0
6651 0
6651 0
6651 0
6651 0
6651 0
6651 0
6651 0
6651 0
6651 0
6651 0
6651 0
6651 0
6651 0
6651 0
6651 0
6651 0
6651 0
6651 5
6651 0
6651 0
6651 17
6651 0
6651 0
6651 0
6651 0
6651 0
6651 0
6651 0
6663 0
6663 35
6663 0
6663 0
6663 0
6663 0
6663 0
6663 0
6663 0
6663 0
6663 0
6663 0
6663 0
6663 0
6663 0
6663 0
6663 0
6663 0
6663 0
6663 0
6663 1
6663 0
6663 0
6663 16
6663 0
6663 0
6663 0
6663 0
6663 0
6663 0
6663 0
6664 0
6664 184
6664 0
6664 0
6664 0
6664 0
6664 0
6664 0
6664 0
6664 0
6664 0
6664 0
6664 0
6664 0
6664 0
6664 0
6664 0
6664 0
6664 0
6664 0
6664 0
6664 0
6664 0
6664 18
6664 0
6664 0
6664 0
6664 0
6664 0
6664 0
6664 0
6681 0
6681 44
6681 0
6681 0
6681 0
6681 0
6681 0
6681 0
6681 0
6681 0
6681 0
6681 0
6681 0
6681 0
6681 0
6681 0
6681 0
6681 0
6681 0
6681 0
6681 0
6681 0
6681 0
6681 0
6681 0
6681 0
6681 0
6681 0
6681 0
6681 0
6681 0
6683 0
6683 39
6683 0
6683 0
6683 0
6683 0
6683 0
6683 0
6683 0
6683 0
6683 0
6683 0
6683 0
6683 0
6683 0
6683 0
6683 0
6683 0
6683 0
6683 0
6683 1
6683 0
6683 0
6683 8
6683 0
6683 0
6683 0
6683 0
6683 0
6683 0
6683 0
6691 0
6691 15
6691 0
6691 0
6691 0
6691 0
6691 0
6691 0
6691 0
6691 0
6691 0
6691 0
6691 0
6691 0
6691 0
6691 0
6691 0
6691 0
6691 0
6691 0
6691 0
6691 0
6691 0
6691 5
6691 0
6691 0
6691 0
6691 0
6691 0
6691 0
6691 0
6734 0
6734 44
6734 0
6734 0
6734 0
6734 0
6734 0
6734 0
6734 0
6734 0
6734 0
6734 0
6734 0
6734 0
6734 0
6734 0
6734 0
6734 0
6734 0
6734 0
6734 1
6734 0
6734 0
6734 0
6734 0
6734 0
6734 0
6734 0
6734 0
6734 0
6734 0
6740 0
6740 0
6740 0
6740 0
6740 0
6740 0
6740 0
6740 0
6740 0
6740 0
6740 0
6740 0
6740 0
6740 0
6740 0
6740 0
6740 0
6740 0
6740 0
6740 0
6740 0
6740 0
6740 0
6740 0
6740 2
6740 0
6740 0
6740 0
6740 0
6740 0
6740 0
6761 0
6761 35
6761 0
6761 0
6761 0
6761 0
6761 0
6761 0
6761 0
6761 0
6761 0
6761 0
6761 0
6761 0
6761 0
6761 0
6761 0
6761 0
6761 0
6761 0
6761 1
6761 0
6761 0
6761 16
6761 0
6761 0
6761 0
6761 0
6761 0
6761 0
6761 0
6768 0
6768 35
6768 0
6768 0
6768 0
6768 0
6768 0
6768 0
6768 0
6768 0
6768 0
6768 0
6768 0
6768 0
6768 0
6768 0
6768 0
6768 0
6768 0
6768 0
6768 1
6768 0
6768 0
6768 16
6768 0
6768 0
6768 0
6768 0
6768 0
6768 0
6768 0
6789 0
6789 15
6789 0
6789 0
6789 0
6789 0
6789 0
6789 0
6789 0
6789 0
6789 0
6789 0
6789 0
6789 0
6789 0
6789 0
6789 0
6789 0
6789 0
6789 0
6789 0
6789 0
6789 0
6789 5
6789 0
6789 0
6789 0
6789 0
6789 0
6789 0
6789 0
6815 0
6815 44
6815 0
6815 0
6815 0
6815 0
6815 0
6815 0
6815 0
6815 0
6815 0
6815 0
6815 0
6815 0
6815 0
6815 0
6815 0
6815 0
6815 0
6815 0
6815 0
6815 0
6815 0
6815 0
6815 0
6815 0
6815 0
6815 0
6815 0
6815 0
6815 0
6816 0
6816 44
6816 0
6816 0
6816 0
6816 0
6816 0
6816 0
6816 0
6816 0
6816 0
6816 0
6816 0
6816 0
6816 0
6816 0
6816 0
6816 0
6816 0
6816 0
6816 0
6816 0
6816 0
6816 0
6816 0
6816 0
6816 0
6816 0
6816 0
6816 0
6816 0
6822 0
6822 20
6822 0
6822 0
6822 0
6822 0
6822 0
6822 0
6822 0
6822 0
6822 0
6822 0
6822 0
6822 0
6822 0
6822 0
6822 0
6822 0
6822 0
6822 0
6822 0
6822 0
6822 0
6822 2
6822 0
6822 0
6822 0
6822 0
6822 0
6822 0
6822 0
6847 0
6847 44
6847 0
6847 0
6847 0
6847 0
6847 0
6847 0
6847 0
6847 0
6847 0
6847 0
6847 0
6847 0
6847 0
6847 0
6847 0
6847 0
6847 0
6847 0
6847 0
6847 0
6847 0
6847 0
6847 0
6847 0
6847 0
6847 0
6847 0
6847 0
6847 0
6890 0
6890 15
6890 0
6890 0
6890 0
6890 0
6890 0
6890 0
6890 0
6890 0
6890 0
6890 0
6890 0
6890 0
6890 0
6890 0
6890 0
6890 0
6890 0
6890 0
6890 0
6890 0
6890 0
6890 5
6890 0
6890 0
6890 0
6890 0
6890 0
6890 0
6890 0
6892 0
6892 43
6892 0
6892 0
6892 0
6892 0
6892 0
6892 0
6892 0
6892 0
6892 0
6892 0
6892 0
6892 0
6892 0
6892 0
6892 0
6892 0
6892 0
6892 0
6892 0
6892 0
6892 0
6892 0
6892 0
6892 0
6892 0
6892 0
6892 0
6892 0
6892 0
8458 0
8458 0
8458 0
8458 0
8458 0
8458 0
8458 0
8458 0
8458 0
8458 0
8458 254
8458 0
8458 0
8458 0
8458 0
8458 0
8458 0
8458 0
8458 0
8458 0
8458 0
8458 3
8458 0
8458 0
8458 7
8458 0
8458 0
8458 0
8458 0
8458 0
8458 0
8496 0
8496 0
8496 0
8496 0
8496 0
8496 0
8496 0
8496 0
8496 0
8496 0
8496 297
8496 0
8496 0
8496 0
8496 0
8496 0
8496 0
8496 0
8496 0
8496 0
8496 0
8496 4
8496 0
8496 0
8496 4
8496 0
8496 0
8496 0
8496 0
8496 0
8496 0
8510 0
8510 0
8510 0
8510 0
8510 0
8510 0
8510 0
8510 0
8510 0
8510 0
8510 254
8510 0
8510 0
8510 0
8510 0
8510 0
8510 0
8510 0
8510 0
8510 0
8510 0
8510 3
8510 0
8510 0
8510 7
8510 0
8510 0
8510 0
8510 0
8510 0
8510 0
8513 0
8513 0
8513 0
8513 0
8513 0
8513 0
8513 0
8513 0
8513 0
8513 0
8513 118
8513 0
8513 0
8513 0
8513 0
8513 0
8513 0
8513 0
8513 0
8513 0
8513 0
8513 0
8513 0
8513 0
8513 0
8513 0
8513 0
8513 0
8513 0
8513 0
8513 0
8533 0
8533 0
8533 0
8533 0
8533 0
8533 0
8533 0
8533 0
8533 0
8533 0
8533 122
8533 0
8533 0
8533 0
8533 0
8533 0
8533 0
8533 0
8533 0
8533 0
8533 0
8533 0
8533 0
8533 0
8533 0
8533 0
8533 0
8533 0
8533 0
8533 0
8533 0
8563 0
8563 0
8563 0
8563 0
8563 0
8563 0
8563 0
8563 0
8563 0
8563 0
8563 122
8563 0
8563 0
8563 0
8563 0
8563 0
8563 0
8563 0
8563 0
8563 0
8563 0
8563 0
8563 0
8563 0
8563 0
8563 0
8563 0
8563 0
8563 0
8563 0
8563 0
8566 0
8566 0
8566 0
8566 0
8566 0
8566 0
8566 0
8566 0
8566 0
8566 0
8566 254
8566 0
8566 0
8566 0
8566 0
8566 0
8566 0
8566 0
8566 0
8566 0
8566 0
8566 3
8566 0
8566 0
8566 7
8566 0
8566 0
8566 0
8566 0
8566 0
8566 0
8570 0
8570 0
8570 0
8570 0
8570 0
8570 0
8570 0
8570 0
8570 0
8570 0
8570 254
8570 0
8570 0
8570 0
8570 0
8570 0
8570 0
8570 0
8570 0
8570 0
8570 0
8570 3
8570 0
8570 0
8570 7
8570 0
8570 0
8570 0
8570 0
8570 0
8570 0
8578 0
8578 0
8578 0
8578 0
8578 0
8578 0
8578 0
8578 0
8578 0
8578 0
8578 297
8578 0
8578 0
8578 0
8578 0
8578 0
8578 0
8578 0
8578 0
8578 0
8578 0
8578 4
8578 0
8578 0
8578 4
8578 0
8578 0
8578 0
8578 0
8578 0
8578 0
8584 0
8584 0
8584 0
8584 0
8584 0
8584 0
8584 0
8584 0
8584 0
8584 0
8584 276
8584 0
8584 0
8584 0
8584 0
8584 0
8584 0
8584 0
8584 0
8584 0
8584 0
8584 4
8584 0
8584 0
8584 6
8584 0
8584 0
8584 0
8584 0
8584 0
8584 0
8588 0
8588 0
8588 0
8588 0
8588 0
8588 0
8588 0
8588 0
8588 0
8588 0
8588 254
8588 0
8588 0
8588 0
8588 0
8588 0
8588 0
8588 0
8588 0
8588 0
8588 0
8588 3
8588 0
8588 0
8588 7
8588 0
8588 0
8588 0
8588 0
8588 0
8588 0
8617 0
8617 0
8617 0
8617 0
8617 0
8617 0
8617 0
8617 0
8617 0
8617 0
8617 122
8617 0
8617 0
8617 0
8617 0
8617 0
8617 0
8617 0
8617 0
8617 0
8617 0
8617 0
8617 0
8617 0
8617 0
8617 0
8617 0
8617 0
8617 0
8617 0
8617 0
8623 0
8623 0
8623 0
8623 0
8623 0
8623 0
8623 0
8623 0
8623 0
8623 0
8623 276
8623 0
8623 0
8623 0
8623 0
8623 0
8623 0
8623 0
8623 0
8623 0
8623 0
8623 4
8623 0
8623 0
8623 6
8623 0
8623 0
8623 0
8623 0
8623 0
8623 0
8631 0
8631 0
8631 0
8631 0
8631 0
8631 0
8631 0
8631 0
8631 0
8631 0
8631 122
8631 0
8631 0
8631 0
8631 0
8631 0
8631 0
8631 0
8631 0
8631 0
8631 0
8631 0
8631 0
8631 0
8631 0
8631 0
8631 0
8631 0
8631 0
8631 0
8631 0
8643 0
8643 0
8643 0
8643 0
8643 0
8643 0
8643 0
8643 0
8643 0
8643 0
8643 246
8643 0
8643 0
8643 0
8643 0
8643 0
8643 0
8643 0
8643 0
8643 0
8643 0
8643 3
8643 0
8643 0
8643 7
8643 0
8643 0
8643 0
8643 0
8643 0
8643 0
8652 0
8652 0
8652 0
8652 0
8652 0
8652 0
8652 0
8652 0
8652 0
8652 0
8652 210
8652 0
8652 0
8652 0
8652 0
8652 0
8652 0
8652 0
8652 0
8652 0
8652 0
8652 2
8652 0
8652 0
8652 5
8652 0
8652 0
8652 0
8652 0
8652 0
8652 0
8663 0
8663 0
8663 0
8663 0
8663 0
8663 0
8663 0
8663 0
8663 0
8663 0
8663 254
8663 0
8663 0
8663 0
8663 0
8663 0
8663 0
8663 0
8663 0
8663 0
8663 0
8663 3
8663 0
8663 0
8663 7
8663 0
8663 0
8663 0
8663 0
8663 0
8663 0
8669 0
8669 0
8669 0
8669 0
8669 0
8669 0
8669 0
8669 0
8669 0
8669 0
8669 188
8669 0
8669 0
8669 0
8669 0
8669 0
8669 0
8669 0
8669 0
8669 0
8669 0
8669 2
8669 0
8669 0
8669 4
8669 0
8669 0
8669 0
8669 0
8669 0
8669 0
8699 0
8699 0
8699 0
8699 0
8699 0
8699 0
8699 0
8699 0
8699 0
8699 0
8699 122
8699 0
8699 0
8699 0
8699 0
8699 0
8699 0
8699 0
8699 0
8699 0
8699 0
8699 0
8699 0
8699 0
8699 0
8699 0
8699 0
8699 0
8699 0
8699 0
8699 0
8713 0
8713 0
8713 0
8713 0
8713 0
8713 0
8713 0
8713 0
8713 0
8713 0
8713 122
8713 0
8713 0
8713 0
8713 0
8713 0
8713 0
8713 0
8713 0
8713 0
8713 0
8713 0
8713 0
8713 0
8713 0
8713 0
8713 0
8713 0
8713 0
8713 0
8713 0
8718 0
8718 0
8718 0
8718 0
8718 0
8718 0
8718 0
8718 0
8718 0
8718 0
8718 188
8718 0
8718 0
8718 0
8718 0
8718 0
8718 0
8718 0
8718 0
8718 0
8718 0
8718 2
8718 0
8718 0
8718 4
8718 0
8718 0
8718 0
8718 0
8718 0
8718 0
8728 0
8728 0
8728 0
8728 0
8728 0
8728 0
8728 0
8728 0
8728 0
8728 0
8728 122
8728 0
8728 0
8728 0
8728 0
8728 0
8728 0
8728 0
8728 0
8728 0
8728 0
8728 0
8728 0
8728 0
8728 0
8728 0
8728 0
8728 0
8728 0
8728 0
8728 0
8737 0
8737 0
8737 0
8737 0
8737 0
8737 0
8737 0
8737 0
8737 0
8737 0
8737 276
8737 0
8737 0
8737 0
8737 0
8737 0
8737 0
8737 0
8737 0
8737 0
8737 0
8737 4
8737 0
8737 0
8737 6
8737 0
8737 0
8737 0
8737 0
8737 0
8737 0
8764 0
8764 0
8764 0
8764 0
8764 0
8764 0
8764 0
8764 0
8764 0
8764 0
8764 254
8764 0
8764 0
8764 0
8764 0
8764 0
8764 0
8764 0
8764 0
8764 0
8764 0
8764 3
8764 0
8764 0
8764 7
8764 0
8764 0
8764 0
8764 0
8764 0
8764 0
8765 0
8765 0
8765 0
8765 0
8765 0
8765 0
8765 0
8765 0
8765 0
8765 0
8765 122
8765 0
8765 0
8765 0
8765 0
8765 0
8765 0
8765 0
8765 0
8765 0
8765 0
8765 0
8765 0
8765 0
8765 0
8765 0
8765 0
8765 0
8765 0
8765 0
8765 0
8771 0
8771 0
8771 0
8771 0
8771 0
8771 0
8771 0
8771 0
8771 0
8771 0
8771 122
8771 0
8771 0
8771 0
8771 0
8771 0
8771 0
8771 0
8771 0
8771 0
8771 0
8771 0
8771 0
8771 0
8771 0
8771 0
8771 0
8771 0
8771 0
8771 0
8771 0
8821 0
8821 0
8821 0
8821 0
8821 0
8821 0
8821 0
8821 0
8821 0
8821 0
8821 210
8821 0
8821 0
8821 0
8821 0
8821 0
8821 0
8821 0
8821 0
8821 0
8821 0
8821 2
8821 0
8821 0
8821 2
8821 0
8821 0
8821 0
8821 0
8821 0
8821 0
8914 0
8914 0
8914 0
8914 0
8914 0
8914 0
8914 0
8914 0
8914 0
8914 0
8914 297
8914 0
8914 0
8914 0
8914 0
8914 0
8914 0
8914 0
8914 0
8914 0
8914 0
8914 4
8914 0
8914 0
8914 4
8914 0
8914 0
8914 0
8914 0
8914 0
8914 0
8969 0
8969 0
8969 0
8969 0
8969 0
8969 0
8969 0
8969 0
8969 0
8969 0
8969 297
8969 0
8969 0
8969 0
8969 0
8969 0
8969 0
8969 0
8969 0
8969 0
8969 0
8969 4
8969 0
8969 0
8969 4
8969 0
8969 0
8969 0
8969 0
8969 0
8969 0
9025 0
9025 0
9025 0
9025 0
9025 0
9025 0
9025 0
9025 0
9025 0
9025 0
9025 297
9025 0
9025 0
9025 0
9025 0
9025 0
9025 0
9025 0
9025 0
9025 0
9025 0
9025 4
9025 0
9025 0
9025 4
9025 0
9025 0
9025 0
9025 0
9025 0
9025 0
9128 0
9128 0
9128 0
9128 0
9128 0
9128 0
9128 0
9128 0
9128 0
9128 0
9128 297
9128 0
9128 0
9128 0
9128 0
9128 0
9128 0
9128 0
9128 0
9128 0
9128 0
9128 4
9128 0
9128 0
9128 4
9128 0
9128 0
9128 0
9128 0
9128 0
9128 0
9198 0
9198 0
9198 0
9198 0
9198 0
9198 0
9198 0
9198 0
9198 0
9198 0
9198 297
9198 0
9198 0
9198 0
9198 0
9198 0
9198 0
9198 0
9198 0
9198 0
9198 0
9198 4
9198 0
9198 0
9198 4
9198 0
9198 0
9198 0
9198 0
9198 0
9198 0
9304 0
9304 0
9304 0
9304 0
9304 0
9304 0
9304 0
9304 0
9304 0
9304 0
9304 297
9304 0
9304 0
9304 0
9304 0
9304 0
9304 0
9304 0
9304 0
9304 0
9304 0
9304 4
9304 0
9304 0
9304 4
9304 0
9304 0
9304 0
9304 0
9304 0
9304 0
9375 0
9375 0
9375 0
9375 0
9375 0
9375 0
9375 0
9375 0
9375 0
9375 0
9375 297
9375 0
9375 0
9375 0
9375 0
9375 0
9375 0
9375 0
9375 0
9375 0
9375 0
9375 4
9375 0
9375 0
9375 4
9375 0
9375 0
9375 0
9375 0
9375 0
9375 0
9418 0
9418 0
9418 0
9418 0
9418 0
9418 0
9418 0
9418 0
9418 0
9418 0
9418 297
9418 0
9418 0
9418 0
9418 0
9418 0
9418 0
9418 0
9418 0
9418 0
9418 0
9418 4
9418 0
9418 0
9418 4
9418 0
9418 0
9418 0
9418 0
9418 0
9418 0
9485 0
9485 0
9485 0
9485 0
9485 0
9485 0
9485 0
9485 0
9485 0
9485 0
9485 297
9485 0
9485 0
9485 0
9485 0
9485 0
9485 0
9485 0
9485 0
9485 0
9485 0
9485 4
9485 0
9485 0
9485 4
9485 0
9485 0
9485 0
9485 0
9485 0
9485 0
9580 0
9580 0
9580 0
9580 0
9580 0
9580 0
9580 0
9580 0
9580 0
9580 0
9580 200
9580 0
9580 0
9580 0
9580 0
9580 0
9580 0
9580 0
9580 0
9580 0
9580 0
9580 0
9580 0
9580 0
9580 0
9580 0
9580 0
9580 0
9580 0
9580 0
9580 0
9644 0
9644 0
9644 0
9644 0
9644 0
9644 0
9644 0
9644 0
9644 0
9644 0
9644 200
9644 0
9644 0
9644 0
9644 0
9644 0
9644 0
9644 0
9644 0
9644 0
9644 0
9644 0
9644 0
9644 0
9644 0
9644 0
9644 0
9644 0
9644 0
9644 0
9644 0
9806 0
9806 0
9806 0
9806 0
9806 0
9806 0
9806 0
9806 0
9806 0
9806 0
9806 200
9806 0
9806 0
9806 0
9806 0
9806 0
9806 0
9806 0
9806 0
9806 0
9806 0
9806 0
9806 0
9806 0
9806 0
9806 0
9806 0
9806 0
9806 0
9806 0
9806 0
9844 0
9844 0
9844 0
9844 0
9844 0
9844 0
9844 0
9844 0
9844 0
9844 0
9844 200
9844 0
9844 0
9844 0
9844 0
9844 0
9844 0
9844 0
9844 0
9844 0
9844 0
9844 0
9844 0
9844 0
9844 0
9844 0
9844 0
9844 0
9844 0
9844 0
9844 0
9986 0
9986 0
9986 0
9986 0
9986 0
9986 0
9986 0
9986 0
9986 0
9986 0
9986 200
9986 0
9986 0
9986 0
9986 0
9986 0
9986 0
9986 0
9986 0
9986 0
9986 0
9986 0
9986 0
9986 0
9986 0
9986 0
9986 0
9986 0
9986 0
9986 0
9986 0
10056 0
10056 0
10056 0
10056 0
10056 0
10056 0
10056 0
10056 0
10056 0
10056 0
10056 200
10056 0
10056 0
10056 0
10056 0
10056 0
10056 0
10056 0
10056 0
10056 0
10056 0
10056 0
10056 0
10056 0
10056 0
10056 0
10056 0
10056 0
10056 0
10056 0
10056 0
10242 0
10242 0
10242 0
10242 0
10242 0
10242 0
10242 0
10242 0
10242 0
10242 0
10242 200
10242 0
10242 0
10242 0
10242 0
10242 0
10242 0
10242 0
10242 0
10242 0
10242 0
10242 0
10242 0
10242 0
10242 0
10242 0
10242 0
10242 0
10242 0
10242 0
10242 0
10311 0
10311 0
10311 0
10311 0
10311 0
10311 0
10311 0
10311 0
10311 0
10311 0
10311 200
10311 0
10311 0
10311 0
10311 0
10311 0
10311 0
10311 0
10311 0
10311 0
10311 0
10311 0
10311 0
10311 0
10311 0
10311 0
10311 0
10311 0
10311 0
10311 0
10311 0
10321 0
10321 0
10321 0
10321 0
10321 0
10321 0
10321 0
10321 0
10321 0
10321 0
10321 200
10321 0
10321 0
10321 0
10321 0
10321 0
10321 0
10321 0
10321 0
10321 0
10321 0
10321 0
10321 0
10321 0
10321 0
10321 0
10321 0
10321 0
10321 0
10321 0
10321 0
10349 0
10349 0
10349 0
10349 0
10349 0
10349 0
10349 0
10349 0
10349 0
10349 0
10349 200
10349 0
10349 0
10349 0
10349 0
10349 0
10349 0
10349 0
10349 0
10349 0
10349 0
10349 0
10349 0
10349 0
10349 0
10349 0
10349 0
10349 0
10349 0
10349 0
10349 0
10427 0
10427 0
10427 0
10427 0
10427 0
10427 0
10427 0
10427 0
10427 0
10427 0
10427 200
10427 0
10427 0
10427 0
10427 0
10427 0
10427 0
10427 0
10427 0
10427 0
10427 0
10427 0
10427 0
10427 0
10427 0
10427 0
10427 0
10427 0
10427 0
10427 0
10427 0
