pt_graph scale
2030 0
2030 0
2030 0
2030 0
2030 0
2030 0
2030 0
2030 0
2030 0
2030 0
2030 0
2030 0
2030 0
2030 0
2030 0
2030 0
2030 0
2030 0
2030 0
2030 0
2030 0
2030 0
2030 0
2030 0
2030 0
2030 0
2030 0
2030 0
2030 0
2030 0
2030 0
3044 0
3044 0
3044 0
3044 0
3044 0
3044 0
3044 0
3044 0
3044 0
3044 0
3044 0
3044 0
3044 0
3044 0
3044 0
3044 0
3044 0
3044 0
3044 0
3044 0
3044 0
3044 0
3044 0
3044 0
3044 0
3044 0
3044 0
3044 0
3044 0
3044 0
3044 0
4493 0
4493 0
4493 0
4493 0
4493 0
4493 0
4493 0
4493 0
4493 0
4493 0
4493 0
4493 0
4493 0
4493 0
4493 0
4493 0
4493 0
4493 0
4493 0
4493 0
4493 0
4493 0
4493 0
4493 0
4493 0
4493 1
4493 0
4493 0
4493 0
4493 0
4493 0
4689 0
4689 1
4689 0
4689 0
4689 0
4689 0
4689 0
4689 0
4689 0
4689 0
4689 0
4689 0
4689 0
4689 0
4689 0
4689 0
4689 0
4689 0
4689 0
4689 0
4689 0
4689 0
4689 0
4689 0
4689 0
4689 0
4689 0
4689 0
4689 0
4689 0
4689 0
4717 0
4717 8
4717 0
4717 0
4717 0
4717 0
4717 0
4717 0
4717 0
4717 0
4717 0
4717 0
4717 0
4717 0
4717 0
4717 0
4717 0
4717 0
4717 0
4717 0
4717 0
4717 0
4717 0
4717 0
4717 0
4717 0
4717 0
4717 0
4717 0
4717 0
4717 0
4730 0
4730 3
4730 0
4730 0
4730 0
4730 0
4730 0
4730 0
4730 0
4730 0
4730 0
4730 0
4730 0
4730 0
4730 0
4730 0
4730 0
4730 0
4730 0
4730 0
4730 0
4730 0
4730 0
4730 0
4730 0
4730 1
4730 0
4730 0
4730 0
4730 0
4730 0
4742 0
4742 0
4742 0
4742 0
4742 0
4742 0
4742 0
4742 0
4742 0
4742 0
4742 0
4742 0
4742 0
4742 0
4742 0
4742 0
4742 0
4742 0
4742 0
4742 0
4742 0
4742 0
4742 0
4742 0
4742 0
4742 0
4742 0
4742 0
4742 0
4742 0
4742 0
4747 0
4747 1
4747 0
4747 0
4747 0
4747 0
4747 0
4747 0
4747 0
4747 0
4747 0
4747 0
4747 0
4747 0
4747 0
4747 0
4747 0
4747 0
4747 0
4747 0
4747 0
4747 0
4747 0
4747 0
4747 0
4747 0
4747 0
4747 0
4747 0
4747 0
4747 0
4751 0
4751 3
4751 0
4751 0
4751 0
4751 0
4751 0
4751 0
4751 0
4751 0
4751 0
4751 0
4751 0
4751 0
4751 0
4751 0
4751 0
4751 0
4751 0
4751 0
4751 0
4751 0
4751 0
4751 0
4751 0
4751 1
4751 0
4751 0
4751 0
4751 0
4751 0
4770 0
4770 75
4770 0
4770 0
4770 0
4770 0
4770 0
4770 0
4770 0
4770 0
4770 0
4770 0
4770 0
4770 0
4770 0
4770 0
4770 0
4770 0
4770 0
4770 0
4770 0
4770 0
4770 0
4770 2
4770 0
4770 76
4770 0
4770 0
4770 0
4770 0
4770 0
4840 0
4840 4
4840 0
4840 0
4840 0
4840 0
4840 0
4840 0
4840 0
4840 0
4840 0
4840 0
4840 0
4840 0
4840 0
4840 0
4840 0
4840 0
4840 0
4840 0
4840 0
4840 0
4840 0
4840 0
4840 0
4840 0
4840 0
4840 0
4840 0
4840 0
4840 0
4844 0
4844 0
4844 0
4844 0
4844 0
4844 0
4844 0
4844 0
4844 0
4844 0
4844 0
4844 0
4844 0
4844 0
4844 0
4844 0
4844 0
4844 0
4844 0
4844 0
4844 0
4844 0
4844 0
4844 0
4844 0
4844 0
4844 0
4844 0
4844 0
4844 0
4844 0
4848 0
4848 0
4848 0
4848 0
4848 0
4848 0
4848 0
4848 0
4848 0
4848 0
4848 0
4848 0
4848 0
4848 0
4848 0
4848 0
4848 0
4848 0
4848 0
4848 0
4848 0
4848 0
4848 0
4848 0
4848 0
4848 0
4848 0
4848 0
4848 0
4848 0
4848 0
4867 0
4867 1
4867 0
4867 0
4867 0
4867 0
4867 0
4867 0
4867 0
4867 0
4867 0
4867 0
4867 0
4867 0
4867 0
4867 0
4867 0
4867 0
4867 0
4867 0
4867 0
4867 0
4867 0
4867 0
4867 0
4867 0
4867 0
4867 0
4867 0
4867 0
4867 0
4877 0
4877 1
4877 0
4877 0
4877 0
4877 0
4877 0
4877 0
4877 0
4877 0
4877 0
4877 0
4877 0
4877 0
4877 0
4877 0
4877 0
4877 0
4877 0
4877 0
4877 0
4877 0
4877 0
4877 0
4877 0
4877 1
4877 0
4877 0
4877 0
4877 0
4877 0
4893 0
4893 0
4893 0
4893 0
4893 0
4893 0
4893 0
4893 0
4893 0
4893 0
4893 0
4893 0
4893 0
4893 0
4893 0
4893 0
4893 0
4893 0
4893 0
4893 0
4893 0
4893 0
4893 0
4893 0
4893 0
4893 1
4893 0
4893 0
4893 0
4893 0
4893 0
4895 0
4895 0
4895 0
4895 0
4895 0
4895 0
4895 0
4895 0
4895 0
4895 0
4895 0
4895 0
4895 0
4895 0
4895 0
4895 0
4895 0
4895 0
4895 0
4895 0
4895 0
4895 0
4895 0
4895 0
4895 0
4895 0
4895 0
4895 0
4895 0
4895 0
4895 0
4935 0
4935 0
4935 0
4935 0
4935 0
4935 0
4935 0
4935 0
4935 0
4935 0
4935 0
4935 0
4935 0
4935 0
4935 0
4935 0
4935 0
4935 0
4935 0
4935 0
4935 0
4935 0
4935 0
4935 0
4935 0
4935 0
4935 0
4935 0
4935 0
4935 0
4935 0
4941 0
4941 8
4941 0
4941 0
4941 0
4941 0
4941 0
4941 0
4941 0
4941 0
4941 0
4941 0
4941 0
4941 0
4941 0
4941 0
4941 0
4941 0
4941 0
4941 0
4941 0
4941 0
4941 0
4941 0
4941 0
4941 0
4941 0
4941 0
4941 0
4941 0
4941 0
4946 0
4946 1
4946 0
4946 0
4946 0
4946 0
4946 0
4946 0
4946 0
4946 0
4946 0
4946 0
4946 0
4946 0
4946 0
4946 0
4946 0
4946 0
4946 0
4946 0
4946 0
4946 0
4946 0
4946 0
4946 0
4946 1
4946 0
4946 0
4946 0
4946 0
4946 0
4955 0
4955 9
4955 0
4955 0
4955 0
4955 0
4955 0
4955 0
4955 0
4955 0
4955 0
4955 0
4955 0
4955 0
4955 0
4955 0
4955 0
4955 0
4955 0
4955 0
4955 0
4955 0
4955 0
4955 0
4955 0
4955 2
4955 0
4955 0
4955 0
4955 0
4955 0
4962 0
4962 1
4962 0
4962 0
4962 0
4962 0
4962 0
4962 0
4962 0
4962 0
4962 0
4962 0
4962 0
4962 0
4962 0
4962 0
4962 0
4962 0
4962 0
4962 0
4962 0
4962 0
4962 0
4962 0
4962 0
4962 0
4962 0
4962 0
4962 0
4962 0
4962 0
4963 0
4963 3
4963 0
4963 0
4963 0
4963 0
4963 0
4963 0
4963 0
4963 0
4963 0
4963 0
4963 0
4963 0
4963 0
4963 0
4963 0
4963 0
4963 0
4963 0
4963 0
4963 0
4963 0
4963 0
4963 0
4963 0
4963 0
4963 0
4963 0
4963 0
4963 0
5007 0
5007 1
5007 0
5007 0
5007 0
5007 0
5007 0
5007 0
5007 0
5007 0
5007 0
5007 0
5007 0
5007 0
5007 0
5007 0
5007 0
5007 0
5007 0
5007 0
5007 0
5007 0
5007 0
5007 0
5007 0
5007 1
5007 0
5007 0
5007 0
5007 0
5007 0
5017 0
5017 0
5017 0
5017 0
5017 0
5017 0
5017 0
5017 0
5017 0
5017 0
5017 0
5017 0
5017 0
5017 0
5017 0
5017 0
5017 0
5017 0
5017 0
5017 0
5017 0
5017 0
5017 0
5017 0
5017 0
5017 0
5017 0
5017 0
5017 0
5017 0
5017 0
5018 0
5018 0
5018 0
5018 0
5018 0
5018 0
5018 0
5018 0
5018 0
5018 0
5018 0
5018 0
5018 0
5018 0
5018 0
5018 0
5018 0
5018 0
5018 0
5018 0
5018 0
5018 0
5018 0
5018 0
5018 0
5018 0
5018 0
5018 0
5018 0
5018 0
5018 0
5047 0
5047 0
5047 0
5047 0
5047 0
5047 0
5047 0
5047 0
5047 0
5047 0
5047 0
5047 0
5047 0
5047 0
5047 0
5047 0
5047 0
5047 0
5047 0
5047 0
5047 0
5047 0
5047 0
5047 0
5047 0
5047 0
5047 0
5047 0
5047 0
5047 0
5047 0
5067 0
5067 0
5067 0
5067 0
5067 0
5067 0
5067 0
5067 0
5067 0
5067 0
5067 0
5067 0
5067 0
5067 0
5067 0
5067 0
5067 0
5067 0
5067 0
5067 0
5067 0
5067 0
5067 0
5067 0
5067 0
5067 0
5067 0
5067 0
5067 0
5067 0
5067 0
5080 0
5080 9
5080 0
5080 0
5080 0
5080 0
5080 0
5080 0
5080 0
5080 0
5080 0
5080 0
5080 0
5080 0
5080 0
5080 0
5080 0
5080 0
5080 0
5080 0
5080 0
5080 0
5080 0
5080 0
5080 0
5080 1
5080 0
5080 0
5080 0
5080 0
5080 0
5085 0
5085 61
5085 0
5085 0
5085 0
5085 0
5085 0
5085 0
5085 0
5085 35
5085 0
5085 0
5085 0
5085 0
5085 0
5085 0
5085 0
5085 0
5085 0
5085 0
5085 0
5085 0
5085 0
5085 62
5085 0
5085 0
5085 0
5085 0
5085 0
5085 0
5085 0
5110 0
5110 0
5110 0
5110 0
5110 0
5110 0
5110 0
5110 0
5110 0
5110 0
5110 0
5110 0
5110 0
5110 0
5110 0
5110 0
5110 0
5110 0
5110 0
5110 0
5110 0
5110 0
5110 0
5110 0
5110 0
5110 0
5110 0
5110 0
5110 0
5110 0
5110 0
5116 0
5116 58
5116 0
5116 0
5116 0
5116 0
5116 0
5116 0
5116 0
5116 35
5116 0
5116 0
5116 0
5116 0
5116 0
5116 0
5116 0
5116 0
5116 0
5116 0
5116 0
5116 0
5116 0
5116 62
5116 0
5116 0
5116 0
5116 0
5116 0
5116 0
5116 0
5123 0
5123 0
5123 0
5123 0
5123 0
5123 0
5123 0
5123 0
5123 0
5123 0
5123 0
5123 0
5123 0
5123 0
5123 0
5123 0
5123 0
5123 0
5123 0
5123 0
5123 0
5123 0
5123 0
5123 0
5123 0
5123 0
5123 0
5123 0
5123 0
5123 0
5123 0
5136 0
5136 0
5136 0
5136 0
5136 0
5136 0
5136 0
5136 0
5136 0
5136 0
5136 0
5136 0
5136 0
5136 0
5136 0
5136 0
5136 0
5136 0
5136 0
5136 0
5136 0
5136 0
5136 0
5136 0
5136 0
5136 0
5136 0
5136 0
5136 0
5136 0
5136 0
5150 0
5150 0
5150 0
5150 0
5150 0
5150 0
5150 0
5150 0
5150 0
5150 0
5150 0
5150 0
5150 0
5150 0
5150 0
5150 0
5150 0
5150 0
5150 0
5150 0
5150 0
5150 0
5150 0
5150 0
5150 0
5150 0
5150 0
5150 0
5150 0
5150 0
5150 0
5152 0
5152 0
5152 0
5152 0
5152 0
5152 0
5152 0
5152 0
5152 0
5152 0
5152 0
5152 0
5152 0
5152 0
5152 0
5152 0
5152 0
5152 0
5152 0
5152 0
5152 0
5152 0
5152 0
5152 0
5152 0
5152 0
5152 0
5152 0
5152 0
5152 0
5152 0
5157 0
5157 0
5157 0
5157 0
5157 0
5157 0
5157 0
5157 0
5157 0
5157 0
5157 0
5157 0
5157 0
5157 0
5157 0
5157 0
5157 0
5157 0
5157 0
5157 0
5157 0
5157 0
5157 0
5157 0
5157 0
5157 0
5157 0
5157 0
5157 0
5157 0
5157 0
5160 0
5160 0
5160 0
5160 0
5160 0
5160 0
5160 0
5160 0
5160 0
5160 0
5160 0
5160 0
5160 0
5160 0
5160 0
5160 0
5160 0
5160 0
5160 0
5160 0
5160 0
5160 0
5160 0
5160 0
5160 0
5160 0
5160 0
5160 0
5160 0
5160 0
5160 0
5174 0
5174 0
5174 0
5174 0
5174 0
5174 0
5174 0
5174 0
5174 0
5174 0
5174 0
5174 0
5174 0
5174 0
5174 0
5174 0
5174 0
5174 0
5174 0
5174 0
5174 0
5174 0
5174 0
5174 0
5174 0
5174 0
5174 0
5174 0
5174 0
5174 0
5174 0
5177 0
5177 1
5177 0
5177 0
5177 0
5177 0
5177 0
5177 0
5177 0
5177 0
5177 0
5177 0
5177 0
5177 0
5177 0
5177 0
5177 0
5177 0
5177 0
5177 0
5177 0
5177 0
5177 0
5177 1
5177 0
5177 1
5177 0
5177 0
5177 0
5177 0
5177 0
5192 0
5192 0
5192 0
5192 0
5192 0
5192 0
5192 0
5192 0
5192 0
5192 0
5192 0
5192 0
5192 0
5192 0
5192 0
5192 0
5192 0
5192 0
5192 0
5192 0
5192 0
5192 0
5192 0
5192 0
5192 0
5192 0
5192 0
5192 0
5192 0
5192 0
5192 0
5198 0
5198 17
5198 0
5198 0
5198 0
5198 0
5198 0
5198 0
5198 0
5198 0
5198 0
5198 0
5198 0
5198 0
5198 0
5198 0
5198 0
5198 0
5198 0
5198 0
5198 0
5198 0
5198 0
5198 0
5198 0
5198 2
5198 0
5198 0
5198 0
5198 0
5198 0
5206 0
5206 0
5206 0
5206 0
5206 0
5206 0
5206 0
5206 0
5206 0
5206 0
5206 0
5206 0
5206 0
5206 0
5206 0
5206 0
5206 0
5206 0
5206 0
5206 0
5206 0
5206 0
5206 0
5206 0
5206 0
5206 0
5206 0
5206 0
5206 0
5206 0
5206 0
5259 0
5259 0
5259 0
5259 0
5259 0
5259 0
5259 0
5259 0
5259 0
5259 0
5259 0
5259 0
5259 0
5259 0
5259 0
5259 0
5259 0
5259 0
5259 0
5259 0
5259 0
5259 0
5259 0
5259 0
5259 0
5259 0
5259 0
5259 0
5259 0
5259 0
5259 0
5265 0
5265 5
5265 0
5265 0
5265 0
5265 0
5265 0
5265 0
5265 0
5265 0
5265 0
5265 0
5265 0
5265 0
5265 0
5265 0
5265 0
5265 0
5265 0
5265 0
5265 0
5265 0
5265 0
5265 0
5265 0
5265 1
5265 0
5265 0
5265 0
5265 0
5265 0
5301 0
5301 0
5301 0
5301 0
5301 0
5301 0
5301 0
5301 0
5301 0
5301 0
5301 0
5301 0
5301 0
5301 0
5301 0
5301 0
5301 0
5301 0
5301 0
5301 0
5301 0
5301 0
5301 0
5301 0
5301 0
5301 0
5301 0
5301 0
5301 0
5301 0
5301 0
5329 0
5329 1
5329 0
5329 0
5329 0
5329 0
5329 0
5329 0
5329 0
5329 0
5329 0
5329 0
5329 0
5329 0
5329 0
5329 0
5329 0
5329 0
5329 0
5329 0
5329 0
5329 0
5329 0
5329 0
5329 0
5329 0
5329 0
5329 0
5329 0
5329 0
5329 0
5337 0
5337 1
5337 0
5337 0
5337 0
5337 0
5337 0
5337 0
5337 0
5337 0
5337 0
5337 0
5337 0
5337 0
5337 0
5337 0
5337 0
5337 0
5337 0
5337 0
5337 0
5337 0
5337 0
5337 1
5337 0
5337 0
5337 0
5337 0
5337 0
5337 0
5337 0
5350 0
5350 0
5350 0
5350 0
5350 0
5350 0
5350 0
5350 0
5350 0
5350 0
5350 0
5350 0
5350 0
5350 0
5350 0
5350 0
5350 0
5350 0
5350 0
5350 0
5350 0
5350 0
5350 0
5350 0
5350 0
5350 0
5350 0
5350 0
5350 0
5350 0
5350 0
5352 0
5352 1
5352 0
5352 0
5352 0
5352 0
5352 0
5352 0
5352 0
5352 0
5352 0
5352 0
5352 0
5352 0
5352 0
5352 0
5352 0
5352 0
5352 0
5352 0
5352 0
5352 0
5352 0
5352 0
5352 0
5352 0
5352 0
5352 0
5352 0
5352 0
5352 0
5367 0
5367 0
5367 0
5367 0
5367 0
5367 0
5367 0
5367 0
5367 0
5367 0
5367 0
5367 0
5367 0
5367 0
5367 0
5367 0
5367 0
5367 0
5367 0
5367 0
5367 0
5367 0
5367 0
5367 0
5367 0
5367 0
5367 0
5367 0
5367 0
5367 0
5367 0
5373 0
5373 1
5373 0
5373 0
5373 0
5373 0
5373 0
5373 0
5373 0
5373 0
5373 0
5373 0
5373 0
5373 0
5373 0
5373 0
5373 0
5373 0
5373 0
5373 0
5373 0
5373 0
5373 0
5373 1
5373 0
5373 0
5373 0
5373 0
5373 0
5373 0
5373 0
5377 0
5377 2
5377 0
5377 0
5377 0
5377 0
5377 0
5377 0
5377 0
5377 0
5377 0
5377 0
5377 0
5377 0
5377 0
5377 0
5377 0
5377 0
5377 0
5377 0
5377 0
5377 0
5377 0
5377 1
5377 0
5377 0
5377 0
5377 0
5377 0
5377 0
5377 0
5414 0
5414 1
5414 0
5414 0
5414 0
5414 0
5414 0
5414 0
5414 0
5414 0
5414 0
5414 0
5414 0
5414 0
5414 0
5414 0
5414 0
5414 0
5414 0
5414 0
5414 0
5414 0
5414 0
5414 1
5414 0
5414 0
5414 0
5414 0
5414 0
5414 0
5414 0
5423 0
5423 0
5423 0
5423 0
5423 0
5423 0
5423 0
5423 0
5423 0
5423 0
5423 0
5423 0
5423 0
5423 0
5423 0
5423 0
5423 0
5423 0
5423 0
5423 0
5423 0
5423 0
5423 0
5423 0
5423 0
5423 0
5423 0
5423 0
5423 0
5423 0
5423 0
5435 0
5435 5
5435 0
5435 0
5435 0
5435 0
5435 0
5435 0
5435 0
5435 0
5435 0
5435 0
5435 0
5435 0
5435 0
5435 0
5435 0
5435 0
5435 0
5435 0
5435 0
5435 0
5435 0
5435 0
5435 0
5435 1
5435 0
5435 0
5435 0
5435 0
5435 0
5468 0
5468 1
5468 0
5468 0
5468 0
5468 0
5468 0
5468 0
5468 0
5468 0
5468 0
5468 0
5468 0
5468 0
5468 0
5468 0
5468 0
5468 0
5468 0
5468 0
5468 0
5468 0
5468 0
5468 0
5468 0
5468 0
5468 0
5468 0
5468 0
5468 0
5468 0
5489 0
5489 4
5489 0
5489 0
5489 0
5489 0
5489 0
5489 0
5489 0
5489 0
5489 0
5489 0
5489 0
5489 0
5489 0
5489 0
5489 0
5489 0
5489 0
5489 0
5489 0
5489 0
5489 0
5489 0
5489 0
5489 0
5489 0
5489 0
5489 0
5489 0
5489 0
5529 0
5529 1
5529 0
5529 0
5529 0
5529 0
5529 0
5529 0
5529 0
5529 0
5529 0
5529 0
5529 0
5529 0
5529 0
5529 0
5529 0
5529 0
5529 0
5529 0
5529 0
5529 0
5529 0
5529 1
5529 0
5529 0
5529 0
5529 0
5529 0
5529 0
5529 0
5536 0
5536 3
5536 0
5536 0
5536 0
5536 0
5536 0
5536 0
5536 0
5536 0
5536 0
5536 0
5536 0
5536 0
5536 0
5536 0
5536 0
5536 0
5536 0
5536 0
5536 0
5536 0
5536 0
5536 0
5536 0
5536 0
5536 0
5536 0
5536 0
5536 0
5536 0
5550 0
5550 1
5550 0
5550 0
5550 0
5550 0
5550 0
5550 0
5550 0
5550 0
5550 0
5550 0
5550 0
5550 0
5550 0
5550 0
5550 0
5550 0
5550 0
5550 0
5550 0
5550 0
5550 0
5550 0
5550 0
5550 0
5550 0
5550 0
5550 0
5550 0
5550 0
5579 0
5579 1
5579 0
5579 0
5579 0
5579 0
5579 0
5579 0
5579 0
5579 0
5579 0
5579 0
5579 0
5579 0
5579 0
5579 0
5579 0
5579 0
5579 0
5579 0
5579 0
5579 0
5579 0
5579 0
5579 0
5579 0
5579 0
5579 0
5579 0
5579 0
5579 0
5584 0
5584 2
5584 0
5584 0
5584 0
5584 0
5584 0
5584 0
5584 0
5584 0
5584 0
5584 0
5584 0
5584 0
5584 0
5584 0
5584 0
5584 0
5584 0
5584 0
5584 0
5584 0
5584 0
5584 0
5584 0
5584 2
5584 0
5584 0
5584 0
5584 0
5584 0
5605 0
5605 0
5605 0
5605 0
5605 0
5605 0
5605 0
5605 0
5605 0
5605 0
5605 0
5605 0
5605 0
5605 0
5605 0
5605 0
5605 0
5605 0
5605 0
5605 0
5605 0
5605 0
5605 0
5605 0
5605 0
5605 0
5605 0
5605 0
5605 0
5605 0
5605 0
5611 0
5611 1
5611 0
5611 0
5611 0
5611 0
5611 0
5611 0
5611 0
5611 0
5611 0
5611 0
5611 0
5611 0
5611 0
5611 0
5611 0
5611 0
5611 0
5611 0
5611 0
5611 0
5611 0
5611 0
5611 0
5611 0
5611 0
5611 0
5611 0
5611 0
5611 0
5612 0
5612 1
5612 0
5612 0
5612 0
5612 0
5612 0
5612 0
5612 0
5612 0
5612 0
5612 0
5612 0
5612 0
5612 0
5612 0
5612 0
5612 0
5612 0
5612 0
5612 0
5612 0
5612 0
5612 0
5612 0
5612 0
5612 0
5612 0
5612 0
5612 0
5612 0
5672 0
5672 0
5672 0
5672 0
5672 0
5672 0
5672 0
5672 0
5672 0
5672 0
5672 0
5672 0
5672 0
5672 0
5672 0
5672 0
5672 0
5672 0
5672 0
5672 0
5672 0
5672 0
5672 0
5672 0
5672 0
5672 0
5672 0
5672 0
5672 0
5672 0
5672 0
5689 0
5689 1
5689 0
5689 0
5689 0
5689 0
5689 0
5689 0
5689 0
5689 0
5689 0
5689 0
5689 0
5689 0
5689 0
5689 0
5689 0
5689 0
5689 0
5689 0
5689 0
5689 0
5689 0
5689 0
5689 0
5689 0
5689 0
5689 0
5689 0
5689 0
5689 0
5717 0
5717 1
5717 0
5717 0
5717 0
5717 0
5717 0
5717 0
5717 0
5717 0
5717 0
5717 0
5717 0
5717 0
5717 0
5717 0
5717 0
5717 0
5717 0
5717 0
5717 0
5717 0
5717 0
5717 1
5717 0
5717 0
5717 0
5717 0
5717 0
5717 0
5717 0
5726 0
5726 1
5726 0
5726 0
5726 0
5726 0
5726 0
5726 0
5726 0
5726 0
5726 0
5726 0
5726 0
5726 0
5726 0
5726 0
5726 0
5726 0
5726 0
5726 0
5726 0
5726 0
5726 0
5726 0
5726 0
5726 0
5726 0
5726 0
5726 0
5726 0
5726 0
5750 0
5750 1
5750 0
5750 0
5750 0
5750 0
5750 0
5750 0
5750 0
5750 0
5750 0
5750 0
5750 0
5750 0
5750 0
5750 0
5750 0
5750 0
5750 0
5750 0
5750 0
5750 0
5750 0
5750 0
5750 0
5750 0
5750 0
5750 0
5750 0
5750 0
5750 0
5763 0
5763 1
5763 0
5763 0
5763 0
5763 0
5763 0
5763 0
5763 0
5763 0
5763 0
5763 0
5763 0
5763 0
5763 0
5763 0
5763 0
5763 0
5763 0
5763 0
5763 0
5763 0
5763 0
5763 0
5763 0
5763 0
5763 0
5763 0
5763 0
5763 0
5763 0
5779 0
5779 0
5779 0
5779 0
5779 0
5779 0
5779 0
5779 0
5779 0
5779 0
5779 0
5779 0
5779 0
5779 0
5779 0
5779 0
5779 0
5779 0
5779 0
5779 0
5779 0
5779 0
5779 0
5779 0
5779 0
5779 0
5779 0
5779 0
5779 0
5779 0
5779 0
5783 0
5783 0
5783 0
5783 0
5783 0
5783 0
5783 0
5783 0
5783 0
5783 0
5783 0
5783 0
5783 0
5783 0
5783 0
5783 0
5783 0
5783 0
5783 0
5783 0
5783 0
5783 0
5783 0
5783 0
5783 0
5783 0
5783 0
5783 0
5783 0
5783 0
5783 0
5822 0
5822 1
5822 0
5822 0
5822 0
5822 0
5822 0
5822 0
5822 0
5822 0
5822 0
5822 0
5822 0
5822 0
5822 0
5822 0
5822 0
5822 0
5822 0
5822 0
5822 0
5822 0
5822 0
5822 0
5822 0
5822 0
5822 0
5822 0
5822 0
5822 0
5822 0
5847 0
5847 1
5847 0
5847 0
5847 0
5847 0
5847 0
5847 0
5847 0
5847 0
5847 0
5847 0
5847 0
5847 0
5847 0
5847 0
5847 0
5847 0
5847 0
5847 0
5847 0
5847 0
5847 0
5847 1
5847 0
5847 0
5847 0
5847 0
5847 0
5847 0
5847 0
5878 0
5878 0
5878 0
5878 0
5878 0
5878 0
5878 0
5878 0
5878 0
5878 0
5878 0
5878 0
5878 0
5878 0
5878 0
5878 0
5878 0
5878 0
5878 0
5878 0
5878 0
5878 0
5878 0
5878 0
5878 0
5878 0
5878 0
5878 0
5878 0
5878 0
5878 0
6033 0
6033 1
6033 0
6033 0
6033 0
6033 0
6033 0
6033 0
6033 0
6033 0
6033 0
6033 0
6033 0
6033 0
6033 0
6033 0
6033 0
6033 0
6033 0
6033 0
6033 0
6033 0
6033 0
6033 1
6033 0
6033 0
6033 0
6033 0
6033 0
6033 0
6033 0
6740 0
6740 0
6740 0
6740 0
6740 0
6740 0
6740 0
6740 0
6740 0
6740 0
6740 0
6740 0
6740 0
6740 0
6740 0
6740 0
6740 0
6740 0
6740 0
6740 0
6740 0
6740 0
6740 0
6740 0
6740 29
6740 0
6740 1
6740 0
6740 0
6740 0
6740 0
