pt_graph LE_MET_level6
4730 9
4751 9
4840 9
4955 9
5198 9
4689 9
4747 9
4963 9
4941 9
4717 9
6740 9
3044 9
5377 9
5373 9
5337 9
6033 9
5847 9
5717 9
5529 9
5414 9
4893 9
4770 9
4493 9
4848 9
4935 9
5177 9
5123 9
5152 9
5160 9
5067 9
5047 9
5157 9
5136 9
5110 9
5174 9
5017 9
5018 9
4895 9
5150 9
5779 9
2030 9
4844 9
5080 9
5116 9
5192 9
5265 9
5301 9
5259 9
5350 9
5605 9
5783 9
5878 9
5672 9
5435 9
5352 9
4742 9
5007 9
4946 9
4877 9
5489 9
5579 9
5750 9
5822 9
5611 9
5536 9
5689 9
5468 9
4962 9
4867 9
5612 9
5329 9
5584 9
5206 9
5367 9
5423 9
5763 9
5726 9
5550 9
5085 9
