pt_graph cpue_kghour
215 0
215 0
215 0
215 0
215 0
215 0
215 0
215 0
215 137
215 0
215 0
215 0
215 50
215 0
215 0
215 20
215 0
215 0
215 0
215 0
215 0
215 0
215 86
215 0
215 0
215 0
215 0
215 0
215 0
215 0
215 0
233 0
233 0
233 0
233 0
233 0
233 0
233 0
233 0
233 227
233 0
233 0
233 0
233 77
233 0
233 0
233 81
233 0
233 0
233 0
233 0
233 0
233 0
233 6
233 0
233 0
233 0
233 0
233 0
233 0
233 0
233 0
255 0
255 0
255 0
255 0
255 0
255 0
255 0
255 0
255 280
255 0
255 0
255 0
255 74
255 0
255 0
255 35
255 0
255 0
255 0
255 0
255 0
255 0
255 43
255 0
255 0
255 0
255 0
255 0
255 0
255 0
255 0
259 0
259 0
259 0
259 0
259 0
259 0
259 0
259 0
259 108
259 0
259 0
259 0
259 20
259 0
259 0
259 130
259 0
259 0
259 0
259 0
259 0
259 0
259 3
259 0
259 0
259 0
259 0
259 0
259 0
259 0
259 0
279 0
279 0
279 0
279 0
279 0
279 0
279 0
279 0
279 0
279 0
279 0
279 0
279 96
279 0
279 0
279 0
279 0
279 0
279 0
279 0
279 0
279 0
279 0
279 0
279 0
279 0
279 0
279 0
279 0
279 0
279 0
318 0
318 0
318 0
318 0
318 0
318 0
318 0
318 0
318 199
318 0
318 0
318 0
318 36
318 0
318 0
318 118
318 0
318 0
318 0
318 0
318 0
318 0
318 30
318 0
318 0
318 0
318 0
318 0
318 0
318 0
318 0
11008 0
11008 0
11008 0
11008 0
11008 0
11008 0
11008 0
11008 0
11008 0
11008 0
11008 0
11008 197
11008 0
11008 0
11008 0
11008 0
11008 0
11008 0
11008 0
11008 0
11008 0
11008 0
11008 0
11008 0
11008 0
11008 0
11008 0
11008 0
11008 0
11008 0
11008 0
11015 0
11015 0
11015 0
11015 0
11015 0
11015 0
11015 0
11015 0
11015 0
11015 0
11015 0
11015 831
11015 0
11015 0
11015 0
11015 0
11015 0
11015 0
11015 0
11015 0
11015 0
11015 0
11015 0
11015 0
11015 0
11015 0
11015 0
11015 0
11015 0
11015 0
11015 0
11018 0
11018 0
11018 0
11018 0
11018 0
11018 0
11018 0
11018 0
11018 0
11018 0
11018 0
11018 308
11018 0
11018 0
11018 0
11018 0
11018 0
11018 0
11018 0
11018 0
11018 0
11018 0
11018 0
11018 0
11018 0
11018 0
11018 0
11018 0
11018 0
11018 0
11018 0
11021 0
11021 0
11021 0
11021 0
11021 0
11021 0
11021 0
11021 0
11021 0
11021 0
11021 0
11021 135
11021 0
11021 0
11021 0
11021 0
11021 0
11021 0
11021 0
11021 0
11021 0
11021 0
11021 0
11021 0
11021 0
11021 0
11021 0
11021 0
11021 0
11021 0
11021 0
11023 0
11023 0
11023 0
11023 0
11023 0
11023 0
11023 0
11023 0
11023 0
11023 0
11023 0
11023 281
11023 0
11023 0
11023 0
11023 0
11023 0
11023 0
11023 0
11023 0
11023 0
11023 0
11023 0
11023 0
11023 0
11023 0
11023 0
11023 0
11023 0
11023 0
11023 0
11024 0
11024 0
11024 0
11024 0
11024 0
11024 0
11024 0
11024 0
11024 0
11024 0
11024 0
11024 297
11024 0
11024 0
11024 0
11024 0
11024 0
11024 0
11024 0
11024 0
11024 0
11024 0
11024 0
11024 0
11024 0
11024 0
11024 0
11024 0
11024 0
11024 0
11024 0
11025 0
11025 0
11025 0
11025 0
11025 0
11025 0
11025 0
11025 0
11025 0
11025 0
11025 0
11025 636
11025 0
11025 0
11025 0
11025 0
11025 0
11025 0
11025 0
11025 0
11025 0
11025 0
11025 0
11025 0
11025 0
11025 0
11025 0
11025 0
11025 0
11025 0
11025 0
11026 0
11026 0
11026 0
11026 0
11026 0
11026 0
11026 0
11026 0
11026 0
11026 0
11026 0
11026 297
11026 0
11026 0
11026 0
11026 0
11026 0
11026 0
11026 0
11026 0
11026 0
11026 0
11026 0
11026 0
11026 0
11026 0
11026 0
11026 0
11026 0
11026 0
11026 0
11028 0
11028 0
11028 0
11028 0
11028 0
11028 0
11028 0
11028 0
11028 0
11028 0
11028 0
11028 616
11028 0
11028 0
11028 0
11028 0
11028 0
11028 0
11028 0
11028 0
11028 0
11028 0
11028 0
11028 0
11028 0
11028 0
11028 0
11028 0
11028 0
11028 0
11028 0
11029 0
11029 0
11029 0
11029 0
11029 0
11029 0
11029 0
11029 0
11029 0
11029 0
11029 0
11029 297
11029 0
11029 0
11029 0
11029 0
11029 0
11029 0
11029 0
11029 0
11029 0
11029 0
11029 0
11029 0
11029 0
11029 0
11029 0
11029 0
11029 0
11029 0
11029 0
11030 0
11030 0
11030 0
11030 0
11030 0
11030 0
11030 0
11030 0
11030 0
11030 0
11030 0
11030 297
11030 0
11030 0
11030 0
11030 0
11030 0
11030 0
11030 0
11030 0
11030 0
11030 0
11030 0
11030 0
11030 0
11030 0
11030 0
11030 0
11030 0
11030 0
11030 0
11033 0
11033 0
11033 0
11033 0
11033 0
11033 0
11033 0
11033 0
11033 0
11033 0
11033 0
11033 668
11033 0
11033 0
11033 0
11033 0
11033 0
11033 0
11033 0
11033 0
11033 0
11033 0
11033 0
11033 0
11033 0
11033 0
11033 0
11033 0
11033 0
11033 0
11033 0
11037 0
11037 0
11037 0
11037 0
11037 0
11037 0
11037 0
11037 0
11037 0
11037 0
11037 0
11037 565
11037 0
11037 0
11037 0
11037 0
11037 0
11037 0
11037 0
11037 0
11037 0
11037 0
11037 0
11037 0
11037 0
11037 0
11037 0
11037 0
11037 0
11037 0
11037 0
11039 0
11039 0
11039 0
11039 0
11039 0
11039 0
11039 0
11039 0
11039 0
11039 0
11039 0
11039 326
11039 0
11039 0
11039 0
11039 0
11039 0
11039 0
11039 0
11039 0
11039 0
11039 0
11039 0
11039 0
11039 0
11039 0
11039 0
11039 0
11039 0
11039 0
11039 0
11045 0
11045 0
11045 0
11045 0
11045 0
11045 0
11045 0
11045 0
11045 0
11045 0
11045 0
11045 382
11045 0
11045 0
11045 0
11045 0
11045 0
11045 0
11045 0
11045 0
11045 0
11045 0
11045 0
11045 0
11045 0
11045 0
11045 0
11045 0
11045 0
11045 0
11045 0
