pt_graph LE_MET_level6
5781 9
5608 9
5554 9
5687 9
6152 9
6208 9
6170 9
6220 9
6174 9
6120 9
6165 9
6270 9
6173 9
6258 9
6362 9
6300 9
5985 9
5821 9
5737 9
5924 9
5953 9
5865 9
5933 9
5877 9
5711 9
5769 9
6195 9
6116 9
6372 9
6254 9
5150 9
5331 9
5416 9
5578 9
5650 9
6113 9
6069 9
5982 9
6076 9
6042 9
6106 9
6298 9
6238 9
6280 9
6197 9
6322 9
6283 9
6350 9
6343 9
5842 9
5757 9
6100 9
6310 9
5963 9
5787 9
5676 9
5563 9
6125 9
6740 9
5834 9
5662 9
6578 9
6398 9
6413 9
6520 9
6459 9
6663 9
6847 9
6934 9
6691 9
6681 9
6570 9
6530 9
6613 9
6768 9
6707 9
6886 9
6967 9
7012 9
