pt_graph cpue_kghour
233 0
233 0
233 0
233 0
233 0
233 0
233 0
233 0
233 32
233 0
233 0
233 0
233 4
233 0
233 0
233 0
233 0
233 0
233 0
233 0
233 0
233 0
233 22
233 0
233 0
233 0
233 0
233 0
233 0
233 0
233 0
255 0
255 0
255 0
255 0
255 0
255 0
255 0
255 0
255 10
255 0
255 0
255 0
255 0
255 0
255 0
255 0
255 0
255 0
255 0
255 0
255 0
255 0
255 60
255 0
255 0
255 0
255 0
255 0
255 0
255 0
255 0
259 0
259 0
259 0
259 0
259 0
259 0
259 0
259 0
259 145
259 0
259 0
259 0
259 6
259 0
259 0
259 23
259 0
259 0
259 0
259 0
259 0
259 0
259 17
259 0
259 0
259 0
259 0
259 0
259 0
259 0
259 0
3405 0
3405 0
3405 0
3405 0
3405 0
3405 0
3405 0
3405 0
3405 0
3405 0
3405 0
3405 0
3405 0
3405 0
3405 0
3405 0
3405 0
3405 0
3405 0
3405 0
3405 0
3405 0
3405 0
3405 0
3405 0
3405 0
3405 0
3405 0
3405 0
3405 0
3405 0
3674 0
3674 0
3674 0
3674 0
3674 0
3674 0
3674 0
3674 0
3674 0
3674 0
3674 0
3674 0
3674 0
3674 0
3674 0
3674 0
3674 0
3674 0
3674 0
3674 0
3674 0
3674 0
3674 0
3674 0
3674 0
3674 0
3674 0
3674 0
3674 0
3674 0
3674 0
3819 0
3819 0
3819 0
3819 0
3819 0
3819 0
3819 0
3819 0
3819 0
3819 0
3819 0
3819 0
3819 0
3819 0
3819 0
3819 0
3819 0
3819 0
3819 0
3819 0
3819 0
3819 0
3819 0
3819 0
3819 0
3819 0
3819 0
3819 0
3819 0
3819 0
3819 0
3940 0
3940 0
3940 0
3940 0
3940 0
3940 0
3940 0
3940 0
3940 0
3940 0
3940 0
3940 0
3940 0
3940 0
3940 0
3940 0
3940 0
3940 0
3940 0
3940 0
3940 0
3940 0
3940 0
3940 0
3940 0
3940 0
3940 0
3940 0
3940 0
3940 0
3940 0
5561 0
5561 0
5561 0
5561 0
5561 0
5561 0
5561 0
5561 0
5561 0
5561 0
5561 285
5561 0
5561 0
5561 0
5561 0
5561 0
5561 0
5561 0
5561 0
5561 78
5561 0
5561 0
5561 0
5561 0
5561 0
5561 0
5561 0
5561 0
5561 0
5561 0
5561 0
5644 0
5644 0
5644 0
5644 0
5644 0
5644 0
5644 0
5644 0
5644 0
5644 0
5644 166
5644 0
5644 0
5644 0
5644 0
5644 0
5644 0
5644 0
5644 0
5644 123
5644 0
5644 0
5644 0
5644 0
5644 3
5644 0
5644 0
5644 3
5644 0
5644 0
5644 0
5655 0
5655 0
5655 0
5655 0
5655 0
5655 0
5655 0
5655 0
5655 0
5655 0
5655 397
5655 0
5655 0
5655 0
5655 0
5655 0
5655 0
5655 0
5655 0
5655 108
5655 0
5655 0
5655 0
5655 0
5655 0
5655 0
5655 0
5655 0
5655 0
5655 0
5655 0
5746 0
5746 0
5746 0
5746 0
5746 0
5746 0
5746 0
5746 0
5746 0
5746 0
5746 205
5746 0
5746 0
5746 0
5746 0
5746 0
5746 0
5746 0
5746 0
5746 153
5746 0
5746 0
5746 0
5746 0
5746 4
5746 0
5746 0
5746 3
5746 0
5746 0
5746 0
5801 0
5801 0
5801 0
5801 0
5801 0
5801 0
5801 0
5801 0
5801 0
5801 0
5801 51
5801 0
5801 0
5801 0
5801 0
5801 0
5801 0
5801 0
5801 0
5801 20
5801 0
5801 0
5801 0
5801 0
5801 0
5801 0
5801 0
5801 0
5801 0
5801 0
5801 0
5864 0
5864 0
5864 0
5864 0
5864 0
5864 0
5864 0
5864 0
5864 0
5864 0
5864 163
5864 0
5864 0
5864 0
5864 0
5864 0
5864 0
5864 0
5864 0
5864 121
5864 0
5864 0
5864 0
5864 0
5864 3
5864 0
5864 0
5864 2
5864 0
5864 0
5864 0
5954 0
5954 0
5954 0
5954 0
5954 0
5954 0
5954 0
5954 0
5954 0
5954 0
5954 51
5954 0
5954 0
5954 0
5954 0
5954 0
5954 0
5954 0
5954 0
5954 20
5954 0
5954 0
5954 0
5954 0
5954 0
5954 0
5954 0
5954 0
5954 0
5954 0
5954 0
6102 0
6102 0
6102 0
6102 0
6102 0
6102 0
6102 0
6102 0
6102 0
6102 0
6102 68
6102 0
6102 0
6102 0
6102 0
6102 0
6102 0
6102 0
6102 0
6102 84
6102 0
6102 0
6102 0
6102 0
6102 0
6102 0
6102 0
6102 0
6102 0
6102 0
6102 0
6217 0
6217 0
6217 0
6217 0
6217 0
6217 0
6217 0
6217 0
6217 0
6217 0
6217 70
6217 0
6217 0
6217 0
6217 0
6217 0
6217 0
6217 0
6217 0
6217 3
6217 0
6217 0
6217 0
6217 0
6217 0
6217 0
6217 0
6217 0
6217 0
6217 0
6217 0
6222 0
6222 0
6222 0
6222 0
6222 0
6222 0
6222 0
6222 0
6222 0
6222 0
6222 158
6222 0
6222 0
6222 0
6222 0
6222 0
6222 0
6222 0
6222 0
6222 10
6222 0
6222 0
6222 0
6222 0
6222 0
6222 0
6222 0
6222 0
6222 0
6222 0
6222 0
6224 0
6224 0
6224 0
6224 0
6224 0
6224 0
6224 0
6224 0
6224 0
6224 0
6224 89
6224 0
6224 0
6224 0
6224 0
6224 0
6224 0
6224 0
6224 0
6224 3
6224 0
6224 0
6224 0
6224 0
6224 0
6224 0
6224 0
6224 0
6224 0
6224 0
6224 0
6293 0
6293 0
6293 0
6293 0
6293 0
6293 0
6293 0
6293 0
6293 0
6293 0
6293 208
6293 0
6293 0
6293 0
6293 0
6293 0
6293 0
6293 0
6293 0
6293 16
6293 0
6293 0
6293 0
6293 0
6293 0
6293 0
6293 0
6293 0
6293 0
6293 0
6293 0
6326 0
6326 0
6326 0
6326 0
6326 0
6326 0
6326 0
6326 0
6326 0
6326 0
6326 134
6326 0
6326 0
6326 0
6326 0
6326 0
6326 0
6326 0
6326 0
6326 5
6326 0
6326 0
6326 0
6326 0
6326 0
6326 0
6326 0
6326 0
6326 0
6326 0
6326 0
6328 0
6328 0
6328 0
6328 0
6328 0
6328 0
6328 0
6328 0
6328 0
6328 0
6328 256
6328 0
6328 0
6328 0
6328 0
6328 0
6328 0
6328 0
6328 0
6328 24
6328 0
6328 0
6328 0
6328 0
6328 0
6328 0
6328 0
6328 0
6328 0
6328 0
6328 0
6383 0
6383 0
6383 0
6383 0
6383 0
6383 0
6383 0
6383 0
6383 0
6383 0
6383 157
6383 0
6383 0
6383 0
6383 0
6383 0
6383 0
6383 0
6383 0
6383 22
6383 0
6383 0
6383 0
6383 0
6383 3
6383 0
6383 0
6383 1
6383 0
6383 0
6383 0
6385 0
6385 0
6385 0
6385 0
6385 0
6385 0
6385 0
6385 0
6385 0
6385 0
6385 229
6385 0
6385 0
6385 0
6385 0
6385 0
6385 0
6385 0
6385 0
6385 101
6385 0
6385 0
6385 0
6385 0
6385 0
6385 0
6385 0
6385 0
6385 0
6385 0
6385 0
6396 0
6396 0
6396 0
6396 0
6396 0
6396 0
6396 0
6396 0
6396 0
6396 0
6396 222
6396 0
6396 0
6396 0
6396 0
6396 0
6396 0
6396 0
6396 0
6396 14
6396 0
6396 0
6396 0
6396 0
6396 0
6396 0
6396 0
6396 0
6396 0
6396 0
6396 0
6399 0
6399 0
6399 0
6399 0
6399 0
6399 0
6399 0
6399 0
6399 0
6399 0
6399 262
6399 0
6399 0
6399 0
6399 0
6399 0
6399 0
6399 0
6399 0
6399 20
6399 0
6399 0
6399 0
6399 0
6399 2
6399 0
6399 0
6399 1
6399 0
6399 0
6399 0
6409 0
6409 0
6409 0
6409 0
6409 0
6409 0
6409 0
6409 0
6409 0
6409 0
6409 199
6409 0
6409 0
6409 0
6409 0
6409 0
6409 0
6409 0
6409 0
6409 53
6409 0
6409 0
6409 0
6409 0
6409 0
6409 0
6409 0
6409 0
6409 0
6409 0
6409 0
6415 0
6415 0
6415 0
6415 0
6415 0
6415 0
6415 0
6415 0
6415 0
6415 0
6415 397
6415 0
6415 0
6415 0
6415 0
6415 0
6415 0
6415 0
6415 0
6415 25
6415 0
6415 0
6415 0
6415 0
6415 0
6415 0
6415 0
6415 0
6415 0
6415 0
6415 0
6455 0
6455 0
6455 0
6455 0
6455 0
6455 0
6455 0
6455 0
6455 0
6455 0
6455 280
6455 0
6455 0
6455 0
6455 0
6455 0
6455 0
6455 0
6455 0
6455 72
6455 0
6455 0
6455 0
6455 0
6455 0
6455 0
6455 0
6455 0
6455 0
6455 0
6455 0
6470 0
6470 0
6470 0
6470 0
6470 0
6470 0
6470 0
6470 0
6470 0
6470 0
6470 372
6470 0
6470 0
6470 0
6470 0
6470 0
6470 0
6470 0
6470 0
6470 27
6470 0
6470 0
6470 0
6470 0
6470 2
6470 0
6470 0
6470 1
6470 0
6470 0
6470 0
6476 0
6476 0
6476 0
6476 0
6476 0
6476 0
6476 0
6476 0
6476 0
6476 0
6476 212
6476 0
6476 0
6476 0
6476 0
6476 0
6476 0
6476 0
6476 0
6476 21
6476 0
6476 0
6476 0
6476 0
6476 4
6476 0
6476 0
6476 2
6476 0
6476 0
6476 0
6479 0
6479 0
6479 0
6479 0
6479 0
6479 0
6479 0
6479 0
6479 0
6479 0
6479 339
6479 0
6479 0
6479 0
6479 0
6479 0
6479 0
6479 0
6479 0
6479 87
6479 0
6479 0
6479 0
6479 0
6479 0
6479 0
6479 0
6479 2
6479 0
6479 0
6479 0
6489 0
6489 0
6489 0
6489 0
6489 0
6489 0
6489 0
6489 0
6489 0
6489 0
6489 263
6489 0
6489 0
6489 0
6489 0
6489 0
6489 0
6489 0
6489 0
6489 70
6489 0
6489 0
6489 0
6489 0
6489 0
6489 0
6489 0
6489 0
6489 0
6489 0
6489 0
6494 0
6494 0
6494 0
6494 0
6494 0
6494 0
6494 0
6494 0
6494 0
6494 0
6494 152
6494 0
6494 0
6494 0
6494 0
6494 0
6494 0
6494 0
6494 0
6494 68
6494 0
6494 0
6494 0
6494 0
6494 0
6494 0
6494 0
6494 0
6494 0
6494 0
6494 0
6499 0
6499 0
6499 0
6499 0
6499 0
6499 0
6499 0
6499 0
6499 0
6499 0
6499 83
6499 0
6499 0
6499 0
6499 0
6499 0
6499 0
6499 0
6499 0
6499 37
6499 0
6499 0
6499 0
6499 0
6499 0
6499 0
6499 0
6499 0
6499 0
6499 0
6499 0
6529 0
6529 0
6529 0
6529 0
6529 0
6529 0
6529 0
6529 0
6529 0
6529 0
6529 280
6529 0
6529 0
6529 0
6529 0
6529 0
6529 0
6529 0
6529 0
6529 72
6529 0
6529 0
6529 0
6529 0
6529 0
6529 0
6529 0
6529 0
6529 0
6529 0
6529 0
6538 0
6538 0
6538 0
6538 0
6538 0
6538 0
6538 0
6538 0
6538 0
6538 0
6538 108
6538 0
6538 0
6538 0
6538 0
6538 0
6538 0
6538 0
6538 0
6538 48
6538 0
6538 0
6538 0
6538 0
6538 0
6538 0
6538 0
6538 0
6538 0
6538 0
6538 0
6554 0
6554 0
6554 0
6554 0
6554 0
6554 0
6554 0
6554 0
6554 0
6554 0
6554 447
6554 0
6554 0
6554 0
6554 0
6554 0
6554 0
6554 0
6554 0
6554 118
6554 0
6554 0
6554 0
6554 0
6554 1
6554 0
6554 0
6554 3
6554 0
6554 0
6554 0
6562 0
6562 0
6562 0
6562 0
6562 0
6562 0
6562 0
6562 0
6562 0
6562 0
6562 287
6562 0
6562 0
6562 0
6562 0
6562 0
6562 0
6562 0
6562 0
6562 26
6562 0
6562 0
6562 0
6562 0
6562 3
6562 0
6562 0
6562 2
6562 0
6562 0
6562 0
6569 0
6569 0
6569 0
6569 0
6569 0
6569 0
6569 0
6569 0
6569 0
6569 0
6569 918
6569 0
6569 0
6569 0
6569 0
6569 0
6569 0
6569 0
6569 0
6569 236
6569 0
6569 0
6569 0
6569 0
6569 0
6569 0
6569 0
6569 0
6569 0
6569 0
6569 0
6604 0
6604 0
6604 0
6604 0
6604 0
6604 0
6604 0
6604 0
6604 0
6604 0
6604 195
6604 0
6604 0
6604 0
6604 0
6604 0
6604 0
6604 0
6604 0
6604 161
6604 0
6604 0
6604 0
6604 0
6604 0
6604 0
6604 0
6604 4
6604 0
6604 0
6604 0
6608 0
6608 0
6608 0
6608 0
6608 0
6608 0
6608 0
6608 0
6608 0
6608 0
6608 57
6608 0
6608 0
6608 0
6608 0
6608 0
6608 0
6608 0
6608 0
6608 71
6608 0
6608 0
6608 0
6608 0
6608 0
6608 0
6608 0
6608 2
6608 0
6608 0
6608 0
6655 0
6655 0
6655 0
6655 0
6655 0
6655 0
6655 0
6655 0
6655 0
6655 0
6655 260
6655 0
6655 0
6655 0
6655 0
6655 0
6655 0
6655 0
6655 0
6655 23
6655 0
6655 0
6655 0
6655 0
6655 5
6655 0
6655 0
6655 3
6655 0
6655 0
6655 0
6656 0
6656 0
6656 0
6656 0
6656 0
6656 0
6656 0
6656 0
6656 0
6656 0
6656 215
6656 0
6656 0
6656 0
6656 0
6656 0
6656 0
6656 0
6656 0
6656 71
6656 0
6656 0
6656 0
6656 0
6656 0
6656 0
6656 0
6656 3
6656 0
6656 0
6656 0
6658 0
6658 0
6658 0
6658 0
6658 0
6658 0
6658 0
6658 0
6658 0
6658 0
6658 87
6658 0
6658 0
6658 0
6658 0
6658 0
6658 0
6658 0
6658 0
6658 39
6658 0
6658 0
6658 0
6658 0
6658 0
6658 0
6658 0
6658 0
6658 0
6658 0
6658 0
6666 0
6666 0
6666 0
6666 0
6666 0
6666 0
6666 0
6666 0
6666 0
6666 0
6666 57
6666 0
6666 0
6666 0
6666 0
6666 0
6666 0
6666 0
6666 0
6666 60
6666 0
6666 0
6666 0
6666 0
6666 0
6666 0
6666 0
6666 2
6666 0
6666 0
6666 0
6668 0
6668 0
6668 0
6668 0
6668 0
6668 0
6668 0
6668 0
6668 0
6668 0
6668 463
6668 0
6668 0
6668 0
6668 0
6668 0
6668 0
6668 0
6668 0
6668 34
6668 0
6668 0
6668 0
6668 0
6668 3
6668 0
6668 0
6668 2
6668 0
6668 0
6668 0
6690 0
6690 0
6690 0
6690 0
6690 0
6690 0
6690 0
6690 0
6690 0
6690 0
6690 312
6690 0
6690 0
6690 0
6690 0
6690 0
6690 0
6690 0
6690 0
6690 82
6690 0
6690 0
6690 0
6690 0
6690 0
6690 0
6690 0
6690 3
6690 0
6690 0
6690 0
6698 0
6698 0
6698 0
6698 0
6698 0
6698 0
6698 0
6698 0
6698 0
6698 0
6698 193
6698 0
6698 0
6698 0
6698 0
6698 0
6698 0
6698 0
6698 0
6698 16
6698 0
6698 0
6698 0
6698 0
6698 0
6698 0
6698 0
6698 0
6698 0
6698 0
6698 0
6700 0
6700 0
6700 0
6700 0
6700 0
6700 0
6700 0
6700 0
6700 0
6700 0
6700 338
6700 0
6700 0
6700 0
6700 0
6700 0
6700 0
6700 0
6700 0
6700 36
6700 0
6700 0
6700 0
6700 0
6700 0
6700 0
6700 0
6700 0
6700 0
6700 0
6700 0
6721 0
6721 0
6721 0
6721 0
6721 0
6721 0
6721 0
6721 0
6721 0
6721 0
6721 57
6721 0
6721 0
6721 0
6721 0
6721 0
6721 0
6721 0
6721 0
6721 38
6721 0
6721 0
6721 0
6721 0
6721 0
6721 0
6721 0
6721 4
6721 0
6721 0
6721 0
6767 0
6767 0
6767 0
6767 0
6767 0
6767 0
6767 0
6767 0
6767 0
6767 0
6767 267
6767 0
6767 0
6767 0
6767 0
6767 0
6767 0
6767 0
6767 0
6767 34
6767 0
6767 0
6767 0
6767 0
6767 1
6767 0
6767 0
6767 1
6767 0
6767 0
6767 0
6796 0
6796 0
6796 0
6796 0
6796 0
6796 0
6796 0
6796 0
6796 0
6796 0
6796 306
6796 0
6796 0
6796 0
6796 0
6796 0
6796 0
6796 0
6796 0
6796 48
6796 0
6796 0
6796 0
6796 0
6796 0
6796 0
6796 0
6796 0
6796 0
6796 0
6796 0
6811 0
6811 0
6811 0
6811 0
6811 0
6811 0
6811 0
6811 0
6811 0
6811 0
6811 371
6811 0
6811 0
6811 0
6811 0
6811 0
6811 0
6811 0
6811 0
6811 92
6811 0
6811 0
6811 0
6811 0
6811 0
6811 0
6811 0
6811 1
6811 0
6811 0
6811 0
6831 0
6831 0
6831 0
6831 0
6831 0
6831 0
6831 0
6831 0
6831 0
6831 0
6831 254
6831 0
6831 0
6831 0
6831 0
6831 0
6831 0
6831 0
6831 0
6831 49
6831 0
6831 0
6831 0
6831 0
6831 0
6831 0
6831 0
6831 0
6831 0
6831 0
6831 0
6841 0
6841 0
6841 0
6841 0
6841 0
6841 0
6841 0
6841 0
6841 0
6841 0
6841 267
6841 0
6841 0
6841 0
6841 0
6841 0
6841 0
6841 0
6841 0
6841 34
6841 0
6841 0
6841 0
6841 0
6841 1
6841 0
6841 0
6841 1
6841 0
6841 0
6841 0
6844 0
6844 0
6844 0
6844 0
6844 0
6844 0
6844 0
6844 0
6844 0
6844 0
6844 259
6844 0
6844 0
6844 0
6844 0
6844 0
6844 0
6844 0
6844 0
6844 32
6844 0
6844 0
6844 0
6844 0
6844 1
6844 0
6844 0
6844 1
6844 0
6844 0
6844 0
6891 0
6891 0
6891 0
6891 0
6891 0
6891 0
6891 0
6891 0
6891 0
6891 0
6891 148
6891 0
6891 0
6891 0
6891 0
6891 0
6891 0
6891 0
6891 0
6891 0
6891 0
6891 0
6891 0
6891 0
6891 0
6891 0
6891 0
6891 0
6891 0
6891 0
6891 0
7032 0
7032 0
7032 0
7032 0
7032 0
7032 0
7032 0
7032 0
7032 0
7032 0
7032 163
7032 0
7032 0
7032 0
7032 0
7032 0
7032 0
7032 0
7032 0
7032 46
7032 0
7032 0
7032 0
7032 0
7032 0
7032 0
7032 0
7032 0
7032 0
7032 0
7032 0
7224 0
7224 0
7224 0
7224 0
7224 0
7224 0
7224 0
7224 0
7224 0
7224 0
7224 173
7224 0
7224 0
7224 0
7224 0
7224 0
7224 0
7224 0
7224 0
7224 49
7224 0
7224 0
7224 0
7224 0
7224 0
7224 0
7224 0
7224 0
7224 0
7224 0
7224 0
7707 0
7707 0
7707 0
7707 0
7707 0
7707 0
7707 0
7707 0
7707 0
7707 0
7707 200
7707 0
7707 0
7707 0
7707 0
7707 0
7707 0
7707 0
7707 0
7707 110
7707 0
7707 0
7707 0
7707 0
7707 0
7707 0
7707 0
7707 0
7707 0
7707 0
7707 0
8015 0
8015 0
8015 0
8015 0
8015 0
8015 0
8015 0
8015 0
8015 0
8015 0
8015 135
8015 0
8015 0
8015 0
8015 0
8015 0
8015 0
8015 0
8015 0
8015 0
8015 0
8015 0
8015 0
8015 0
8015 0
8015 0
8015 0
8015 0
8015 0
8015 0
8015 0
8044 0
8044 0
8044 0
8044 0
8044 0
8044 0
8044 0
8044 0
8044 0
8044 0
8044 241
8044 0
8044 0
8044 0
8044 0
8044 0
8044 0
8044 0
8044 0
8044 0
8044 0
8044 0
8044 0
8044 0
8044 0
8044 0
8044 0
8044 0
8044 0
8044 0
8044 0
8075 0
8075 0
8075 0
8075 0
8075 0
8075 0
8075 0
8075 0
8075 0
8075 0
8075 110
8075 0
8075 0
8075 0
8075 0
8075 0
8075 0
8075 0
8075 0
8075 0
8075 0
8075 0
8075 0
8075 0
8075 0
8075 0
8075 0
8075 0
8075 0
8075 0
8075 0
