pt_graph scale
7021 0
7021 0
7021 0
7021 667
7021 0
7021 0
7021 0
7021 0
7021 0
7021 0
7021 0
7021 0
7021 0
7021 0
7021 0
7021 0
7021 0
7021 0
7021 0
7021 0
7021 0
7021 0
7021 0
7021 0
7021 0
7021 0
7021 0
7021 0
7021 0
7021 0
7021 0
7287 0
7287 0
7287 0
7287 667
7287 0
7287 0
7287 0
7287 0
7287 0
7287 0
7287 0
7287 0
7287 0
7287 0
7287 0
7287 0
7287 0
7287 0
7287 0
7287 0
7287 0
7287 0
7287 0
7287 0
7287 0
7287 0
7287 0
7287 0
7287 0
7287 0
7287 0
7320 0
7320 0
7320 0
7320 1359
7320 0
7320 0
7320 0
7320 0
7320 0
7320 0
7320 0
7320 0
7320 0
7320 0
7320 0
7320 0
7320 0
7320 0
7320 0
7320 0
7320 0
7320 0
7320 0
7320 0
7320 0
7320 0
7320 0
7320 0
7320 0
7320 0
7320 0
7429 0
7429 0
7429 0
7429 667
7429 0
7429 0
7429 0
7429 0
7429 0
7429 0
7429 0
7429 0
7429 0
7429 0
7429 0
7429 0
7429 0
7429 0
7429 0
7429 0
7429 0
7429 0
7429 0
7429 0
7429 0
7429 0
7429 0
7429 0
7429 0
7429 0
7429 0
7459 0
7459 0
7459 0
7459 6561
7459 0
7459 0
7459 0
7459 0
7459 0
7459 0
7459 0
7459 0
7459 0
7459 0
7459 0
7459 0
7459 0
7459 0
7459 0
7459 0
7459 0
7459 0
7459 0
7459 0
7459 0
7459 0
7459 0
7459 0
7459 0
7459 0
7459 0
7538 0
7538 0
7538 0
7538 667
7538 0
7538 0
7538 0
7538 0
7538 0
7538 0
7538 0
7538 0
7538 0
7538 0
7538 0
7538 0
7538 0
7538 0
7538 0
7538 0
7538 0
7538 0
7538 0
7538 0
7538 0
7538 0
7538 0
7538 0
7538 0
7538 0
7538 0
7647 0
7647 0
7647 0
7647 6561
7647 0
7647 0
7647 0
7647 0
7647 0
7647 0
7647 0
7647 0
7647 0
7647 0
7647 0
7647 0
7647 0
7647 0
7647 0
7647 0
7647 0
7647 0
7647 0
7647 0
7647 0
7647 0
7647 0
7647 0
7647 0
7647 0
7647 0
8313 0
8313 0
8313 0
8313 3975
8313 0
8313 0
8313 0
8313 0
8313 0
8313 0
8313 0
8313 0
8313 0
8313 0
8313 0
8313 0
8313 0
8313 0
8313 0
8313 0
8313 0
8313 0
8313 0
8313 0
8313 0
8313 0
8313 0
8313 0
8313 0
8313 0
8313 0
8332 0
8332 0
8332 0
8332 0
8332 0
8332 0
8332 0
8332 0
8332 0
8332 0
8332 488
8332 0
8332 0
8332 0
8332 1
8332 0
8332 0
8332 0
8332 0
8332 0
8332 0
8332 0
8332 0
8332 0
8332 0
8332 0
8332 0
8332 0
8332 0
8332 0
8332 0
8379 0
8379 0
8379 0
8379 0
8379 0
8379 0
8379 0
8379 0
8379 0
8379 0
8379 1845
8379 0
8379 0
8379 0
8379 20
8379 0
8379 0
8379 0
8379 0
8379 0
8379 0
8379 0
8379 0
8379 0
8379 116
8379 0
8379 0
8379 0
8379 0
8379 0
8379 0
8389 0
8389 0
8389 0
8389 0
8389 0
8389 0
8389 0
8389 0
8389 0
8389 0
8389 488
8389 0
8389 0
8389 0
8389 1
8389 0
8389 0
8389 0
8389 0
8389 0
8389 0
8389 0
8389 0
8389 0
8389 0
8389 0
8389 0
8389 0
8389 0
8389 0
8389 0
8398 0
8398 0
8398 0
8398 3975
8398 0
8398 0
8398 0
8398 0
8398 0
8398 0
8398 0
8398 0
8398 0
8398 0
8398 0
8398 0
8398 0
8398 0
8398 0
8398 0
8398 0
8398 0
8398 0
8398 0
8398 0
8398 0
8398 0
8398 0
8398 0
8398 0
8398 0
8428 0
8428 0
8428 0
8428 3975
8428 0
8428 0
8428 0
8428 0
8428 0
8428 0
8428 0
8428 0
8428 0
8428 0
8428 0
8428 0
8428 0
8428 0
8428 0
8428 0
8428 0
8428 0
8428 0
8428 0
8428 0
8428 0
8428 0
8428 0
8428 0
8428 0
8428 0
8441 0
8441 0
8441 0
8441 8250
8441 0
8441 0
8441 0
8441 0
8441 0
8441 0
8441 0
8441 0
8441 0
8441 0
8441 0
8441 0
8441 0
8441 0
8441 0
8441 0
8441 0
8441 0
8441 0
8441 0
8441 0
8441 0
8441 0
8441 0
8441 0
8441 0
8441 0
8487 0
8487 0
8487 0
8487 3975
8487 0
8487 0
8487 0
8487 0
8487 0
8487 0
8487 0
8487 0
8487 0
8487 0
8487 0
8487 0
8487 0
8487 0
8487 0
8487 0
8487 0
8487 0
8487 0
8487 0
8487 0
8487 0
8487 0
8487 0
8487 0
8487 0
8487 0
8572 0
8572 0
8572 0
8572 3301
8572 0
8572 0
8572 0
8572 0
8572 0
8572 0
8572 0
8572 0
8572 0
8572 0
8572 0
8572 0
8572 0
8572 0
8572 0
8572 0
8572 0
8572 0
8572 0
8572 0
8572 0
8572 0
8572 0
8572 0
8572 0
8572 0
8572 0
8584 0
8584 0
8584 0
8584 0
8584 0
8584 0
8584 0
8584 0
8584 0
8584 0
8584 1251
8584 0
8584 0
8584 0
8584 20
8584 0
8584 0
8584 0
8584 0
8584 0
8584 0
8584 0
8584 0
8584 0
8584 112
8584 0
8584 0
8584 0
8584 0
8584 0
8584 0
8600 0
8600 0
8600 0
8600 0
8600 0
8600 0
8600 0
8600 0
8600 0
8600 0
8600 488
8600 0
8600 0
8600 0
8600 1
8600 0
8600 0
8600 0
8600 0
8600 0
8600 0
8600 0
8600 0
8600 0
8600 0
8600 0
8600 0
8600 0
8600 0
8600 0
8600 0
8630 0
8630 0
8630 0
8630 1113
8630 0
8630 0
8630 0
8630 0
8630 0
8630 0
8630 0
8630 0
8630 0
8630 0
8630 0
8630 0
8630 0
8630 0
8630 0
8630 0
8630 0
8630 0
8630 0
8630 0
8630 0
8630 0
8630 0
8630 0
8630 0
8630 0
8630 0
8709 0
8709 0
8709 0
8709 2398
8709 0
8709 0
8709 0
8709 0
8709 0
8709 0
8709 0
8709 0
8709 0
8709 0
8709 0
8709 0
8709 0
8709 0
8709 0
8709 0
8709 0
8709 0
8709 0
8709 0
8709 0
8709 0
8709 0
8709 0
8709 0
8709 0
8709 0
8927 0
8927 0
8927 0
8927 0
8927 0
8927 0
8927 0
8927 0
8927 0
8927 0
8927 3515
8927 0
8927 0
8927 0
8927 149
8927 0
8927 0
8927 0
8927 0
8927 1
8927 0
8927 0
8927 0
8927 0
8927 206
8927 0
8927 0
8927 0
8927 0
8927 0
8927 0
9010 0
9010 0
9010 0
9010 1077
9010 0
9010 0
9010 0
9010 0
9010 0
9010 0
9010 0
9010 0
9010 0
9010 0
9010 0
9010 0
9010 0
9010 0
9010 0
9010 0
9010 0
9010 0
9010 0
9010 0
9010 0
9010 0
9010 0
9010 0
9010 0
9010 0
9010 0
9118 0
9118 0
9118 0
9118 1113
9118 0
9118 0
9118 0
9118 0
9118 0
9118 0
9118 0
9118 0
9118 0
9118 0
9118 0
9118 0
9118 0
9118 0
9118 0
9118 0
9118 0
9118 0
9118 0
9118 0
9118 0
9118 0
9118 0
9118 0
9118 0
9118 0
9118 0
9165 0
9165 0
9165 0
9165 1113
9165 0
9165 0
9165 0
9165 0
9165 0
9165 0
9165 0
9165 0
9165 0
9165 0
9165 0
9165 0
9165 0
9165 0
9165 0
9165 0
9165 0
9165 0
9165 0
9165 0
9165 0
9165 0
9165 0
9165 0
9165 0
9165 0
9165 0
9243 0
9243 0
9243 0
9243 1113
9243 0
9243 0
9243 0
9243 0
9243 0
9243 0
9243 0
9243 0
9243 0
9243 0
9243 0
9243 0
9243 0
9243 0
9243 0
9243 0
9243 0
9243 0
9243 0
9243 0
9243 0
9243 0
9243 0
9243 0
9243 0
9243 0
9243 0
