pt_graph cpue_kghour
743 0
743 79
743 0
743 0
743 0
743 0
743 0
743 0
743 0
743 0
743 0
743 0
743 0
743 0
743 0
743 0
743 0
743 0
743 0
743 0
743 0
743 0
743 0
743 11
743 0
743 0
743 0
743 0
743 0
743 0
743 0
744 0
744 73
744 0
744 0
744 0
744 0
744 0
744 0
744 0
744 0
744 0
744 0
744 0
744 0
744 0
744 0
744 0
744 0
744 0
744 0
744 0
744 0
744 0
744 1
744 0
744 0
744 0
744 0
744 0
744 0
744 0
745 0
745 79
745 0
745 0
745 0
745 0
745 0
745 0
745 0
745 0
745 0
745 0
745 0
745 0
745 0
745 0
745 0
745 0
745 0
745 0
745 0
745 0
745 0
745 11
745 0
745 0
745 0
745 0
745 0
745 0
745 0
747 0
747 62
747 0
747 0
747 0
747 0
747 0
747 0
747 0
747 0
747 0
747 0
747 0
747 0
747 0
747 0
747 0
747 0
747 0
747 0
747 0
747 0
747 0
747 0
747 0
747 0
747 0
747 0
747 0
747 0
747 0
853 0
853 76
853 0
853 0
853 0
853 0
853 0
853 0
853 0
853 0
853 0
853 0
853 0
853 0
853 0
853 0
853 0
853 0
853 0
853 0
853 0
853 0
853 0
853 6
853 0
853 0
853 0
853 0
853 0
853 0
853 0
1536 0
1536 14
1536 0
1536 0
1536 0
1536 0
1536 0
1536 0
1536 0
1536 0
1536 0
1536 0
1536 0
1536 0
1536 0
1536 0
1536 0
1536 0
1536 0
1536 0
1536 0
1536 0
1536 0
1536 0
1536 0
1536 0
1536 0
1536 0
1536 0
1536 0
1536 0
2005 0
2005 36
2005 0
2005 0
2005 0
2005 0
2005 0
2005 0
2005 0
2005 0
2005 0
2005 0
2005 0
2005 0
2005 0
2005 0
2005 0
2005 0
2005 0
2005 0
2005 0
2005 0
2005 0
2005 1
2005 0
2005 0
2005 0
2005 0
2005 0
2005 0
2005 0
2086 0
2086 36
2086 0
2086 0
2086 0
2086 0
2086 0
2086 0
2086 0
2086 0
2086 0
2086 0
2086 0
2086 0
2086 0
2086 0
2086 0
2086 0
2086 0
2086 0
2086 0
2086 0
2086 0
2086 1
2086 0
2086 0
2086 0
2086 0
2086 0
2086 0
2086 0
2159 0
2159 36
2159 0
2159 0
2159 0
2159 0
2159 0
2159 0
2159 0
2159 0
2159 0
2159 0
2159 0
2159 0
2159 0
2159 0
2159 0
2159 0
2159 0
2159 0
2159 0
2159 0
2159 0
2159 1
2159 0
2159 0
2159 0
2159 0
2159 0
2159 0
2159 0
2170 0
2170 36
2170 0
2170 0
2170 0
2170 0
2170 0
2170 0
2170 0
2170 0
2170 0
2170 0
2170 0
2170 0
2170 0
2170 0
2170 0
2170 0
2170 0
2170 0
2170 0
2170 0
2170 0
2170 1
2170 0
2170 0
2170 0
2170 0
2170 0
2170 0
2170 0
2540 0
2540 25
2540 0
2540 0
2540 0
2540 0
2540 0
2540 0
2540 0
2540 0
2540 0
2540 0
2540 0
2540 0
2540 0
2540 0
2540 0
2540 0
2540 0
2540 0
2540 0
2540 0
2540 0
2540 0
2540 0
2540 0
2540 0
2540 0
2540 0
2540 0
2540 0
2545 0
2545 25
2545 0
2545 0
2545 0
2545 0
2545 0
2545 0
2545 0
2545 0
2545 0
2545 0
2545 0
2545 0
2545 0
2545 0
2545 0
2545 0
2545 0
2545 0
2545 0
2545 0
2545 0
2545 0
2545 0
2545 0
2545 0
2545 0
2545 0
2545 0
2545 0
3196 0
3196 24
3196 0
3196 0
3196 0
3196 0
3196 0
3196 0
3196 0
3196 0
3196 0
3196 0
3196 0
3196 0
3196 0
3196 0
3196 0
3196 0
3196 0
3196 0
3196 0
3196 0
3196 0
3196 0
3196 0
3196 0
3196 0
3196 0
3196 0
3196 0
3196 0
3226 0
3226 21
3226 0
3226 0
3226 0
3226 0
3226 0
3226 0
3226 0
3226 0
3226 0
3226 0
3226 0
3226 0
3226 0
3226 0
3226 0
3226 0
3226 0
3226 0
3226 0
3226 0
3226 0
3226 0
3226 0
3226 0
3226 0
3226 0
3226 0
3226 0
3226 0
3229 0
3229 26
3229 0
3229 0
3229 0
3229 0
3229 0
3229 0
3229 0
3229 0
3229 0
3229 0
3229 0
3229 0
3229 0
3229 0
3229 0
3229 0
3229 0
3229 0
3229 0
3229 0
3229 0
3229 0
3229 0
3229 0
3229 0
3229 0
3229 0
3229 0
3229 0
3230 0
3230 26
3230 0
3230 0
3230 0
3230 0
3230 0
3230 0
3230 0
3230 0
3230 0
3230 0
3230 0
3230 0
3230 0
3230 0
3230 0
3230 0
3230 0
3230 0
3230 0
3230 0
3230 0
3230 1
3230 0
3230 0
3230 0
3230 0
3230 0
3230 0
3230 0
3271 0
3271 16
3271 0
3271 0
3271 0
3271 0
3271 0
3271 0
3271 0
3271 0
3271 0
3271 0
3271 0
3271 0
3271 0
3271 0
3271 0
3271 0
3271 0
3271 0
3271 0
3271 0
3271 0
3271 0
3271 0
3271 0
3271 0
3271 0
3271 0
3271 0
3271 0
3412 0
3412 342
3412 0
3412 0
3412 0
3412 0
3412 0
3412 0
3412 0
3412 0
3412 0
3412 0
3412 0
3412 0
3412 0
3412 0
3412 0
3412 0
3412 0
3412 0
3412 0
3412 0
3412 0
3412 7
3412 0
3412 0
3412 0
3412 0
3412 0
3412 0
3412 0
3440 0
3440 7
3440 0
3440 0
3440 0
3440 0
3440 0
3440 0
3440 0
3440 0
3440 0
3440 0
3440 0
3440 0
3440 0
3440 0
3440 0
3440 0
3440 0
3440 0
3440 0
3440 0
3440 0
3440 0
3440 0
3440 0
3440 0
3440 0
3440 0
3440 0
3440 0
3453 0
3453 33
3453 0
3453 0
3453 0
3453 0
3453 0
3453 0
3453 0
3453 0
3453 0
3453 0
3453 0
3453 0
3453 0
3453 0
3453 0
3453 0
3453 0
3453 0
3453 0
3453 0
3453 0
3453 0
3453 0
3453 0
3453 0
3453 0
3453 0
3453 0
3453 0
3578 0
3578 40
3578 0
3578 0
3578 0
3578 0
3578 0
3578 0
3578 0
3578 0
3578 0
3578 0
3578 0
3578 0
3578 0
3578 0
3578 0
3578 0
3578 0
3578 0
3578 0
3578 0
3578 0
3578 0
3578 0
3578 0
3578 0
3578 0
3578 0
3578 0
3578 0
3650 0
3650 342
3650 0
3650 0
3650 0
3650 0
3650 0
3650 0
3650 0
3650 0
3650 0
3650 0
3650 0
3650 0
3650 0
3650 0
3650 0
3650 0
3650 0
3650 0
3650 0
3650 0
3650 0
3650 7
3650 0
3650 0
3650 0
3650 0
3650 0
3650 0
3650 0
3719 0
3719 31
3719 0
3719 0
3719 0
3719 0
3719 0
3719 0
3719 0
3719 0
3719 0
3719 0
3719 0
3719 0
3719 0
3719 0
3719 0
3719 0
3719 0
3719 0
3719 0
3719 0
3719 0
3719 0
3719 0
3719 0
3719 0
3719 0
3719 0
3719 0
3719 0
3736 0
3736 24
3736 0
3736 0
3736 0
3736 0
3736 0
3736 0
3736 0
3736 0
3736 0
3736 0
3736 0
3736 0
3736 0
3736 0
3736 0
3736 0
3736 0
3736 0
3736 0
3736 0
3736 0
3736 2
3736 0
3736 0
3736 0
3736 0
3736 0
3736 0
3736 0
3852 0
3852 24
3852 0
3852 0
3852 0
3852 0
3852 0
3852 0
3852 0
3852 0
3852 0
3852 0
3852 0
3852 0
3852 0
3852 0
3852 0
3852 0
3852 0
3852 0
3852 0
3852 0
3852 0
3852 1
3852 0
3852 0
3852 0
3852 0
3852 0
3852 0
3852 0
3853 0
3853 25
3853 0
3853 0
3853 0
3853 0
3853 0
3853 0
3853 0
3853 0
3853 0
3853 0
3853 0
3853 0
3853 0
3853 0
3853 0
3853 0
3853 0
3853 0
3853 0
3853 0
3853 0
3853 1
3853 0
3853 0
3853 0
3853 0
3853 0
3853 0
3853 0
3854 0
3854 25
3854 0
3854 0
3854 0
3854 0
3854 0
3854 0
3854 0
3854 0
3854 0
3854 0
3854 0
3854 0
3854 0
3854 0
3854 0
3854 0
3854 0
3854 0
3854 0
3854 0
3854 0
3854 1
3854 0
3854 0
3854 0
3854 0
3854 0
3854 0
3854 0
3890 0
3890 23
3890 0
3890 0
3890 0
3890 0
3890 0
3890 0
3890 0
3890 0
3890 0
3890 0
3890 0
3890 0
3890 0
3890 0
3890 0
3890 0
3890 0
3890 0
3890 0
3890 0
3890 0
3890 1
3890 0
3890 0
3890 0
3890 0
3890 0
3890 0
3890 0
4012 0
4012 32
4012 0
4012 0
4012 0
4012 0
4012 0
4012 0
4012 0
4012 0
4012 0
4012 0
4012 0
4012 0
4012 0
4012 0
4012 0
4012 0
4012 0
4012 0
4012 0
4012 0
4012 0
4012 1
4012 0
4012 0
4012 0
4012 0
4012 0
4012 0
4012 0
4561 0
4561 25
4561 0
4561 0
4561 0
4561 0
4561 0
4561 0
4561 0
4561 0
4561 0
4561 0
4561 0
4561 0
4561 0
4561 0
4561 0
4561 0
4561 0
4561 0
4561 0
4561 0
4561 0
4561 0
4561 0
4561 0
4561 0
4561 0
4561 0
4561 0
4561 0
4566 0
4566 32
4566 0
4566 0
4566 0
4566 0
4566 0
4566 0
4566 0
4566 0
4566 0
4566 0
4566 0
4566 0
4566 0
4566 0
4566 0
4566 0
4566 0
4566 0
4566 0
4566 0
4566 0
4566 1
4566 0
4566 0
4566 0
4566 0
4566 0
4566 0
4566 0
4575 0
4575 33
4575 0
4575 0
4575 0
4575 0
4575 0
4575 0
4575 0
4575 0
4575 0
4575 0
4575 0
4575 0
4575 0
4575 0
4575 0
4575 0
4575 0
4575 0
4575 0
4575 0
4575 0
4575 0
4575 0
4575 0
4575 0
4575 0
4575 0
4575 0
4575 0
4694 0
4694 25
4694 0
4694 0
4694 0
4694 0
4694 0
4694 0
4694 0
4694 0
4694 0
4694 0
4694 0
4694 0
4694 0
4694 0
4694 0
4694 0
4694 0
4694 0
4694 0
4694 0
4694 0
4694 0
4694 0
4694 0
4694 0
4694 0
4694 0
4694 0
4694 0
4712 0
4712 37
4712 0
4712 0
4712 0
4712 0
4712 0
4712 0
4712 0
4712 0
4712 0
4712 0
4712 0
4712 0
4712 0
4712 0
4712 0
4712 0
4712 0
4712 0
4712 1
4712 0
4712 0
4712 3
4712 0
4712 0
4712 0
4712 0
4712 0
4712 0
4712 0
4742 0
4742 23
4742 0
4742 0
4742 0
4742 0
4742 0
4742 0
4742 0
4742 0
4742 0
4742 0
4742 0
4742 0
4742 0
4742 0
4742 0
4742 0
4742 0
4742 0
4742 0
4742 0
4742 0
4742 0
4742 0
4742 0
4742 0
4742 0
4742 0
4742 0
4742 0
4811 0
4811 25
4811 0
4811 0
4811 0
4811 0
4811 0
4811 0
4811 0
4811 0
4811 0
4811 0
4811 0
4811 0
4811 0
4811 0
4811 0
4811 0
4811 0
4811 0
4811 0
4811 0
4811 0
4811 0
4811 0
4811 0
4811 0
4811 0
4811 0
4811 0
4811 0
4818 0
4818 14
4818 0
4818 0
4818 0
4818 0
4818 0
4818 0
4818 0
4818 0
4818 0
4818 0
4818 0
4818 0
4818 0
4818 0
4818 0
4818 0
4818 0
4818 0
4818 0
4818 0
4818 0
4818 0
4818 0
4818 0
4818 0
4818 0
4818 0
4818 0
4818 0
4922 0
4922 14
4922 0
4922 0
4922 0
4922 0
4922 0
4922 0
4922 0
4922 0
4922 0
4922 0
4922 0
4922 0
4922 0
4922 0
4922 0
4922 0
4922 0
4922 0
4922 0
4922 0
4922 0
4922 0
4922 0
4922 0
4922 0
4922 0
4922 0
4922 0
4922 0
4946 0
4946 27
4946 0
4946 0
4946 0
4946 0
4946 0
4946 0
4946 0
4946 0
4946 0
4946 0
4946 0
4946 0
4946 0
4946 0
4946 0
4946 0
4946 0
4946 0
4946 0
4946 0
4946 0
4946 0
4946 0
4946 0
4946 0
4946 0
4946 0
4946 0
4946 0
4993 0
4993 20
4993 0
4993 0
4993 0
4993 0
4993 0
4993 0
4993 0
4993 0
4993 0
4993 0
4993 0
4993 0
4993 0
4993 0
4993 0
4993 0
4993 0
4993 0
4993 0
4993 0
4993 0
4993 0
4993 0
4993 0
4993 0
4993 0
4993 0
4993 0
4993 0
5007 0
5007 14
5007 0
5007 0
5007 0
5007 0
5007 0
5007 0
5007 0
5007 0
5007 0
5007 0
5007 0
5007 0
5007 0
5007 0
5007 0
5007 0
5007 0
5007 0
5007 0
5007 0
5007 0
5007 0
5007 0
5007 0
5007 0
5007 0
5007 0
5007 0
5007 0
5015 0
5015 14
5015 0
5015 0
5015 0
5015 0
5015 0
5015 0
5015 0
5015 0
5015 0
5015 0
5015 0
5015 0
5015 0
5015 0
5015 0
5015 0
5015 0
5015 0
5015 0
5015 0
5015 0
5015 0
5015 0
5015 0
5015 0
5015 0
5015 0
5015 0
5015 0
5018 0
5018 111
5018 0
5018 0
5018 0
5018 0
5018 0
5018 0
5018 0
5018 0
5018 0
5018 0
5018 0
5018 0
5018 0
5018 0
5018 0
5018 0
5018 0
5018 0
5018 1
5018 0
5018 0
5018 2
5018 0
5018 0
5018 0
5018 0
5018 0
5018 0
5018 0
5043 0
5043 170
5043 0
5043 0
5043 0
5043 0
5043 0
5043 0
5043 0
5043 0
5043 0
5043 0
5043 0
5043 0
5043 0
5043 0
5043 0
5043 0
5043 0
5043 0
5043 2
5043 0
5043 0
5043 4
5043 0
5043 0
5043 0
5043 0
5043 0
5043 0
5043 0
5057 0
5057 27
5057 0
5057 0
5057 0
5057 0
5057 0
5057 0
5057 0
5057 0
5057 0
5057 0
5057 0
5057 0
5057 0
5057 0
5057 0
5057 0
5057 0
5057 0
5057 0
5057 0
5057 0
5057 0
5057 0
5057 0
5057 0
5057 0
5057 0
5057 0
5057 0
5077 0
5077 170
5077 0
5077 0
5077 0
5077 0
5077 0
5077 0
5077 0
5077 0
5077 0
5077 0
5077 0
5077 0
5077 0
5077 0
5077 0
5077 0
5077 0
5077 0
5077 2
5077 0
5077 0
5077 4
5077 0
5077 0
5077 0
5077 0
5077 0
5077 0
5077 0
5080 0
5080 14
5080 0
5080 0
5080 0
5080 0
5080 0
5080 0
5080 0
5080 0
5080 0
5080 0
5080 0
5080 0
5080 0
5080 0
5080 0
5080 0
5080 0
5080 0
5080 0
5080 0
5080 0
5080 0
5080 0
5080 0
5080 0
5080 0
5080 0
5080 0
5080 0
5116 0
5116 27
5116 0
5116 0
5116 0
5116 0
5116 0
5116 0
5116 0
5116 0
5116 0
5116 0
5116 0
5116 0
5116 0
5116 0
5116 0
5116 0
5116 0
5116 0
5116 0
5116 0
5116 0
5116 0
5116 0
5116 0
5116 0
5116 0
5116 0
5116 0
5116 0
5130 0
5130 47
5130 0
5130 0
5130 0
5130 0
5130 0
5130 0
5130 0
5130 2
5130 0
5130 0
5130 0
5130 0
5130 0
5130 0
5130 0
5130 0
5130 0
5130 0
5130 1
5130 0
5130 0
5130 5
5130 0
5130 0
5130 0
5130 0
5130 0
5130 0
5130 0
5136 0
5136 81
5136 0
5136 0
5136 0
5136 0
5136 0
5136 0
5136 0
5136 0
5136 0
5136 0
5136 0
5136 0
5136 0
5136 0
5136 0
5136 0
5136 0
5136 0
5136 1
5136 0
5136 0
5136 1
5136 0
5136 0
5136 0
5136 0
5136 0
5136 0
5136 0
5150 0
5150 120
5150 0
5150 0
5150 0
5150 0
5150 0
5150 0
5150 0
5150 0
5150 0
5150 0
5150 0
5150 0
5150 0
5150 0
5150 0
5150 0
5150 0
5150 0
5150 0
5150 0
5150 0
5150 0
5150 0
5150 0
5150 0
5150 0
5150 0
5150 0
5150 0
5152 0
5152 111
5152 0
5152 0
5152 0
5152 0
5152 0
5152 0
5152 0
5152 0
5152 0
5152 0
5152 0
5152 0
5152 0
5152 0
5152 0
5152 0
5152 0
5152 0
5152 1
5152 0
5152 0
5152 2
5152 0
5152 0
5152 0
5152 0
5152 0
5152 0
5152 0
5157 0
5157 95
5157 0
5157 0
5157 0
5157 0
5157 0
5157 0
5157 0
5157 0
5157 0
5157 0
5157 0
5157 0
5157 0
5157 0
5157 0
5157 0
5157 0
5157 0
5157 1
5157 0
5157 0
5157 2
5157 0
5157 0
5157 0
5157 0
5157 0
5157 0
5157 0
5174 0
5174 27
5174 0
5174 0
5174 0
5174 0
5174 0
5174 0
5174 0
5174 0
5174 0
5174 0
5174 0
5174 0
5174 0
5174 0
5174 0
5174 0
5174 0
5174 0
5174 0
5174 0
5174 0
5174 0
5174 0
5174 0
5174 0
5174 0
5174 0
5174 0
5174 0
5177 0
5177 20
5177 0
5177 0
5177 0
5177 0
5177 0
5177 0
5177 0
5177 0
5177 0
5177 0
5177 0
5177 0
5177 0
5177 0
5177 0
5177 0
5177 0
5177 0
5177 1
5177 0
5177 0
5177 0
5177 0
5177 0
5177 0
5177 0
5177 0
5177 0
5177 0
5227 0
5227 60
5227 0
5227 0
5227 0
5227 0
5227 0
5227 0
5227 0
5227 0
5227 0
5227 0
5227 0
5227 0
5227 0
5227 0
5227 0
5227 0
5227 0
5227 0
5227 0
5227 0
5227 0
5227 0
5227 0
5227 0
5227 0
5227 0
5227 0
5227 0
5227 0
5265 0
5265 33
5265 0
5265 0
5265 0
5265 0
5265 0
5265 0
5265 0
5265 0
5265 0
5265 0
5265 0
5265 0
5265 0
5265 0
5265 0
5265 0
5265 0
5265 0
5265 0
5265 0
5265 0
5265 0
5265 0
5265 0
5265 0
5265 0
5265 0
5265 0
5265 0
5285 0
5285 14
5285 0
5285 0
5285 0
5285 0
5285 0
5285 0
5285 0
5285 0
5285 0
5285 0
5285 0
5285 0
5285 0
5285 0
5285 0
5285 0
5285 0
5285 0
5285 0
5285 0
5285 0
5285 0
5285 0
5285 0
5285 0
5285 0
5285 0
5285 0
5285 0
5288 0
5288 60
5288 0
5288 0
5288 0
5288 0
5288 0
5288 0
5288 0
5288 0
5288 0
5288 0
5288 0
5288 0
5288 0
5288 0
5288 0
5288 0
5288 0
5288 0
5288 0
5288 0
5288 0
5288 0
5288 0
5288 0
5288 0
5288 0
5288 0
5288 0
5288 0
5306 0
5306 111
5306 0
5306 0
5306 0
5306 0
5306 0
5306 0
5306 0
5306 0
5306 0
5306 0
5306 0
5306 0
5306 0
5306 0
5306 0
5306 0
5306 0
5306 0
5306 1
5306 0
5306 0
5306 2
5306 0
5306 0
5306 0
5306 0
5306 0
5306 0
5306 0
5329 0
5329 7
5329 0
5329 0
5329 0
5329 0
5329 0
5329 0
5329 0
5329 0
5329 0
5329 0
5329 0
5329 0
5329 0
5329 0
5329 0
5329 0
5329 0
5329 0
5329 0
5329 0
5329 0
5329 0
5329 0
5329 0
5329 0
5329 0
5329 0
5329 0
5329 0
5332 0
5332 47
5332 0
5332 0
5332 0
5332 0
5332 0
5332 0
5332 0
5332 2
5332 0
5332 0
5332 0
5332 0
5332 0
5332 0
5332 0
5332 0
5332 0
5332 0
5332 1
5332 0
5332 0
5332 5
5332 0
5332 0
5332 0
5332 0
5332 0
5332 0
5332 0
5348 0
5348 23
5348 0
5348 0
5348 0
5348 0
5348 0
5348 0
5348 0
5348 1
5348 0
5348 0
5348 0
5348 0
5348 0
5348 0
5348 0
5348 0
5348 0
5348 0
5348 0
5348 0
5348 0
5348 2
5348 0
5348 0
5348 0
5348 0
5348 0
5348 0
5348 0
5352 0
5352 33
5352 0
5352 0
5352 0
5352 0
5352 0
5352 0
5352 0
5352 0
5352 0
5352 0
5352 0
5352 0
5352 0
5352 0
5352 0
5352 0
5352 0
5352 0
5352 0
5352 0
5352 0
5352 0
5352 0
5352 0
5352 0
5352 0
5352 0
5352 0
5352 0
5365 0
5365 56
5365 0
5365 0
5365 0
5365 0
5365 0
5365 0
5365 0
5365 3
5365 0
5365 0
5365 0
5365 0
5365 0
5365 0
5365 0
5365 0
5365 0
5365 0
5365 1
5365 0
5365 0
5365 6
5365 0
5365 0
5365 0
5365 0
5365 0
5365 0
5365 0
5394 0
5394 45
5394 0
5394 0
5394 0
5394 0
5394 0
5394 0
5394 0
5394 0
5394 0
5394 0
5394 0
5394 0
5394 0
5394 0
5394 0
5394 0
5394 0
5394 0
5394 0
5394 0
5394 0
5394 0
5394 0
5394 0
5394 0
5394 0
5394 0
5394 0
5394 0
5414 0
5414 45
5414 0
5414 0
5414 0
5414 0
5414 0
5414 0
5414 0
5414 0
5414 0
5414 0
5414 0
5414 0
5414 0
5414 0
5414 0
5414 0
5414 0
5414 0
5414 0
5414 0
5414 0
5414 0
5414 0
5414 0
5414 0
5414 0
5414 0
5414 0
5414 0
5439 0
5439 146
5439 0
5439 0
5439 0
5439 0
5439 0
5439 0
5439 0
5439 7
5439 0
5439 0
5439 0
5439 0
5439 0
5439 0
5439 0
5439 0
5439 0
5439 0
5439 2
5439 0
5439 0
5439 8
5439 0
5439 0
5439 0
5439 0
5439 0
5439 0
5439 0
5446 0
5446 45
5446 0
5446 0
5446 0
5446 0
5446 0
5446 0
5446 0
5446 0
5446 0
5446 0
5446 0
5446 0
5446 0
5446 0
5446 0
5446 0
5446 0
5446 0
5446 0
5446 0
5446 0
5446 0
5446 0
5446 0
5446 0
5446 0
5446 0
5446 0
5446 0
5449 0
5449 39
5449 0
5449 0
5449 0
5449 0
5449 0
5449 0
5449 0
5449 1
5449 0
5449 0
5449 0
5449 0
5449 0
5449 0
5449 0
5449 0
5449 0
5449 0
5449 0
5449 0
5449 0
5449 4
5449 0
5449 0
5449 0
5449 0
5449 0
5449 0
5449 0
5467 0
5467 56
5467 0
5467 0
5467 0
5467 0
5467 0
5467 0
5467 0
5467 3
5467 0
5467 0
5467 0
5467 0
5467 0
5467 0
5467 0
5467 0
5467 0
5467 0
5467 1
5467 0
5467 0
5467 6
5467 0
5467 0
5467 0
5467 0
5467 0
5467 0
5467 0
5473 0
5473 180
5473 0
5473 0
5473 0
5473 0
5473 0
5473 0
5473 0
5473 0
5473 0
5473 0
5473 0
5473 0
5473 0
5473 0
5473 0
5473 0
5473 0
5473 0
5473 0
5473 0
5473 0
5473 0
5473 0
5473 0
5473 0
5473 0
5473 0
5473 0
5473 0
5474 0
5474 7
5474 0
5474 0
5474 0
5474 0
5474 0
5474 0
5474 0
5474 0
5474 0
5474 0
5474 0
5474 0
5474 0
5474 0
5474 0
5474 0
5474 0
5474 0
5474 0
5474 0
5474 0
5474 0
5474 0
5474 0
5474 0
5474 0
5474 0
5474 0
5474 0
5489 0
5489 7
5489 0
5489 0
5489 0
5489 0
5489 0
5489 0
5489 0
5489 0
5489 0
5489 0
5489 0
5489 0
5489 0
5489 0
5489 0
5489 0
5489 0
5489 0
5489 0
5489 0
5489 0
5489 0
5489 0
5489 0
5489 0
5489 0
5489 0
5489 0
5489 0
5526 0
5526 56
5526 0
5526 0
5526 0
5526 0
5526 0
5526 0
5526 0
5526 3
5526 0
5526 0
5526 0
5526 0
5526 0
5526 0
5526 0
5526 0
5526 0
5526 0
5526 1
5526 0
5526 0
5526 6
5526 0
5526 0
5526 0
5526 0
5526 0
5526 0
5526 0
5536 0
5536 7
5536 0
5536 0
5536 0
5536 0
5536 0
5536 0
5536 0
5536 0
5536 0
5536 0
5536 0
5536 0
5536 0
5536 0
5536 0
5536 0
5536 0
5536 0
5536 0
5536 0
5536 0
5536 0
5536 0
5536 0
5536 0
5536 0
5536 0
5536 0
5536 0
5541 0
5541 39
5541 0
5541 0
5541 0
5541 0
5541 0
5541 0
5541 0
5541 1
5541 0
5541 0
5541 0
5541 0
5541 0
5541 0
5541 0
5541 0
5541 0
5541 0
5541 0
5541 0
5541 0
5541 4
5541 0
5541 0
5541 0
5541 0
5541 0
5541 0
5541 0
5579 0
5579 7
5579 0
5579 0
5579 0
5579 0
5579 0
5579 0
5579 0
5579 0
5579 0
5579 0
5579 0
5579 0
5579 0
5579 0
5579 0
5579 0
5579 0
5579 0
5579 0
5579 0
5579 0
5579 0
5579 0
5579 0
5579 0
5579 0
5579 0
5579 0
5579 0
5596 0
5596 7
5596 0
5596 0
5596 0
5596 0
5596 0
5596 0
5596 0
5596 0
5596 0
5596 0
5596 0
5596 0
5596 0
5596 0
5596 0
5596 0
5596 0
5596 0
5596 0
5596 0
5596 0
5596 0
5596 0
5596 0
5596 0
5596 0
5596 0
5596 0
5596 0
5600 0
5600 7
5600 0
5600 0
5600 0
5600 0
5600 0
5600 0
5600 0
5600 0
5600 0
5600 0
5600 0
5600 0
5600 0
5600 0
5600 0
5600 0
5600 0
5600 0
5600 0
5600 0
5600 0
5600 0
5600 0
5600 0
5600 0
5600 0
5600 0
5600 0
5600 0
5611 0
5611 7
5611 0
5611 0
5611 0
5611 0
5611 0
5611 0
5611 0
5611 0
5611 0
5611 0
5611 0
5611 0
5611 0
5611 0
5611 0
5611 0
5611 0
5611 0
5611 0
5611 0
5611 0
5611 0
5611 0
5611 0
5611 0
5611 0
5611 0
5611 0
5611 0
5624 0
5624 7
5624 0
5624 0
5624 0
5624 0
5624 0
5624 0
5624 0
5624 0
5624 0
5624 0
5624 0
5624 0
5624 0
5624 0
5624 0
5624 0
5624 0
5624 0
5624 0
5624 0
5624 0
5624 0
5624 0
5624 0
5624 0
5624 0
5624 0
5624 0
5624 0
5654 0
5654 27
5654 0
5654 0
5654 0
5654 0
5654 0
5654 0
5654 0
5654 1
5654 0
5654 0
5654 0
5654 0
5654 0
5654 0
5654 0
5654 0
5654 0
5654 0
5654 0
5654 0
5654 0
5654 3
5654 0
5654 0
5654 0
5654 0
5654 0
5654 0
5654 0
5669 0
5669 41
5669 0
5669 0
5669 0
5669 0
5669 0
5669 0
5669 0
5669 0
5669 0
5669 0
5669 0
5669 0
5669 0
5669 0
5669 0
5669 0
5669 0
5669 0
5669 0
5669 0
5669 0
5669 0
5669 0
5669 0
5669 0
5669 0
5669 0
5669 0
5669 0
5680 0
5680 7
5680 0
5680 0
5680 0
5680 0
5680 0
5680 0
5680 0
5680 0
5680 0
5680 0
5680 0
5680 0
5680 0
5680 0
5680 0
5680 0
5680 0
5680 0
5680 0
5680 0
5680 0
5680 0
5680 0
5680 0
5680 0
5680 0
5680 0
5680 0
5680 0
5689 0
5689 7
5689 0
5689 0
5689 0
5689 0
5689 0
5689 0
5689 0
5689 0
5689 0
5689 0
5689 0
5689 0
5689 0
5689 0
5689 0
5689 0
5689 0
5689 0
5689 0
5689 0
5689 0
5689 0
5689 0
5689 0
5689 0
5689 0
5689 0
5689 0
5689 0
5697 0
5697 7
5697 0
5697 0
5697 0
5697 0
5697 0
5697 0
5697 0
5697 0
5697 0
5697 0
5697 0
5697 0
5697 0
5697 0
5697 0
5697 0
5697 0
5697 0
5697 0
5697 0
5697 0
5697 0
5697 0
5697 0
5697 0
5697 0
5697 0
5697 0
5697 0
5717 0
5717 41
5717 0
5717 0
5717 0
5717 0
5717 0
5717 0
5717 0
5717 0
5717 0
5717 0
5717 0
5717 0
5717 0
5717 0
5717 0
5717 0
5717 0
5717 0
5717 0
5717 0
5717 0
5717 0
5717 0
5717 0
5717 0
5717 0
5717 0
5717 0
5717 0
5750 0
5750 7
5750 0
5750 0
5750 0
5750 0
5750 0
5750 0
5750 0
5750 0
5750 0
5750 0
5750 0
5750 0
5750 0
5750 0
5750 0
5750 0
5750 0
5750 0
5750 0
5750 0
5750 0
5750 0
5750 0
5750 0
5750 0
5750 0
5750 0
5750 0
5750 0
5783 0
5783 34
5783 0
5783 0
5783 0
5783 0
5783 0
5783 0
5783 0
5783 0
5783 0
5783 0
5783 0
5783 0
5783 0
5783 0
5783 0
5783 0
5783 0
5783 0
5783 0
5783 0
5783 0
5783 2
5783 0
5783 0
5783 0
5783 0
5783 0
5783 0
5783 0
5829 0
5829 7
5829 0
5829 0
5829 0
5829 0
5829 0
5829 0
5829 0
5829 0
5829 0
5829 0
5829 0
5829 0
5829 0
5829 0
5829 0
5829 0
5829 0
5829 0
5829 0
5829 0
5829 0
5829 0
5829 0
5829 0
5829 0
5829 0
5829 0
5829 0
5829 0
5857 0
5857 27
5857 0
5857 0
5857 0
5857 0
5857 0
5857 0
5857 0
5857 0
5857 0
5857 0
5857 0
5857 0
5857 0
5857 0
5857 0
5857 0
5857 0
5857 0
5857 0
5857 0
5857 0
5857 0
5857 0
5857 0
5857 0
5857 0
5857 0
5857 0
5857 0
5878 0
5878 25
5878 0
5878 0
5878 0
5878 0
5878 0
5878 0
5878 0
5878 0
5878 0
5878 0
5878 0
5878 0
5878 0
5878 0
5878 0
5878 0
5878 0
5878 0
5878 0
5878 0
5878 0
5878 2
5878 0
5878 0
5878 0
5878 0
5878 0
5878 0
5878 0
5892 0
5892 25
5892 0
5892 0
5892 0
5892 0
5892 0
5892 0
5892 0
5892 0
5892 0
5892 0
5892 0
5892 0
5892 0
5892 0
5892 0
5892 0
5892 0
5892 0
5892 0
5892 0
5892 0
5892 2
5892 0
5892 0
5892 0
5892 0
5892 0
5892 0
5892 0
5893 0
5893 38
5893 0
5893 0
5893 0
5893 0
5893 0
5893 0
5893 0
5893 0
5893 0
5893 0
5893 0
5893 0
5893 0
5893 0
5893 0
5893 0
5893 0
5893 0
5893 0
5893 0
5893 0
5893 3
5893 0
5893 0
5893 0
5893 0
5893 0
5893 0
5893 0
5902 0
5902 37
5902 0
5902 0
5902 0
5902 0
5902 0
5902 0
5902 0
5902 0
5902 0
5902 0
5902 0
5902 0
5902 0
5902 0
5902 0
5902 0
5902 0
5902 0
5902 1
5902 0
5902 0
5902 3
5902 0
5902 0
5902 0
5902 0
5902 0
5902 0
5902 0
5906 0
5906 37
5906 0
5906 0
5906 0
5906 0
5906 0
5906 0
5906 0
5906 0
5906 0
5906 0
5906 0
5906 0
5906 0
5906 0
5906 0
5906 0
5906 0
5906 0
5906 1
5906 0
5906 0
5906 3
5906 0
5906 0
5906 0
5906 0
5906 0
5906 0
5906 0
5915 0
5915 37
5915 0
5915 0
5915 0
5915 0
5915 0
5915 0
5915 0
5915 0
5915 0
5915 0
5915 0
5915 0
5915 0
5915 0
5915 0
5915 0
5915 0
5915 0
5915 1
5915 0
5915 0
5915 3
5915 0
5915 0
5915 0
5915 0
5915 0
5915 0
5915 0
5916 0
5916 37
5916 0
5916 0
5916 0
5916 0
5916 0
5916 0
5916 0
5916 0
5916 0
5916 0
5916 0
5916 0
5916 0
5916 0
5916 0
5916 0
5916 0
5916 0
5916 1
5916 0
5916 0
5916 3
5916 0
5916 0
5916 0
5916 0
5916 0
5916 0
5916 0
5923 0
5923 37
5923 0
5923 0
5923 0
5923 0
5923 0
5923 0
5923 0
5923 0
5923 0
5923 0
5923 0
5923 0
5923 0
5923 0
5923 0
5923 0
5923 0
5923 0
5923 1
5923 0
5923 0
5923 3
5923 0
5923 0
5923 0
5923 0
5923 0
5923 0
5923 0
5964 0
5964 25
5964 0
5964 0
5964 0
5964 0
5964 0
5964 0
5964 0
5964 0
5964 0
5964 0
5964 0
5964 0
5964 0
5964 0
5964 0
5964 0
5964 0
5964 0
5964 0
5964 0
5964 0
5964 2
5964 0
5964 0
5964 0
5964 0
5964 0
5964 0
5964 0
5971 0
5971 37
5971 0
5971 0
5971 0
5971 0
5971 0
5971 0
5971 0
5971 0
5971 0
5971 0
5971 0
5971 0
5971 0
5971 0
5971 0
5971 0
5971 0
5971 0
5971 1
5971 0
5971 0
5971 3
5971 0
5971 0
5971 0
5971 0
5971 0
5971 0
5971 0
5977 0
5977 37
5977 0
5977 0
5977 0
5977 0
5977 0
5977 0
5977 0
5977 0
5977 0
5977 0
5977 0
5977 0
5977 0
5977 0
5977 0
5977 0
5977 0
5977 0
5977 1
5977 0
5977 0
5977 3
5977 0
5977 0
5977 0
5977 0
5977 0
5977 0
5977 0
6002 0
6002 37
6002 0
6002 0
6002 0
6002 0
6002 0
6002 0
6002 0
6002 0
6002 0
6002 0
6002 0
6002 0
6002 0
6002 0
6002 0
6002 0
6002 0
6002 0
6002 1
6002 0
6002 0
6002 3
6002 0
6002 0
6002 0
6002 0
6002 0
6002 0
6002 0
6003 0
6003 37
6003 0
6003 0
6003 0
6003 0
6003 0
6003 0
6003 0
6003 0
6003 0
6003 0
6003 0
6003 0
6003 0
6003 0
6003 0
6003 0
6003 0
6003 0
6003 1
6003 0
6003 0
6003 3
6003 0
6003 0
6003 0
6003 0
6003 0
6003 0
6003 0
6022 0
6022 37
6022 0
6022 0
6022 0
6022 0
6022 0
6022 0
6022 0
6022 0
6022 0
6022 0
6022 0
6022 0
6022 0
6022 0
6022 0
6022 0
6022 0
6022 0
6022 1
6022 0
6022 0
6022 3
6022 0
6022 0
6022 0
6022 0
6022 0
6022 0
6022 0
6024 0
6024 37
6024 0
6024 0
6024 0
6024 0
6024 0
6024 0
6024 0
6024 0
6024 0
6024 0
6024 0
6024 0
6024 0
6024 0
6024 0
6024 0
6024 0
6024 0
6024 1
6024 0
6024 0
6024 3
6024 0
6024 0
6024 0
6024 0
6024 0
6024 0
6024 0
6038 0
6038 37
6038 0
6038 0
6038 0
6038 0
6038 0
6038 0
6038 0
6038 0
6038 0
6038 0
6038 0
6038 0
6038 0
6038 0
6038 0
6038 0
6038 0
6038 0
6038 1
6038 0
6038 0
6038 3
6038 0
6038 0
6038 0
6038 0
6038 0
6038 0
6038 0
6062 0
6062 37
6062 0
6062 0
6062 0
6062 0
6062 0
6062 0
6062 0
6062 0
6062 0
6062 0
6062 0
6062 0
6062 0
6062 0
6062 0
6062 0
6062 0
6062 0
6062 1
6062 0
6062 0
6062 3
6062 0
6062 0
6062 0
6062 0
6062 0
6062 0
6062 0
6067 0
6067 37
6067 0
6067 0
6067 0
6067 0
6067 0
6067 0
6067 0
6067 0
6067 0
6067 0
6067 0
6067 0
6067 0
6067 0
6067 0
6067 0
6067 0
6067 0
6067 1
6067 0
6067 0
6067 3
6067 0
6067 0
6067 0
6067 0
6067 0
6067 0
6067 0
6086 0
6086 37
6086 0
6086 0
6086 0
6086 0
6086 0
6086 0
6086 0
6086 0
6086 0
6086 0
6086 0
6086 0
6086 0
6086 0
6086 0
6086 0
6086 0
6086 0
6086 1
6086 0
6086 0
6086 3
6086 0
6086 0
6086 0
6086 0
6086 0
6086 0
6086 0
6089 0
6089 15
6089 0
6089 0
6089 0
6089 0
6089 0
6089 0
6089 0
6089 7
6089 0
6089 0
6089 0
6089 0
6089 0
6089 0
6089 0
6089 0
6089 0
6089 0
6089 0
6089 0
6089 0
6089 4
6089 0
6089 0
6089 0
6089 0
6089 0
6089 0
6089 0
6093 0
6093 37
6093 0
6093 0
6093 0
6093 0
6093 0
6093 0
6093 0
6093 0
6093 0
6093 0
6093 0
6093 0
6093 0
6093 0
6093 0
6093 0
6093 0
6093 0
6093 1
6093 0
6093 0
6093 3
6093 0
6093 0
6093 0
6093 0
6093 0
6093 0
6093 0
6185 0
6185 37
6185 0
6185 0
6185 0
6185 0
6185 0
6185 0
6185 0
6185 0
6185 0
6185 0
6185 0
6185 0
6185 0
6185 0
6185 0
6185 0
6185 0
6185 0
6185 1
6185 0
6185 0
6185 3
6185 0
6185 0
6185 0
6185 0
6185 0
6185 0
6185 0
6273 0
6273 15
6273 0
6273 0
6273 0
6273 0
6273 0
6273 0
6273 0
6273 7
6273 0
6273 0
6273 0
6273 0
6273 0
6273 0
6273 0
6273 0
6273 0
6273 0
6273 0
6273 0
6273 0
6273 4
6273 0
6273 0
6273 0
6273 0
6273 0
6273 0
6273 0
6338 0
6338 39
6338 0
6338 0
6338 0
6338 0
6338 0
6338 0
6338 0
6338 0
6338 0
6338 0
6338 0
6338 0
6338 0
6338 0
6338 0
6338 0
6338 0
6338 0
6338 0
6338 0
6338 0
6338 0
6338 0
6338 0
6338 0
6338 0
6338 0
6338 0
6338 0
6349 0
6349 24
6349 0
6349 0
6349 0
6349 0
6349 0
6349 0
6349 0
6349 0
6349 0
6349 0
6349 0
6349 0
6349 0
6349 0
6349 0
6349 0
6349 0
6349 0
6349 0
6349 0
6349 0
6349 1
6349 0
6349 0
6349 0
6349 0
6349 0
6349 0
6349 0
6356 0
6356 24
6356 0
6356 0
6356 0
6356 0
6356 0
6356 0
6356 0
6356 0
6356 0
6356 0
6356 0
6356 0
6356 0
6356 0
6356 0
6356 0
6356 0
6356 0
6356 0
6356 0
6356 0
6356 1
6356 0
6356 0
6356 0
6356 0
6356 0
6356 0
6356 0
6359 0
6359 40
6359 0
6359 0
6359 0
6359 0
6359 0
6359 0
6359 0
6359 0
6359 0
6359 0
6359 0
6359 0
6359 0
6359 0
6359 0
6359 0
6359 0
6359 0
6359 1
6359 0
6359 0
6359 3
6359 0
6359 0
6359 0
6359 0
6359 0
6359 0
6359 0
6365 0
6365 24
6365 0
6365 0
6365 0
6365 0
6365 0
6365 0
6365 0
6365 0
6365 0
6365 0
6365 0
6365 0
6365 0
6365 0
6365 0
6365 0
6365 0
6365 0
6365 0
6365 0
6365 0
6365 1
6365 0
6365 0
6365 0
6365 0
6365 0
6365 0
6365 0
6367 0
6367 15
6367 0
6367 0
6367 0
6367 0
6367 0
6367 0
6367 0
6367 7
6367 0
6367 0
6367 0
6367 0
6367 0
6367 0
6367 0
6367 0
6367 0
6367 0
6367 0
6367 0
6367 0
6367 4
6367 0
6367 0
6367 0
6367 0
6367 0
6367 0
6367 0
6382 0
6382 24
6382 0
6382 0
6382 0
6382 0
6382 0
6382 0
6382 0
6382 0
6382 0
6382 0
6382 0
6382 0
6382 0
6382 0
6382 0
6382 0
6382 0
6382 0
6382 0
6382 0
6382 0
6382 1
6382 0
6382 0
6382 0
6382 0
6382 0
6382 0
6382 0
6391 0
6391 37
6391 0
6391 0
6391 0
6391 0
6391 0
6391 0
6391 0
6391 0
6391 0
6391 0
6391 0
6391 0
6391 0
6391 0
6391 0
6391 0
6391 0
6391 0
6391 0
6391 0
6391 0
6391 0
6391 0
6391 0
6391 0
6391 0
6391 0
6391 0
6391 0
6392 0
6392 36
6392 0
6392 0
6392 0
6392 0
6392 0
6392 0
6392 0
6392 0
6392 0
6392 0
6392 0
6392 0
6392 0
6392 0
6392 0
6392 0
6392 0
6392 0
6392 0
6392 0
6392 0
6392 1
6392 0
6392 0
6392 0
6392 0
6392 0
6392 0
6392 0
6398 0
6398 37
6398 0
6398 0
6398 0
6398 0
6398 0
6398 0
6398 0
6398 0
6398 0
6398 0
6398 0
6398 0
6398 0
6398 0
6398 0
6398 0
6398 0
6398 0
6398 0
6398 0
6398 0
6398 0
6398 0
6398 0
6398 0
6398 0
6398 0
6398 0
6398 0
6410 0
6410 15
6410 0
6410 0
6410 0
6410 0
6410 0
6410 0
6410 0
6410 7
6410 0
6410 0
6410 0
6410 0
6410 0
6410 0
6410 0
6410 0
6410 0
6410 0
6410 0
6410 0
6410 0
6410 4
6410 0
6410 0
6410 0
6410 0
6410 0
6410 0
6410 0
6413 0
6413 30
6413 0
6413 0
6413 0
6413 0
6413 0
6413 0
6413 0
6413 2
6413 0
6413 0
6413 0
6413 0
6413 0
6413 0
6413 0
6413 0
6413 0
6413 0
6413 0
6413 0
6413 0
6413 3
6413 0
6413 0
6413 0
6413 0
6413 0
6413 0
6413 0
6428 0
6428 37
6428 0
6428 0
6428 0
6428 0
6428 0
6428 0
6428 0
6428 0
6428 0
6428 0
6428 0
6428 0
6428 0
6428 0
6428 0
6428 0
6428 0
6428 0
6428 0
6428 0
6428 0
6428 0
6428 0
6428 0
6428 0
6428 0
6428 0
6428 0
6428 0
6437 0
6437 34
6437 0
6437 0
6437 0
6437 0
6437 0
6437 0
6437 0
6437 0
6437 0
6437 0
6437 0
6437 0
6437 0
6437 0
6437 0
6437 0
6437 0
6437 0
6437 0
6437 0
6437 0
6437 2
6437 0
6437 0
6437 0
6437 0
6437 0
6437 0
6437 0
6447 0
6447 15
6447 0
6447 0
6447 0
6447 0
6447 0
6447 0
6447 0
6447 7
6447 0
6447 0
6447 0
6447 0
6447 0
6447 0
6447 0
6447 0
6447 0
6447 0
6447 0
6447 0
6447 0
6447 4
6447 0
6447 0
6447 0
6447 0
6447 0
6447 0
6447 0
6459 0
6459 20
6459 0
6459 0
6459 0
6459 0
6459 0
6459 0
6459 0
6459 3
6459 0
6459 0
6459 0
6459 0
6459 0
6459 0
6459 0
6459 0
6459 0
6459 0
6459 0
6459 0
6459 0
6459 2
6459 0
6459 0
6459 0
6459 0
6459 0
6459 0
6459 0
6468 0
6468 26
6468 0
6468 0
6468 0
6468 0
6468 0
6468 0
6468 0
6468 2
6468 0
6468 0
6468 0
6468 0
6468 0
6468 0
6468 0
6468 0
6468 0
6468 0
6468 0
6468 0
6468 0
6468 2
6468 0
6468 0
6468 0
6468 0
6468 0
6468 0
6468 0
6471 0
6471 32
6471 0
6471 0
6471 0
6471 0
6471 0
6471 0
6471 0
6471 2
6471 0
6471 0
6471 0
6471 0
6471 0
6471 0
6471 0
6471 0
6471 0
6471 0
6471 1
6471 0
6471 0
6471 3
6471 0
6471 0
6471 0
6471 0
6471 0
6471 0
6471 0
6483 0
6483 20
6483 0
6483 0
6483 0
6483 0
6483 0
6483 0
6483 0
6483 3
6483 0
6483 0
6483 0
6483 0
6483 0
6483 0
6483 0
6483 0
6483 0
6483 0
6483 0
6483 0
6483 0
6483 2
6483 0
6483 0
6483 0
6483 0
6483 0
6483 0
6483 0
6501 0
6501 35
6501 0
6501 0
6501 0
6501 0
6501 0
6501 0
6501 0
6501 0
6501 0
6501 0
6501 0
6501 0
6501 0
6501 0
6501 0
6501 0
6501 0
6501 0
6501 0
6501 0
6501 0
6501 0
6501 0
6501 0
6501 0
6501 0
6501 0
6501 0
6501 0
6520 0
6520 32
6520 0
6520 0
6520 0
6520 0
6520 0
6520 0
6520 0
6520 2
6520 0
6520 0
6520 0
6520 0
6520 0
6520 0
6520 0
6520 0
6520 0
6520 0
6520 0
6520 0
6520 0
6520 2
6520 0
6520 0
6520 0
6520 0
6520 0
6520 0
6520 0
6521 0
6521 40
6521 0
6521 0
6521 0
6521 0
6521 0
6521 0
6521 0
6521 0
6521 0
6521 0
6521 0
6521 0
6521 0
6521 0
6521 0
6521 0
6521 0
6521 0
6521 1
6521 0
6521 0
6521 3
6521 0
6521 0
6521 0
6521 0
6521 0
6521 0
6521 0
6530 0
6530 23
6530 0
6530 0
6530 0
6530 0
6530 0
6530 0
6530 0
6530 3
6530 0
6530 0
6530 0
6530 0
6530 0
6530 0
6530 0
6530 0
6530 0
6530 0
6530 0
6530 0
6530 0
6530 2
6530 0
6530 0
6530 0
6530 0
6530 0
6530 0
6530 0
6535 0
6535 20
6535 0
6535 0
6535 0
6535 0
6535 0
6535 0
6535 0
6535 3
6535 0
6535 0
6535 0
6535 0
6535 0
6535 0
6535 0
6535 0
6535 0
6535 0
6535 0
6535 0
6535 0
6535 2
6535 0
6535 0
6535 0
6535 0
6535 0
6535 0
6535 0
6542 0
6542 26
6542 0
6542 0
6542 0
6542 0
6542 0
6542 0
6542 0
6542 0
6542 0
6542 0
6542 0
6542 0
6542 0
6542 0
6542 0
6542 0
6542 0
6542 0
6542 0
6542 0
6542 0
6542 2
6542 0
6542 0
6542 0
6542 0
6542 0
6542 0
6542 0
6544 0
6544 13
6544 0
6544 0
6544 0
6544 0
6544 0
6544 0
6544 0
6544 0
6544 0
6544 0
6544 0
6544 0
6544 0
6544 0
6544 0
6544 0
6544 0
6544 0
6544 0
6544 0
6544 0
6544 0
6544 0
6544 0
6544 0
6544 0
6544 0
6544 0
6544 0
6545 0
6545 66
6545 0
6545 0
6545 0
6545 0
6545 0
6545 0
6545 0
6545 2
6545 0
6545 0
6545 0
6545 0
6545 0
6545 0
6545 0
6545 0
6545 0
6545 0
6545 1
6545 0
6545 0
6545 1
6545 0
6545 0
6545 0
6545 0
6545 0
6545 0
6545 0
6553 0
6553 32
6553 0
6553 0
6553 0
6553 0
6553 0
6553 0
6553 0
6553 0
6553 0
6553 0
6553 0
6553 0
6553 0
6553 0
6553 0
6553 0
6553 0
6553 0
6553 0
6553 0
6553 0
6553 1
6553 0
6553 0
6553 0
6553 0
6553 0
6553 0
6553 0
6557 0
6557 15
6557 0
6557 0
6557 0
6557 0
6557 0
6557 0
6557 0
6557 7
6557 0
6557 0
6557 0
6557 0
6557 0
6557 0
6557 0
6557 0
6557 0
6557 0
6557 0
6557 0
6557 0
6557 4
6557 0
6557 0
6557 0
6557 0
6557 0
6557 0
6557 0
6570 0
6570 39
6570 0
6570 0
6570 0
6570 0
6570 0
6570 0
6570 0
6570 0
6570 0
6570 0
6570 0
6570 0
6570 0
6570 0
6570 0
6570 0
6570 0
6570 0
6570 0
6570 0
6570 0
6570 0
6570 0
6570 0
6570 0
6570 0
6570 0
6570 0
6570 0
6613 0
6613 31
6613 0
6613 0
6613 0
6613 0
6613 0
6613 0
6613 0
6613 0
6613 0
6613 0
6613 0
6613 0
6613 0
6613 0
6613 0
6613 0
6613 0
6613 0
6613 0
6613 0
6613 0
6613 0
6613 0
6613 0
6613 0
6613 0
6613 0
6613 0
6613 0
6618 0
6618 39
6618 0
6618 0
6618 0
6618 0
6618 0
6618 0
6618 0
6618 0
6618 0
6618 0
6618 0
6618 0
6618 0
6618 0
6618 0
6618 0
6618 0
6618 0
6618 0
6618 0
6618 0
6618 0
6618 0
6618 0
6618 0
6618 0
6618 0
6618 0
6618 0
6627 0
6627 22
6627 0
6627 0
6627 0
6627 0
6627 0
6627 0
6627 0
6627 0
6627 0
6627 0
6627 0
6627 0
6627 0
6627 0
6627 0
6627 0
6627 0
6627 0
6627 0
6627 0
6627 0
6627 0
6627 0
6627 0
6627 0
6627 0
6627 0
6627 0
6627 0
6631 0
6631 24
6631 0
6631 0
6631 0
6631 0
6631 0
6631 0
6631 0
6631 0
6631 0
6631 0
6631 0
6631 0
6631 0
6631 0
6631 0
6631 0
6631 0
6631 0
6631 0
6631 0
6631 0
6631 1
6631 0
6631 0
6631 0
6631 0
6631 0
6631 0
6631 0
6663 0
6663 22
6663 0
6663 0
6663 0
6663 0
6663 0
6663 0
6663 0
6663 0
6663 0
6663 0
6663 0
6663 0
6663 0
6663 0
6663 0
6663 0
6663 0
6663 0
6663 0
6663 0
6663 0
6663 0
6663 0
6663 0
6663 0
6663 0
6663 0
6663 0
6663 0
6681 0
6681 31
6681 0
6681 0
6681 0
6681 0
6681 0
6681 0
6681 0
6681 0
6681 0
6681 0
6681 0
6681 0
6681 0
6681 0
6681 0
6681 0
6681 0
6681 0
6681 0
6681 0
6681 0
6681 0
6681 0
6681 0
6681 0
6681 0
6681 0
6681 0
6681 0
6683 0
6683 15
6683 0
6683 0
6683 0
6683 0
6683 0
6683 0
6683 0
6683 7
6683 0
6683 0
6683 0
6683 0
6683 0
6683 0
6683 0
6683 0
6683 0
6683 0
6683 0
6683 0
6683 0
6683 4
6683 0
6683 0
6683 0
6683 0
6683 0
6683 0
6683 0
6691 0
6691 31
6691 0
6691 0
6691 0
6691 0
6691 0
6691 0
6691 0
6691 0
6691 0
6691 0
6691 0
6691 0
6691 0
6691 0
6691 0
6691 0
6691 0
6691 0
6691 0
6691 0
6691 0
6691 0
6691 0
6691 0
6691 0
6691 0
6691 0
6691 0
6691 0
6709 0
6709 54
6709 0
6709 0
6709 0
6709 0
6709 0
6709 0
6709 0
6709 1
6709 0
6709 0
6709 0
6709 0
6709 0
6709 0
6709 0
6709 0
6709 0
6709 0
6709 1
6709 0
6709 0
6709 1
6709 0
6709 0
6709 0
6709 0
6709 0
6709 0
6709 0
6727 0
6727 31
6727 0
6727 0
6727 0
6727 0
6727 0
6727 0
6727 0
6727 0
6727 0
6727 0
6727 0
6727 0
6727 0
6727 0
6727 0
6727 0
6727 0
6727 0
6727 0
6727 0
6727 0
6727 0
6727 0
6727 0
6727 0
6727 0
6727 0
6727 0
6727 0
6740 0
6740 0
6740 0
6740 0
6740 0
6740 0
6740 0
6740 0
6740 0
6740 0
6740 5
6740 0
6740 0
6740 0
6740 0
6740 0
6740 0
6740 0
6740 0
6740 0
6740 0
6740 0
6740 0
6740 0
6740 5
6740 0
6740 0
6740 0
6740 0
6740 0
6740 0
6756 0
6756 31
6756 0
6756 0
6756 0
6756 0
6756 0
6756 0
6756 0
6756 0
6756 0
6756 0
6756 0
6756 0
6756 0
6756 0
6756 0
6756 0
6756 0
6756 0
6756 0
6756 0
6756 0
6756 0
6756 0
6756 0
6756 0
6756 0
6756 0
6756 0
6756 0
6757 0
6757 31
6757 0
6757 0
6757 0
6757 0
6757 0
6757 0
6757 0
6757 0
6757 0
6757 0
6757 0
6757 0
6757 0
6757 0
6757 0
6757 0
6757 0
6757 0
6757 0
6757 0
6757 0
6757 0
6757 0
6757 0
6757 0
6757 0
6757 0
6757 0
6757 0
6761 0
6761 31
6761 0
6761 0
6761 0
6761 0
6761 0
6761 0
6761 0
6761 0
6761 0
6761 0
6761 0
6761 0
6761 0
6761 0
6761 0
6761 0
6761 0
6761 0
6761 0
6761 0
6761 0
6761 0
6761 0
6761 0
6761 0
6761 0
6761 0
6761 0
6761 0
6789 0
6789 15
6789 0
6789 0
6789 0
6789 0
6789 0
6789 0
6789 0
6789 7
6789 0
6789 0
6789 0
6789 0
6789 0
6789 0
6789 0
6789 0
6789 0
6789 0
6789 0
6789 0
6789 0
6789 4
6789 0
6789 0
6789 0
6789 0
6789 0
6789 0
6789 0
6843 0
6843 31
6843 0
6843 0
6843 0
6843 0
6843 0
6843 0
6843 0
6843 0
6843 0
6843 0
6843 0
6843 0
6843 0
6843 0
6843 0
6843 0
6843 0
6843 0
6843 0
6843 0
6843 0
6843 0
6843 0
6843 0
6843 0
6843 0
6843 0
6843 0
6843 0
6846 0
6846 8
6846 0
6846 0
6846 0
6846 0
6846 0
6846 0
6846 0
6846 3
6846 0
6846 0
6846 0
6846 0
6846 0
6846 0
6846 0
6846 0
6846 0
6846 0
6846 0
6846 0
6846 0
6846 2
6846 0
6846 0
6846 0
6846 0
6846 0
6846 0
6846 0
6847 0
6847 31
6847 0
6847 0
6847 0
6847 0
6847 0
6847 0
6847 0
6847 0
6847 0
6847 0
6847 0
6847 0
6847 0
6847 0
6847 0
6847 0
6847 0
6847 0
6847 0
6847 0
6847 0
6847 0
6847 0
6847 0
6847 0
6847 0
6847 0
6847 0
6847 0
6856 0
6856 54
6856 0
6856 0
6856 0
6856 0
6856 0
6856 0
6856 0
6856 1
6856 0
6856 0
6856 0
6856 0
6856 0
6856 0
6856 0
6856 0
6856 0
6856 0
6856 1
6856 0
6856 0
6856 1
6856 0
6856 0
6856 0
6856 0
6856 0
6856 0
6856 0
6858 0
6858 15
6858 0
6858 0
6858 0
6858 0
6858 0
6858 0
6858 0
6858 7
6858 0
6858 0
6858 0
6858 0
6858 0
6858 0
6858 0
6858 0
6858 0
6858 0
6858 0
6858 0
6858 0
6858 4
6858 0
6858 0
6858 0
6858 0
6858 0
6858 0
6858 0
6871 0
6871 15
6871 0
6871 0
6871 0
6871 0
6871 0
6871 0
6871 0
6871 7
6871 0
6871 0
6871 0
6871 0
6871 0
6871 0
6871 0
6871 0
6871 0
6871 0
6871 0
6871 0
6871 0
6871 4
6871 0
6871 0
6871 0
6871 0
6871 0
6871 0
6871 0
6879 0
6879 13
6879 0
6879 0
6879 0
6879 0
6879 0
6879 0
6879 0
6879 0
6879 0
6879 0
6879 0
6879 0
6879 0
6879 0
6879 0
6879 0
6879 0
6879 0
6879 0
6879 0
6879 0
6879 0
6879 0
6879 0
6879 0
6879 0
6879 0
6879 0
6879 0
6890 0
6890 15
6890 0
6890 0
6890 0
6890 0
6890 0
6890 0
6890 0
6890 7
6890 0
6890 0
6890 0
6890 0
6890 0
6890 0
6890 0
6890 0
6890 0
6890 0
6890 0
6890 0
6890 0
6890 4
6890 0
6890 0
6890 0
6890 0
6890 0
6890 0
6890 0
6892 0
6892 15
6892 0
6892 0
6892 0
6892 0
6892 0
6892 0
6892 0
6892 7
6892 0
6892 0
6892 0
6892 0
6892 0
6892 0
6892 0
6892 0
6892 0
6892 0
6892 0
6892 0
6892 0
6892 4
6892 0
6892 0
6892 0
6892 0
6892 0
6892 0
6892 0
6934 0
6934 22
6934 0
6934 0
6934 0
6934 0
6934 0
6934 0
6934 0
6934 0
6934 0
6934 0
6934 0
6934 0
6934 0
6934 0
6934 0
6934 0
6934 0
6934 0
6934 0
6934 0
6934 0
6934 0
6934 0
6934 0
6934 0
6934 0
6934 0
6934 0
6934 0
7002 0
7002 66
7002 0
7002 0
7002 0
7002 0
7002 0
7002 0
7002 0
7002 2
7002 0
7002 0
7002 0
7002 0
7002 0
7002 0
7002 0
7002 0
7002 0
7002 0
7002 1
7002 0
7002 0
7002 1
7002 0
7002 0
7002 0
7002 0
7002 0
7002 0
7002 0
