pt_graph cpue_kghour
4689 0
4689 19
4689 0
4689 0
4689 0
4689 0
4689 0
4689 0
4689 0
4689 0
4689 0
4689 0
4689 0
4689 0
4689 0
4689 0
4689 0
4689 0
4689 0
4689 0
4689 0
4689 0
4689 0
4689 2
4689 0
4689 7
4689 0
4689 0
4689 0
4689 0
4689 0
4730 0
4730 21
4730 0
4730 0
4730 0
4730 0
4730 0
4730 0
4730 0
4730 0
4730 0
4730 0
4730 0
4730 0
4730 0
4730 0
4730 0
4730 0
4730 0
4730 0
4730 0
4730 0
4730 0
4730 4
4730 0
4730 9
4730 0
4730 0
4730 0
4730 0
4730 0
4747 0
4747 19
4747 0
4747 0
4747 0
4747 0
4747 0
4747 0
4747 0
4747 0
4747 0
4747 0
4747 0
4747 0
4747 0
4747 0
4747 0
4747 0
4747 0
4747 0
4747 0
4747 0
4747 0
4747 4
4747 0
4747 7
4747 0
4747 0
4747 0
4747 0
4747 0
4751 0
4751 21
4751 0
4751 0
4751 0
4751 0
4751 0
4751 0
4751 0
4751 0
4751 0
4751 0
4751 0
4751 0
4751 0
4751 0
4751 0
4751 0
4751 0
4751 0
4751 0
4751 0
4751 0
4751 4
4751 0
4751 9
4751 0
4751 0
4751 0
4751 0
4751 0
4800 0
4800 16
4800 0
4800 0
4800 0
4800 0
4800 0
4800 0
4800 0
4800 0
4800 0
4800 0
4800 0
4800 0
4800 0
4800 0
4800 0
4800 0
4800 0
4800 0
4800 0
4800 0
4800 0
4800 0
4800 0
4800 5
4800 0
4800 0
4800 0
4800 0
4800 0
4818 0
4818 19
4818 0
4818 0
4818 0
4818 0
4818 0
4818 0
4818 0
4818 0
4818 0
4818 0
4818 0
4818 0
4818 0
4818 0
4818 0
4818 0
4818 0
4818 0
4818 0
4818 0
4818 0
4818 4
4818 0
4818 7
4818 0
4818 0
4818 0
4818 0
4818 0
4844 0
4844 21
4844 0
4844 0
4844 0
4844 0
4844 0
4844 0
4844 0
4844 0
4844 0
4844 0
4844 0
4844 0
4844 0
4844 0
4844 0
4844 0
4844 0
4844 0
4844 0
4844 0
4844 0
4844 4
4844 0
4844 9
4844 0
4844 0
4844 0
4844 0
4844 0
4922 0
4922 21
4922 0
4922 0
4922 0
4922 0
4922 0
4922 0
4922 0
4922 0
4922 0
4922 0
4922 0
4922 0
4922 0
4922 0
4922 0
4922 0
4922 0
4922 0
4922 0
4922 0
4922 0
4922 4
4922 0
4922 9
4922 0
4922 0
4922 0
4922 0
4922 0
4941 0
4941 19
4941 0
4941 0
4941 0
4941 0
4941 0
4941 0
4941 0
4941 0
4941 0
4941 0
4941 0
4941 0
4941 0
4941 0
4941 0
4941 0
4941 0
4941 0
4941 0
4941 0
4941 0
4941 2
4941 0
4941 7
4941 0
4941 0
4941 0
4941 0
4941 0
4993 0
4993 16
4993 0
4993 0
4993 0
4993 0
4993 0
4993 0
4993 0
4993 0
4993 0
4993 0
4993 0
4993 0
4993 0
4993 0
4993 0
4993 0
4993 0
4993 0
4993 0
4993 0
4993 0
4993 0
4993 0
4993 5
4993 0
4993 0
4993 0
4993 0
4993 0
5018 0
5018 23
5018 0
5018 0
5018 0
5018 0
5018 0
5018 0
5018 0
5018 0
5018 0
5018 0
5018 0
5018 0
5018 0
5018 0
5018 0
5018 0
5018 0
5018 0
5018 0
5018 0
5018 0
5018 8
5018 0
5018 2
5018 0
5018 0
5018 0
5018 0
5018 0
5027 0
5027 30
5027 0
5027 0
5027 0
5027 0
5027 0
5027 0
5027 0
5027 0
5027 0
5027 0
5027 0
5027 0
5027 0
5027 0
5027 0
5027 0
5027 0
5027 0
5027 0
5027 0
5027 0
5027 4
5027 0
5027 3
5027 0
5027 0
5027 0
5027 0
5027 0
5028 0
5028 24
5028 0
5028 0
5028 0
5028 0
5028 0
5028 0
5028 0
5028 0
5028 0
5028 0
5028 0
5028 0
5028 0
5028 0
5028 0
5028 0
5028 0
5028 0
5028 0
5028 0
5028 0
5028 1
5028 0
5028 3
5028 0
5028 0
5028 0
5028 0
5028 0
5043 0
5043 30
5043 0
5043 0
5043 0
5043 0
5043 0
5043 0
5043 0
5043 0
5043 0
5043 0
5043 0
5043 0
5043 0
5043 0
5043 0
5043 0
5043 0
5043 0
5043 0
5043 0
5043 0
5043 4
5043 0
5043 3
5043 0
5043 0
5043 0
5043 0
5043 0
5057 0
5057 16
5057 0
5057 0
5057 0
5057 0
5057 0
5057 0
5057 0
5057 0
5057 0
5057 0
5057 0
5057 0
5057 0
5057 0
5057 0
5057 0
5057 0
5057 0
5057 0
5057 0
5057 0
5057 0
5057 0
5057 5
5057 0
5057 0
5057 0
5057 0
5057 0
5080 0
5080 16
5080 0
5080 0
5080 0
5080 0
5080 0
5080 0
5080 0
5080 0
5080 0
5080 0
5080 0
5080 0
5080 0
5080 0
5080 0
5080 0
5080 0
5080 0
5080 0
5080 0
5080 0
5080 0
5080 0
5080 5
5080 0
5080 0
5080 0
5080 0
5080 0
5207 0
5207 97
5207 0
5207 0
5207 0
5207 0
5207 0
5207 0
5207 0
5207 0
5207 0
5207 0
5207 0
5207 0
5207 0
5207 0
5207 0
5207 0
5207 0
5207 0
5207 3
5207 0
5207 0
5207 16
5207 0
5207 28
5207 0
5207 0
5207 0
5207 0
5207 0
5865 0
5865 15
5865 0
5865 0
5865 0
5865 0
5865 0
5865 0
5865 0
5865 0
5865 0
5865 0
5865 0
5865 0
5865 0
5865 0
5865 0
5865 0
5865 0
5865 0
5865 0
5865 0
5865 0
5865 1
5865 0
5865 1
5865 0
5865 0
5865 0
5865 0
5865 0
5905 0
5905 15
5905 0
5905 0
5905 0
5905 0
5905 0
5905 0
5905 0
5905 0
5905 0
5905 0
5905 0
5905 0
5905 0
5905 0
5905 0
5905 0
5905 0
5905 0
5905 0
5905 0
5905 0
5905 1
5905 0
5905 1
5905 0
5905 0
5905 0
5905 0
5905 0
5953 0
5953 15
5953 0
5953 0
5953 0
5953 0
5953 0
5953 0
5953 0
5953 0
5953 0
5953 0
5953 0
5953 0
5953 0
5953 0
5953 0
5953 0
5953 0
5953 0
5953 0
5953 0
5953 0
5953 1
5953 0
5953 1
5953 0
5953 0
5953 0
5953 0
5953 0
5985 0
5985 13
5985 0
5985 0
5985 0
5985 0
5985 0
5985 0
5985 0
5985 0
5985 0
5985 0
5985 0
5985 0
5985 0
5985 0
5985 0
5985 0
5985 0
5985 0
5985 0
5985 0
5985 0
5985 1
5985 0
5985 1
5985 0
5985 0
5985 0
5985 0
5985 0
6017 0
6017 13
6017 0
6017 0
6017 0
6017 0
6017 0
6017 0
6017 0
6017 0
6017 0
6017 0
6017 0
6017 0
6017 0
6017 0
6017 0
6017 0
6017 0
6017 0
6017 0
6017 0
6017 0
6017 1
6017 0
6017 1
6017 0
6017 0
6017 0
6017 0
6017 0
6018 0
6018 13
6018 0
6018 0
6018 0
6018 0
6018 0
6018 0
6018 0
6018 0
6018 0
6018 0
6018 0
6018 0
6018 0
6018 0
6018 0
6018 0
6018 0
6018 0
6018 0
6018 0
6018 0
6018 1
6018 0
6018 1
6018 0
6018 0
6018 0
6018 0
6018 0
6042 0
6042 13
6042 0
6042 0
6042 0
6042 0
6042 0
6042 0
6042 0
6042 0
6042 0
6042 0
6042 0
6042 0
6042 0
6042 0
6042 0
6042 0
6042 0
6042 0
6042 0
6042 0
6042 0
6042 1
6042 0
6042 1
6042 0
6042 0
6042 0
6042 0
6042 0
6113 0
6113 13
6113 0
6113 0
6113 0
6113 0
6113 0
6113 0
6113 0
6113 0
6113 0
6113 0
6113 0
6113 0
6113 0
6113 0
6113 0
6113 0
6113 0
6113 0
6113 0
6113 0
6113 0
6113 1
6113 0
6113 1
6113 0
6113 0
6113 0
6113 0
6113 0
6125 0
6125 13
6125 0
6125 0
6125 0
6125 0
6125 0
6125 0
6125 0
6125 0
6125 0
6125 0
6125 0
6125 0
6125 0
6125 0
6125 0
6125 0
6125 0
6125 0
6125 0
6125 0
6125 0
6125 1
6125 0
6125 1
6125 0
6125 0
6125 0
6125 0
6125 0
6165 0
6165 13
6165 0
6165 0
6165 0
6165 0
6165 0
6165 0
6165 0
6165 0
6165 0
6165 0
6165 0
6165 0
6165 0
6165 0
6165 0
6165 0
6165 0
6165 0
6165 0
6165 0
6165 0
6165 1
6165 0
6165 1
6165 0
6165 0
6165 0
6165 0
6165 0
6270 0
6270 13
6270 0
6270 0
6270 0
6270 0
6270 0
6270 0
6270 0
6270 0
6270 0
6270 0
6270 0
6270 0
6270 0
6270 0
6270 0
6270 0
6270 0
6270 0
6270 0
6270 0
6270 0
6270 1
6270 0
6270 1
6270 0
6270 0
6270 0
6270 0
6270 0
6750 0
6750 0
6750 0
6750 0
6750 0
6750 0
6750 0
6750 0
6750 0
6750 0
6750 63
6750 0
6750 0
6750 0
6750 0
6750 0
6750 0
6750 0
6750 0
6750 8
6750 0
6750 11
6750 0
6750 0
6750 1
6750 0
6750 0
6750 3
6750 0
6750 0
6750 0
6777 0
6777 0
6777 0
6777 0
6777 0
6777 0
6777 0
6777 0
6777 0
6777 0
6777 63
6777 0
6777 0
6777 0
6777 0
6777 0
6777 0
6777 0
6777 0
6777 8
6777 0
6777 11
6777 0
6777 0
6777 1
6777 0
6777 0
6777 3
6777 0
6777 0
6777 0
6880 0
6880 0
6880 0
6880 0
6880 0
6880 0
6880 0
6880 0
6880 0
6880 0
6880 14
6880 0
6880 0
6880 0
6880 0
6880 0
6880 0
6880 0
6880 0
6880 0
6880 0
6880 8
6880 0
6880 0
6880 0
6880 0
6880 0
6880 0
6880 0
6880 0
6880 0
6924 0
6924 0
6924 0
6924 0
6924 0
6924 0
6924 0
6924 0
6924 0
6924 0
6924 54
6924 0
6924 0
6924 0
6924 0
6924 0
6924 0
6924 0
6924 0
6924 9
6924 0
6924 46
6924 0
6924 0
6924 11
6924 0
6924 0
6924 3
6924 0
6924 0
6924 0
6951 0
6951 0
6951 0
6951 0
6951 0
6951 0
6951 0
6951 0
6951 0
6951 0
6951 54
6951 0
6951 0
6951 0
6951 0
6951 0
6951 0
6951 0
6951 0
6951 6
6951 0
6951 15
6951 0
6951 0
6951 1
6951 0
6951 0
6951 1
6951 0
6951 0
6951 0
6984 0
6984 0
6984 0
6984 0
6984 0
6984 0
6984 0
6984 0
6984 0
6984 0
6984 74
6984 0
6984 0
6984 0
6984 0
6984 0
6984 0
6984 0
6984 0
6984 17
6984 0
6984 153
6984 0
6984 0
6984 75
6984 0
6984 0
6984 3
6984 0
6984 0
6984 0
7008 0
7008 0
7008 0
7008 0
7008 0
7008 0
7008 0
7008 0
7008 0
7008 0
7008 63
7008 0
7008 0
7008 0
7008 0
7008 0
7008 0
7008 0
7008 0
7008 8
7008 0
7008 11
7008 0
7008 0
7008 1
7008 0
7008 0
7008 3
7008 0
7008 0
7008 0
7027 0
7027 0
7027 0
7027 0
7027 0
7027 0
7027 0
7027 0
7027 0
7027 0
7027 63
7027 0
7027 0
7027 0
7027 0
7027 0
7027 0
7027 0
7027 0
7027 10
7027 0
7027 90
7027 0
7027 0
7027 5
7027 0
7027 0
7027 2
7027 0
7027 0
7027 0
7049 0
7049 0
7049 0
7049 0
7049 0
7049 0
7049 0
7049 0
7049 0
7049 0
7049 491
7049 0
7049 0
7049 0
7049 0
7049 0
7049 0
7049 0
7049 0
7049 22
7049 0
7049 207
7049 0
7049 0
7049 14
7049 0
7049 0
7049 13
7049 0
7049 0
7049 0
7077 0
7077 0
7077 0
7077 0
7077 0
7077 0
7077 0
7077 0
7077 0
7077 0
7077 119
7077 0
7077 0
7077 0
7077 0
7077 0
7077 0
7077 0
7077 0
7077 11
7077 0
7077 53
7077 0
7077 0
7077 2
7077 0
7077 0
7077 5
7077 0
7077 0
7077 0
7103 0
7103 0
7103 0
7103 0
7103 0
7103 0
7103 0
7103 0
7103 0
7103 0
7103 58
7103 0
7103 0
7103 0
7103 0
7103 0
7103 0
7103 0
7103 0
7103 13
7103 0
7103 39
7103 0
7103 0
7103 3
7103 0
7103 0
7103 4
7103 0
7103 0
7103 0
7129 0
7129 0
7129 0
7129 0
7129 0
7129 0
7129 0
7129 0
7129 0
7129 0
7129 34
7129 0
7129 0
7129 0
7129 0
7129 0
7129 0
7129 0
7129 0
7129 3
7129 0
7129 12
7129 0
7129 0
7129 1
7129 0
7129 0
7129 1
7129 0
7129 0
7129 0
7161 0
7161 0
7161 0
7161 0
7161 0
7161 0
7161 0
7161 0
7161 0
7161 0
7161 109
7161 0
7161 0
7161 0
7161 0
7161 0
7161 0
7161 0
7161 0
7161 13
7161 0
7161 52
7161 0
7161 0
7161 4
7161 0
7161 0
7161 4
7161 0
7161 0
7161 0
7220 0
7220 0
7220 0
7220 0
7220 0
7220 0
7220 0
7220 0
7220 0
7220 0
7220 114
7220 0
7220 0
7220 0
7220 0
7220 0
7220 0
7220 0
7220 0
7220 14
7220 0
7220 81
7220 0
7220 0
7220 14
7220 0
7220 0
7220 4
7220 0
7220 0
7220 0
7232 0
7232 0
7232 0
7232 0
7232 0
7232 0
7232 0
7232 0
7232 0
7232 0
7232 85
7232 0
7232 0
7232 0
7232 0
7232 0
7232 0
7232 0
7232 0
7232 9
7232 0
7232 25
7232 0
7232 0
7232 2
7232 0
7232 0
7232 5
7232 0
7232 0
7232 0
7239 0
7239 0
7239 0
7239 0
7239 0
7239 0
7239 0
7239 0
7239 0
7239 0
7239 145
7239 0
7239 0
7239 0
7239 0
7239 0
7239 0
7239 0
7239 0
7239 27
7239 0
7239 85
7239 0
7239 0
7239 5
7239 0
7239 0
7239 10
7239 0
7239 0
7239 0
7298 0
7298 0
7298 0
7298 0
7298 0
7298 0
7298 0
7298 0
7298 0
7298 0
7298 44
7298 0
7298 0
7298 0
7298 0
7298 0
7298 0
7298 0
7298 0
7298 10
7298 0
7298 46
7298 0
7298 0
7298 3
7298 0
7298 0
7298 3
7298 0
7298 0
7298 0
7327 0
7327 0
7327 0
7327 0
7327 0
7327 0
7327 0
7327 0
7327 0
7327 0
7327 18
7327 0
7327 0
7327 0
7327 0
7327 0
7327 0
7327 0
7327 0
7327 6
7327 0
7327 15
7327 0
7327 0
7327 1
7327 0
7327 0
7327 3
7327 0
7327 0
7327 0
7639 0
7639 0
7639 0
7639 0
7639 0
7639 0
7639 0
7639 0
7639 0
7639 0
7639 43
7639 0
7639 0
7639 0
7639 0
7639 0
7639 0
7639 0
7639 0
7639 16
7639 0
7639 48
7639 0
7639 0
7639 4
7639 0
7639 0
7639 4
7639 0
7639 0
7639 0
7652 0
7652 0
7652 0
7652 0
7652 0
7652 0
7652 0
7652 0
7652 0
7652 0
7652 44
7652 0
7652 0
7652 0
7652 0
7652 0
7652 0
7652 0
7652 0
7652 14
7652 0
7652 23
7652 0
7652 0
7652 3
7652 0
7652 0
7652 1
7652 0
7652 0
7652 0
7709 0
7709 0
7709 0
7709 0
7709 0
7709 0
7709 0
7709 0
7709 0
7709 0
7709 71
7709 0
7709 0
7709 0
7709 0
7709 0
7709 0
7709 0
7709 0
7709 6
7709 0
7709 22
7709 0
7709 0
7709 2
7709 0
7709 0
7709 2
7709 0
7709 0
7709 0
7766 0
7766 0
7766 0
7766 0
7766 0
7766 0
7766 0
7766 0
7766 0
7766 0
7766 43
7766 0
7766 0
7766 0
7766 0
7766 0
7766 0
7766 0
7766 0
7766 16
7766 0
7766 48
7766 0
7766 0
7766 4
7766 0
7766 0
7766 4
7766 0
7766 0
7766 0
7829 0
7829 0
7829 0
7829 0
7829 0
7829 0
7829 0
7829 0
7829 0
7829 0
7829 66
7829 0
7829 0
7829 0
7829 0
7829 0
7829 0
7829 0
7829 0
7829 2
7829 0
7829 54
7829 0
7829 0
7829 4
7829 0
7829 0
7829 3
7829 0
7829 0
7829 0
7848 0
7848 0
7848 0
7848 0
7848 0
7848 0
7848 0
7848 0
7848 0
7848 0
7848 71
7848 0
7848 0
7848 0
7848 0
7848 0
7848 0
7848 0
7848 0
7848 6
7848 0
7848 22
7848 0
7848 0
7848 2
7848 0
7848 0
7848 2
7848 0
7848 0
7848 0
7867 0
7867 0
7867 0
7867 0
7867 0
7867 0
7867 0
7867 0
7867 0
7867 0
7867 44
7867 0
7867 0
7867 0
7867 0
7867 0
7867 0
7867 0
7867 0
7867 14
7867 0
7867 23
7867 0
7867 0
7867 3
7867 0
7867 0
7867 1
7867 0
7867 0
7867 0
7927 0
7927 0
7927 0
7927 0
7927 0
7927 0
7927 0
7927 0
7927 0
7927 0
7927 99
7927 0
7927 0
7927 0
7927 0
7927 0
7927 0
7927 0
7927 0
7927 8
7927 0
7927 48
7927 0
7927 0
7927 6
7927 0
7927 0
7927 5
7927 0
7927 0
7927 0
7973 0
7973 0
7973 0
7973 0
7973 0
7973 0
7973 0
7973 0
7973 0
7973 0
7973 99
7973 0
7973 0
7973 0
7973 0
7973 0
7973 0
7973 0
7973 0
7973 8
7973 0
7973 48
7973 0
7973 0
7973 6
7973 0
7973 0
7973 5
7973 0
7973 0
7973 0
8038 0
8038 0
8038 0
8038 0
8038 0
8038 0
8038 0
8038 0
8038 0
8038 0
8038 79
8038 0
8038 0
8038 0
8038 0
8038 0
8038 0
8038 0
8038 0
8038 5
8038 0
8038 41
8038 0
8038 0
8038 4
8038 0
8038 0
8038 3
8038 0
8038 0
8038 0
8108 0
8108 0
8108 0
8108 0
8108 0
8108 0
8108 0
8108 0
8108 0
8108 0
8108 99
8108 0
8108 0
8108 0
8108 0
8108 0
8108 0
8108 0
8108 0
8108 8
8108 0
8108 48
8108 0
8108 0
8108 6
8108 0
8108 0
8108 5
8108 0
8108 0
8108 0
8131 0
8131 0
8131 0
8131 0
8131 0
8131 0
8131 0
8131 0
8131 0
8131 0
8131 149
8131 0
8131 0
8131 0
8131 0
8131 0
8131 0
8131 0
8131 0
8131 1
8131 0
8131 68
8131 0
8131 0
8131 5
8131 0
8131 0
8131 3
8131 0
8131 0
8131 0
8150 0
8150 0
8150 0
8150 0
8150 0
8150 0
8150 0
8150 0
8150 0
8150 0
8150 66
8150 0
8150 0
8150 0
8150 0
8150 0
8150 0
8150 0
8150 0
8150 2
8150 0
8150 54
8150 0
8150 0
8150 4
8150 0
8150 0
8150 3
8150 0
8150 0
8150 0
8202 0
8202 0
8202 0
8202 0
8202 0
8202 0
8202 0
8202 0
8202 0
8202 0
8202 232
8202 0
8202 0
8202 0
8202 0
8202 0
8202 0
8202 0
8202 0
8202 0
8202 0
8202 82
8202 0
8202 0
8202 5
8202 0
8202 0
8202 3
8202 0
8202 0
8202 0
8231 0
8231 0
8231 0
8231 0
8231 0
8231 0
8231 0
8231 0
8231 0
8231 0
8231 146
8231 0
8231 0
8231 0
8231 0
8231 0
8231 0
8231 0
8231 0
8231 1
8231 0
8231 67
8231 0
8231 0
8231 5
8231 0
8231 0
8231 3
8231 0
8231 0
8231 0
8275 0
8275 0
8275 0
8275 0
8275 0
8275 0
8275 0
8275 0
8275 0
8275 0
8275 232
8275 0
8275 0
8275 0
8275 0
8275 0
8275 0
8275 0
8275 0
8275 0
8275 0
8275 82
8275 0
8275 0
8275 5
8275 0
8275 0
8275 3
8275 0
8275 0
8275 0
8298 0
8298 0
8298 0
8298 0
8298 0
8298 0
8298 0
8298 0
8298 0
8298 0
8298 82
8298 0
8298 0
8298 0
8298 0
8298 0
8298 0
8298 0
8298 0
8298 2
8298 0
8298 132
8298 0
8298 0
8298 43
8298 0
8298 0
8298 1
8298 0
8298 0
8298 0
8301 0
8301 0
8301 0
8301 0
8301 0
8301 0
8301 0
8301 0
8301 0
8301 0
8301 66
8301 0
8301 0
8301 0
8301 0
8301 0
8301 0
8301 0
8301 0
8301 2
8301 0
8301 54
8301 0
8301 0
8301 4
8301 0
8301 0
8301 3
8301 0
8301 0
8301 0
8309 0
8309 0
8309 0
8309 0
8309 0
8309 0
8309 0
8309 0
8309 0
8309 0
8309 232
8309 0
8309 0
8309 0
8309 0
8309 0
8309 0
8309 0
8309 0
8309 0
8309 0
8309 82
8309 0
8309 0
8309 5
8309 0
8309 0
8309 3
8309 0
8309 0
8309 0
8362 0
8362 0
8362 0
8362 0
8362 0
8362 0
8362 0
8362 0
8362 0
8362 0
8362 82
8362 0
8362 0
8362 0
8362 0
8362 0
8362 0
8362 0
8362 0
8362 2
8362 0
8362 132
8362 0
8362 0
8362 43
8362 0
8362 0
8362 1
8362 0
8362 0
8362 0
8388 0
8388 0
8388 0
8388 0
8388 0
8388 0
8388 0
8388 0
8388 0
8388 0
8388 82
8388 0
8388 0
8388 0
8388 0
8388 0
8388 0
8388 0
8388 0
8388 2
8388 0
8388 132
8388 0
8388 0
8388 43
8388 0
8388 0
8388 1
8388 0
8388 0
8388 0
8403 0
8403 0
8403 0
8403 0
8403 0
8403 0
8403 0
8403 0
8403 0
8403 0
8403 82
8403 0
8403 0
8403 0
8403 0
8403 0
8403 0
8403 0
8403 0
8403 2
8403 0
8403 132
8403 0
8403 0
8403 43
8403 0
8403 0
8403 1
8403 0
8403 0
8403 0
