pt_graph shape
8475 0
8475 0
8475 0
8475 0
8475 0
8475 0
8475 0
8475 0
8475 0
8475 0
8475 1.63
8475 0
8475 0
8475 0
8475 0
8475 0
8475 0
8475 0
8475 0
8475 0
8475 0
8475 0
8475 0
8475 0
8475 0
8475 0
8475 0
8475 0
8475 0
8475 0
8475 0
8500 0
8500 0
8500 0
8500 0
8500 0
8500 0
8500 0
8500 0
8500 0
8500 0
8500 1.63
8500 0
8500 0
8500 0
8500 0
8500 0
8500 0
8500 0
8500 0
8500 0
8500 0
8500 0
8500 0
8500 0
8500 0
8500 0
8500 0
8500 0
8500 0
8500 0
8500 0
8560 0
8560 0
8560 0
8560 0
8560 0
8560 0
8560 0
8560 0
8560 0
8560 0
8560 1.63
8560 0
8560 0
8560 0
8560 0
8560 0
8560 0
8560 0
8560 0
8560 0
8560 0
8560 0
8560 0
8560 0
8560 0
8560 0
8560 0
8560 0
8560 0
8560 0
8560 0
8664 0
8664 0
8664 0
8664 0
8664 0
8664 0
8664 0
8664 0
8664 0
8664 0
8664 1.63
8664 0
8664 0
8664 0
8664 0
8664 0
8664 0
8664 0
8664 0
8664 0
8664 0
8664 0
8664 0
8664 0
8664 0
8664 0
8664 0
8664 0
8664 0
8664 0
8664 0
8694 0
8694 0
8694 0
8694 0
8694 0
8694 0
8694 0
8694 0
8694 0
8694 0
8694 1.63
8694 0
8694 0
8694 0
8694 0
8694 0
8694 0
8694 0
8694 0
8694 0
8694 0
8694 0
8694 0
8694 0
8694 0
8694 0
8694 0
8694 0
8694 0
8694 0
8694 0
8784 0
8784 0
8784 0
8784 0
8784 0
8784 0
8784 0
8784 0
8784 0
8784 0
8784 1.63
8784 0
8784 0
8784 0
8784 0
8784 0
8784 0
8784 0
8784 0
8784 0
8784 0
8784 0
8784 0
8784 0
8784 0
8784 0
8784 0
8784 0
8784 0
8784 0
8784 0
8829 0
8829 0
8829 0
8829 0
8829 0
8829 0
8829 0
8829 0
8829 0
8829 0
8829 1.63
8829 0
8829 0
8829 0
8829 0
8829 0
8829 0
8829 0
8829 0
8829 0
8829 0
8829 0
8829 0
8829 0
8829 0
8829 0
8829 0
8829 0
8829 0
8829 0
8829 0
8832 0
8832 0
8832 0
8832 0
8832 0
8832 0
8832 0
8832 0
8832 0
8832 0
8832 1.63
8832 0
8832 0
8832 0
8832 0
8832 0
8832 0
8832 0
8832 0
8832 0
8832 0
8832 0
8832 0
8832 0
8832 42.57
8832 0
8832 0
8832 0
8832 0
8832 0
8832 0
8890 0
8890 0
8890 0
8890 0
8890 0
8890 0
8890 0
8890 0
8890 0
8890 0
8890 0.86
8890 0
8890 0
8890 0
8890 0
8890 0
8890 0
8890 0
8890 0
8890 0
8890 0
8890 0
8890 0
8890 0
8890 23.65
8890 0
8890 0
8890 0
8890 0
8890 0
8890 0
8918 0
8918 0
8918 0
8918 0
8918 0
8918 0
8918 0
8918 0
8918 0
8918 0
8918 1.63
8918 0
8918 0
8918 0
8918 0
8918 0
8918 0
8918 0
8918 0
8918 0
8918 0
8918 0
8918 0
8918 0
8918 0
8918 0
8918 0
8918 0
8918 0
8918 0
8918 0
8945 0
8945 0
8945 0
8945 0
8945 0
8945 0
8945 0
8945 0
8945 0
8945 0
8945 1.63
8945 0
8945 0
8945 0
8945 0
8945 0
8945 0
8945 0
8945 0
8945 0
8945 0
8945 0
8945 0
8945 0
8945 42.57
8945 0
8945 0
8945 0
8945 0
8945 0
8945 0
8957 0
8957 0
8957 0
8957 0
8957 0
8957 0
8957 0
8957 0
8957 0
8957 0
8957 1.63
8957 0
8957 0
8957 0
8957 0
8957 0
8957 0
8957 0
8957 0
8957 0
8957 0
8957 0
8957 0
8957 0
8957 42.57
8957 0
8957 0
8957 0
8957 0
8957 0
8957 0
8971 0
8971 0
8971 0
8971 0
8971 0
8971 0
8971 0
8971 0
8971 0
8971 0
8971 1.47
8971 0
8971 0
8971 0
8971 0
8971 0
8971 0
8971 0
8971 0
8971 0
8971 0
8971 0
8971 0
8971 0
8971 1.56
8971 0
8971 0
8971 0
8971 0
8971 0
8971 0
8997 0
8997 0
8997 0
8997 0
8997 0
8997 0
8997 0
8997 0
8997 0
8997 0
8997 1.63
8997 0
8997 0
8997 0
8997 0
8997 0
8997 0
8997 0
8997 0
8997 0
8997 0
8997 0
8997 0
8997 0
8997 0
8997 0
8997 0
8997 0
8997 0
8997 0
8997 0
9023 0
9023 0
9023 0
9023 0
9023 0
9023 0
9023 0
9023 0
9023 0
9023 0
9023 0.94
9023 0
9023 0
9023 0
9023 0
9023 0
9023 0
9023 0
9023 0
9023 0
9023 0
9023 0
9023 0
9023 0
9023 54.11
9023 0
9023 0
9023 0
9023 0
9023 0
9023 0
9046 0
9046 0
9046 0
9046 0
9046 0
9046 0
9046 0
9046 0
9046 0
9046 0
9046 1.57
9046 0
9046 0
9046 0
9046 0
9046 0
9046 0
9046 0
9046 0
9046 0
9046 0
9046 0
9046 0
9046 0
9046 23.65
9046 0
9046 0
9046 0
9046 0
9046 0
9046 0
9053 0
9053 0
9053 0
9053 0
9053 0
9053 0
9053 0
9053 0
9053 0
9053 0
9053 0.96
9053 0
9053 0
9053 0
9053 0
9053 0
9053 0
9053 0
9053 0
9053 0
9053 0
9053 0
9053 0
9053 0
9053 0
9053 0
9053 0
9053 0
9053 0
9053 0
9053 0
9069 0
9069 0
9069 0
9069 0
9069 0
9069 0
9069 0
9069 0
9069 0
9069 0
9069 1.57
9069 0
9069 0
9069 0
9069 0
9069 0
9069 0
9069 0
9069 0
9069 0
9069 0
9069 0
9069 0
9069 0
9069 23.65
9069 0
9069 0
9069 0
9069 0
9069 0
9069 0
9097 0
9097 0
9097 0
9097 0
9097 0
9097 0
9097 0
9097 0
9097 0
9097 0
9097 1.49
9097 0
9097 0
9097 0
9097 0
9097 0
9097 0
9097 0
9097 0
9097 0
9097 0
9097 0
9097 0
9097 0
9097 29.96
9097 0
9097 0
9097 0
9097 0
9097 0
9097 0
9099 0
9099 0
9099 0
9099 0
9099 0
9099 0
9099 0
9099 0
9099 0
9099 0
9099 1.63
9099 0
9099 0
9099 0
9099 0
9099 0
9099 0
9099 0
9099 0
9099 0
9099 0
9099 0
9099 0
9099 0
9099 0
9099 0
9099 0
9099 0
9099 0
9099 0
9099 0
9143 0
9143 0
9143 0
9143 0
9143 0
9143 0
9143 0
9143 0
9143 0
9143 0
9143 1.63
9143 0
9143 0
9143 0
9143 0
9143 0
9143 0
9143 0
9143 0
9143 0
9143 0
9143 0
9143 0
9143 0
9143 42.57
9143 0
9143 0
9143 0
9143 0
9143 0
9143 0
9154 0
9154 0
9154 0
9154 0
9154 0
9154 0
9154 0
9154 0
9154 0
9154 0
9154 1.47
9154 0
9154 0
9154 0
9154 0
9154 0
9154 0
9154 0
9154 0
9154 0
9154 0
9154 0
9154 0
9154 0
9154 1.56
9154 0
9154 0
9154 0
9154 0
9154 0
9154 0
9175 0
9175 0
9175 0
9175 0
9175 0
9175 0
9175 0
9175 0
9175 0
9175 0
9175 0.93
9175 0
9175 0
9175 0
9175 0
9175 0
9175 0
9175 0
9175 0
9175 0
9175 0
9175 0
9175 0
9175 0
9175 6.43
9175 0
9175 0
9175 0
9175 0
9175 0
9175 0
9184 0
9184 0
9184 0
9184 0
9184 0
9184 0
9184 0
9184 0
9184 0
9184 0
9184 0.92
9184 0
9184 0
9184 0
9184 0
9184 0
9184 0
9184 0
9184 0
9184 0
9184 0
9184 0
9184 0
9184 0
9184 2.61
9184 0
9184 0
9184 0
9184 0
9184 0
9184 0
9200 0
9200 0
9200 0
9200 0
9200 0
9200 0
9200 0
9200 0
9200 0
9200 0
9200 1.49
9200 0
9200 0
9200 0
9200 0
9200 0
9200 0
9200 0
9200 0
9200 0
9200 0
9200 0
9200 0
9200 0
9200 29.96
9200 0
9200 0
9200 0
9200 0
9200 0
9200 0
9221 0
9221 0
9221 0
9221 0
9221 0
9221 0
9221 0
9221 0
9221 0
9221 0
9221 0.73
9221 0
9221 0
9221 0
9221 0
9221 0
9221 0
9221 0
9221 0
9221 0
9221 0
9221 0
9221 0
9221 0
9221 3.28
9221 0
9221 0
9221 0
9221 0
9221 0
9221 0
9222 0
9222 0
9222 0
9222 0
9222 0
9222 0
9222 0
9222 0
9222 0
9222 0
9222 1.63
9222 0
9222 0
9222 0
9222 0
9222 0
9222 0
9222 0
9222 0
9222 0
9222 0
9222 0
9222 0
9222 0
9222 42.57
9222 0
9222 0
9222 0
9222 0
9222 0
9222 0
9303 0
9303 0
9303 0
9303 0
9303 0
9303 0
9303 0
9303 0
9303 0
9303 0
9303 1.47
9303 0
9303 0
9303 0
9303 0
9303 0
9303 0
9303 0
9303 0
9303 0
9303 0
9303 0
9303 0
9303 0
9303 1.56
9303 0
9303 0
9303 0
9303 0
9303 0
9303 0
9316 0
9316 0
9316 0
9316 0
9316 0
9316 0
9316 0
9316 0
9316 0
9316 0
9316 0.94
9316 0
9316 0
9316 0
9316 0
9316 0
9316 0
9316 0
9316 0
9316 0
9316 0
9316 0
9316 0
9316 0
9316 50.4
9316 0
9316 0
9316 0
9316 0
9316 0
9316 0
9335 0
9335 0
9335 0
9335 0
9335 0
9335 0
9335 0
9335 0
9335 0
9335 0
9335 0.92
9335 0
9335 0
9335 0
9335 0
9335 0
9335 0
9335 0
9335 0
9335 0
9335 0
9335 0
9335 0
9335 0
9335 1.03
9335 0
9335 0
9335 0
9335 0
9335 0
9335 0
9342 0
9342 0
9342 0
9342 0
9342 0
9342 0
9342 0
9342 0
9342 0
9342 0
9342 0.86
9342 0
9342 0
9342 0
9342 0
9342 0
9342 0
9342 0
9342 0
9342 0
9342 0
9342 0
9342 0
9342 0
9342 1.91
9342 0
9342 0
9342 0
9342 0
9342 0
9342 0
9394 0
9394 0
9394 0
9394 0
9394 0
9394 0
9394 0
9394 0
9394 0
9394 0
9394 1.47
9394 0
9394 0
9394 0
9394 0
9394 0
9394 0
9394 0
9394 0
9394 0
9394 0
9394 0
9394 0
9394 0
9394 39.71
9394 0
9394 0
9394 0
9394 0
9394 0
9394 0
9404 0
9404 0
9404 0
9404 0
9404 0
9404 0
9404 0
9404 0
9404 0
9404 0
9404 1.47
9404 0
9404 0
9404 0
9404 0
9404 0
9404 0
9404 0
9404 0
9404 0
9404 0
9404 0
9404 0
9404 0
9404 24.36
9404 0
9404 0
9404 34.05
9404 0
9404 0
9404 0
9481 0
9481 0
9481 0
9481 0
9481 0
9481 0
9481 0
9481 0
9481 0
9481 0
9481 1.48
9481 0
9481 0
9481 0
9481 0
9481 0
9481 0
9481 0
9481 0
9481 0
9481 0
9481 0
9481 0
9481 0
9481 34.33
9481 0
9481 0
9481 0
9481 0
9481 0
9481 0
9497 0
9497 0
9497 0
9497 0
9497 0
9497 0
9497 0
9497 0
9497 0
9497 0
9497 0.72
9497 0
9497 0
9497 0
9497 0
9497 0
9497 0
9497 0
9497 0
9497 0
9497 0
9497 0
9497 0
9497 0
9497 4.41
9497 0
9497 0
9497 0
9497 0
9497 0
9497 0
9507 0
9507 0
9507 0
9507 0
9507 0
9507 0
9507 0
9507 0
9507 0
9507 0
9507 0.92
9507 0
9507 0
9507 0
9507 0
9507 0
9507 0
9507 0
9507 0
9507 0
9507 0
9507 0
9507 0
9507 0
9507 18.29
9507 0
9507 0
9507 28.17
9507 0
9507 0
9507 0
9544 0
9544 0
9544 0
9544 0
9544 0
9544 0
9544 0
9544 0
9544 0
9544 0
9544 0.69
9544 0
9544 0
9544 0
9544 0
9544 0
9544 0
9544 0
9544 0
9544 0
9544 0
9544 0
9544 0
9544 0
9544 12.42
9544 0
9544 0
9544 0
9544 0
9544 0
9544 0
9572 0
9572 0
9572 0
9572 0
9572 0
9572 0
9572 0
9572 0
9572 0
9572 0
9572 1.47
9572 0
9572 0
9572 0
9572 0
9572 0
9572 0
9572 0
9572 0
9572 0
9572 0
9572 0
9572 0
9572 0
9572 39.71
9572 0
9572 0
9572 0
9572 0
9572 0
9572 0
9599 0
9599 0
9599 0
9599 0
9599 0
9599 0
9599 0
9599 0
9599 0
9599 0
9599 0.74
9599 0
9599 0
9599 0
9599 0
9599 0
9599 0
9599 0
9599 0
9599 0
9599 0
9599 0
9599 0
9599 0
9599 3.8
9599 0
9599 0
9599 0
9599 0
9599 0
9599 0
9660 0
9660 0
9660 0
9660 0
9660 0
9660 0
9660 0
9660 0
9660 0
9660 0
9660 1.48
9660 0
9660 0
9660 0
9660 0
9660 0
9660 0
9660 0
9660 0
9660 0
9660 0
9660 0
9660 0
9660 0
9660 1.91
9660 0
9660 0
9660 0
9660 0
9660 0
9660 0
9666 0
9666 0
9666 0
9666 0
9666 0
9666 0
9666 0
9666 0
9666 0
9666 0
9666 1.48
9666 0
9666 0
9666 0
9666 0
9666 0
9666 0
9666 0
9666 0
9666 0
9666 0
9666 0
9666 0
9666 0
9666 1.91
9666 0
9666 0
9666 0
9666 0
9666 0
9666 0
9670 0
9670 0
9670 0
9670 0
9670 0
9670 0
9670 0
9670 0
9670 0
9670 0
9670 1.68
9670 0
9670 0
9670 0
9670 0
9670 0
9670 0
9670 0
9670 0
9670 0
9670 0
9670 0
9670 0
9670 0
9670 34.67
9670 0
9670 0
9670 0
9670 0
9670 0
9670 0
9685 0
9685 0
9685 0
9685 0
9685 0
9685 0
9685 0
9685 0
9685 0
9685 0
9685 0.92
9685 0
9685 0
9685 0
9685 0
9685 0
9685 0
9685 0
9685 0
9685 0
9685 0
9685 0
9685 0
9685 0
9685 0.99
9685 0
9685 0
9685 0
9685 0
9685 0
9685 0
9688 0
9688 0
9688 0
9688 0
9688 0
9688 0
9688 0
9688 0
9688 0
9688 0
9688 0.71
9688 0
9688 0
9688 0
9688 0
9688 0
9688 0
9688 0
9688 0
9688 0
9688 0
9688 0
9688 0
9688 0
9688 1.73
9688 0
9688 0
9688 28.17
9688 0
9688 0
9688 0
9717 0
9717 0
9717 0
9717 0
9717 0
9717 0
9717 0
9717 0
9717 0
9717 0
9717 0.82
9717 0
9717 0
9717 0
9717 0
9717 0
9717 0
9717 0
9717 0
9717 0
9717 0
9717 0
9717 0
9717 0
9717 1.36
9717 0
9717 0
9717 34.05
9717 0
9717 0
9717 0
9735 0
9735 0
9735 0
9735 0
9735 0
9735 0
9735 0
9735 0
9735 0
9735 0
9735 1.13
9735 0
9735 0
9735 0
9735 0
9735 0
9735 0
9735 0
9735 0
9735 0
9735 0
9735 0
9735 0
9735 0
9735 2.02
9735 0
9735 0
9735 31.4
9735 0
9735 0
9735 0
9741 0
9741 0
9741 0
9741 0
9741 0
9741 0
9741 0
9741 0
9741 0
9741 0
9741 1.47
9741 0
9741 0
9741 0
9741 0
9741 0
9741 0
9741 0
9741 0
9741 0
9741 0
9741 0
9741 0
9741 0
9741 24.36
9741 0
9741 0
9741 34.05
9741 0
9741 0
9741 0
9746 0
9746 0
9746 0
9746 0
9746 0
9746 0
9746 0
9746 0
9746 0
9746 0
9746 1.48
9746 0
9746 0
9746 0
9746 0
9746 0
9746 0
9746 0
9746 0
9746 0
9746 0
9746 0
9746 0
9746 0
9746 39.71
9746 0
9746 0
9746 0
9746 0
9746 0
9746 0
9748 0
9748 0
9748 0
9748 0
9748 0
9748 0
9748 0
9748 0
9748 0
9748 0
9748 1.47
9748 0
9748 0
9748 0
9748 0
9748 0
9748 0
9748 0
9748 0
9748 0
9748 0
9748 0
9748 0
9748 0
9748 24.36
9748 0
9748 0
9748 34.05
9748 0
9748 0
9748 0
9766 0
9766 0
9766 0
9766 0
9766 0
9766 0
9766 0
9766 0
9766 0
9766 0
9766 1.55
9766 0
9766 0
9766 0
9766 0
9766 0
9766 0
9766 0
9766 0
9766 0
9766 0
9766 0
9766 0
9766 0
9766 0
9766 0
9766 0
9766 0
9766 0
9766 0
9766 0
9801 0
9801 0
9801 0
9801 0
9801 0
9801 0
9801 0
9801 0
9801 0
9801 0
9801 1.55
9801 0
9801 0
9801 0
9801 0
9801 0
9801 0
9801 0
9801 0
9801 0
9801 0
9801 0
9801 0
9801 0
9801 46.89
9801 0
9801 0
9801 0
9801 0
9801 0
9801 0
9808 0
9808 0
9808 0
9808 0
9808 0
9808 0
9808 0
9808 0
9808 0
9808 0
9808 0.61
9808 0
9808 0
9808 0
9808 0
9808 0
9808 0
9808 0
9808 0
9808 0
9808 0
9808 0
9808 0
9808 0
9808 1.58
9808 0
9808 0
9808 47.5
9808 0
9808 0
9808 0
9821 0
9821 0
9821 0
9821 0
9821 0
9821 0
9821 0
9821 0
9821 0
9821 0
9821 0.75
9821 0
9821 0
9821 0
9821 0
9821 0
9821 0
9821 0
9821 0
9821 0
9821 0
9821 0
9821 0
9821 0
9821 2.34
9821 0
9821 0
9821 44.54
9821 0
9821 0
9821 0
9822 0
9822 0
9822 0
9822 0
9822 0
9822 0
9822 0
9822 0
9822 0
9822 0
9822 1.55
9822 0
9822 0
9822 0
9822 0
9822 0
9822 0
9822 0
9822 0
9822 0
9822 0
9822 0
9822 0
9822 0
9822 0
9822 0
9822 0
9822 0
9822 0
9822 0
9822 0
9826 0
9826 0
9826 0
9826 0
9826 0
9826 0
9826 0
9826 0
9826 0
9826 0
9826 1.55
9826 0
9826 0
9826 0
9826 0
9826 0
9826 0
9826 0
9826 0
9826 0
9826 0
9826 0
9826 0
9826 0
9826 0
9826 0
9826 0
9826 0
9826 0
9826 0
9826 0
9916 0
9916 0
9916 0
9916 0
9916 0
9916 0
9916 0
9916 0
9916 0
9916 0
9916 1.55
9916 0
9916 0
9916 0
9916 0
9916 0
9916 0
9916 0
9916 0
9916 0
9916 0
9916 0
9916 0
9916 0
9916 0
9916 0
9916 0
9916 0
9916 0
9916 0
9916 0
9922 0
9922 0
9922 0
9922 0
9922 0
9922 0
9922 0
9922 0
9922 0
9922 0
9922 0.93
9922 0
9922 0
9922 0
9922 0
9922 0
9922 0
9922 0
9922 0
9922 0
9922 0
9922 0
9922 0
9922 0
9922 8.64
9922 0
9922 0
9922 0
9922 0
9922 0
9922 0
9946 0
9946 0
9946 0
9946 0
9946 0
9946 0
9946 0
9946 0
9946 0
9946 0
9946 0.86
9946 0
9946 0
9946 0
9946 0
9946 0
9946 0
9946 0
9946 0
9946 0
9946 0
9946 0
9946 0
9946 0
9946 26.26
9946 0
9946 0
9946 44.54
9946 0
9946 0
9946 0
9966 0
9966 0
9966 0
9966 0
9966 0
9966 0
9966 0
9966 0
9966 0
9966 0
9966 0.61
9966 0
9966 0
9966 0
9966 0
9966 0
9966 0
9966 0
9966 0
9966 0
9966 0
9966 0
9966 0
9966 0
9966 42.84
9966 0
9966 0
9966 0
9966 0
9966 0
9966 0
9971 0
9971 0
9971 0
9971 0
9971 0
9971 0
9971 0
9971 0
9971 0
9971 0
9971 1.55
9971 0
9971 0
9971 0
9971 0
9971 0
9971 0
9971 0
9971 0
9971 0
9971 0
9971 0
9971 0
9971 0
9971 46.86
9971 0
9971 0
9971 0
9971 0
9971 0
9971 0
9993 0
9993 0
9993 0
9993 0
9993 0
9993 0
9993 0
9993 0
9993 0
9993 0
9993 0.93
9993 0
9993 0
9993 0
9993 0
9993 0
9993 0
9993 0
9993 0
9993 0
9993 0
9993 0
9993 0
9993 0
9993 7.13
9993 0
9993 0
9993 56.96
9993 0
9993 0
9993 0
10056 0
10056 0
10056 0
10056 0
10056 0
10056 0
10056 0
10056 0
10056 0
10056 0
10056 1.68
10056 0
10056 0
10056 0
10056 0
10056 0
10056 0
10056 0
10056 0
10056 0
10056 0
10056 0
10056 0
10056 0
10056 34.67
10056 0
10056 0
10056 0
10056 0
10056 0
10056 0
10093 0
10093 0
10093 0
10093 0
10093 0
10093 0
10093 0
10093 0
10093 0
10093 0
10093 0.95
10093 0
10093 0
10093 0
10093 0
10093 0
10093 0
10093 0
10093 0
10093 0
10093 0
10093 0
10093 0
10093 0
10093 42.64
10093 0
10093 0
10093 0
10093 0
10093 0
10093 0
10112 0
10112 0
10112 0
10112 0
10112 0
10112 0
10112 0
10112 0
10112 0
10112 0
10112 1.55
10112 0
10112 0
10112 0
10112 0
10112 0
10112 0
10112 0
10112 0
10112 0
10112 0
10112 0
10112 0
10112 0
10112 46.89
10112 0
10112 0
10112 0
10112 0
10112 0
10112 0
10145 0
10145 0
10145 0
10145 0
10145 0
10145 0
10145 0
10145 0
10145 0
10145 0
10145 1.61
10145 0
10145 0
10145 0
10145 0
10145 0
10145 0
10145 0
10145 0
10145 0
10145 0
10145 0
10145 0
10145 0
10145 0
10145 0
10145 0
10145 0
10145 0
10145 0
10145 0
10164 0
10164 0
10164 0
10164 0
10164 0
10164 0
10164 0
10164 0
10164 0
10164 0
10164 1.68
10164 0
10164 0
10164 0
10164 0
10164 0
10164 0
10164 0
10164 0
10164 0
10164 0
10164 0
10164 0
10164 0
10164 34.67
10164 0
10164 0
10164 0
10164 0
10164 0
10164 0
10165 0
10165 0
10165 0
10165 0
10165 0
10165 0
10165 0
10165 0
10165 0
10165 0
10165 1.61
10165 0
10165 0
10165 0
10165 0
10165 0
10165 0
10165 0
10165 0
10165 0
10165 0
10165 0
10165 0
10165 0
10165 0
10165 0
10165 0
10165 0
10165 0
10165 0
10165 0
10222 0
10222 0
10222 0
10222 0
10222 0
10222 0
10222 0
10222 0
10222 0
10222 0
10222 1.68
10222 0
10222 0
10222 0
10222 0
10222 0
10222 0
10222 0
10222 0
10222 0
10222 0
10222 0
10222 0
10222 0
10222 34.67
10222 0
10222 0
10222 0
10222 0
10222 0
10222 0
10224 0
10224 0
10224 0
10224 0
10224 0
10224 0
10224 0
10224 0
10224 0
10224 0
10224 1.61
10224 0
10224 0
10224 0
10224 0
10224 0
10224 0
10224 0
10224 0
10224 0
10224 0
10224 0
10224 0
10224 0
10224 0
10224 0
10224 0
10224 0
10224 0
10224 0
10224 0
10242 0
10242 0
10242 0
10242 0
10242 0
10242 0
10242 0
10242 0
10242 0
10242 0
10242 0.95
10242 0
10242 0
10242 0
10242 0
10242 0
10242 0
10242 0
10242 0
10242 0
10242 0
10242 0
10242 0
10242 0
10242 42.64
10242 0
10242 0
10242 0
10242 0
10242 0
10242 0
10252 0
10252 0
10252 0
10252 0
10252 0
10252 0
10252 0
10252 0
10252 0
10252 0
10252 2.11
10252 0
10252 0
10252 0
10252 0
10252 0
10252 0
10252 0
10252 0
10252 0
10252 0
10252 0
10252 0
10252 0
10252 0
10252 0
10252 0
10252 0
10252 0
10252 0
10252 0
10254 0
10254 0
10254 0
10254 0
10254 0
10254 0
10254 0
10254 0
10254 0
10254 0
10254 1.55
10254 0
10254 0
10254 0
10254 0
10254 0
10254 0
10254 0
10254 0
10254 0
10254 0
10254 0
10254 0
10254 0
10254 46.86
10254 0
10254 0
10254 0
10254 0
10254 0
10254 0
10274 0
10274 0
10274 0
10274 0
10274 0
10274 0
10274 0
10274 0
10274 0
10274 0
10274 2.11
10274 0
10274 0
10274 0
10274 0
10274 0
10274 0
10274 0
10274 0
10274 0
10274 0
10274 0
10274 0
10274 0
10274 0
10274 0
10274 0
10274 0
10274 0
10274 0
10274 0
10332 0
10332 0
10332 0
10332 0
10332 0
10332 0
10332 0
10332 0
10332 0
10332 0
10332 1.69
10332 0
10332 0
10332 0
10332 0
10332 0
10332 0
10332 0
10332 0
10332 0
10332 0
10332 0
10332 0
10332 0
10332 0
10332 0
10332 0
10332 0
10332 0
10332 0
10332 0
10340 0
10340 0
10340 0
10340 0
10340 0
10340 0
10340 0
10340 0
10340 0
10340 0
10340 0.84
10340 0
10340 0
10340 0
10340 0
10340 0
10340 0
10340 0
10340 0
10340 0
10340 0
10340 0
10340 0
10340 0
10340 0
10340 0
10340 0
10340 0
10340 0
10340 0
10340 0
10365 0
10365 0
10365 0
10365 0
10365 0
10365 0
10365 0
10365 0
10365 0
10365 0
10365 1.69
10365 0
10365 0
10365 0
10365 0
10365 0
10365 0
10365 0
10365 0
10365 0
10365 0
10365 0
10365 0
10365 0
10365 0
10365 0
10365 0
10365 0
10365 0
10365 0
10365 0
10374 0
10374 0
10374 0
10374 0
10374 0
10374 0
10374 0
10374 0
10374 0
10374 0
10374 1.55
10374 0
10374 0
10374 0
10374 0
10374 0
10374 0
10374 0
10374 0
10374 0
10374 0
10374 0
10374 0
10374 0
10374 46.89
10374 0
10374 0
10374 0
10374 0
10374 0
10374 0
10382 0
10382 0
10382 0
10382 0
10382 0
10382 0
10382 0
10382 0
10382 0
10382 0
10382 1.61
10382 0
10382 0
10382 0
10382 0
10382 0
10382 0
10382 0
10382 0
10382 0
10382 0
10382 0
10382 0
10382 0
10382 0
10382 0
10382 0
10382 0
10382 0
10382 0
10382 0
10418 0
10418 0
10418 0
10418 0
10418 0
10418 0
10418 0
10418 0
10418 0
10418 0
10418 1.69
10418 0
10418 0
10418 0
10418 0
10418 0
10418 0
10418 0
10418 0
10418 0
10418 0
10418 0
10418 0
10418 0
10418 0
10418 0
10418 0
10418 0
10418 0
10418 0
10418 0
10421 0
10421 0
10421 0
10421 0
10421 0
10421 0
10421 0
10421 0
10421 0
10421 0
10421 1.69
10421 0
10421 0
10421 0
10421 0
10421 0
10421 0
10421 0
10421 0
10421 0
10421 0
10421 0
10421 0
10421 0
10421 0
10421 0
10421 0
10421 0
10421 0
10421 0
10421 0
10436 0
10436 0
10436 0
10436 0
10436 0
10436 0
10436 0
10436 0
10436 0
10436 0
10436 0.94
10436 0
10436 0
10436 0
10436 0
10436 0
10436 0
10436 0
10436 0
10436 0
10436 0
10436 0
10436 0
10436 0
10436 0
10436 0
10436 0
10436 0
10436 0
10436 0
10436 0
10455 0
10455 0
10455 0
10455 0
10455 0
10455 0
10455 0
10455 0
10455 0
10455 0
10455 1.61
10455 0
10455 0
10455 0
10455 0
10455 0
10455 0
10455 0
10455 0
10455 0
10455 0
10455 0
10455 0
10455 0
10455 0
10455 0
10455 0
10455 0
10455 0
10455 0
10455 0
10501 0
10501 0
10501 0
10501 0
10501 0
10501 0
10501 0
10501 0
10501 0
10501 0
10501 2.11
10501 0
10501 0
10501 0
10501 0
10501 0
10501 0
10501 0
10501 0
10501 0
10501 0
10501 0
10501 0
10501 0
10501 0
10501 0
10501 0
10501 0
10501 0
10501 0
10501 0
10513 0
10513 0
10513 0
10513 0
10513 0
10513 0
10513 0
10513 0
10513 0
10513 0
10513 1.69
10513 0
10513 0
10513 0
10513 0
10513 0
10513 0
10513 0
10513 0
10513 0
10513 0
10513 0
10513 0
10513 0
10513 0
10513 0
10513 0
10513 0
10513 0
10513 0
10513 0
10518 0
10518 0
10518 0
10518 0
10518 0
10518 0
10518 0
10518 0
10518 0
10518 0
10518 1.61
10518 0
10518 0
10518 0
10518 0
10518 0
10518 0
10518 0
10518 0
10518 0
10518 0
10518 0
10518 0
10518 0
10518 0
10518 0
10518 0
10518 0
10518 0
10518 0
10518 0
10531 0
10531 0
10531 0
10531 0
10531 0
10531 0
10531 0
10531 0
10531 0
10531 0
10531 2.11
10531 0
10531 0
10531 0
10531 0
10531 0
10531 0
10531 0
10531 0
10531 0
10531 0
10531 0
10531 0
10531 0
10531 0
10531 0
10531 0
10531 0
10531 0
10531 0
10531 0
10639 0
10639 0
10639 0
10639 0
10639 0
10639 0
10639 0
10639 0
10639 0
10639 0
10639 2.11
10639 0
10639 0
10639 0
10639 0
10639 0
10639 0
10639 0
10639 0
10639 0
10639 0
10639 0
10639 0
10639 0
10639 0
10639 0
10639 0
10639 0
10639 0
10639 0
10639 0
10823 0
10823 0
10823 0
10823 0
10823 0
10823 0
10823 0
10823 0
10823 0
10823 0
10823 1.69
10823 0
10823 0
10823 0
10823 0
10823 0
10823 0
10823 0
10823 0
10823 0
10823 0
10823 0
10823 0
10823 0
10823 0
10823 0
10823 0
10823 0
10823 0
10823 0
10823 0
10850 0
10850 0
10850 0
10850 0
10850 0
10850 0
10850 0
10850 0
10850 0
10850 0
10850 1.69
10850 0
10850 0
10850 0
10850 0
10850 0
10850 0
10850 0
10850 0
10850 0
10850 0
10850 0
10850 0
10850 0
10850 0
10850 0
10850 0
10850 0
10850 0
10850 0
10850 0
11068 0
11068 0
11068 0
11068 0
11068 0
11068 0
11068 0
11068 0
11068 0
11068 0
11068 0
11068 0.79
11068 0
11068 0
11068 0
11068 0
11068 0
11068 0
11068 0
11068 0
11068 0
11068 0
11068 0
11068 0
11068 0
11068 0
11068 0
11068 0
11068 0
11068 0
11068 0
11075 0
11075 0
11075 0
11075 0
11075 0
11075 0
11075 0
11075 0
11075 0
11075 0
11075 0
11075 1.56
11075 0
11075 0
11075 0
11075 0
11075 0
11075 0
11075 0
11075 0
11075 0
11075 0
11075 0
11075 0
11075 0
11075 0
11075 0
11075 0
11075 0
11075 0
11075 0
11122 0
11122 0
11122 0
11122 0
11122 0
11122 0
11122 0
11122 0
11122 0
11122 0
11122 0
11122 0.69
11122 0
11122 0
11122 0
11122 0
11122 0
11122 0
11122 0
11122 0
11122 0
11122 0
11122 0
11122 0
11122 0
11122 0
11122 0
11122 0
11122 0
11122 0
11122 0
12086 0
12086 0
12086 0
12086 0
12086 0
12086 0
12086 0
12086 0
12086 0
12086 0
12086 0
12086 4.48
12086 0
12086 0
12086 0
12086 0
12086 0
12086 0
12086 0
12086 0
12086 0
12086 0
12086 0
12086 0
12086 0
12086 0
12086 0
12086 0
12086 0
12086 0
12086 0
