pt_graph scale
8475 0
8475 0
8475 0
8475 0
8475 0
8475 0
8475 0
8475 0
8475 0
8475 0
8475 68
8475 0
8475 0
8475 0
8475 0
8475 0
8475 0
8475 0
8475 0
8475 0
8475 0
8475 0
8475 0
8475 0
8475 0
8475 0
8475 0
8475 0
8475 0
8475 0
8475 0
8500 0
8500 0
8500 0
8500 0
8500 0
8500 0
8500 0
8500 0
8500 0
8500 0
8500 68
8500 0
8500 0
8500 0
8500 0
8500 0
8500 0
8500 0
8500 0
8500 0
8500 0
8500 0
8500 0
8500 0
8500 0
8500 0
8500 0
8500 0
8500 0
8500 0
8500 0
8560 0
8560 0
8560 0
8560 0
8560 0
8560 0
8560 0
8560 0
8560 0
8560 0
8560 68
8560 0
8560 0
8560 0
8560 0
8560 0
8560 0
8560 0
8560 0
8560 0
8560 0
8560 0
8560 0
8560 0
8560 0
8560 0
8560 0
8560 0
8560 0
8560 0
8560 0
8664 0
8664 0
8664 0
8664 0
8664 0
8664 0
8664 0
8664 0
8664 0
8664 0
8664 68
8664 0
8664 0
8664 0
8664 0
8664 0
8664 0
8664 0
8664 0
8664 0
8664 0
8664 0
8664 0
8664 0
8664 0
8664 0
8664 0
8664 0
8664 0
8664 0
8664 0
8694 0
8694 0
8694 0
8694 0
8694 0
8694 0
8694 0
8694 0
8694 0
8694 0
8694 68
8694 0
8694 0
8694 0
8694 0
8694 0
8694 0
8694 0
8694 0
8694 0
8694 0
8694 0
8694 0
8694 0
8694 0
8694 0
8694 0
8694 0
8694 0
8694 0
8694 0
8784 0
8784 0
8784 0
8784 0
8784 0
8784 0
8784 0
8784 0
8784 0
8784 0
8784 68
8784 0
8784 0
8784 0
8784 0
8784 0
8784 0
8784 0
8784 0
8784 0
8784 0
8784 0
8784 0
8784 0
8784 0
8784 0
8784 0
8784 0
8784 0
8784 0
8784 0
8829 0
8829 0
8829 0
8829 0
8829 0
8829 0
8829 0
8829 0
8829 0
8829 0
8829 68
8829 0
8829 0
8829 0
8829 0
8829 0
8829 0
8829 0
8829 0
8829 0
8829 0
8829 0
8829 0
8829 0
8829 0
8829 0
8829 0
8829 0
8829 0
8829 0
8829 0
8832 0
8832 0
8832 0
8832 0
8832 0
8832 0
8832 0
8832 0
8832 0
8832 0
8832 154
8832 0
8832 0
8832 0
8832 0
8832 0
8832 0
8832 0
8832 0
8832 0
8832 0
8832 0
8832 0
8832 0
8832 0
8832 0
8832 0
8832 0
8832 0
8832 0
8832 0
8890 0
8890 0
8890 0
8890 0
8890 0
8890 0
8890 0
8890 0
8890 0
8890 0
8890 326
8890 0
8890 0
8890 0
8890 0
8890 0
8890 0
8890 0
8890 0
8890 0
8890 0
8890 0
8890 0
8890 0
8890 1
8890 0
8890 0
8890 0
8890 0
8890 0
8890 0
8918 0
8918 0
8918 0
8918 0
8918 0
8918 0
8918 0
8918 0
8918 0
8918 0
8918 68
8918 0
8918 0
8918 0
8918 0
8918 0
8918 0
8918 0
8918 0
8918 0
8918 0
8918 0
8918 0
8918 0
8918 0
8918 0
8918 0
8918 0
8918 0
8918 0
8918 0
8945 0
8945 0
8945 0
8945 0
8945 0
8945 0
8945 0
8945 0
8945 0
8945 0
8945 154
8945 0
8945 0
8945 0
8945 0
8945 0
8945 0
8945 0
8945 0
8945 0
8945 0
8945 0
8945 0
8945 0
8945 0
8945 0
8945 0
8945 0
8945 0
8945 0
8945 0
8957 0
8957 0
8957 0
8957 0
8957 0
8957 0
8957 0
8957 0
8957 0
8957 0
8957 154
8957 0
8957 0
8957 0
8957 0
8957 0
8957 0
8957 0
8957 0
8957 0
8957 0
8957 0
8957 0
8957 0
8957 0
8957 0
8957 0
8957 0
8957 0
8957 0
8957 0
8971 0
8971 0
8971 0
8971 0
8971 0
8971 0
8971 0
8971 0
8971 0
8971 0
8971 394
8971 0
8971 0
8971 0
8971 0
8971 0
8971 0
8971 0
8971 0
8971 0
8971 0
8971 0
8971 0
8971 0
8971 131
8971 0
8971 0
8971 0
8971 0
8971 0
8971 0
8997 0
8997 0
8997 0
8997 0
8997 0
8997 0
8997 0
8997 0
8997 0
8997 0
8997 68
8997 0
8997 0
8997 0
8997 0
8997 0
8997 0
8997 0
8997 0
8997 0
8997 0
8997 0
8997 0
8997 0
8997 0
8997 0
8997 0
8997 0
8997 0
8997 0
8997 0
9023 0
9023 0
9023 0
9023 0
9023 0
9023 0
9023 0
9023 0
9023 0
9023 0
9023 622
9023 0
9023 0
9023 0
9023 0
9023 0
9023 0
9023 0
9023 0
9023 0
9023 0
9023 0
9023 0
9023 0
9023 0
9023 0
9023 0
9023 0
9023 0
9023 0
9023 0
9046 0
9046 0
9046 0
9046 0
9046 0
9046 0
9046 0
9046 0
9046 0
9046 0
9046 228
9046 0
9046 0
9046 0
9046 0
9046 0
9046 0
9046 0
9046 0
9046 0
9046 0
9046 0
9046 0
9046 0
9046 1
9046 0
9046 0
9046 0
9046 0
9046 0
9046 0
9053 0
9053 0
9053 0
9053 0
9053 0
9053 0
9053 0
9053 0
9053 0
9053 0
9053 149
9053 0
9053 0
9053 0
9053 0
9053 0
9053 0
9053 0
9053 0
9053 0
9053 0
9053 0
9053 0
9053 0
9053 0
9053 0
9053 0
9053 0
9053 0
9053 0
9053 0
9069 0
9069 0
9069 0
9069 0
9069 0
9069 0
9069 0
9069 0
9069 0
9069 0
9069 228
9069 0
9069 0
9069 0
9069 0
9069 0
9069 0
9069 0
9069 0
9069 0
9069 0
9069 0
9069 0
9069 0
9069 1
9069 0
9069 0
9069 0
9069 0
9069 0
9069 0
9097 0
9097 0
9097 0
9097 0
9097 0
9097 0
9097 0
9097 0
9097 0
9097 0
9097 307
9097 0
9097 0
9097 0
9097 0
9097 0
9097 0
9097 0
9097 0
9097 0
9097 0
9097 0
9097 0
9097 0
9097 0
9097 0
9097 0
9097 0
9097 0
9097 0
9097 0
9099 0
9099 0
9099 0
9099 0
9099 0
9099 0
9099 0
9099 0
9099 0
9099 0
9099 68
9099 0
9099 0
9099 0
9099 0
9099 0
9099 0
9099 0
9099 0
9099 0
9099 0
9099 0
9099 0
9099 0
9099 0
9099 0
9099 0
9099 0
9099 0
9099 0
9099 0
9143 0
9143 0
9143 0
9143 0
9143 0
9143 0
9143 0
9143 0
9143 0
9143 0
9143 154
9143 0
9143 0
9143 0
9143 0
9143 0
9143 0
9143 0
9143 0
9143 0
9143 0
9143 0
9143 0
9143 0
9143 0
9143 0
9143 0
9143 0
9143 0
9143 0
9143 0
9154 0
9154 0
9154 0
9154 0
9154 0
9154 0
9154 0
9154 0
9154 0
9154 0
9154 394
9154 0
9154 0
9154 0
9154 0
9154 0
9154 0
9154 0
9154 0
9154 0
9154 0
9154 0
9154 0
9154 0
9154 131
9154 0
9154 0
9154 0
9154 0
9154 0
9154 0
9175 0
9175 0
9175 0
9175 0
9175 0
9175 0
9175 0
9175 0
9175 0
9175 0
9175 561
9175 0
9175 0
9175 0
9175 0
9175 0
9175 0
9175 0
9175 0
9175 0
9175 0
9175 0
9175 0
9175 0
9175 3
9175 0
9175 0
9175 0
9175 0
9175 0
9175 0
9184 0
9184 0
9184 0
9184 0
9184 0
9184 0
9184 0
9184 0
9184 0
9184 0
9184 488
9184 0
9184 0
9184 0
9184 0
9184 0
9184 0
9184 0
9184 0
9184 0
9184 0
9184 0
9184 0
9184 0
9184 3
9184 0
9184 0
9184 0
9184 0
9184 0
9184 0
9200 0
9200 0
9200 0
9200 0
9200 0
9200 0
9200 0
9200 0
9200 0
9200 0
9200 307
9200 0
9200 0
9200 0
9200 0
9200 0
9200 0
9200 0
9200 0
9200 0
9200 0
9200 0
9200 0
9200 0
9200 0
9200 0
9200 0
9200 0
9200 0
9200 0
9200 0
9221 0
9221 0
9221 0
9221 0
9221 0
9221 0
9221 0
9221 0
9221 0
9221 0
9221 796
9221 0
9221 0
9221 0
9221 0
9221 0
9221 0
9221 0
9221 0
9221 0
9221 0
9221 0
9221 0
9221 0
9221 3
9221 0
9221 0
9221 0
9221 0
9221 0
9221 0
9222 0
9222 0
9222 0
9222 0
9222 0
9222 0
9222 0
9222 0
9222 0
9222 0
9222 154
9222 0
9222 0
9222 0
9222 0
9222 0
9222 0
9222 0
9222 0
9222 0
9222 0
9222 0
9222 0
9222 0
9222 0
9222 0
9222 0
9222 0
9222 0
9222 0
9222 0
9303 0
9303 0
9303 0
9303 0
9303 0
9303 0
9303 0
9303 0
9303 0
9303 0
9303 394
9303 0
9303 0
9303 0
9303 0
9303 0
9303 0
9303 0
9303 0
9303 0
9303 0
9303 0
9303 0
9303 0
9303 131
9303 0
9303 0
9303 0
9303 0
9303 0
9303 0
9316 0
9316 0
9316 0
9316 0
9316 0
9316 0
9316 0
9316 0
9316 0
9316 0
9316 352
9316 0
9316 0
9316 0
9316 0
9316 0
9316 0
9316 0
9316 0
9316 0
9316 0
9316 0
9316 0
9316 0
9316 0
9316 0
9316 0
9316 0
9316 0
9316 0
9316 0
9335 0
9335 0
9335 0
9335 0
9335 0
9335 0
9335 0
9335 0
9335 0
9335 0
9335 863
9335 0
9335 0
9335 0
9335 0
9335 0
9335 0
9335 0
9335 0
9335 0
9335 0
9335 0
9335 0
9335 0
9335 44
9335 0
9335 0
9335 0
9335 0
9335 0
9335 0
9342 0
9342 0
9342 0
9342 0
9342 0
9342 0
9342 0
9342 0
9342 0
9342 0
9342 1037
9342 0
9342 0
9342 0
9342 0
9342 0
9342 0
9342 0
9342 0
9342 0
9342 0
9342 0
9342 0
9342 0
9342 30
9342 0
9342 0
9342 0
9342 0
9342 0
9342 0
9394 0
9394 0
9394 0
9394 0
9394 0
9394 0
9394 0
9394 0
9394 0
9394 0
9394 498
9394 0
9394 0
9394 0
9394 0
9394 0
9394 0
9394 0
9394 0
9394 0
9394 0
9394 0
9394 0
9394 0
9394 0
9394 0
9394 0
9394 0
9394 0
9394 0
9394 0
9404 0
9404 0
9404 0
9404 0
9404 0
9404 0
9404 0
9404 0
9404 0
9404 0
9404 510
9404 0
9404 0
9404 0
9404 0
9404 0
9404 0
9404 0
9404 0
9404 0
9404 0
9404 0
9404 0
9404 0
9404 1
9404 0
9404 0
9404 0
9404 0
9404 0
9404 0
9481 0
9481 0
9481 0
9481 0
9481 0
9481 0
9481 0
9481 0
9481 0
9481 0
9481 325
9481 0
9481 0
9481 0
9481 0
9481 0
9481 0
9481 0
9481 0
9481 0
9481 0
9481 0
9481 0
9481 0
9481 0
9481 0
9481 0
9481 0
9481 0
9481 0
9481 0
9497 0
9497 0
9497 0
9497 0
9497 0
9497 0
9497 0
9497 0
9497 0
9497 0
9497 1645
9497 0
9497 0
9497 0
9497 0
9497 0
9497 0
9497 0
9497 0
9497 0
9497 0
9497 0
9497 0
9497 0
9497 8
9497 0
9497 0
9497 0
9497 0
9497 0
9497 0
9507 0
9507 0
9507 0
9507 0
9507 0
9507 0
9507 0
9507 0
9507 0
9507 0
9507 899
9507 0
9507 0
9507 0
9507 0
9507 0
9507 0
9507 0
9507 0
9507 0
9507 0
9507 0
9507 0
9507 0
9507 1
9507 0
9507 0
9507 0
9507 0
9507 0
9507 0
9544 0
9544 0
9544 0
9544 0
9544 0
9544 0
9544 0
9544 0
9544 0
9544 0
9544 794
9544 0
9544 0
9544 0
9544 0
9544 0
9544 0
9544 0
9544 0
9544 0
9544 0
9544 0
9544 0
9544 0
9544 0
9544 0
9544 0
9544 0
9544 0
9544 0
9544 0
9572 0
9572 0
9572 0
9572 0
9572 0
9572 0
9572 0
9572 0
9572 0
9572 0
9572 498
9572 0
9572 0
9572 0
9572 0
9572 0
9572 0
9572 0
9572 0
9572 0
9572 0
9572 0
9572 0
9572 0
9572 0
9572 0
9572 0
9572 0
9572 0
9572 0
9572 0
9599 0
9599 0
9599 0
9599 0
9599 0
9599 0
9599 0
9599 0
9599 0
9599 0
9599 1180
9599 0
9599 0
9599 0
9599 0
9599 0
9599 0
9599 0
9599 0
9599 0
9599 0
9599 0
9599 0
9599 0
9599 6
9599 0
9599 0
9599 0
9599 0
9599 0
9599 0
9660 0
9660 0
9660 0
9660 0
9660 0
9660 0
9660 0
9660 0
9660 0
9660 0
9660 773
9660 0
9660 0
9660 0
9660 0
9660 0
9660 0
9660 0
9660 0
9660 0
9660 0
9660 0
9660 0
9660 0
9660 30
9660 0
9660 0
9660 0
9660 0
9660 0
9660 0
9666 0
9666 0
9666 0
9666 0
9666 0
9666 0
9666 0
9666 0
9666 0
9666 0
9666 773
9666 0
9666 0
9666 0
9666 0
9666 0
9666 0
9666 0
9666 0
9666 0
9666 0
9666 0
9666 0
9666 0
9666 30
9666 0
9666 0
9666 0
9666 0
9666 0
9666 0
9670 0
9670 0
9670 0
9670 0
9670 0
9670 0
9670 0
9670 0
9670 0
9670 0
9670 165
9670 0
9670 0
9670 0
9670 0
9670 0
9670 0
9670 0
9670 0
9670 0
9670 0
9670 0
9670 0
9670 0
9670 0
9670 0
9670 0
9670 0
9670 0
9670 0
9670 0
9685 0
9685 0
9685 0
9685 0
9685 0
9685 0
9685 0
9685 0
9685 0
9685 0
9685 1285
9685 0
9685 0
9685 0
9685 0
9685 0
9685 0
9685 0
9685 0
9685 0
9685 0
9685 0
9685 0
9685 0
9685 28
9685 0
9685 0
9685 0
9685 0
9685 0
9685 0
9688 0
9688 0
9688 0
9688 0
9688 0
9688 0
9688 0
9688 0
9688 0
9688 0
9688 1098
9688 0
9688 0
9688 0
9688 0
9688 0
9688 0
9688 0
9688 0
9688 0
9688 0
9688 0
9688 0
9688 0
9688 7
9688 0
9688 0
9688 0
9688 0
9688 0
9688 0
9717 0
9717 0
9717 0
9717 0
9717 0
9717 0
9717 0
9717 0
9717 0
9717 0
9717 639
9717 0
9717 0
9717 0
9717 0
9717 0
9717 0
9717 0
9717 0
9717 0
9717 0
9717 0
9717 0
9717 0
9717 11
9717 0
9717 0
9717 0
9717 0
9717 0
9717 0
9735 0
9735 0
9735 0
9735 0
9735 0
9735 0
9735 0
9735 0
9735 0
9735 0
9735 523
9735 0
9735 0
9735 0
9735 0
9735 0
9735 0
9735 0
9735 0
9735 0
9735 0
9735 0
9735 0
9735 0
9735 7
9735 0
9735 0
9735 0
9735 0
9735 0
9735 0
9741 0
9741 0
9741 0
9741 0
9741 0
9741 0
9741 0
9741 0
9741 0
9741 0
9741 510
9741 0
9741 0
9741 0
9741 0
9741 0
9741 0
9741 0
9741 0
9741 0
9741 0
9741 0
9741 0
9741 0
9741 1
9741 0
9741 0
9741 0
9741 0
9741 0
9741 0
9746 0
9746 0
9746 0
9746 0
9746 0
9746 0
9746 0
9746 0
9746 0
9746 0
9746 717
9746 0
9746 0
9746 0
9746 0
9746 0
9746 0
9746 0
9746 0
9746 0
9746 0
9746 0
9746 0
9746 0
9746 0
9746 0
9746 0
9746 0
9746 0
9746 0
9746 0
9748 0
9748 0
9748 0
9748 0
9748 0
9748 0
9748 0
9748 0
9748 0
9748 0
9748 510
9748 0
9748 0
9748 0
9748 0
9748 0
9748 0
9748 0
9748 0
9748 0
9748 0
9748 0
9748 0
9748 0
9748 1
9748 0
9748 0
9748 0
9748 0
9748 0
9748 0
9766 0
9766 0
9766 0
9766 0
9766 0
9766 0
9766 0
9766 0
9766 0
9766 0
9766 237
9766 0
9766 0
9766 0
9766 0
9766 0
9766 0
9766 0
9766 0
9766 0
9766 0
9766 0
9766 0
9766 0
9766 0
9766 0
9766 0
9766 0
9766 0
9766 0
9766 0
9801 0
9801 0
9801 0
9801 0
9801 0
9801 0
9801 0
9801 0
9801 0
9801 0
9801 116
9801 0
9801 0
9801 0
9801 0
9801 0
9801 0
9801 0
9801 0
9801 0
9801 0
9801 0
9801 0
9801 0
9801 0
9801 0
9801 0
9801 0
9801 0
9801 0
9801 0
9808 0
9808 0
9808 0
9808 0
9808 0
9808 0
9808 0
9808 0
9808 0
9808 0
9808 1595
9808 0
9808 0
9808 0
9808 0
9808 0
9808 0
9808 0
9808 0
9808 0
9808 0
9808 0
9808 0
9808 0
9808 9
9808 0
9808 0
9808 0
9808 0
9808 0
9808 0
9821 0
9821 0
9821 0
9821 0
9821 0
9821 0
9821 0
9821 0
9821 0
9821 0
9821 2220
9821 0
9821 0
9821 0
9821 0
9821 0
9821 0
9821 0
9821 0
9821 0
9821 0
9821 0
9821 0
9821 0
9821 4
9821 0
9821 0
9821 0
9821 0
9821 0
9821 0
9822 0
9822 0
9822 0
9822 0
9822 0
9822 0
9822 0
9822 0
9822 0
9822 0
9822 237
9822 0
9822 0
9822 0
9822 0
9822 0
9822 0
9822 0
9822 0
9822 0
9822 0
9822 0
9822 0
9822 0
9822 0
9822 0
9822 0
9822 0
9822 0
9822 0
9822 0
9826 0
9826 0
9826 0
9826 0
9826 0
9826 0
9826 0
9826 0
9826 0
9826 0
9826 237
9826 0
9826 0
9826 0
9826 0
9826 0
9826 0
9826 0
9826 0
9826 0
9826 0
9826 0
9826 0
9826 0
9826 0
9826 0
9826 0
9826 0
9826 0
9826 0
9826 0
9916 0
9916 0
9916 0
9916 0
9916 0
9916 0
9916 0
9916 0
9916 0
9916 0
9916 237
9916 0
9916 0
9916 0
9916 0
9916 0
9916 0
9916 0
9916 0
9916 0
9916 0
9916 0
9916 0
9916 0
9916 0
9916 0
9916 0
9916 0
9916 0
9916 0
9916 0
9922 0
9922 0
9922 0
9922 0
9922 0
9922 0
9922 0
9922 0
9922 0
9922 0
9922 320
9922 0
9922 0
9922 0
9922 0
9922 0
9922 0
9922 0
9922 0
9922 0
9922 0
9922 0
9922 0
9922 0
9922 0
9922 0
9922 0
9922 0
9922 0
9922 0
9922 0
9946 0
9946 0
9946 0
9946 0
9946 0
9946 0
9946 0
9946 0
9946 0
9946 0
9946 1025
9946 0
9946 0
9946 0
9946 0
9946 0
9946 0
9946 0
9946 0
9946 0
9946 0
9946 0
9946 0
9946 0
9946 1
9946 0
9946 0
9946 0
9946 0
9946 0
9946 0
9966 0
9966 0
9966 0
9966 0
9966 0
9966 0
9966 0
9966 0
9966 0
9966 0
9966 1962
9966 0
9966 0
9966 0
9966 0
9966 0
9966 0
9966 0
9966 0
9966 0
9966 0
9966 0
9966 0
9966 0
9966 0
9966 0
9966 0
9966 0
9966 0
9966 0
9966 0
9971 0
9971 0
9971 0
9971 0
9971 0
9971 0
9971 0
9971 0
9971 0
9971 0
9971 116
9971 0
9971 0
9971 0
9971 0
9971 0
9971 0
9971 0
9971 0
9971 0
9971 0
9971 0
9971 0
9971 0
9971 0
9971 0
9971 0
9971 0
9971 0
9971 0
9971 0
9993 0
9993 0
9993 0
9993 0
9993 0
9993 0
9993 0
9993 0
9993 0
9993 0
9993 1539
9993 0
9993 0
9993 0
9993 0
9993 0
9993 0
9993 0
9993 0
9993 0
9993 0
9993 0
9993 0
9993 0
9993 3
9993 0
9993 0
9993 0
9993 0
9993 0
9993 0
10056 0
10056 0
10056 0
10056 0
10056 0
10056 0
10056 0
10056 0
10056 0
10056 0
10056 165
10056 0
10056 0
10056 0
10056 0
10056 0
10056 0
10056 0
10056 0
10056 0
10056 0
10056 0
10056 0
10056 0
10056 0
10056 0
10056 0
10056 0
10056 0
10056 0
10056 0
10093 0
10093 0
10093 0
10093 0
10093 0
10093 0
10093 0
10093 0
10093 0
10093 0
10093 246
10093 0
10093 0
10093 0
10093 0
10093 0
10093 0
10093 0
10093 0
10093 0
10093 0
10093 0
10093 0
10093 0
10093 0
10093 0
10093 0
10093 0
10093 0
10093 0
10093 0
10112 0
10112 0
10112 0
10112 0
10112 0
10112 0
10112 0
10112 0
10112 0
10112 0
10112 116
10112 0
10112 0
10112 0
10112 0
10112 0
10112 0
10112 0
10112 0
10112 0
10112 0
10112 0
10112 0
10112 0
10112 0
10112 0
10112 0
10112 0
10112 0
10112 0
10112 0
10145 0
10145 0
10145 0
10145 0
10145 0
10145 0
10145 0
10145 0
10145 0
10145 0
10145 149
10145 0
10145 0
10145 0
10145 0
10145 0
10145 0
10145 0
10145 0
10145 0
10145 0
10145 0
10145 0
10145 0
10145 0
10145 0
10145 0
10145 0
10145 0
10145 0
10145 0
10164 0
10164 0
10164 0
10164 0
10164 0
10164 0
10164 0
10164 0
10164 0
10164 0
10164 165
10164 0
10164 0
10164 0
10164 0
10164 0
10164 0
10164 0
10164 0
10164 0
10164 0
10164 0
10164 0
10164 0
10164 0
10164 0
10164 0
10164 0
10164 0
10164 0
10164 0
10165 0
10165 0
10165 0
10165 0
10165 0
10165 0
10165 0
10165 0
10165 0
10165 0
10165 149
10165 0
10165 0
10165 0
10165 0
10165 0
10165 0
10165 0
10165 0
10165 0
10165 0
10165 0
10165 0
10165 0
10165 0
10165 0
10165 0
10165 0
10165 0
10165 0
10165 0
10222 0
10222 0
10222 0
10222 0
10222 0
10222 0
10222 0
10222 0
10222 0
10222 0
10222 165
10222 0
10222 0
10222 0
10222 0
10222 0
10222 0
10222 0
10222 0
10222 0
10222 0
10222 0
10222 0
10222 0
10222 0
10222 0
10222 0
10222 0
10222 0
10222 0
10222 0
10224 0
10224 0
10224 0
10224 0
10224 0
10224 0
10224 0
10224 0
10224 0
10224 0
10224 149
10224 0
10224 0
10224 0
10224 0
10224 0
10224 0
10224 0
10224 0
10224 0
10224 0
10224 0
10224 0
10224 0
10224 0
10224 0
10224 0
10224 0
10224 0
10224 0
10224 0
10242 0
10242 0
10242 0
10242 0
10242 0
10242 0
10242 0
10242 0
10242 0
10242 0
10242 246
10242 0
10242 0
10242 0
10242 0
10242 0
10242 0
10242 0
10242 0
10242 0
10242 0
10242 0
10242 0
10242 0
10242 0
10242 0
10242 0
10242 0
10242 0
10242 0
10242 0
10252 0
10252 0
10252 0
10252 0
10252 0
10252 0
10252 0
10252 0
10252 0
10252 0
10252 24
10252 0
10252 0
10252 0
10252 0
10252 0
10252 0
10252 0
10252 0
10252 0
10252 0
10252 0
10252 0
10252 0
10252 0
10252 0
10252 0
10252 0
10252 0
10252 0
10252 0
10254 0
10254 0
10254 0
10254 0
10254 0
10254 0
10254 0
10254 0
10254 0
10254 0
10254 116
10254 0
10254 0
10254 0
10254 0
10254 0
10254 0
10254 0
10254 0
10254 0
10254 0
10254 0
10254 0
10254 0
10254 0
10254 0
10254 0
10254 0
10254 0
10254 0
10254 0
10274 0
10274 0
10274 0
10274 0
10274 0
10274 0
10274 0
10274 0
10274 0
10274 0
10274 24
10274 0
10274 0
10274 0
10274 0
10274 0
10274 0
10274 0
10274 0
10274 0
10274 0
10274 0
10274 0
10274 0
10274 0
10274 0
10274 0
10274 0
10274 0
10274 0
10274 0
10332 0
10332 0
10332 0
10332 0
10332 0
10332 0
10332 0
10332 0
10332 0
10332 0
10332 166
10332 0
10332 0
10332 0
10332 0
10332 0
10332 0
10332 0
10332 0
10332 0
10332 0
10332 0
10332 0
10332 0
10332 0
10332 0
10332 0
10332 0
10332 0
10332 0
10332 0
10340 0
10340 0
10340 0
10340 0
10340 0
10340 0
10340 0
10340 0
10340 0
10340 0
10340 206
10340 0
10340 0
10340 0
10340 0
10340 0
10340 0
10340 0
10340 0
10340 0
10340 0
10340 0
10340 0
10340 0
10340 0
10340 0
10340 0
10340 0
10340 0
10340 0
10340 0
10365 0
10365 0
10365 0
10365 0
10365 0
10365 0
10365 0
10365 0
10365 0
10365 0
10365 166
10365 0
10365 0
10365 0
10365 0
10365 0
10365 0
10365 0
10365 0
10365 0
10365 0
10365 0
10365 0
10365 0
10365 0
10365 0
10365 0
10365 0
10365 0
10365 0
10365 0
10374 0
10374 0
10374 0
10374 0
10374 0
10374 0
10374 0
10374 0
10374 0
10374 0
10374 116
10374 0
10374 0
10374 0
10374 0
10374 0
10374 0
10374 0
10374 0
10374 0
10374 0
10374 0
10374 0
10374 0
10374 0
10374 0
10374 0
10374 0
10374 0
10374 0
10374 0
10382 0
10382 0
10382 0
10382 0
10382 0
10382 0
10382 0
10382 0
10382 0
10382 0
10382 149
10382 0
10382 0
10382 0
10382 0
10382 0
10382 0
10382 0
10382 0
10382 0
10382 0
10382 0
10382 0
10382 0
10382 0
10382 0
10382 0
10382 0
10382 0
10382 0
10382 0
10418 0
10418 0
10418 0
10418 0
10418 0
10418 0
10418 0
10418 0
10418 0
10418 0
10418 166
10418 0
10418 0
10418 0
10418 0
10418 0
10418 0
10418 0
10418 0
10418 0
10418 0
10418 0
10418 0
10418 0
10418 0
10418 0
10418 0
10418 0
10418 0
10418 0
10418 0
10421 0
10421 0
10421 0
10421 0
10421 0
10421 0
10421 0
10421 0
10421 0
10421 0
10421 166
10421 0
10421 0
10421 0
10421 0
10421 0
10421 0
10421 0
10421 0
10421 0
10421 0
10421 0
10421 0
10421 0
10421 0
10421 0
10421 0
10421 0
10421 0
10421 0
10421 0
10436 0
10436 0
10436 0
10436 0
10436 0
10436 0
10436 0
10436 0
10436 0
10436 0
10436 333
10436 0
10436 0
10436 0
10436 0
10436 0
10436 0
10436 0
10436 0
10436 0
10436 0
10436 0
10436 0
10436 0
10436 0
10436 0
10436 0
10436 0
10436 0
10436 0
10436 0
10455 0
10455 0
10455 0
10455 0
10455 0
10455 0
10455 0
10455 0
10455 0
10455 0
10455 149
10455 0
10455 0
10455 0
10455 0
10455 0
10455 0
10455 0
10455 0
10455 0
10455 0
10455 0
10455 0
10455 0
10455 0
10455 0
10455 0
10455 0
10455 0
10455 0
10455 0
10501 0
10501 0
10501 0
10501 0
10501 0
10501 0
10501 0
10501 0
10501 0
10501 0
10501 24
10501 0
10501 0
10501 0
10501 0
10501 0
10501 0
10501 0
10501 0
10501 0
10501 0
10501 0
10501 0
10501 0
10501 0
10501 0
10501 0
10501 0
10501 0
10501 0
10501 0
10513 0
10513 0
10513 0
10513 0
10513 0
10513 0
10513 0
10513 0
10513 0
10513 0
10513 166
10513 0
10513 0
10513 0
10513 0
10513 0
10513 0
10513 0
10513 0
10513 0
10513 0
10513 0
10513 0
10513 0
10513 0
10513 0
10513 0
10513 0
10513 0
10513 0
10513 0
10518 0
10518 0
10518 0
10518 0
10518 0
10518 0
10518 0
10518 0
10518 0
10518 0
10518 149
10518 0
10518 0
10518 0
10518 0
10518 0
10518 0
10518 0
10518 0
10518 0
10518 0
10518 0
10518 0
10518 0
10518 0
10518 0
10518 0
10518 0
10518 0
10518 0
10518 0
10531 0
10531 0
10531 0
10531 0
10531 0
10531 0
10531 0
10531 0
10531 0
10531 0
10531 24
10531 0
10531 0
10531 0
10531 0
10531 0
10531 0
10531 0
10531 0
10531 0
10531 0
10531 0
10531 0
10531 0
10531 0
10531 0
10531 0
10531 0
10531 0
10531 0
10531 0
10639 0
10639 0
10639 0
10639 0
10639 0
10639 0
10639 0
10639 0
10639 0
10639 0
10639 24
10639 0
10639 0
10639 0
10639 0
10639 0
10639 0
10639 0
10639 0
10639 0
10639 0
10639 0
10639 0
10639 0
10639 0
10639 0
10639 0
10639 0
10639 0
10639 0
10639 0
10823 0
10823 0
10823 0
10823 0
10823 0
10823 0
10823 0
10823 0
10823 0
10823 0
10823 166
10823 0
10823 0
10823 0
10823 0
10823 0
10823 0
10823 0
10823 0
10823 0
10823 0
10823 0
10823 0
10823 0
10823 0
10823 0
10823 0
10823 0
10823 0
10823 0
10823 0
10850 0
10850 0
10850 0
10850 0
10850 0
10850 0
10850 0
10850 0
10850 0
10850 0
10850 166
10850 0
10850 0
10850 0
10850 0
10850 0
10850 0
10850 0
10850 0
10850 0
10850 0
10850 0
10850 0
10850 0
10850 0
10850 0
10850 0
10850 0
10850 0
10850 0
10850 0
11068 0
11068 0
11068 0
11068 0
11068 0
11068 0
11068 0
11068 0
11068 0
11068 0
11068 0
11068 280
11068 0
11068 0
11068 0
11068 0
11068 0
11068 0
11068 0
11068 0
11068 0
11068 0
11068 0
11068 0
11068 0
11068 0
11068 0
11068 0
11068 0
11068 0
11068 0
11075 0
11075 0
11075 0
11075 0
11075 0
11075 0
11075 0
11075 0
11075 0
11075 0
11075 0
11075 110
11075 0
11075 0
11075 0
11075 0
11075 0
11075 0
11075 0
11075 0
11075 0
11075 0
11075 0
11075 0
11075 0
11075 0
11075 0
11075 0
11075 0
11075 0
11075 0
11122 0
11122 0
11122 0
11122 0
11122 0
11122 0
11122 0
11122 0
11122 0
11122 0
11122 0
11122 458
11122 0
11122 0
11122 0
11122 0
11122 0
11122 0
11122 0
11122 0
11122 0
11122 0
11122 0
11122 0
11122 0
11122 0
11122 0
11122 0
11122 0
11122 0
11122 0
12086 0
12086 0
12086 0
12086 0
12086 0
12086 0
12086 0
12086 0
12086 0
12086 0
12086 0
12086 37
12086 0
12086 0
12086 0
12086 0
12086 0
12086 0
12086 0
12086 0
12086 0
12086 0
12086 0
12086 0
12086 0
12086 0
12086 0
12086 0
12086 0
12086 0
12086 0
