pt_graph shape
4800 0
4800 0
4800 0
4800 0
4800 0
4800 0
4800 0
4800 0
4800 0
4800 0
4800 0
4800 0
4800 0
4800 0
4800 0
4800 0
4800 0
4800 0
4800 0
4800 0
4800 0
4800 0
4800 0
4800 0
4800 0
4800 0
4800 0
4800 0
4800 0
4800 0
4800 0
4922 0
4922 0
4922 0
4922 0
4922 0
4922 0
4922 0
4922 0
4922 0
4922 0
4922 0
4922 0
4922 0
4922 0
4922 0
4922 0
4922 0
4922 0
4922 0
4922 0
4922 0
4922 0
4922 0
4922 0
4922 0
4922 0
4922 0
4922 0
4922 0
4922 0
4922 0
4941 0
4941 1.67
4941 0
4941 0
4941 0
4941 0
4941 0
4941 0
4941 0
4941 0
4941 0
4941 0
4941 0
4941 0
4941 0
4941 0
4941 0
4941 0
4941 0
4941 0
4941 40.22
4941 0
4941 0
4941 33.32
4941 0
4941 0
4941 0
4941 0
4941 0
4941 0
4941 0
4966 0
4966 0
4966 0
4966 0
4966 0
4966 0
4966 0
4966 0
4966 0
4966 0
4966 0
4966 0
4966 0
4966 0
4966 0
4966 0
4966 0
4966 0
4966 0
4966 0
4966 0
4966 0
4966 0
4966 0
4966 0
4966 0
4966 0
4966 0
4966 0
4966 0
4966 0
5007 0
5007 1.67
5007 0
5007 0
5007 0
5007 0
5007 0
5007 0
5007 0
5007 0
5007 0
5007 0
5007 0
5007 0
5007 0
5007 0
5007 0
5007 0
5007 0
5007 0
5007 40.22
5007 0
5007 0
5007 33.32
5007 0
5007 0
5007 0
5007 0
5007 0
5007 0
5007 0
5192 0
5192 0
5192 0
5192 0
5192 0
5192 0
5192 0
5192 0
5192 0
5192 0
5192 0
5192 0
5192 0
5192 0
5192 0
5192 0
5192 0
5192 0
5192 0
5192 0
5192 0
5192 0
5192 0
5192 0
5192 0
5192 0
5192 0
5192 0
5192 0
5192 0
5192 0
5206 0
5206 1.67
5206 0
5206 0
5206 0
5206 0
5206 0
5206 0
5206 0
5206 0
5206 0
5206 0
5206 0
5206 0
5206 0
5206 0
5206 0
5206 0
5206 0
5206 0
5206 40.22
5206 0
5206 0
5206 33.32
5206 0
5206 0
5206 0
5206 0
5206 0
5206 0
5206 0
5265 0
5265 0
5265 0
5265 0
5265 0
5265 0
5265 0
5265 0
5265 0
5265 0
5265 0
5265 0
5265 0
5265 0
5265 0
5265 0
5265 0
5265 0
5265 0
5265 0
5265 0
5265 0
5265 0
5265 0
5265 0
5265 0
5265 0
5265 0
5265 0
5265 0
5265 0
5367 0
5367 1.67
5367 0
5367 0
5367 0
5367 0
5367 0
5367 0
5367 0
5367 0
5367 0
5367 0
5367 0
5367 0
5367 0
5367 0
5367 0
5367 0
5367 0
5367 0
5367 40.22
5367 0
5367 0
5367 33.32
5367 0
5367 0
5367 0
5367 0
5367 0
5367 0
5367 0
5414 0
5414 2.24
5414 0
5414 0
5414 0
5414 0
5414 0
5414 0
5414 0
5414 44.13
5414 0
5414 0
5414 0
5414 0
5414 0
5414 0
5414 0
5414 0
5414 0
5414 0
5414 30.58
5414 0
5414 0
5414 35.44
5414 0
5414 0
5414 0
5414 0
5414 0
5414 0
5414 0
5426 0
5426 1.8
5426 0
5426 0
5426 0
5426 0
5426 0
5426 0
5426 0
5426 27.76
5426 0
5426 0
5426 0
5426 0
5426 0
5426 0
5426 0
5426 0
5426 0
5426 0
5426 43.66
5426 0
5426 0
5426 30.33
5426 0
5426 0
5426 0
5426 0
5426 0
5426 0
5426 0
5438 0
5438 2.24
5438 0
5438 0
5438 0
5438 0
5438 0
5438 0
5438 0
5438 44.13
5438 0
5438 0
5438 0
5438 0
5438 0
5438 0
5438 0
5438 0
5438 0
5438 0
5438 30.58
5438 0
5438 0
5438 35.44
5438 0
5438 0
5438 0
5438 0
5438 0
5438 0
5438 0
5452 0
5452 1
5452 0
5452 0
5452 0
5452 0
5452 0
5452 0
5452 0
5452 2.45
5452 0
5452 0
5452 0
5452 0
5452 0
5452 0
5452 0
5452 0
5452 0
5452 0
5452 38.85
5452 0
5452 0
5452 57.42
5452 0
5452 0
5452 0
5452 0
5452 0
5452 0
5452 0
5538 0
5538 0
5538 0
5538 0
5538 0
5538 0
5538 0
5538 0
5538 0
5538 0
5538 0
5538 0
5538 0
5538 0
5538 0
5538 0
5538 0
5538 0
5538 0
5538 0
5538 0
5538 0
5538 0
5538 0
5538 0
5538 0
5538 0
5538 0
5538 0
5538 0
5538 0
5550 0
5550 2.24
5550 0
5550 0
5550 0
5550 0
5550 0
5550 0
5550 0
5550 44.13
5550 0
5550 0
5550 0
5550 0
5550 0
5550 0
5550 0
5550 0
5550 0
5550 0
5550 30.58
5550 0
5550 0
5550 35.44
5550 0
5550 0
5550 0
5550 0
5550 0
5550 0
5550 0
5557 0
5557 1.64
5557 0
5557 0
5557 0
5557 0
5557 0
5557 0
5557 0
5557 0
5557 0
5557 0
5557 0
5557 0
5557 0
5557 0
5557 0
5557 0
5557 0
5557 0
5557 0
5557 0
5557 0
5557 0
5557 0
5557 0
5557 0
5557 0
5557 0
5557 0
5557 0
5566 0
5566 0.96
5566 0
5566 0
5566 0
5566 0
5566 0
5566 0
5566 0
5566 1.43
5566 0
5566 0
5566 0
5566 0
5566 0
5566 0
5566 0
5566 0
5566 0
5566 0
5566 43.66
5566 0
5566 0
5566 2.85
5566 0
5566 0
5566 0
5566 0
5566 0
5566 0
5566 0
5570 0
5570 1.8
5570 0
5570 0
5570 0
5570 0
5570 0
5570 0
5570 0
5570 27.76
5570 0
5570 0
5570 0
5570 0
5570 0
5570 0
5570 0
5570 0
5570 0
5570 0
5570 43.66
5570 0
5570 0
5570 30.33
5570 0
5570 0
5570 0
5570 0
5570 0
5570 0
5570 0
5591 0
5591 0.98
5591 0
5591 0
5591 0
5591 0
5591 0
5591 0
5591 0
5591 0
5591 0
5591 0
5591 0
5591 0
5591 0
5591 0
5591 0
5591 0
5591 0
5591 0
5591 0
5591 0
5591 0
5591 29.17
5591 0
5591 0
5591 0
5591 0
5591 0
5591 0
5591 0
5608 0
5608 8.59
5608 0
5608 0
5608 0
5608 0
5608 0
5608 0
5608 0
5608 0
5608 0
5608 0
5608 0
5608 0
5608 0
5608 0
5608 0
5608 0
5608 0
5608 0
5608 29.98
5608 0
5608 0
5608 35.28
5608 0
5608 0
5608 0
5608 0
5608 0
5608 0
5608 0
5638 0
5638 0.7
5638 0
5638 0
5638 0
5638 0
5638 0
5638 0
5638 0
5638 65.77
5638 0
5638 0
5638 0
5638 0
5638 0
5638 0
5638 0
5638 0
5638 0
5638 0
5638 43.53
5638 0
5638 0
5638 65.97
5638 0
5638 0
5638 0
5638 0
5638 0
5638 0
5638 0
5643 0
5643 0.82
5643 0
5643 0
5643 0
5643 0
5643 0
5643 0
5643 0
5643 35.79
5643 0
5643 0
5643 0
5643 0
5643 0
5643 0
5643 0
5643 0
5643 0
5643 0
5643 28.74
5643 0
5643 0
5643 40.51
5643 0
5643 0
5643 0
5643 0
5643 0
5643 0
5643 0
5650 0
5650 0.99
5650 0
5650 0
5650 0
5650 0
5650 0
5650 0
5650 0
5650 0
5650 0
5650 0
5650 0
5650 0
5650 0
5650 0
5650 0
5650 0
5650 0
5650 0
5650 0
5650 0
5650 0
5650 9.16
5650 0
5650 28.16
5650 0
5650 0
5650 0
5650 0
5650 0
5656 0
5656 1.5
5656 0
5656 0
5656 0
5656 0
5656 0
5656 0
5656 0
5656 0
5656 0
5656 0
5656 0
5656 0
5656 0
5656 0
5656 0
5656 0
5656 0
5656 0
5656 43.53
5656 0
5656 0
5656 37.92
5656 0
5656 0
5656 0
5656 0
5656 0
5656 0
5656 0
5664 0
5664 0.96
5664 0
5664 0
5664 0
5664 0
5664 0
5664 0
5664 0
5664 0
5664 0
5664 0
5664 0
5664 0
5664 0
5664 0
5664 0
5664 0
5664 0
5664 0
5664 0
5664 0
5664 0
5664 32.87
5664 0
5664 28.16
5664 0
5664 0
5664 0
5664 0
5664 0
5669 0
5669 33.06
5669 0
5669 0
5669 0
5669 0
5669 0
5669 0
5669 0
5669 28.74
5669 0
5669 0
5669 0
5669 0
5669 0
5669 0
5669 0
5669 0
5669 0
5669 0
5669 0
5669 0
5669 0
5669 40.91
5669 0
5669 0
5669 0
5669 0
5669 0
5669 0
5669 0
5674 0
5674 18.09
5674 0
5674 0
5674 0
5674 0
5674 0
5674 0
5674 0
5674 29.89
5674 0
5674 0
5674 0
5674 0
5674 0
5674 0
5674 0
5674 0
5674 0
5674 0
5674 34.28
5674 0
5674 0
5674 0
5674 0
5674 0
5674 0
5674 0
5674 0
5674 0
5674 0
5687 0
5687 8.59
5687 0
5687 0
5687 0
5687 0
5687 0
5687 0
5687 0
5687 0
5687 0
5687 0
5687 0
5687 0
5687 0
5687 0
5687 0
5687 0
5687 0
5687 0
5687 29.98
5687 0
5687 0
5687 35.28
5687 0
5687 0
5687 0
5687 0
5687 0
5687 0
5687 0
5705 0
5705 2.24
5705 0
5705 0
5705 0
5705 0
5705 0
5705 0
5705 0
5705 44.13
5705 0
5705 0
5705 0
5705 0
5705 0
5705 0
5705 0
5705 0
5705 0
5705 0
5705 30.58
5705 0
5705 0
5705 35.44
5705 0
5705 0
5705 0
5705 0
5705 0
5705 0
5705 0
5711 0
5711 0.84
5711 0
5711 0
5711 0
5711 0
5711 0
5711 0
5711 0
5711 1.8
5711 0
5711 0
5711 0
5711 0
5711 0
5711 0
5711 0
5711 0
5711 0
5711 0
5711 32.47
5711 0
5711 0
5711 1.54
5711 0
5711 0
5711 0
5711 0
5711 0
5711 0
5711 0
5717 0
5717 1.36
5717 0
5717 0
5717 0
5717 0
5717 0
5717 0
5717 0
5717 1.35
5717 0
5717 0
5717 0
5717 0
5717 0
5717 0
5717 0
5717 0
5717 0
5717 0
5717 12.34
5717 0
5717 0
5717 1.18
5717 0
5717 0
5717 0
5717 0
5717 0
5717 0
5717 0
5722 0
5722 1.64
5722 0
5722 0
5722 0
5722 0
5722 0
5722 0
5722 0
5722 43.79
5722 0
5722 0
5722 0
5722 0
5722 0
5722 0
5722 0
5722 0
5722 0
5722 0
5722 32.92
5722 0
5722 0
5722 1.75
5722 0
5722 0
5722 0
5722 0
5722 0
5722 0
5722 0
5731 0
5731 2.91
5731 0
5731 0
5731 0
5731 0
5731 0
5731 0
5731 0
5731 0
5731 0
5731 0
5731 0
5731 0
5731 0
5731 0
5731 0
5731 0
5731 0
5731 0
5731 0
5731 0
5731 0
5731 47.74
5731 0
5731 0
5731 0
5731 0
5731 0
5731 0
5731 0
5743 0
5743 0.94
5743 0
5743 0
5743 0
5743 0
5743 0
5743 0
5743 0
5743 0
5743 0
5743 0
5743 0
5743 0
5743 0
5743 0
5743 0
5743 0
5743 0
5743 0
5743 28.04
5743 0
5743 0
5743 37.49
5743 0
5743 0
5743 0
5743 0
5743 0
5743 0
5743 0
5757 0
5757 8.59
5757 0
5757 0
5757 0
5757 0
5757 0
5757 0
5757 0
5757 0
5757 0
5757 0
5757 0
5757 0
5757 0
5757 0
5757 0
5757 0
5757 0
5757 0
5757 29.98
5757 0
5757 0
5757 35.28
5757 0
5757 0
5757 0
5757 0
5757 0
5757 0
5757 0
5763 0
5763 2.24
5763 0
5763 0
5763 0
5763 0
5763 0
5763 0
5763 0
5763 44.13
5763 0
5763 0
5763 0
5763 0
5763 0
5763 0
5763 0
5763 0
5763 0
5763 0
5763 30.58
5763 0
5763 0
5763 35.44
5763 0
5763 0
5763 0
5763 0
5763 0
5763 0
5763 0
5765 0
5765 2.24
5765 0
5765 0
5765 0
5765 0
5765 0
5765 0
5765 0
5765 44.13
5765 0
5765 0
5765 0
5765 0
5765 0
5765 0
5765 0
5765 0
5765 0
5765 0
5765 30.58
5765 0
5765 0
5765 35.44
5765 0
5765 0
5765 0
5765 0
5765 0
5765 0
5765 0
5769 0
5769 18.09
5769 0
5769 0
5769 0
5769 0
5769 0
5769 0
5769 0
5769 29.89
5769 0
5769 0
5769 0
5769 0
5769 0
5769 0
5769 0
5769 0
5769 0
5769 0
5769 34.28
5769 0
5769 0
5769 0
5769 0
5769 0
5769 0
5769 0
5769 0
5769 0
5769 0
5773 0
5773 0.88
5773 0
5773 0
5773 0
5773 0
5773 0
5773 0
5773 0
5773 2.23
5773 0
5773 0
5773 0
5773 0
5773 0
5773 0
5773 0
5773 0
5773 0
5773 0
5773 32.92
5773 0
5773 0
5773 0.61
5773 0
5773 0
5773 0
5773 0
5773 0
5773 0
5773 0
5782 0
5782 1.64
5782 0
5782 0
5782 0
5782 0
5782 0
5782 0
5782 0
5782 43.79
5782 0
5782 0
5782 0
5782 0
5782 0
5782 0
5782 0
5782 0
5782 0
5782 0
5782 32.92
5782 0
5782 0
5782 1.75
5782 0
5782 0
5782 0
5782 0
5782 0
5782 0
5782 0
5783 0
5783 4.33
5783 0
5783 40.03
5783 0
5783 0
5783 0
5783 0
5783 0
5783 2.83
5783 0
5783 0
5783 0
5783 0
5783 0
5783 0
5783 0
5783 0
5783 0
5783 0
5783 1.28
5783 0
5783 0
5783 0.87
5783 0
5783 0
5783 0
5783 0
5783 0
5783 0
5783 0
5787 0
5787 1.57
5787 0
5787 0
5787 0
5787 0
5787 0
5787 0
5787 0
5787 1.8
5787 0
5787 0
5787 0
5787 0
5787 0
5787 0
5787 0
5787 0
5787 0
5787 0
5787 0
5787 0
5787 0
5787 30.44
5787 0
5787 0
5787 0
5787 0
5787 0
5787 0
5787 0
5790 0
5790 12.6
5790 0
5790 0
5790 0
5790 0
5790 0
5790 0
5790 0
5790 2.62
5790 0
5790 0
5790 0
5790 0
5790 0
5790 0
5790 0
5790 0
5790 0
5790 0
5790 41.46
5790 0
5790 0
5790 2.56
5790 0
5790 0
5790 0
5790 0
5790 0
5790 0
5790 0
5794 0
5794 2.24
5794 0
5794 0
5794 0
5794 0
5794 0
5794 0
5794 0
5794 44.13
5794 0
5794 0
5794 0
5794 0
5794 0
5794 0
5794 0
5794 0
5794 0
5794 0
5794 30.58
5794 0
5794 0
5794 35.44
5794 0
5794 0
5794 0
5794 0
5794 0
5794 0
5794 0
5795 0
5795 1.09
5795 0
5795 0
5795 0
5795 0
5795 0
5795 0
5795 0
5795 2.68
5795 0
5795 0
5795 0
5795 0
5795 0
5795 0
5795 0
5795 0
5795 0
5795 0
5795 30.58
5795 0
5795 0
5795 2.01
5795 0
5795 0
5795 0
5795 0
5795 0
5795 0
5795 0
5821 0
5821 0
5821 0
5821 0
5821 0
5821 0
5821 0
5821 0
5821 0
5821 0
5821 0
5821 0
5821 0
5821 0
5821 0
5821 0
5821 0
5821 0
5821 0
5821 0
5821 0
5821 0
5821 0
5821 0
5821 0
5821 0
5821 0
5821 0
5821 0
5821 0
5821 0
5842 0
5842 8.72
5842 0
5842 0
5842 0
5842 0
5842 0
5842 0
5842 0
5842 0
5842 0
5842 0
5842 0
5842 0
5842 0
5842 0
5842 0
5842 0
5842 0
5842 0
5842 28.04
5842 0
5842 0
5842 13.48
5842 0
5842 58.59
5842 0
5842 0
5842 0
5842 0
5842 0
5847 0
5847 0.69
5847 0
5847 40.03
5847 0
5847 0
5847 0
5847 0
5847 0
5847 1.11
5847 0
5847 0
5847 0
5847 0
5847 0
5847 0
5847 0
5847 0
5847 0
5847 0
5847 3.03
5847 0
5847 0
5847 0.91
5847 0
5847 0
5847 0
5847 0
5847 0
5847 0
5847 0
5850 0
5850 1.04
5850 0
5850 0
5850 0
5850 0
5850 0
5850 0
5850 0
5850 50.94
5850 0
5850 0
5850 0
5850 0
5850 0
5850 0
5850 0
5850 0
5850 0
5850 0
5850 41.46
5850 0
5850 0
5850 49.39
5850 0
5850 0
5850 0
5850 0
5850 0
5850 0
5850 0
5853 0
5853 0.87
5853 0
5853 0
5853 0
5853 0
5853 0
5853 0
5853 0
5853 0
5853 0
5853 0
5853 0
5853 0
5853 0
5853 0
5853 0
5853 0
5853 0
5853 0
5853 0
5853 0
5853 0
5853 29.17
5853 0
5853 0
5853 0
5853 0
5853 0
5853 0
5853 0
5857 0
5857 1.65
5857 0
5857 0
5857 0
5857 0
5857 0
5857 0
5857 0
5857 57.75
5857 0
5857 0
5857 0
5857 0
5857 0
5857 0
5857 0
5857 0
5857 0
5857 0
5857 29.44
5857 0
5857 0
5857 29.98
5857 0
5857 0
5857 0
5857 0
5857 0
5857 0
5857 0
5860 0
5860 1.09
5860 0
5860 0
5860 0
5860 0
5860 0
5860 0
5860 0
5860 2.68
5860 0
5860 0
5860 0
5860 0
5860 0
5860 0
5860 0
5860 0
5860 0
5860 0
5860 30.58
5860 0
5860 0
5860 2.01
5860 0
5860 0
5860 0
5860 0
5860 0
5860 0
5860 0
5865 0
5865 18.09
5865 0
5865 0
5865 0
5865 0
5865 0
5865 0
5865 0
5865 29.89
5865 0
5865 0
5865 0
5865 0
5865 0
5865 0
5865 0
5865 0
5865 0
5865 0
5865 34.28
5865 0
5865 0
5865 0
5865 0
5865 0
5865 0
5865 0
5865 0
5865 0
5865 0
5892 0
5892 0
5892 0
5892 0
5892 0
5892 0
5892 0
5892 0
5892 0
5892 0
5892 0
5892 0
5892 0
5892 0
5892 0
5892 0
5892 0
5892 0
5892 0
5892 0
5892 0
5892 0
5892 0
5892 0
5892 0
5892 0
5892 0
5892 0
5892 0
5892 0
5892 0
5893 0
5893 0.67
5893 0
5893 0
5893 0
5893 0
5893 0
5893 0
5893 0
5893 8.22
5893 0
5893 0
5893 0
5893 0
5893 0
5893 0
5893 0
5893 0
5893 0
5893 0
5893 2.18
5893 0
5893 0
5893 0.91
5893 0
5893 0
5893 0
5893 0
5893 0
5893 0
5893 0
5902 0
5902 1.89
5902 0
5902 0
5902 0
5902 0
5902 0
5902 0
5902 0
5902 26.94
5902 0
5902 0
5902 0
5902 0
5902 0
5902 0
5902 0
5902 0
5902 0
5902 0
5902 29.21
5902 0
5902 0
5902 21.94
5902 0
5902 0
5902 0
5902 0
5902 0
5902 0
5902 0
5913 0
5913 8.59
5913 0
5913 0
5913 0
5913 0
5913 0
5913 0
5913 0
5913 0
5913 0
5913 0
5913 0
5913 0
5913 0
5913 0
5913 0
5913 0
5913 0
5913 0
5913 29.98
5913 0
5913 0
5913 35.28
5913 0
5913 0
5913 0
5913 0
5913 0
5913 0
5913 0
5915 0
5915 0.96
5915 0
5915 0
5915 0
5915 0
5915 0
5915 0
5915 0
5915 2.75
5915 0
5915 0
5915 0
5915 0
5915 0
5915 0
5915 0
5915 0
5915 0
5915 0
5915 51
5915 0
5915 0
5915 45.89
5915 0
5915 0
5915 0
5915 0
5915 0
5915 0
5915 0
5916 0
5916 29.12
5916 0
5916 0
5916 0
5916 0
5916 0
5916 0
5916 0
5916 36.56
5916 0
5916 0
5916 0
5916 0
5916 0
5916 0
5916 0
5916 0
5916 0
5916 0
5916 0
5916 0
5916 0
5916 39.03
5916 0
5916 0
5916 0
5916 0
5916 0
5916 0
5916 0
5918 0
5918 1.14
5918 0
5918 0
5918 0
5918 0
5918 0
5918 0
5918 0
5918 0.81
5918 0
5918 0
5918 0
5918 0
5918 0
5918 0
5918 0
5918 0
5918 0
5918 0
5918 1.9
5918 0
5918 0
5918 0.7
5918 0
5918 0
5918 0
5918 0
5918 0
5918 0
5918 0
5923 0
5923 25.03
5923 0
5923 0
5923 0
5923 0
5923 0
5923 0
5923 0
5923 53.42
5923 0
5923 0
5923 0
5923 0
5923 0
5923 0
5923 0
5923 0
5923 0
5923 0
5923 0
5923 0
5923 0
5923 74.12
5923 0
5923 0
5923 0
5923 0
5923 0
5923 0
5923 0
5924 0
5924 3.34
5924 0
5924 0
5924 0
5924 0
5924 0
5924 0
5924 0
5924 0
5924 0
5924 0
5924 0
5924 0
5924 0
5924 0
5924 0
5924 0
5924 0
5924 0
5924 56
5924 0
5924 0
5924 16.47
5924 0
5924 28.16
5924 0
5924 0
5924 0
5924 0
5924 0
5938 0
5938 1.86
5938 0
5938 0
5938 0
5938 0
5938 0
5938 0
5938 0
5938 0
5938 0
5938 0
5938 0
5938 0
5938 0
5938 0
5938 0
5938 0
5938 0
5938 0
5938 0
5938 0
5938 0
5938 0
5938 0
5938 0
5938 0
5938 0
5938 0
5938 0
5938 0
5953 0
5953 3.21
5953 0
5953 0
5953 0
5953 0
5953 0
5953 0
5953 0
5953 0
5953 0
5953 0
5953 0
5953 0
5953 0
5953 0
5953 0
5953 0
5953 0
5953 0
5953 0
5953 0
5953 0
5953 9.16
5953 0
5953 28.16
5953 0
5953 0
5953 0
5953 0
5953 0
5963 0
5963 8.59
5963 0
5963 0
5963 0
5963 0
5963 0
5963 0
5963 0
5963 0
5963 0
5963 0
5963 0
5963 0
5963 0
5963 0
5963 0
5963 0
5963 0
5963 0
5963 29.98
5963 0
5963 0
5963 35.28
5963 0
5963 0
5963 0
5963 0
5963 0
5963 0
5963 0
5964 0
5964 1.51
5964 0
5964 40.03
5964 0
5964 0
5964 0
5964 0
5964 0
5964 6.46
5964 0
5964 0
5964 0
5964 0
5964 0
5964 0
5964 0
5964 0
5964 0
5964 0
5964 1.57
5964 0
5964 0
5964 0.94
5964 0
5964 0
5964 0
5964 0
5964 0
5964 0
5964 0
5971 0
5971 29.12
5971 0
5971 0
5971 0
5971 0
5971 0
5971 0
5971 0
5971 36.56
5971 0
5971 0
5971 0
5971 0
5971 0
5971 0
5971 0
5971 0
5971 0
5971 0
5971 0
5971 0
5971 0
5971 39.03
5971 0
5971 0
5971 0
5971 0
5971 0
5971 0
5971 0
5982 0
5982 23.13
5982 0
5982 0
5982 0
5982 0
5982 0
5982 0
5982 0
5982 0
5982 0
5982 0
5982 0
5982 0
5982 0
5982 0
5982 0
5982 0
5982 0
5982 0
5982 0
5982 0
5982 0
5982 29.17
5982 0
5982 0
5982 0
5982 0
5982 0
5982 0
5982 0
5988 0
5988 0.76
5988 0
5988 40.03
5988 0
5988 0
5988 0
5988 0
5988 0
5988 1.74
5988 0
5988 0
5988 0
5988 0
5988 0
5988 0
5988 0
5988 0
5988 0
5988 0
5988 41.8
5988 0
5988 0
5988 0.54
5988 0
5988 0
5988 0
5988 0
5988 0
5988 0
5988 0
6002 0
6002 0.92
6002 0
6002 0
6002 0
6002 0
6002 0
6002 0
6002 0
6002 3.63
6002 0
6002 0
6002 0
6002 0
6002 0
6002 0
6002 0
6002 0
6002 0
6002 0
6002 19.43
6002 0
6002 0
6002 1.66
6002 0
6002 0
6002 0
6002 0
6002 0
6002 0
6002 0
6017 0
6017 1.97
6017 0
6017 0
6017 0
6017 0
6017 0
6017 0
6017 0
6017 0
6017 0
6017 0
6017 0
6017 0
6017 0
6017 0
6017 0
6017 0
6017 0
6017 0
6017 0
6017 0
6017 0
6017 0
6017 0
6017 0
6017 0
6017 0
6017 0
6017 0
6017 0
6024 0
6024 1.58
6024 0
6024 0
6024 0
6024 0
6024 0
6024 0
6024 0
6024 30.95
6024 0
6024 0
6024 0
6024 0
6024 0
6024 0
6024 0
6024 0
6024 0
6024 0
6024 44.6
6024 0
6024 0
6024 1.88
6024 0
6024 0
6024 0
6024 0
6024 0
6024 0
6024 0
6033 0
6033 1.24
6033 0
6033 0
6033 0
6033 0
6033 0
6033 0
6033 0
6033 0.92
6033 0
6033 0
6033 0
6033 0
6033 0
6033 0
6033 0
6033 0
6033 0
6033 0
6033 7.51
6033 0
6033 0
6033 1.42
6033 0
6033 0
6033 0
6033 0
6033 0
6033 0
6033 0
6038 0
6038 1.61
6038 0
6038 0
6038 0
6038 0
6038 0
6038 0
6038 0
6038 23.21
6038 0
6038 0
6038 0
6038 0
6038 0
6038 0
6038 0
6038 0
6038 0
6038 0
6038 36.14
6038 0
6038 0
6038 32.82
6038 0
6038 0
6038 0
6038 0
6038 0
6038 0
6038 0
6063 0
6063 9.57
6063 0
6063 0
6063 0
6063 0
6063 0
6063 0
6063 0
6063 0
6063 0
6063 0
6063 0
6063 0
6063 0
6063 0
6063 0
6063 0
6063 0
6063 0
6063 0
6063 0
6063 0
6063 31.45
6063 0
6063 0
6063 0
6063 0
6063 0
6063 0
6063 0
6064 0
6064 33.34
6064 0
6064 0
6064 0
6064 0
6064 0
6064 0
6064 0
6064 0
6064 0
6064 0
6064 0
6064 0
6064 0
6064 0
6064 0
6064 0
6064 0
6064 0
6064 0
6064 0
6064 0
6064 29.63
6064 0
6064 0
6064 0
6064 0
6064 0
6064 0
6064 0
6076 0
6076 23.13
6076 0
6076 0
6076 0
6076 0
6076 0
6076 0
6076 0
6076 0
6076 0
6076 0
6076 0
6076 0
6076 0
6076 0
6076 0
6076 0
6076 0
6076 0
6076 0
6076 0
6076 0
6076 29.17
6076 0
6076 0
6076 0
6076 0
6076 0
6076 0
6076 0
6089 0
6089 44.65
6089 0
6089 0
6089 0
6089 0
6089 0
6089 0
6089 0
6089 0
6089 0
6089 0
6089 0
6089 0
6089 0
6089 0
6089 0
6089 0
6089 0
6089 0
6089 0
6089 0
6089 0
6089 59.53
6089 0
6089 0
6089 0
6089 0
6089 0
6089 0
6089 0
6092 0
6092 33.34
6092 0
6092 0
6092 0
6092 0
6092 0
6092 0
6092 0
6092 0
6092 0
6092 0
6092 0
6092 0
6092 0
6092 0
6092 0
6092 0
6092 0
6092 0
6092 0
6092 0
6092 0
6092 29.63
6092 0
6092 0
6092 0
6092 0
6092 0
6092 0
6092 0
6125 0
6125 0.93
6125 0
6125 0
6125 0
6125 0
6125 0
6125 0
6125 0
6125 35
6125 0
6125 0
6125 0
6125 0
6125 0
6125 0
6125 0
6125 0
6125 0
6125 0
6125 31.67
6125 0
6125 0
6125 1.5
6125 0
6125 0
6125 0
6125 0
6125 0
6125 0
6125 0
6130 0
6130 9.57
6130 0
6130 0
6130 0
6130 0
6130 0
6130 0
6130 0
6130 0
6130 0
6130 0
6130 0
6130 0
6130 0
6130 0
6130 0
6130 0
6130 0
6130 0
6130 0
6130 0
6130 0
6130 31.45
6130 0
6130 0
6130 0
6130 0
6130 0
6130 0
6130 0
6135 0
6135 33.34
6135 0
6135 0
6135 0
6135 0
6135 0
6135 0
6135 0
6135 0
6135 0
6135 0
6135 0
6135 0
6135 0
6135 0
6135 0
6135 0
6135 0
6135 0
6135 0
6135 0
6135 0
6135 29.63
6135 0
6135 0
6135 0
6135 0
6135 0
6135 0
6135 0
6143 0
6143 9.57
6143 0
6143 0
6143 0
6143 0
6143 0
6143 0
6143 0
6143 0
6143 0
6143 0
6143 0
6143 0
6143 0
6143 0
6143 0
6143 0
6143 0
6143 0
6143 0
6143 0
6143 0
6143 31.45
6143 0
6143 0
6143 0
6143 0
6143 0
6143 0
6143 0
6146 0
6146 33.34
6146 0
6146 0
6146 0
6146 0
6146 0
6146 0
6146 0
6146 0
6146 0
6146 0
6146 0
6146 0
6146 0
6146 0
6146 0
6146 0
6146 0
6146 0
6146 0
6146 0
6146 0
6146 29.63
6146 0
6146 0
6146 0
6146 0
6146 0
6146 0
6146 0
6152 0
6152 25.44
6152 0
6152 0
6152 0
6152 0
6152 0
6152 0
6152 0
6152 0
6152 0
6152 0
6152 0
6152 0
6152 0
6152 0
6152 0
6152 0
6152 0
6152 0
6152 0
6152 0
6152 0
6152 0
6152 0
6152 0
6152 0
6152 0
6152 0
6152 0
6152 0
6165 0
6165 2.2
6165 0
6165 0
6165 0
6165 0
6165 0
6165 0
6165 0
6165 29.07
6165 0
6165 0
6165 0
6165 0
6165 0
6165 0
6165 0
6165 0
6165 0
6165 0
6165 30.07
6165 0
6165 0
6165 39.05
6165 0
6165 0
6165 0
6165 0
6165 0
6165 0
6165 0
6173 0
6173 0.73
6173 0
6173 0
6173 0
6173 0
6173 0
6173 0
6173 0
6173 35
6173 0
6173 0
6173 0
6173 0
6173 0
6173 0
6173 0
6173 0
6173 0
6173 0
6173 31.67
6173 0
6173 0
6173 1.49
6173 0
6173 0
6173 0
6173 0
6173 0
6173 0
6173 0
6174 0
6174 0.73
6174 0
6174 0
6174 0
6174 0
6174 0
6174 0
6174 0
6174 35
6174 0
6174 0
6174 0
6174 0
6174 0
6174 0
6174 0
6174 0
6174 0
6174 0
6174 48.14
6174 0
6174 0
6174 1.49
6174 0
6174 0
6174 0
6174 0
6174 0
6174 0
6174 0
6197 0
6197 0
6197 0
6197 0
6197 0
6197 0
6197 0
6197 0
6197 0
6197 0
6197 0
6197 0
6197 0
6197 0
6197 0
6197 0
6197 0
6197 0
6197 0
6197 0
6197 29.19
6197 0
6197 0
6197 0
6197 0
6197 0
6197 0
6197 0
6197 0
6197 0
6197 0
6208 0
6208 6.72
6208 0
6208 0
6208 0
6208 0
6208 0
6208 0
6208 0
6208 7.45
6208 0
6208 0
6208 0
6208 0
6208 0
6208 0
6208 0
6208 0
6208 0
6208 0
6208 18.18
6208 0
6208 0
6208 1.65
6208 0
6208 0
6208 0
6208 0
6208 0
6208 0
6208 0
6213 0
6213 1.09
6213 0
6213 0
6213 0
6213 0
6213 0
6213 0
6213 0
6213 0
6213 0
6213 0
6213 0
6213 0
6213 0
6213 0
6213 0
6213 0
6213 0
6213 0
6213 0
6213 0
6213 0
6213 42.86
6213 0
6213 0
6213 0
6213 0
6213 0
6213 0
6213 0
6214 0
6214 0
6214 0
6214 0
6214 0
6214 0
6214 0
6214 0
6214 0
6214 0
6214 0
6214 0
6214 0
6214 0
6214 0
6214 0
6214 0
6214 0
6214 0
6214 0
6214 29.19
6214 0
6214 0
6214 0
6214 0
6214 0
6214 0
6214 0
6214 0
6214 0
6214 0
6220 0
6220 25.44
6220 0
6220 0
6220 0
6220 0
6220 0
6220 0
6220 0
6220 0
6220 0
6220 0
6220 0
6220 0
6220 0
6220 0
6220 0
6220 0
6220 0
6220 0
6220 0
6220 0
6220 0
6220 0
6220 0
6220 0
6220 0
6220 0
6220 0
6220 0
6220 0
6228 0
6228 61.07
6228 0
6228 0
6228 0
6228 0
6228 0
6228 0
6228 0
6228 0
6228 0
6228 0
6228 0
6228 0
6228 0
6228 0
6228 0
6228 0
6228 0
6228 0
6228 0
6228 0
6228 0
6228 101.11
6228 0
6228 0
6228 0
6228 0
6228 0
6228 0
6228 0
6233 0
6233 44.65
6233 0
6233 0
6233 0
6233 0
6233 0
6233 0
6233 0
6233 0
6233 0
6233 0
6233 0
6233 0
6233 0
6233 0
6233 0
6233 0
6233 0
6233 0
6233 0
6233 0
6233 0
6233 59.53
6233 0
6233 0
6233 0
6233 0
6233 0
6233 0
6233 0
6236 0
6236 61.07
6236 0
6236 0
6236 0
6236 0
6236 0
6236 0
6236 0
6236 0
6236 0
6236 0
6236 0
6236 0
6236 0
6236 0
6236 0
6236 0
6236 0
6236 0
6236 0
6236 0
6236 0
6236 101.11
6236 0
6236 0
6236 0
6236 0
6236 0
6236 0
6236 0
6238 0
6238 0.76
6238 0
6238 0
6238 0
6238 0
6238 0
6238 0
6238 0
6238 29.07
6238 0
6238 0
6238 0
6238 0
6238 0
6238 0
6238 0
6238 0
6238 0
6238 0
6238 22.3
6238 0
6238 0
6238 32.2
6238 0
6238 0
6238 0
6238 0
6238 0
6238 0
6238 0
6258 0
6258 0.76
6258 0
6258 0
6258 0
6258 0
6258 0
6258 0
6258 0
6258 0
6258 0
6258 0
6258 0
6258 0
6258 0
6258 0
6258 0
6258 0
6258 0
6258 0
6258 0
6258 0
6258 0
6258 51.52
6258 0
6258 0
6258 0
6258 0
6258 0
6258 0
6258 0
6261 0
6261 33.34
6261 0
6261 0
6261 0
6261 0
6261 0
6261 0
6261 0
6261 0
6261 0
6261 0
6261 0
6261 0
6261 0
6261 0
6261 0
6261 0
6261 0
6261 0
6261 0
6261 0
6261 0
6261 29.63
6261 0
6261 0
6261 0
6261 0
6261 0
6261 0
6261 0
6270 0
6270 8.36
6270 0
6270 0
6270 0
6270 0
6270 0
6270 0
6270 0
6270 7.7
6270 0
6270 0
6270 0
6270 0
6270 0
6270 0
6270 0
6270 0
6270 0
6270 0
6270 20.32
6270 0
6270 0
6270 1.87
6270 0
6270 0
6270 0
6270 0
6270 0
6270 0
6270 0
6273 0
6273 33.34
6273 0
6273 0
6273 0
6273 0
6273 0
6273 0
6273 0
6273 0
6273 0
6273 0
6273 0
6273 0
6273 0
6273 0
6273 0
6273 0
6273 0
6273 0
6273 0
6273 0
6273 0
6273 29.63
6273 0
6273 0
6273 0
6273 0
6273 0
6273 0
6273 0
6280 0
6280 0.73
6280 0
6280 0
6280 0
6280 0
6280 0
6280 0
6280 0
6280 35
6280 0
6280 0
6280 0
6280 0
6280 0
6280 0
6280 0
6280 0
6280 0
6280 0
6280 31.67
6280 0
6280 0
6280 1.5
6280 0
6280 0
6280 0
6280 0
6280 0
6280 0
6280 0
6283 0
6283 3.08
6283 0
6283 0
6283 0
6283 0
6283 0
6283 0
6283 0
6283 0
6283 0
6283 0
6283 0
6283 0
6283 0
6283 0
6283 0
6283 0
6283 0
6283 0
6283 0
6283 0
6283 0
6283 52.78
6283 0
6283 0
6283 0
6283 0
6283 0
6283 0
6283 0
6284 0
6284 1.06
6284 0
6284 0
6284 0
6284 0
6284 0
6284 0
6284 0
6284 0
6284 0
6284 0
6284 0
6284 0
6284 0
6284 0
6284 0
6284 0
6284 0
6284 0
6284 0
6284 0
6284 0
6284 3.92
6284 0
6284 0
6284 0
6284 0
6284 0
6284 0
6284 0
6285 0
6285 9.57
6285 0
6285 0
6285 0
6285 0
6285 0
6285 0
6285 0
6285 0
6285 0
6285 0
6285 0
6285 0
6285 0
6285 0
6285 0
6285 0
6285 0
6285 0
6285 0
6285 0
6285 0
6285 31.45
6285 0
6285 0
6285 0
6285 0
6285 0
6285 0
6285 0
6315 0
6315 9.57
6315 0
6315 0
6315 0
6315 0
6315 0
6315 0
6315 0
6315 0
6315 0
6315 0
6315 0
6315 0
6315 0
6315 0
6315 0
6315 0
6315 0
6315 0
6315 0
6315 0
6315 0
6315 31.45
6315 0
6315 0
6315 0
6315 0
6315 0
6315 0
6315 0
6327 0
6327 1.1
6327 0
6327 0
6327 0
6327 0
6327 0
6327 0
6327 0
6327 0
6327 0
6327 0
6327 0
6327 0
6327 0
6327 0
6327 0
6327 0
6327 0
6327 0
6327 0
6327 0
6327 0
6327 3.59
6327 0
6327 0
6327 0
6327 0
6327 0
6327 0
6327 0
6349 0
6349 33.34
6349 0
6349 0
6349 0
6349 0
6349 0
6349 0
6349 0
6349 0
6349 0
6349 0
6349 0
6349 0
6349 0
6349 0
6349 0
6349 0
6349 0
6349 0
6349 0
6349 0
6349 0
6349 29.63
6349 0
6349 0
6349 0
6349 0
6349 0
6349 0
6349 0
6353 0
6353 33.34
6353 0
6353 0
6353 0
6353 0
6353 0
6353 0
6353 0
6353 0
6353 0
6353 0
6353 0
6353 0
6353 0
6353 0
6353 0
6353 0
6353 0
6353 0
6353 0
6353 0
6353 0
6353 29.63
6353 0
6353 0
6353 0
6353 0
6353 0
6353 0
6353 0
6354 0
6354 0.89
6354 0
6354 0
6354 0
6354 0
6354 0
6354 0
6354 0
6354 0
6354 0
6354 0
6354 0
6354 0
6354 0
6354 0
6354 0
6354 0
6354 0
6354 0
6354 0
6354 0
6354 0
6354 0.72
6354 0
6354 0
6354 0
6354 0
6354 0
6354 0
6354 0
6359 0
6359 50.14
6359 0
6359 0
6359 0
6359 0
6359 0
6359 0
6359 0
6359 0
6359 0
6359 0
6359 0
6359 0
6359 0
6359 0
6359 0
6359 0
6359 0
6359 0
6359 0
6359 0
6359 0
6359 68.7
6359 0
6359 0
6359 0
6359 0
6359 0
6359 0
6359 0
6365 0
6365 77.64
6365 0
6365 0
6365 0
6365 0
6365 0
6365 0
6365 0
6365 0
6365 0
6365 0
6365 0
6365 0
6365 0
6365 0
6365 0
6365 0
6365 0
6365 0
6365 0
6365 0
6365 0
6365 76.18
6365 0
6365 0
6365 0
6365 0
6365 0
6365 0
6365 0
6382 0
6382 1.98
6382 0
6382 0
6382 0
6382 0
6382 0
6382 0
6382 0
6382 0
6382 0
6382 0
6382 0
6382 0
6382 0
6382 0
6382 0
6382 0
6382 0
6382 0
6382 0
6382 0
6382 0
6382 9.44
6382 0
6382 0
6382 0
6382 0
6382 0
6382 0
6382 0
6387 0
6387 0.89
6387 0
6387 0
6387 0
6387 0
6387 0
6387 0
6387 0
6387 0
6387 0
6387 0
6387 0
6387 0
6387 0
6387 0
6387 0
6387 0
6387 0
6387 0
6387 0
6387 0
6387 0
6387 0.72
6387 0
6387 0
6387 0
6387 0
6387 0
6387 0
6387 0
6391 0
6391 0.91
6391 0
6391 0
6391 0
6391 0
6391 0
6391 0
6391 0
6391 0
6391 0
6391 0
6391 0
6391 0
6391 0
6391 0
6391 0
6391 0
6391 0
6391 0
6391 0
6391 0
6391 0
6391 0.74
6391 0
6391 0
6391 0
6391 0
6391 0
6391 0
6391 0
6404 0
6404 1.98
6404 0
6404 0
6404 0
6404 0
6404 0
6404 0
6404 0
6404 0
6404 0
6404 0
6404 0
6404 0
6404 0
6404 0
6404 0
6404 0
6404 0
6404 0
6404 0
6404 0
6404 0
6404 9.44
6404 0
6404 0
6404 0
6404 0
6404 0
6404 0
6404 0
6410 0
6410 23.13
6410 0
6410 0
6410 0
6410 0
6410 0
6410 0
6410 0
6410 0
6410 0
6410 0
6410 0
6410 0
6410 0
6410 0
6410 0
6410 0
6410 0
6410 0
6410 0
6410 0
6410 0
6410 29.17
6410 0
6410 0
6410 0
6410 0
6410 0
6410 0
6410 0
6413 0
6413 23.55
6413 0
6413 0
6413 0
6413 0
6413 0
6413 0
6413 0
6413 0
6413 0
6413 0
6413 0
6413 0
6413 0
6413 0
6413 0
6413 0
6413 0
6413 0
6413 0
6413 0
6413 0
6413 54.56
6413 0
6413 0
6413 0
6413 0
6413 0
6413 0
6413 0
6434 0
6434 54.98
6434 0
6434 0
6434 0
6434 0
6434 0
6434 0
6434 0
6434 0
6434 0
6434 0
6434 0
6434 0
6434 0
6434 0
6434 0
6434 0
6434 0
6434 0
6434 0
6434 0
6434 0
6434 58.86
6434 0
6434 0
6434 0
6434 0
6434 0
6434 0
6434 0
6447 0
6447 50.03
6447 0
6447 0
6447 0
6447 0
6447 0
6447 0
6447 0
6447 0
6447 0
6447 0
6447 0
6447 0
6447 0
6447 0
6447 0
6447 0
6447 0
6447 0
6447 0
6447 0
6447 0
6447 57.52
6447 0
6447 0
6447 0
6447 0
6447 0
6447 0
6447 0
6457 0
6457 1.98
6457 0
6457 0
6457 0
6457 0
6457 0
6457 0
6457 0
6457 0
6457 0
6457 0
6457 0
6457 0
6457 0
6457 0
6457 0
6457 0
6457 0
6457 0
6457 0
6457 0
6457 0
6457 9.44
6457 0
6457 0
6457 0
6457 0
6457 0
6457 0
6457 0
6471 0
6471 23.13
6471 0
6471 0
6471 0
6471 0
6471 0
6471 0
6471 0
6471 0
6471 0
6471 0
6471 0
6471 0
6471 0
6471 0
6471 0
6471 0
6471 0
6471 0
6471 0
6471 0
6471 0
6471 29.17
6471 0
6471 0
6471 0
6471 0
6471 0
6471 0
6471 0
6483 0
6483 11.54
6483 0
6483 0
6483 0
6483 0
6483 0
6483 0
6483 0
6483 0
6483 0
6483 0
6483 0
6483 0
6483 0
6483 0
6483 0
6483 0
6483 0
6483 0
6483 0
6483 0
6483 0
6483 16.92
6483 0
6483 0
6483 0
6483 0
6483 0
6483 0
6483 0
6488 0
6488 1.09
6488 0
6488 0
6488 0
6488 0
6488 0
6488 0
6488 0
6488 0
6488 0
6488 0
6488 0
6488 0
6488 0
6488 0
6488 0
6488 0
6488 0
6488 0
6488 0
6488 0
6488 0
6488 42.86
6488 0
6488 0
6488 0
6488 0
6488 0
6488 0
6488 0
6501 0
6501 23.55
6501 0
6501 0
6501 0
6501 0
6501 0
6501 0
6501 0
6501 0
6501 0
6501 0
6501 0
6501 0
6501 0
6501 0
6501 0
6501 0
6501 0
6501 0
6501 0
6501 0
6501 0
6501 54.56
6501 0
6501 0
6501 0
6501 0
6501 0
6501 0
6501 0
6513 0
6513 1.61
6513 0
6513 0
6513 0
6513 0
6513 0
6513 0
6513 0
6513 35
6513 0
6513 0
6513 0
6513 0
6513 0
6513 0
6513 0
6513 0
6513 0
6513 0
6513 31.67
6513 0
6513 0
6513 45.75
6513 0
6513 0
6513 0
6513 0
6513 0
6513 0
6513 0
6520 0
6520 23.13
6520 0
6520 0
6520 0
6520 0
6520 0
6520 0
6520 0
6520 0
6520 0
6520 0
6520 0
6520 0
6520 0
6520 0
6520 0
6520 0
6520 0
6520 0
6520 0
6520 0
6520 0
6520 29.17
6520 0
6520 0
6520 0
6520 0
6520 0
6520 0
6520 0
6530 0
6530 23.13
6530 0
6530 0
6530 0
6530 0
6530 0
6530 0
6530 0
6530 0
6530 0
6530 0
6530 0
6530 0
6530 0
6530 0
6530 0
6530 0
6530 0
6530 0
6530 0
6530 0
6530 0
6530 29.17
6530 0
6530 0
6530 0
6530 0
6530 0
6530 0
6530 0
6535 0
6535 23.13
6535 0
6535 0
6535 0
6535 0
6535 0
6535 0
6535 0
6535 0
6535 0
6535 0
6535 0
6535 0
6535 0
6535 0
6535 0
6535 0
6535 0
6535 0
6535 0
6535 0
6535 0
6535 29.17
6535 0
6535 0
6535 0
6535 0
6535 0
6535 0
6535 0
6542 0
6542 23.13
6542 0
6542 0
6542 0
6542 0
6542 0
6542 0
6542 0
6542 0
6542 0
6542 0
6542 0
6542 0
6542 0
6542 0
6542 0
6542 0
6542 0
6542 0
6542 0
6542 0
6542 0
6542 29.17
6542 0
6542 0
6542 0
6542 0
6542 0
6542 0
6542 0
6551 0
6551 23.13
6551 0
6551 0
6551 0
6551 0
6551 0
6551 0
6551 0
6551 0
6551 0
6551 0
6551 0
6551 0
6551 0
6551 0
6551 0
6551 0
6551 0
6551 0
6551 0
6551 0
6551 0
6551 29.17
6551 0
6551 0
6551 0
6551 0
6551 0
6551 0
6551 0
6553 0
6553 1.04
6553 0
6553 0
6553 0
6553 0
6553 0
6553 0
6553 0
6553 0
6553 0
6553 0
6553 0
6553 0
6553 0
6553 0
6553 0
6553 0
6553 0
6553 0
6553 0
6553 0
6553 0
6553 1.01
6553 0
6553 0
6553 0
6553 0
6553 0
6553 0
6553 0
6557 0
6557 23.13
6557 0
6557 0
6557 0
6557 0
6557 0
6557 0
6557 0
6557 0
6557 0
6557 0
6557 0
6557 0
6557 0
6557 0
6557 0
6557 0
6557 0
6557 0
6557 0
6557 0
6557 0
6557 29.17
6557 0
6557 0
6557 0
6557 0
6557 0
6557 0
6557 0
6571 0
6571 9.57
6571 0
6571 0
6571 0
6571 0
6571 0
6571 0
6571 0
6571 0
6571 0
6571 0
6571 0
6571 0
6571 0
6571 0
6571 0
6571 0
6571 0
6571 0
6571 0
6571 0
6571 0
6571 31.45
6571 0
6571 0
6571 0
6571 0
6571 0
6571 0
6571 0
6618 0
6618 1.02
6618 0
6618 0
6618 0
6618 0
6618 0
6618 0
6618 0
6618 0
6618 0
6618 0
6618 0
6618 0
6618 0
6618 0
6618 0
6618 0
6618 0
6618 0
6618 0
6618 0
6618 0
6618 1.08
6618 0
6618 0
6618 0
6618 0
6618 0
6618 0
6618 0
6627 0
6627 23.55
6627 0
6627 0
6627 0
6627 0
6627 0
6627 0
6627 0
6627 0
6627 0
6627 0
6627 0
6627 0
6627 0
6627 0
6627 0
6627 0
6627 0
6627 0
6627 0
6627 0
6627 0
6627 54.56
6627 0
6627 0
6627 0
6627 0
6627 0
6627 0
6627 0
6632 0
6632 6.85
6632 0
6632 0
6632 0
6632 0
6632 0
6632 0
6632 0
6632 0
6632 0
6632 0
6632 0
6632 0
6632 0
6632 0
6632 0
6632 0
6632 0
6632 0
6632 0
6632 0
6632 0
6632 2.79
6632 0
6632 0
6632 0
6632 0
6632 0
6632 0
6632 0
6642 0
6642 27.49
6642 0
6642 0
6642 0
6642 0
6642 0
6642 0
6642 0
6642 0
6642 0
6642 0
6642 0
6642 0
6642 0
6642 0
6642 0
6642 0
6642 0
6642 0
6642 0
6642 0
6642 0
6642 30.37
6642 0
6642 0
6642 0
6642 0
6642 0
6642 0
6642 0
6653 0
6653 37.61
6653 0
6653 0
6653 0
6653 0
6653 0
6653 0
6653 0
6653 0
6653 0
6653 0
6653 0
6653 0
6653 0
6653 0
6653 0
6653 0
6653 0
6653 0
6653 0
6653 0
6653 0
6653 2.37
6653 0
6653 0
6653 0
6653 0
6653 0
6653 0
6653 0
6657 0
6657 45.47
6657 0
6657 0
6657 0
6657 0
6657 0
6657 0
6657 0
6657 0
6657 0
6657 0
6657 0
6657 0
6657 0
6657 0
6657 0
6657 0
6657 0
6657 0
6657 0
6657 0
6657 0
6657 79.72
6657 0
6657 0
6657 0
6657 0
6657 0
6657 0
6657 0
6663 0
6663 34.62
6663 0
6663 0
6663 0
6663 0
6663 0
6663 0
6663 0
6663 0
6663 0
6663 0
6663 0
6663 0
6663 0
6663 0
6663 0
6663 0
6663 0
6663 0
6663 0
6663 0
6663 0
6663 27.31
6663 0
6663 0
6663 0
6663 0
6663 0
6663 0
6663 0
6664 0
6664 0.68
6664 0
6664 0
6664 0
6664 0
6664 0
6664 0
6664 0
6664 29.07
6664 0
6664 0
6664 0
6664 0
6664 0
6664 0
6664 0
6664 0
6664 0
6664 0
6664 30.07
6664 0
6664 0
6664 57.64
6664 0
6664 0
6664 0
6664 0
6664 0
6664 0
6664 0
6675 0
6675 1.23
6675 0
6675 0
6675 0
6675 0
6675 0
6675 0
6675 0
6675 0
6675 0
6675 0
6675 0
6675 0
6675 0
6675 0
6675 0
6675 0
6675 0
6675 0
6675 0
6675 0
6675 0
6675 1.37
6675 0
6675 0
6675 0
6675 0
6675 0
6675 0
6675 0
6683 0
6683 1.18
6683 0
6683 0
6683 0
6683 0
6683 0
6683 0
6683 0
6683 0
6683 0
6683 0
6683 0
6683 0
6683 0
6683 0
6683 0
6683 0
6683 0
6683 0
6683 0
6683 0
6683 0
6683 12.23
6683 0
6683 0
6683 0
6683 0
6683 0
6683 0
6683 0
6686 0
6686 23.13
6686 0
6686 0
6686 0
6686 0
6686 0
6686 0
6686 0
6686 0
6686 0
6686 0
6686 0
6686 0
6686 0
6686 0
6686 0
6686 0
6686 0
6686 0
6686 0
6686 0
6686 0
6686 29.17
6686 0
6686 0
6686 0
6686 0
6686 0
6686 0
6686 0
6691 0
6691 5.83
6691 0
6691 0
6691 0
6691 0
6691 0
6691 0
6691 0
6691 0
6691 0
6691 0
6691 0
6691 0
6691 0
6691 0
6691 0
6691 0
6691 0
6691 0
6691 0
6691 0
6691 0
6691 77.77
6691 0
6691 0
6691 0
6691 0
6691 0
6691 0
6691 0
6707 0
6707 27.49
6707 0
6707 0
6707 0
6707 0
6707 0
6707 0
6707 0
6707 0
6707 0
6707 0
6707 0
6707 0
6707 0
6707 0
6707 0
6707 0
6707 0
6707 0
6707 0
6707 0
6707 0
6707 30.37
6707 0
6707 0
6707 0
6707 0
6707 0
6707 0
6707 0
6710 0
6710 23.13
6710 0
6710 0
6710 0
6710 0
6710 0
6710 0
6710 0
6710 0
6710 0
6710 0
6710 0
6710 0
6710 0
6710 0
6710 0
6710 0
6710 0
6710 0
6710 0
6710 0
6710 0
6710 29.17
6710 0
6710 0
6710 0
6710 0
6710 0
6710 0
6710 0
6727 0
6727 14.82
6727 0
6727 0
6727 0
6727 0
6727 0
6727 0
6727 0
6727 0
6727 0
6727 0
6727 0
6727 0
6727 0
6727 0
6727 0
6727 0
6727 0
6727 0
6727 0
6727 0
6727 0
6727 1.05
6727 0
6727 0
6727 0
6727 0
6727 0
6727 0
6727 0
6734 0
6734 7.19
6734 0
6734 0
6734 0
6734 0
6734 0
6734 0
6734 0
6734 0
6734 0
6734 0
6734 0
6734 0
6734 0
6734 0
6734 0
6734 0
6734 0
6734 0
6734 0
6734 0
6734 0
6734 1.99
6734 0
6734 0
6734 0
6734 0
6734 0
6734 0
6734 0
6740 0
6740 0
6740 0
6740 0
6740 0
6740 0
6740 0
6740 0
6740 0
6740 0
6740 0
6740 0
6740 0
6740 0
6740 0
6740 0
6740 0
6740 0
6740 0
6740 0
6740 0
6740 0
6740 0
6740 0
6740 29.17
6740 0
6740 0
6740 0
6740 0
6740 0
6740 0
6746 0
6746 9.57
6746 0
6746 0
6746 0
6746 0
6746 0
6746 0
6746 0
6746 0
6746 0
6746 0
6746 0
6746 0
6746 0
6746 0
6746 0
6746 0
6746 0
6746 0
6746 0
6746 0
6746 0
6746 31.45
6746 0
6746 0
6746 0
6746 0
6746 0
6746 0
6746 0
6756 0
6756 52.77
6756 0
6756 0
6756 0
6756 0
6756 0
6756 0
6756 0
6756 0
6756 0
6756 0
6756 0
6756 0
6756 0
6756 0
6756 0
6756 0
6756 0
6756 0
6756 0
6756 0
6756 0
6756 85.24
6756 0
6756 0
6756 0
6756 0
6756 0
6756 0
6756 0
6757 0
6757 34.62
6757 0
6757 0
6757 0
6757 0
6757 0
6757 0
6757 0
6757 0
6757 0
6757 0
6757 0
6757 0
6757 0
6757 0
6757 0
6757 0
6757 0
6757 0
6757 0
6757 0
6757 0
6757 27.31
6757 0
6757 0
6757 0
6757 0
6757 0
6757 0
6757 0
6761 0
6761 15.27
6761 0
6761 0
6761 0
6761 0
6761 0
6761 0
6761 0
6761 0
6761 0
6761 0
6761 0
6761 0
6761 0
6761 0
6761 0
6761 0
6761 0
6761 0
6761 0
6761 0
6761 0
6761 53.24
6761 0
6761 0
6761 0
6761 0
6761 0
6761 0
6761 0
6766 0
6766 23.13
6766 0
6766 0
6766 0
6766 0
6766 0
6766 0
6766 0
6766 0
6766 0
6766 0
6766 0
6766 0
6766 0
6766 0
6766 0
6766 0
6766 0
6766 0
6766 0
6766 0
6766 0
6766 29.17
6766 0
6766 0
6766 0
6766 0
6766 0
6766 0
6766 0
6768 0
6768 22.26
6768 0
6768 0
6768 0
6768 0
6768 0
6768 0
6768 0
6768 0
6768 0
6768 0
6768 0
6768 0
6768 0
6768 0
6768 0
6768 0
6768 0
6768 0
6768 0
6768 0
6768 0
6768 4.77
6768 0
6768 0
6768 0
6768 0
6768 0
6768 0
6768 0
6789 0
6789 14.14
6789 0
6789 0
6789 0
6789 0
6789 0
6789 0
6789 0
6789 0
6789 0
6789 0
6789 0
6789 0
6789 0
6789 0
6789 0
6789 0
6789 0
6789 0
6789 0
6789 0
6789 0
6789 64.31
6789 0
6789 0
6789 0
6789 0
6789 0
6789 0
6789 0
6794 0
6794 15.18
6794 0
6794 0
6794 0
6794 0
6794 0
6794 0
6794 0
6794 0
6794 0
6794 0
6794 0
6794 0
6794 0
6794 0
6794 0
6794 0
6794 0
6794 0
6794 0
6794 0
6794 0
6794 3.16
6794 0
6794 0
6794 0
6794 0
6794 0
6794 0
6794 0
6815 0
6815 11.18
6815 0
6815 0
6815 0
6815 0
6815 0
6815 0
6815 0
6815 0
6815 0
6815 0
6815 0
6815 0
6815 0
6815 0
6815 0
6815 0
6815 0
6815 0
6815 0
6815 0
6815 0
6815 2.51
6815 0
6815 0
6815 0
6815 0
6815 0
6815 0
6815 0
6816 0
6816 9.57
6816 0
6816 0
6816 0
6816 0
6816 0
6816 0
6816 0
6816 0
6816 0
6816 0
6816 0
6816 0
6816 0
6816 0
6816 0
6816 0
6816 0
6816 0
6816 0
6816 0
6816 0
6816 31.45
6816 0
6816 0
6816 0
6816 0
6816 0
6816 0
6816 0
6822 0
6822 23.37
6822 0
6822 0
6822 0
6822 0
6822 0
6822 0
6822 0
6822 0
6822 0
6822 0
6822 0
6822 0
6822 0
6822 0
6822 0
6822 0
6822 0
6822 0
6822 0
6822 0
6822 0
6822 5.46
6822 0
6822 0
6822 0
6822 0
6822 0
6822 0
6822 0
6824 0
6824 14.14
6824 0
6824 0
6824 0
6824 0
6824 0
6824 0
6824 0
6824 0
6824 0
6824 0
6824 0
6824 0
6824 0
6824 0
6824 0
6824 0
6824 0
6824 0
6824 0
6824 0
6824 0
6824 64.31
6824 0
6824 0
6824 0
6824 0
6824 0
6824 0
6824 0
6839 0
6839 23.13
6839 0
6839 0
6839 0
6839 0
6839 0
6839 0
6839 0
6839 0
6839 0
6839 0
6839 0
6839 0
6839 0
6839 0
6839 0
6839 0
6839 0
6839 0
6839 0
6839 0
6839 0
6839 29.17
6839 0
6839 0
6839 0
6839 0
6839 0
6839 0
6839 0
6843 0
6843 1.06
6843 0
6843 0
6843 0
6843 0
6843 0
6843 0
6843 0
6843 0
6843 0
6843 0
6843 0
6843 0
6843 0
6843 0
6843 0
6843 0
6843 0
6843 0
6843 0
6843 0
6843 0
6843 0.98
6843 0
6843 0
6843 0
6843 0
6843 0
6843 0
6843 0
6847 0
6847 34.62
6847 0
6847 0
6847 0
6847 0
6847 0
6847 0
6847 0
6847 0
6847 0
6847 0
6847 0
6847 0
6847 0
6847 0
6847 0
6847 0
6847 0
6847 0
6847 0
6847 0
6847 0
6847 27.31
6847 0
6847 0
6847 0
6847 0
6847 0
6847 0
6847 0
6858 0
6858 18.53
6858 0
6858 0
6858 0
6858 0
6858 0
6858 0
6858 0
6858 0
6858 0
6858 0
6858 0
6858 0
6858 0
6858 0
6858 0
6858 0
6858 0
6858 0
6858 0
6858 0
6858 0
6858 3.08
6858 0
6858 0
6858 0
6858 0
6858 0
6858 0
6858 0
6866 0
6866 34.62
6866 0
6866 0
6866 0
6866 0
6866 0
6866 0
6866 0
6866 0
6866 0
6866 0
6866 0
6866 0
6866 0
6866 0
6866 0
6866 0
6866 0
6866 0
6866 0
6866 0
6866 0
6866 27.31
6866 0
6866 0
6866 0
6866 0
6866 0
6866 0
6866 0
6871 0
6871 6.34
6871 0
6871 0
6871 0
6871 0
6871 0
6871 0
6871 0
6871 0
6871 0
6871 0
6871 0
6871 0
6871 0
6871 0
6871 0
6871 0
6871 0
6871 0
6871 0
6871 0
6871 0
6871 0.73
6871 0
6871 0
6871 0
6871 0
6871 0
6871 0
6871 0
6879 0
6879 34.62
6879 0
6879 0
6879 0
6879 0
6879 0
6879 0
6879 0
6879 0
6879 0
6879 0
6879 0
6879 0
6879 0
6879 0
6879 0
6879 0
6879 0
6879 0
6879 0
6879 0
6879 0
6879 27.31
6879 0
6879 0
6879 0
6879 0
6879 0
6879 0
6879 0
6890 0
6890 30.98
6890 0
6890 0
6890 0
6890 0
6890 0
6890 0
6890 0
6890 0
6890 0
6890 0
6890 0
6890 0
6890 0
6890 0
6890 0
6890 0
6890 0
6890 0
6890 0
6890 0
6890 0
6890 14.63
6890 0
6890 0
6890 0
6890 0
6890 0
6890 0
6890 0
6892 0
6892 34.62
6892 0
6892 0
6892 0
6892 0
6892 0
6892 0
6892 0
6892 0
6892 0
6892 0
6892 0
6892 0
6892 0
6892 0
6892 0
6892 0
6892 0
6892 0
6892 0
6892 0
6892 0
6892 27.31
6892 0
6892 0
6892 0
6892 0
6892 0
6892 0
6892 0
6917 0
6917 23.55
6917 0
6917 0
6917 0
6917 0
6917 0
6917 0
6917 0
6917 0
6917 0
6917 0
6917 0
6917 0
6917 0
6917 0
6917 0
6917 0
6917 0
6917 0
6917 0
6917 0
6917 0
6917 54.56
6917 0
6917 0
6917 0
6917 0
6917 0
6917 0
6917 0
6934 0
6934 5.83
6934 0
6934 0
6934 0
6934 0
6934 0
6934 0
6934 0
6934 0
6934 0
6934 0
6934 0
6934 0
6934 0
6934 0
6934 0
6934 0
6934 0
6934 0
6934 0
6934 0
6934 0
6934 77.77
6934 0
6934 0
6934 0
6934 0
6934 0
6934 0
6934 0
6942 0
6942 1.18
6942 0
6942 0
6942 0
6942 0
6942 0
6942 0
6942 0
6942 0
6942 0
6942 0
6942 0
6942 0
6942 0
6942 0
6942 0
6942 0
6942 0
6942 0
6942 0
6942 0
6942 0
6942 12.23
6942 0
6942 0
6942 0
6942 0
6942 0
6942 0
6942 0
6962 0
6962 36.01
6962 0
6962 0
6962 0
6962 0
6962 0
6962 0
6962 0
6962 0
6962 0
6962 0
6962 0
6962 0
6962 0
6962 0
6962 0
6962 0
6962 0
6962 0
6962 0
6962 0
6962 0
6962 90.44
6962 0
6962 0
6962 0
6962 0
6962 0
6962 0
6962 0
6996 0
6996 16.59
6996 0
6996 0
6996 0
6996 0
6996 0
6996 0
6996 0
6996 0
6996 0
6996 0
6996 0
6996 0
6996 0
6996 0
6996 0
6996 0
6996 0
6996 0
6996 0
6996 0
6996 0
6996 18.16
6996 0
6996 0
6996 0
6996 0
6996 0
6996 0
6996 0
7012 0
7012 6.95
7012 0
7012 0
7012 0
7012 0
7012 0
7012 0
7012 0
7012 0
7012 0
7012 0
7012 0
7012 0
7012 0
7012 0
7012 0
7012 0
7012 0
7012 0
7012 0
7012 0
7012 0
7012 1.25
7012 0
7012 0
7012 0
7012 0
7012 0
7012 0
7012 0
7015 0
7015 1.18
7015 0
7015 0
7015 0
7015 0
7015 0
7015 0
7015 0
7015 0
7015 0
7015 0
7015 0
7015 0
7015 0
7015 0
7015 0
7015 0
7015 0
7015 0
7015 0
7015 0
7015 0
7015 12.23
7015 0
7015 0
7015 0
7015 0
7015 0
7015 0
7015 0
7035 0
7035 11.18
7035 0
7035 0
7035 0
7035 0
7035 0
7035 0
7035 0
7035 0
7035 0
7035 0
7035 0
7035 0
7035 0
7035 0
7035 0
7035 0
7035 0
7035 0
7035 0
7035 0
7035 0
7035 2.51
7035 0
7035 0
7035 0
7035 0
7035 0
7035 0
7035 0
7041 0
7041 27.49
7041 0
7041 0
7041 0
7041 0
7041 0
7041 0
7041 0
7041 0
7041 0
7041 0
7041 0
7041 0
7041 0
7041 0
7041 0
7041 0
7041 0
7041 0
7041 0
7041 0
7041 0
7041 30.37
7041 0
7041 0
7041 0
7041 0
7041 0
7041 0
7041 0
7080 0
7080 18.85
7080 0
7080 0
7080 0
7080 0
7080 0
7080 0
7080 0
7080 0
7080 0
7080 0
7080 0
7080 0
7080 0
7080 0
7080 0
7080 0
7080 0
7080 0
7080 0
7080 0
7080 0
7080 62.95
7080 0
7080 0
7080 0
7080 0
7080 0
7080 0
7080 0
