pt_graph scale
4844 0
4844 5
4844 0
4844 0
4844 0
4844 0
4844 0
4844 0
4844 0
4844 0
4844 0
4844 0
4844 0
4844 0
4844 0
4844 0
4844 0
4844 0
4844 0
4844 0
4844 0
4844 0
4844 0
4844 0
4844 0
4844 0
4844 0
4844 0
4844 0
4844 0
4844 0
4941 0
4941 57
4941 0
4941 0
4941 0
4941 0
4941 0
4941 0
4941 0
4941 0
4941 0
4941 0
4941 0
4941 0
4941 0
4941 0
4941 0
4941 0
4941 0
4941 0
4941 0
4941 0
4941 0
4941 0
4941 0
4941 0
4941 0
4941 0
4941 0
4941 0
4941 0
5007 0
5007 1
5007 0
5007 0
5007 0
5007 0
5007 0
5007 0
5007 0
5007 0
5007 0
5007 0
5007 0
5007 0
5007 0
5007 0
5007 0
5007 0
5007 0
5007 0
5007 0
5007 0
5007 0
5007 0
5007 0
5007 0
5007 0
5007 0
5007 0
5007 0
5007 0
5057 0
5057 5
5057 0
5057 0
5057 0
5057 0
5057 0
5057 0
5057 0
5057 0
5057 0
5057 0
5057 0
5057 0
5057 0
5057 0
5057 0
5057 0
5057 0
5057 0
5057 0
5057 0
5057 0
5057 0
5057 0
5057 0
5057 0
5057 0
5057 0
5057 0
5057 0
5116 0
5116 0
5116 0
5116 0
5116 0
5116 0
5116 0
5116 0
5116 0
5116 0
5116 0
5116 0
5116 0
5116 0
5116 0
5116 0
5116 0
5116 0
5116 0
5116 0
5116 0
5116 0
5116 0
5116 0
5116 0
5116 0
5116 0
5116 0
5116 0
5116 0
5116 0
5174 0
5174 1
5174 0
5174 0
5174 0
5174 0
5174 0
5174 0
5174 0
5174 0
5174 0
5174 0
5174 0
5174 0
5174 0
5174 0
5174 0
5174 0
5174 0
5174 0
5174 0
5174 0
5174 0
5174 0
5174 0
5174 0
5174 0
5174 0
5174 0
5174 0
5174 0
5198 0
5198 5
5198 0
5198 0
5198 0
5198 0
5198 0
5198 0
5198 0
5198 0
5198 0
5198 0
5198 0
5198 0
5198 0
5198 0
5198 0
5198 0
5198 0
5198 0
5198 0
5198 0
5198 0
5198 0
5198 0
5198 0
5198 0
5198 0
5198 0
5198 0
5198 0
5259 0
5259 2
5259 0
5259 0
5259 0
5259 0
5259 0
5259 0
5259 0
5259 0
5259 0
5259 0
5259 0
5259 0
5259 0
5259 0
5259 0
5259 0
5259 0
5259 0
5259 0
5259 0
5259 0
5259 0
5259 0
5259 0
5259 0
5259 0
5259 0
5259 0
5259 0
5261 0
5261 4
5261 0
5261 0
5261 0
5261 0
5261 0
5261 0
5261 0
5261 0
5261 0
5261 0
5261 0
5261 0
5261 0
5261 0
5261 0
5261 0
5261 0
5261 0
5261 0
5261 0
5261 0
5261 0
5261 0
5261 0
5261 0
5261 0
5261 0
5261 0
5261 0
5307 0
5307 1
5307 0
5307 0
5307 0
5307 0
5307 0
5307 0
5307 0
5307 0
5307 0
5307 0
5307 0
5307 0
5307 0
5307 0
5307 0
5307 0
5307 0
5307 0
5307 0
5307 0
5307 0
5307 0
5307 0
5307 0
5307 0
5307 0
5307 0
5307 0
5307 0
5336 0
5336 26
5336 0
5336 0
5336 0
5336 0
5336 0
5336 0
5336 0
5336 0
5336 0
5336 0
5336 0
5336 0
5336 0
5336 0
5336 0
5336 0
5336 0
5336 0
5336 0
5336 0
5336 0
5336 0
5336 0
5336 0
5336 0
5336 0
5336 0
5336 0
5336 0
5350 0
5350 1
5350 0
5350 0
5350 0
5350 0
5350 0
5350 0
5350 0
5350 0
5350 0
5350 0
5350 0
5350 0
5350 0
5350 0
5350 0
5350 0
5350 0
5350 0
5350 0
5350 0
5350 0
5350 0
5350 0
5350 0
5350 0
5350 0
5350 0
5350 0
5350 0
5372 0
5372 2
5372 0
5372 0
5372 0
5372 0
5372 0
5372 0
5372 0
5372 0
5372 0
5372 0
5372 0
5372 0
5372 0
5372 0
5372 0
5372 0
5372 0
5372 0
5372 0
5372 0
5372 0
5372 0
5372 0
5372 0
5372 0
5372 0
5372 0
5372 0
5372 0
5394 0
5394 1
5394 0
5394 0
5394 0
5394 0
5394 0
5394 0
5394 0
5394 0
5394 0
5394 0
5394 0
5394 0
5394 0
5394 0
5394 0
5394 0
5394 0
5394 0
5394 0
5394 0
5394 0
5394 0
5394 0
5394 0
5394 0
5394 0
5394 0
5394 0
5394 0
5414 0
5414 1
5414 0
5414 0
5414 0
5414 0
5414 0
5414 0
5414 0
5414 2
5414 0
5414 0
5414 0
5414 0
5414 0
5414 0
5414 0
5414 0
5414 0
5414 0
5414 0
5414 0
5414 0
5414 0
5414 0
5414 0
5414 0
5414 0
5414 0
5414 0
5414 0
5434 0
5434 1
5434 0
5434 0
5434 0
5434 0
5434 0
5434 0
5434 0
5434 0
5434 0
5434 0
5434 0
5434 0
5434 0
5434 0
5434 0
5434 0
5434 0
5434 0
5434 0
5434 0
5434 0
5434 0
5434 0
5434 0
5434 0
5434 0
5434 0
5434 0
5434 0
5452 0
5452 13
5452 0
5452 0
5452 0
5452 0
5452 0
5452 0
5452 0
5452 0
5452 0
5452 0
5452 0
5452 0
5452 0
5452 0
5452 0
5452 0
5452 0
5452 0
5452 0
5452 0
5452 0
5452 0
5452 0
5452 0
5452 0
5452 0
5452 0
5452 0
5452 0
5522 0
5522 1
5522 0
5522 0
5522 0
5522 0
5522 0
5522 0
5522 0
5522 0
5522 0
5522 0
5522 0
5522 0
5522 0
5522 0
5522 0
5522 0
5522 0
5522 0
5522 0
5522 0
5522 0
5522 0
5522 0
5522 0
5522 0
5522 0
5522 0
5522 0
5522 0
5524 0
5524 67
5524 0
5524 0
5524 0
5524 0
5524 0
5524 0
5524 0
5524 0
5524 0
5524 0
5524 0
5524 0
5524 0
5524 0
5524 0
5524 0
5524 0
5524 0
5524 0
5524 0
5524 0
5524 10
5524 0
5524 0
5524 0
5524 0
5524 0
5524 0
5524 0
5529 0
5529 1
5529 0
5529 0
5529 0
5529 0
5529 0
5529 0
5529 0
5529 0
5529 0
5529 0
5529 0
5529 0
5529 0
5529 0
5529 0
5529 0
5529 0
5529 0
5529 0
5529 0
5529 0
5529 0
5529 0
5529 0
5529 0
5529 0
5529 0
5529 0
5529 0
5534 0
5534 67
5534 0
5534 0
5534 0
5534 0
5534 0
5534 0
5534 0
5534 0
5534 0
5534 0
5534 0
5534 0
5534 0
5534 0
5534 0
5534 0
5534 0
5534 0
5534 0
5534 0
5534 0
5534 10
5534 0
5534 0
5534 0
5534 0
5534 0
5534 0
5534 0
5570 0
5570 1
5570 0
5570 0
5570 0
5570 0
5570 0
5570 0
5570 0
5570 0
5570 0
5570 0
5570 0
5570 0
5570 0
5570 0
5570 0
5570 0
5570 0
5570 0
5570 0
5570 0
5570 0
5570 0
5570 0
5570 0
5570 0
5570 0
5570 0
5570 0
5570 0
5591 0
5591 21
5591 0
5591 0
5591 0
5591 0
5591 0
5591 0
5591 0
5591 0
5591 0
5591 0
5591 0
5591 0
5591 0
5591 0
5591 0
5591 0
5591 0
5591 0
5591 0
5591 0
5591 0
5591 0
5591 0
5591 0
5591 0
5591 0
5591 0
5591 0
5591 0
5597 0
5597 28
5597 0
5597 0
5597 0
5597 0
5597 0
5597 0
5597 0
5597 0
5597 0
5597 0
5597 0
5597 0
5597 0
5597 0
5597 0
5597 0
5597 0
5597 0
5597 0
5597 0
5597 0
5597 0
5597 0
5597 0
5597 0
5597 0
5597 0
5597 0
5597 0
5605 0
5605 3
5605 0
5605 0
5605 0
5605 0
5605 0
5605 0
5605 0
5605 2
5605 0
5605 0
5605 0
5605 0
5605 0
5605 0
5605 0
5605 0
5605 0
5605 0
5605 0
5605 0
5605 0
5605 0
5605 0
5605 0
5605 0
5605 0
5605 0
5605 0
5605 0
5608 0
5608 28
5608 0
5608 0
5608 0
5608 0
5608 0
5608 0
5608 0
5608 0
5608 0
5608 0
5608 0
5608 0
5608 0
5608 0
5608 0
5608 0
5608 0
5608 0
5608 0
5608 0
5608 0
5608 0
5608 0
5608 0
5608 0
5608 0
5608 0
5608 0
5608 0
5610 0
5610 2
5610 0
5610 0
5610 0
5610 0
5610 0
5610 0
5610 0
5610 0
5610 0
5610 0
5610 0
5610 0
5610 0
5610 0
5610 0
5610 0
5610 0
5610 0
5610 0
5610 0
5610 0
5610 0
5610 0
5610 0
5610 0
5610 0
5610 0
5610 0
5610 0
5626 0
5626 2
5626 0
5626 0
5626 0
5626 0
5626 0
5626 0
5626 0
5626 0
5626 0
5626 0
5626 0
5626 0
5626 0
5626 0
5626 0
5626 0
5626 0
5626 0
5626 0
5626 0
5626 0
5626 0
5626 0
5626 0
5626 0
5626 0
5626 0
5626 0
5626 0
5638 0
5638 69
5638 0
5638 0
5638 0
5638 0
5638 0
5638 0
5638 0
5638 0
5638 0
5638 0
5638 0
5638 0
5638 0
5638 0
5638 0
5638 0
5638 0
5638 0
5638 0
5638 0
5638 0
5638 0
5638 0
5638 0
5638 0
5638 0
5638 0
5638 0
5638 0
5642 0
5642 104
5642 0
5642 0
5642 0
5642 0
5642 0
5642 0
5642 0
5642 0
5642 0
5642 0
5642 0
5642 0
5642 0
5642 0
5642 0
5642 0
5642 0
5642 0
5642 0
5642 0
5642 0
5642 1
5642 0
5642 0
5642 0
5642 0
5642 0
5642 0
5642 0
5643 0
5643 69
5643 0
5643 0
5643 0
5643 0
5643 0
5643 0
5643 0
5643 0
5643 0
5643 0
5643 0
5643 0
5643 0
5643 0
5643 0
5643 0
5643 0
5643 0
5643 0
5643 0
5643 0
5643 0
5643 0
5643 0
5643 0
5643 0
5643 0
5643 0
5643 0
5650 0
5650 115
5650 0
5650 0
5650 0
5650 0
5650 0
5650 0
5650 0
5650 0
5650 0
5650 0
5650 0
5650 0
5650 0
5650 0
5650 0
5650 0
5650 0
5650 0
5650 0
5650 0
5650 0
5650 0
5650 0
5650 0
5650 0
5650 0
5650 0
5650 0
5650 0
5656 0
5656 94
5656 0
5656 0
5656 0
5656 0
5656 0
5656 0
5656 0
5656 0
5656 0
5656 0
5656 0
5656 0
5656 0
5656 0
5656 0
5656 0
5656 0
5656 0
5656 0
5656 0
5656 0
5656 0
5656 0
5656 0
5656 0
5656 0
5656 0
5656 0
5656 0
5661 0
5661 1
5661 0
5661 0
5661 0
5661 0
5661 0
5661 0
5661 0
5661 0
5661 0
5661 0
5661 0
5661 0
5661 0
5661 0
5661 0
5661 0
5661 0
5661 0
5661 0
5661 0
5661 0
5661 0
5661 0
5661 0
5661 0
5661 0
5661 0
5661 0
5661 0
5664 0
5664 85
5664 0
5664 0
5664 0
5664 0
5664 0
5664 0
5664 0
5664 0
5664 0
5664 0
5664 0
5664 0
5664 0
5664 0
5664 0
5664 0
5664 0
5664 0
5664 0
5664 0
5664 0
5664 0
5664 0
5664 0
5664 0
5664 0
5664 0
5664 0
5664 0
5688 0
5688 28
5688 0
5688 0
5688 0
5688 0
5688 0
5688 0
5688 0
5688 0
5688 0
5688 0
5688 0
5688 0
5688 0
5688 0
5688 0
5688 0
5688 0
5688 0
5688 0
5688 0
5688 0
5688 0
5688 0
5688 0
5688 0
5688 0
5688 0
5688 0
5688 0
5697 0
5697 89
5697 0
5697 0
5697 0
5697 0
5697 0
5697 0
5697 0
5697 0
5697 0
5697 0
5697 0
5697 0
5697 0
5697 0
5697 0
5697 0
5697 0
5697 0
5697 0
5697 0
5697 0
5697 0
5697 0
5697 0
5697 0
5697 0
5697 0
5697 0
5697 0
5705 0
5705 2
5705 0
5705 0
5705 0
5705 0
5705 0
5705 0
5705 0
5705 0
5705 0
5705 0
5705 0
5705 0
5705 0
5705 0
5705 0
5705 0
5705 0
5705 0
5705 0
5705 0
5705 0
5705 0
5705 0
5705 0
5705 0
5705 0
5705 0
5705 0
5705 0
5711 0
5711 128
5711 0
5711 0
5711 0
5711 0
5711 0
5711 0
5711 0
5711 0
5711 0
5711 0
5711 0
5711 0
5711 0
5711 0
5711 0
5711 0
5711 0
5711 0
5711 0
5711 0
5711 0
5711 0
5711 0
5711 0
5711 0
5711 0
5711 0
5711 0
5711 0
5717 0
5717 4
5717 0
5717 0
5717 0
5717 0
5717 0
5717 0
5717 0
5717 0
5717 0
5717 0
5717 0
5717 0
5717 0
5717 0
5717 0
5717 0
5717 0
5717 0
5717 0
5717 0
5717 0
5717 1
5717 0
5717 0
5717 0
5717 0
5717 0
5717 0
5717 0
5722 0
5722 1
5722 0
5722 0
5722 0
5722 0
5722 0
5722 0
5722 0
5722 0
5722 0
5722 0
5722 0
5722 0
5722 0
5722 0
5722 0
5722 0
5722 0
5722 0
5722 0
5722 0
5722 0
5722 0
5722 0
5722 0
5722 0
5722 0
5722 0
5722 0
5722 0
5726 0
5726 1
5726 0
5726 0
5726 0
5726 0
5726 0
5726 0
5726 0
5726 0
5726 0
5726 0
5726 0
5726 0
5726 0
5726 0
5726 0
5726 0
5726 0
5726 0
5726 0
5726 0
5726 0
5726 0
5726 0
5726 0
5726 0
5726 0
5726 0
5726 0
5726 0
5731 0
5731 12
5731 0
5731 0
5731 0
5731 0
5731 0
5731 0
5731 0
5731 0
5731 0
5731 0
5731 0
5731 0
5731 0
5731 0
5731 0
5731 0
5731 0
5731 0
5731 0
5731 0
5731 0
5731 8
5731 0
5731 0
5731 0
5731 0
5731 0
5731 0
5731 0
5738 0
5738 60
5738 0
5738 0
5738 0
5738 0
5738 0
5738 0
5738 0
5738 0
5738 0
5738 0
5738 0
5738 0
5738 0
5738 0
5738 0
5738 0
5738 0
5738 0
5738 0
5738 0
5738 0
5738 0
5738 0
5738 0
5738 0
5738 0
5738 0
5738 0
5738 0
5740 0
5740 231
5740 0
5740 0
5740 0
5740 0
5740 0
5740 0
5740 0
5740 0
5740 0
5740 0
5740 0
5740 0
5740 0
5740 0
5740 0
5740 0
5740 0
5740 0
5740 0
5740 0
5740 0
5740 4
5740 0
5740 0
5740 0
5740 0
5740 0
5740 0
5740 0
5743 0
5743 80
5743 0
5743 0
5743 0
5743 0
5743 0
5743 0
5743 0
5743 0
5743 0
5743 0
5743 0
5743 0
5743 0
5743 0
5743 0
5743 0
5743 0
5743 0
5743 0
5743 0
5743 0
5743 1
5743 0
5743 0
5743 0
5743 0
5743 0
5743 0
5743 0
5768 0
5768 33
5768 0
5768 0
5768 0
5768 0
5768 0
5768 0
5768 0
5768 0
5768 0
5768 0
5768 0
5768 0
5768 0
5768 0
5768 0
5768 0
5768 0
5768 0
5768 0
5768 0
5768 0
5768 0
5768 0
5768 0
5768 0
5768 0
5768 0
5768 0
5768 0
5773 0
5773 44
5773 0
5773 0
5773 0
5773 0
5773 0
5773 0
5773 0
5773 0
5773 0
5773 0
5773 0
5773 0
5773 0
5773 0
5773 0
5773 0
5773 0
5773 0
5773 0
5773 0
5773 0
5773 0
5773 0
5773 0
5773 0
5773 0
5773 0
5773 0
5773 0
5779 0
5779 121
5779 0
5779 0
5779 0
5779 0
5779 0
5779 0
5779 0
5779 0
5779 0
5779 0
5779 0
5779 0
5779 0
5779 0
5779 0
5779 0
5779 0
5779 0
5779 0
5779 0
5779 0
5779 0
5779 0
5779 0
5779 0
5779 0
5779 0
5779 0
5779 0
5782 0
5782 1
5782 0
5782 0
5782 0
5782 0
5782 0
5782 0
5782 0
5782 0
5782 0
5782 0
5782 0
5782 0
5782 0
5782 0
5782 0
5782 0
5782 0
5782 0
5782 0
5782 0
5782 0
5782 0
5782 0
5782 0
5782 0
5782 0
5782 0
5782 0
5782 0
5783 0
5783 16
5783 0
5783 0
5783 0
5783 0
5783 0
5783 0
5783 0
5783 0
5783 0
5783 0
5783 0
5783 0
5783 0
5783 0
5783 0
5783 0
5783 0
5783 0
5783 0
5783 0
5783 0
5783 0
5783 0
5783 0
5783 0
5783 0
5783 0
5783 0
5783 0
5790 0
5790 56
5790 0
5790 0
5790 0
5790 0
5790 0
5790 0
5790 0
5790 0
5790 0
5790 0
5790 0
5790 0
5790 0
5790 0
5790 0
5790 0
5790 0
5790 0
5790 0
5790 0
5790 0
5790 0
5790 0
5790 0
5790 0
5790 0
5790 0
5790 0
5790 0
5794 0
5794 55
5794 0
5794 0
5794 0
5794 0
5794 0
5794 0
5794 0
5794 0
5794 0
5794 0
5794 0
5794 0
5794 0
5794 0
5794 0
5794 0
5794 0
5794 0
5794 0
5794 0
5794 0
5794 0
5794 0
5794 0
5794 0
5794 0
5794 0
5794 0
5794 0
5795 0
5795 275
5795 0
5795 0
5795 0
5795 0
5795 0
5795 0
5795 0
5795 1
5795 0
5795 0
5795 0
5795 0
5795 0
5795 0
5795 0
5795 0
5795 0
5795 0
5795 0
5795 0
5795 0
5795 15
5795 0
5795 0
5795 0
5795 0
5795 0
5795 0
5795 0
5807 0
5807 1
5807 0
5807 0
5807 0
5807 0
5807 0
5807 0
5807 0
5807 0
5807 0
5807 0
5807 0
5807 0
5807 0
5807 0
5807 0
5807 0
5807 0
5807 0
5807 0
5807 0
5807 0
5807 0
5807 0
5807 0
5807 0
5807 0
5807 0
5807 0
5807 0
5813 0
5813 271
5813 0
5813 0
5813 0
5813 0
5813 0
5813 0
5813 0
5813 0
5813 0
5813 0
5813 0
5813 0
5813 0
5813 0
5813 0
5813 0
5813 0
5813 0
5813 0
5813 0
5813 0
5813 1
5813 0
5813 0
5813 0
5813 0
5813 0
5813 0
5813 0
5821 0
5821 104
5821 0
5821 0
5821 0
5821 0
5821 0
5821 0
5821 0
5821 0
5821 0
5821 0
5821 0
5821 0
5821 0
5821 0
5821 0
5821 0
5821 0
5821 0
5821 0
5821 0
5821 0
5821 0
5821 0
5821 0
5821 0
5821 0
5821 0
5821 0
5821 0
5829 0
5829 128
5829 0
5829 0
5829 0
5829 0
5829 0
5829 0
5829 0
5829 0
5829 0
5829 0
5829 0
5829 0
5829 0
5829 0
5829 0
5829 0
5829 0
5829 0
5829 0
5829 0
5829 0
5829 1
5829 0
5829 0
5829 0
5829 0
5829 0
5829 0
5829 0
5834 0
5834 28
5834 0
5834 0
5834 0
5834 0
5834 0
5834 0
5834 0
5834 0
5834 0
5834 0
5834 0
5834 0
5834 0
5834 0
5834 0
5834 0
5834 0
5834 0
5834 0
5834 0
5834 0
5834 0
5834 0
5834 0
5834 0
5834 0
5834 0
5834 0
5834 0
5842 0
5842 85
5842 0
5842 0
5842 0
5842 0
5842 0
5842 0
5842 0
5842 0
5842 0
5842 0
5842 0
5842 0
5842 0
5842 0
5842 0
5842 0
5842 0
5842 0
5842 0
5842 0
5842 0
5842 8
5842 0
5842 0
5842 0
5842 0
5842 0
5842 0
5842 0
5857 0
5857 112
5857 0
5857 0
5857 0
5857 0
5857 0
5857 0
5857 0
5857 0
5857 0
5857 0
5857 0
5857 0
5857 0
5857 0
5857 0
5857 0
5857 0
5857 0
5857 0
5857 0
5857 0
5857 38
5857 0
5857 0
5857 0
5857 0
5857 0
5857 0
5857 0
5878 0
5878 19
5878 0
5878 0
5878 0
5878 0
5878 0
5878 0
5878 0
5878 0
5878 0
5878 0
5878 0
5878 0
5878 0
5878 0
5878 0
5878 0
5878 0
5878 0
5878 0
5878 0
5878 0
5878 0
5878 0
5878 0
5878 0
5878 0
5878 0
5878 0
5878 0
5892 0
5892 127
5892 0
5892 0
5892 0
5892 0
5892 0
5892 0
5892 0
5892 15
5892 0
5892 0
5892 0
5892 0
5892 0
5892 0
5892 0
5892 0
5892 0
5892 0
5892 0
5892 0
5892 0
5892 15
5892 0
5892 0
5892 0
5892 0
5892 0
5892 0
5892 0
5893 0
5893 7
5893 0
5893 0
5893 0
5893 0
5893 0
5893 0
5893 0
5893 0
5893 0
5893 0
5893 0
5893 0
5893 0
5893 0
5893 0
5893 0
5893 0
5893 0
5893 0
5893 0
5893 0
5893 28
5893 0
5893 0
5893 0
5893 0
5893 0
5893 0
5893 0
5902 0
5902 88
5902 0
5902 0
5902 0
5902 0
5902 0
5902 0
5902 0
5902 1
5902 0
5902 0
5902 0
5902 0
5902 0
5902 0
5902 0
5902 0
5902 0
5902 0
5902 0
5902 0
5902 0
5902 1
5902 0
5902 0
5902 0
5902 0
5902 0
5902 0
5902 0
5916 0
5916 1
5916 0
5916 0
5916 0
5916 0
5916 0
5916 0
5916 0
5916 0
5916 0
5916 0
5916 0
5916 0
5916 0
5916 0
5916 0
5916 0
5916 0
5916 0
5916 0
5916 0
5916 0
5916 0
5916 0
5916 0
5916 0
5916 0
5916 0
5916 0
5916 0
5924 0
5924 150
5924 0
5924 0
5924 0
5924 0
5924 0
5924 0
5924 0
5924 0
5924 0
5924 0
5924 0
5924 0
5924 0
5924 0
5924 0
5924 0
5924 0
5924 0
5924 0
5924 0
5924 0
5924 0
5924 0
5924 0
5924 0
5924 0
5924 0
5924 0
5924 0
5938 0
5938 80
5938 0
5938 0
5938 0
5938 0
5938 0
5938 0
5938 0
5938 0
5938 0
5938 0
5938 0
5938 0
5938 0
5938 0
5938 0
5938 0
5938 0
5938 0
5938 0
5938 0
5938 0
5938 1
5938 0
5938 0
5938 0
5938 0
5938 0
5938 0
5938 0
5953 0
5953 13
5953 0
5953 0
5953 0
5953 0
5953 0
5953 0
5953 0
5953 0
5953 0
5953 0
5953 0
5953 0
5953 0
5953 0
5953 0
5953 0
5953 0
5953 0
5953 0
5953 0
5953 0
5953 8
5953 0
5953 0
5953 0
5953 0
5953 0
5953 0
5953 0
5963 0
5963 104
5963 0
5963 0
5963 0
5963 0
5963 0
5963 0
5963 0
5963 0
5963 0
5963 0
5963 0
5963 0
5963 0
5963 0
5963 0
5963 0
5963 0
5963 0
5963 0
5963 0
5963 0
5963 0
5963 0
5963 0
5963 0
5963 0
5963 0
5963 0
5963 0
5964 0
5964 52
5964 0
5964 0
5964 0
5964 0
5964 0
5964 0
5964 0
5964 0
5964 0
5964 0
5964 0
5964 0
5964 0
5964 0
5964 0
5964 0
5964 0
5964 0
5964 0
5964 0
5964 0
5964 22
5964 0
5964 0
5964 0
5964 0
5964 0
5964 0
5964 0
5982 0
5982 66
5982 0
5982 0
5982 0
5982 0
5982 0
5982 0
5982 0
5982 0
5982 0
5982 0
5982 0
5982 0
5982 0
5982 0
5982 0
5982 0
5982 0
5982 0
5982 0
5982 0
5982 0
5982 0
5982 0
5982 0
5982 0
5982 0
5982 0
5982 0
5982 0
5985 0
5985 170
5985 0
5985 0
5985 0
5985 0
5985 0
5985 0
5985 0
5985 0
5985 0
5985 0
5985 0
5985 0
5985 0
5985 0
5985 0
5985 0
5985 0
5985 0
5985 0
5985 0
5985 0
5985 8
5985 0
5985 0
5985 0
5985 0
5985 0
5985 0
5985 0
6018 0
6018 28
6018 0
6018 0
6018 0
6018 0
6018 0
6018 0
6018 0
6018 0
6018 0
6018 0
6018 0
6018 0
6018 0
6018 0
6018 0
6018 0
6018 0
6018 0
6018 0
6018 0
6018 0
6018 0
6018 0
6018 0
6018 0
6018 0
6018 0
6018 0
6018 0
6024 0
6024 203
6024 0
6024 0
6024 0
6024 0
6024 0
6024 0
6024 0
6024 0
6024 0
6024 0
6024 0
6024 0
6024 0
6024 0
6024 0
6024 0
6024 0
6024 0
6024 0
6024 0
6024 0
6024 1
6024 0
6024 0
6024 0
6024 0
6024 0
6024 0
6024 0
6025 0
6025 85
6025 0
6025 0
6025 0
6025 0
6025 0
6025 0
6025 0
6025 0
6025 0
6025 0
6025 0
6025 0
6025 0
6025 0
6025 0
6025 0
6025 0
6025 0
6025 0
6025 0
6025 0
6025 0
6025 0
6025 0
6025 0
6025 0
6025 0
6025 0
6025 0
6033 0
6033 76
6033 0
6033 0
6033 0
6033 0
6033 0
6033 0
6033 0
6033 0
6033 0
6033 0
6033 0
6033 0
6033 0
6033 0
6033 0
6033 0
6033 0
6033 0
6033 0
6033 0
6033 0
6033 21
6033 0
6033 0
6033 0
6033 0
6033 0
6033 0
6033 0
6076 0
6076 84
6076 0
6076 0
6076 0
6076 0
6076 0
6076 0
6076 0
6076 0
6076 0
6076 0
6076 0
6076 0
6076 0
6076 0
6076 0
6076 0
6076 0
6076 0
6076 0
6076 0
6076 0
6076 0
6076 0
6076 0
6076 0
6076 0
6076 0
6076 0
6076 0
6195 0
6195 84
6195 0
6195 0
6195 0
6195 0
6195 0
6195 0
6195 0
6195 0
6195 0
6195 0
6195 0
6195 0
6195 0
6195 0
6195 0
6195 0
6195 0
6195 0
6195 0
6195 0
6195 0
6195 0
6195 0
6195 0
6195 0
6195 0
6195 0
6195 0
6195 0
6544 0
6544 1
6544 0
6544 0
6544 0
6544 0
6544 0
6544 0
6544 0
6544 0
6544 0
6544 0
6544 0
6544 0
6544 0
6544 0
6544 0
6544 0
6544 0
6544 0
6544 0
6544 0
6544 0
6544 0
6544 0
6544 0
6544 0
6544 0
6544 0
6544 0
6544 0
6545 0
6545 56
6545 0
6545 0
6545 0
6545 0
6545 0
6545 0
6545 0
6545 1
6545 0
6545 0
6545 0
6545 0
6545 0
6545 0
6545 0
6545 0
6545 0
6545 0
6545 0
6545 0
6545 0
6545 0
6545 0
6545 0
6545 0
6545 0
6545 0
6545 0
6545 0
6579 0
6579 0
6579 0
6579 0
6579 0
6579 0
6579 0
6579 0
6579 0
6579 0
6579 0
6579 0
6579 0
6579 0
6579 0
6579 0
6579 0
6579 0
6579 0
6579 0
6579 0
6579 0
6579 0
6579 1
6579 0
6579 0
6579 0
6579 0
6579 0
6579 0
6579 0
6618 0
6618 93
6618 0
6618 0
6618 0
6618 0
6618 0
6618 0
6618 0
6618 8
6618 0
6618 0
6618 0
6618 0
6618 0
6618 0
6618 0
6618 0
6618 0
6618 0
6618 0
6618 0
6618 0
6618 1
6618 0
6618 0
6618 0
6618 0
6618 0
6618 0
6618 0
6757 0
6757 1
6757 0
6757 0
6757 0
6757 0
6757 0
6757 0
6757 0
6757 0
6757 0
6757 0
6757 0
6757 0
6757 0
6757 0
6757 0
6757 0
6757 0
6757 0
6757 0
6757 0
6757 0
6757 0
6757 0
6757 0
6757 0
6757 0
6757 0
6757 0
6757 0
6768 0
6768 57
6768 0
6768 0
6768 0
6768 0
6768 0
6768 0
6768 0
6768 0
6768 0
6768 0
6768 0
6768 0
6768 0
6768 0
6768 0
6768 0
6768 0
6768 0
6768 0
6768 0
6768 0
6768 0
6768 0
6768 0
6768 0
6768 0
6768 0
6768 0
6768 0
6794 0
6794 57
6794 0
6794 0
6794 0
6794 0
6794 0
6794 0
6794 0
6794 0
6794 0
6794 0
6794 0
6794 0
6794 0
6794 0
6794 0
6794 0
6794 0
6794 0
6794 0
6794 0
6794 0
6794 0
6794 0
6794 0
6794 0
6794 0
6794 0
6794 0
6794 0
6843 0
6843 219
6843 0
6843 0
6843 0
6843 0
6843 0
6843 0
6843 0
6843 13
6843 0
6843 0
6843 0
6843 0
6843 0
6843 0
6843 0
6843 0
6843 0
6843 0
6843 0
6843 0
6843 0
6843 2
6843 0
6843 0
6843 0
6843 0
6843 0
6843 0
6843 0
6847 0
6847 57
6847 0
6847 0
6847 0
6847 0
6847 0
6847 0
6847 0
6847 0
6847 0
6847 0
6847 0
6847 0
6847 0
6847 0
6847 0
6847 0
6847 0
6847 0
6847 0
6847 0
6847 0
6847 0
6847 0
6847 0
6847 0
6847 0
6847 0
6847 0
6847 0
6871 0
6871 1
6871 0
6871 0
6871 0
6871 0
6871 0
6871 0
6871 0
6871 0
6871 0
6871 0
6871 0
6871 0
6871 0
6871 0
6871 0
6871 0
6871 0
6871 0
6871 0
6871 0
6871 0
6871 0
6871 0
6871 0
6871 0
6871 0
6871 0
6871 0
6871 0
6959 0
6959 253
6959 0
6959 0
6959 0
6959 0
6959 0
6959 0
6959 0
6959 42
6959 0
6959 0
6959 0
6959 0
6959 0
6959 0
6959 0
6959 0
6959 0
6959 0
6959 0
6959 0
6959 0
6959 1
6959 0
6959 0
6959 0
6959 0
6959 0
6959 0
6959 0
10887 0
10887 0
10887 0
10887 0
10887 0
10887 0
10887 0
10887 0
10887 0
10887 0
10887 0
10887 144
10887 0
10887 0
10887 0
10887 0
10887 0
10887 0
10887 0
10887 0
10887 0
10887 0
10887 0
10887 0
10887 0
10887 0
10887 0
10887 0
10887 0
10887 0
10887 0
10893 0
10893 0
10893 0
10893 0
10893 0
10893 0
10893 0
10893 0
10893 0
10893 0
10893 0
10893 476
10893 0
10893 0
10893 0
10893 0
10893 0
10893 0
10893 0
10893 0
10893 0
10893 0
10893 0
10893 0
10893 0
10893 0
10893 0
10893 0
10893 0
10893 0
10893 0
10897 0
10897 0
10897 0
10897 0
10897 0
10897 0
10897 0
10897 0
10897 0
10897 0
10897 0
10897 1473
10897 0
10897 0
10897 0
10897 0
10897 0
10897 0
10897 0
10897 0
10897 0
10897 0
10897 0
10897 0
10897 0
10897 0
10897 0
10897 0
10897 0
10897 0
10897 0
10901 0
10901 0
10901 0
10901 0
10901 0
10901 0
10901 0
10901 0
10901 0
10901 0
10901 0
10901 167
10901 0
10901 0
10901 0
10901 0
10901 0
10901 0
10901 0
10901 0
10901 0
10901 0
10901 0
10901 0
10901 0
10901 0
10901 0
10901 0
10901 0
10901 0
10901 0
10905 0
10905 0
10905 0
10905 0
10905 0
10905 0
10905 0
10905 0
10905 0
10905 0
10905 0
10905 677
10905 0
10905 0
10905 0
10905 0
10905 0
10905 0
10905 0
10905 0
10905 0
10905 0
10905 0
10905 0
10905 0
10905 0
10905 0
10905 0
10905 0
10905 0
10905 0
10909 0
10909 0
10909 0
10909 0
10909 0
10909 0
10909 0
10909 0
10909 0
10909 0
10909 0
10909 2220
10909 0
10909 0
10909 0
10909 0
10909 0
10909 0
10909 0
10909 0
10909 0
10909 0
10909 0
10909 0
10909 1
10909 0
10909 0
10909 0
10909 0
10909 0
10909 0
10918 0
10918 0
10918 0
10918 0
10918 0
10918 0
10918 0
10918 0
10918 0
10918 0
10918 0
10918 167
10918 0
10918 0
10918 0
10918 0
10918 0
10918 0
10918 0
10918 0
10918 0
10918 0
10918 0
10918 0
10918 0
10918 0
10918 0
10918 0
10918 0
10918 0
10918 0
10920 0
10920 0
10920 0
10920 0
10920 0
10920 0
10920 0
10920 0
10920 0
10920 0
10920 0
10920 677
10920 0
10920 0
10920 0
10920 0
10920 0
10920 0
10920 0
10920 0
10920 0
10920 0
10920 0
10920 0
10920 0
10920 0
10920 0
10920 0
10920 0
10920 0
10920 0
10924 0
10924 0
10924 0
10924 0
10924 0
10924 0
10924 0
10924 0
10924 0
10924 0
10924 0
10924 1177
10924 0
10924 0
10924 0
10924 0
10924 0
10924 0
10924 0
10924 0
10924 0
10924 0
10924 0
10924 0
10924 0
10924 0
10924 0
10924 0
10924 0
10924 0
10924 0
10926 0
10926 0
10926 0
10926 0
10926 0
10926 0
10926 0
10926 0
10926 0
10926 0
10926 0
10926 1147
10926 0
10926 0
10926 0
10926 0
10926 0
10926 0
10926 0
10926 0
10926 0
10926 0
10926 0
10926 0
10926 0
10926 0
10926 0
10926 0
10926 0
10926 0
10926 0
10930 0
10930 0
10930 0
10930 0
10930 0
10930 0
10930 0
10930 0
10930 0
10930 0
10930 0
10930 1327
10930 0
10930 0
10930 0
10930 0
10930 0
10930 0
10930 0
10930 0
10930 0
10930 0
10930 0
10930 0
10930 0
10930 0
10930 0
10930 0
10930 0
10930 0
10930 0
10942 0
10942 0
10942 0
10942 0
10942 0
10942 0
10942 0
10942 0
10942 0
10942 0
10942 0
10942 167
10942 0
10942 0
10942 0
10942 0
10942 0
10942 0
10942 0
10942 0
10942 0
10942 0
10942 0
10942 0
10942 0
10942 0
10942 0
10942 0
10942 0
10942 0
10942 0
10953 0
10953 0
10953 0
10953 0
10953 0
10953 0
10953 0
10953 0
10953 0
10953 0
10953 0
10953 167
10953 0
10953 0
10953 0
10953 0
10953 0
10953 0
10953 0
10953 0
10953 0
10953 0
10953 0
10953 0
10953 0
10953 0
10953 0
10953 0
10953 0
10953 0
10953 0
10955 0
10955 0
10955 0
10955 0
10955 0
10955 0
10955 0
10955 0
10955 0
10955 0
10955 0
10955 789
10955 0
10955 0
10955 0
10955 0
10955 0
10955 0
10955 0
10955 0
10955 0
10955 0
10955 0
10955 0
10955 0
10955 0
10955 0
10955 0
10955 0
10955 0
10955 0
10959 0
10959 0
10959 0
10959 0
10959 0
10959 0
10959 0
10959 0
10959 0
10959 0
10959 0
10959 2457
10959 0
10959 0
10959 0
10959 0
10959 0
10959 0
10959 0
10959 0
10959 0
10959 0
10959 0
10959 0
10959 0
10959 0
10959 0
10959 0
10959 0
10959 0
10959 0
10961 0
10961 0
10961 0
10961 0
10961 0
10961 0
10961 0
10961 0
10961 0
10961 0
10961 0
10961 167
10961 0
10961 0
10961 0
10961 0
10961 0
10961 0
10961 0
10961 0
10961 0
10961 0
10961 0
10961 0
10961 0
10961 0
10961 0
10961 0
10961 0
10961 0
10961 0
10962 0
10962 0
10962 0
10962 0
10962 0
10962 0
10962 0
10962 0
10962 0
10962 0
10962 0
10962 3673
10962 0
10962 0
10962 0
10962 0
10962 0
10962 0
10962 0
10962 0
10962 0
10962 0
10962 0
10962 0
10962 0
10962 0
10962 0
10962 0
10962 0
10962 0
10962 0
10993 0
10993 0
10993 0
10993 0
10993 0
10993 0
10993 0
10993 0
10993 0
10993 0
10993 0
10993 1403
10993 0
10993 0
10993 0
10993 0
10993 0
10993 0
10993 0
10993 0
10993 0
10993 0
10993 0
10993 0
10993 0
10993 0
10993 0
10993 0
10993 0
10993 0
10993 0
