pt_graph cpue_kghour
6951 0
6951 0
6951 0
6951 0
6951 0
6951 0
6951 0
6951 0
6951 0
6951 0
6951 1000
6951 0
6951 0
6951 0
6951 0
6951 0
6951 0
6951 0
6951 0
6951 0
6951 0
6951 0
6951 0
6951 0
6951 12
6951 0
6951 0
6951 0
6951 0
6951 0
6951 0
8196 0
8196 0
8196 0
8196 0
8196 0
8196 0
8196 0
8196 0
8196 0
8196 0
8196 49
8196 0
8196 0
8196 0
8196 0
8196 0
8196 0
8196 0
8196 0
8196 0
8196 0
8196 7
8196 0
8196 0
8196 0
8196 0
8196 0
8196 0
8196 0
8196 0
8196 0
8333 0
8333 0
8333 0
8333 0
8333 0
8333 0
8333 0
8333 0
8333 0
8333 0
8333 49
8333 0
8333 0
8333 0
8333 0
8333 0
8333 0
8333 0
8333 0
8333 0
8333 0
8333 7
8333 0
8333 0
8333 0
8333 0
8333 0
8333 0
8333 0
8333 0
8333 0
8437 0
8437 0
8437 0
8437 0
8437 0
8437 0
8437 0
8437 0
8437 0
8437 0
8437 101
8437 0
8437 0
8437 0
8437 1
8437 0
8437 0
8437 0
8437 0
8437 0
8437 0
8437 1
8437 0
8437 0
8437 1
8437 0
8437 0
8437 0
8437 0
8437 0
8437 0
8449 0
8449 0
8449 0
8449 0
8449 0
8449 0
8449 0
8449 0
8449 0
8449 0
8449 66
8449 0
8449 0
8449 0
8449 0
8449 0
8449 0
8449 0
8449 0
8449 0
8449 0
8449 0
8449 0
8449 0
8449 0
8449 0
8449 0
8449 0
8449 0
8449 0
8449 0
8450 0
8450 0
8450 0
8450 0
8450 0
8450 0
8450 0
8450 0
8450 0
8450 0
8450 228
8450 0
8450 0
8450 0
8450 1
8450 0
8450 0
8450 0
8450 0
8450 2
8450 0
8450 21
8450 0
8450 0
8450 13
8450 0
8450 0
8450 0
8450 0
8450 0
8450 0
8485 0
8485 0
8485 0
8485 0
8485 0
8485 0
8485 0
8485 0
8485 0
8485 0
8485 66
8485 0
8485 0
8485 0
8485 0
8485 0
8485 0
8485 0
8485 0
8485 0
8485 0
8485 0
8485 0
8485 0
8485 0
8485 0
8485 0
8485 0
8485 0
8485 0
8485 0
8500 0
8500 0
8500 0
8500 0
8500 0
8500 0
8500 0
8500 0
8500 0
8500 0
8500 228
8500 0
8500 0
8500 0
8500 1
8500 0
8500 0
8500 0
8500 0
8500 2
8500 0
8500 21
8500 0
8500 0
8500 13
8500 0
8500 0
8500 0
8500 0
8500 0
8500 0
8513 0
8513 0
8513 0
8513 0
8513 0
8513 0
8513 0
8513 0
8513 0
8513 0
8513 66
8513 0
8513 0
8513 0
8513 0
8513 0
8513 0
8513 0
8513 0
8513 0
8513 0
8513 0
8513 0
8513 0
8513 0
8513 0
8513 0
8513 0
8513 0
8513 0
8513 0
8533 0
8533 0
8533 0
8533 0
8533 0
8533 0
8533 0
8533 0
8533 0
8533 0
8533 66
8533 0
8533 0
8533 0
8533 0
8533 0
8533 0
8533 0
8533 0
8533 0
8533 0
8533 0
8533 0
8533 0
8533 0
8533 0
8533 0
8533 0
8533 0
8533 0
8533 0
8584 0
8584 0
8584 0
8584 0
8584 0
8584 0
8584 0
8584 0
8584 0
8584 0
8584 202
8584 0
8584 0
8584 0
8584 1
8584 0
8584 0
8584 0
8584 0
8584 0
8584 0
8584 2
8584 0
8584 0
8584 1
8584 0
8584 0
8584 0
8584 0
8584 0
8584 0
8588 0
8588 0
8588 0
8588 0
8588 0
8588 0
8588 0
8588 0
8588 0
8588 0
8588 202
8588 0
8588 0
8588 0
8588 1
8588 0
8588 0
8588 0
8588 0
8588 0
8588 0
8588 2
8588 0
8588 0
8588 1
8588 0
8588 0
8588 0
8588 0
8588 0
8588 0
8617 0
8617 0
8617 0
8617 0
8617 0
8617 0
8617 0
8617 0
8617 0
8617 0
8617 134
8617 0
8617 0
8617 0
8617 1
8617 0
8617 0
8617 0
8617 0
8617 0
8617 0
8617 1
8617 0
8617 0
8617 1
8617 0
8617 0
8617 0
8617 0
8617 0
8617 0
8649 0
8649 0
8649 0
8649 0
8649 0
8649 0
8649 0
8649 0
8649 0
8649 0
8649 558
8649 0
8649 0
8649 0
8649 1
8649 0
8649 0
8649 0
8649 0
8649 0
8649 0
8649 17
8649 0
8649 0
8649 4
8649 0
8649 0
8649 0
8649 0
8649 0
8649 0
8655 0
8655 0
8655 0
8655 0
8655 0
8655 0
8655 0
8655 0
8655 0
8655 0
8655 66
8655 0
8655 0
8655 0
8655 0
8655 0
8655 0
8655 0
8655 0
8655 0
8655 0
8655 0
8655 0
8655 0
8655 0
8655 0
8655 0
8655 0
8655 0
8655 0
8655 0
8661 0
8661 0
8661 0
8661 0
8661 0
8661 0
8661 0
8661 0
8661 0
8661 0
8661 228
8661 0
8661 0
8661 0
8661 1
8661 0
8661 0
8661 0
8661 0
8661 2
8661 0
8661 21
8661 0
8661 0
8661 13
8661 0
8661 0
8661 0
8661 0
8661 0
8661 0
8674 0
8674 0
8674 0
8674 0
8674 0
8674 0
8674 0
8674 0
8674 0
8674 0
8674 202
8674 0
8674 0
8674 0
8674 1
8674 0
8674 0
8674 0
8674 0
8674 0
8674 0
8674 2
8674 0
8674 0
8674 1
8674 0
8674 0
8674 0
8674 0
8674 0
8674 0
8682 0
8682 0
8682 0
8682 0
8682 0
8682 0
8682 0
8682 0
8682 0
8682 0
8682 66
8682 0
8682 0
8682 0
8682 0
8682 0
8682 0
8682 0
8682 0
8682 0
8682 0
8682 0
8682 0
8682 0
8682 0
8682 0
8682 0
8682 0
8682 0
8682 0
8682 0
8699 0
8699 0
8699 0
8699 0
8699 0
8699 0
8699 0
8699 0
8699 0
8699 0
8699 202
8699 0
8699 0
8699 0
8699 1
8699 0
8699 0
8699 0
8699 0
8699 0
8699 0
8699 2
8699 0
8699 0
8699 1
8699 0
8699 0
8699 0
8699 0
8699 0
8699 0
8728 0
8728 0
8728 0
8728 0
8728 0
8728 0
8728 0
8728 0
8728 0
8728 0
8728 66
8728 0
8728 0
8728 0
8728 0
8728 0
8728 0
8728 0
8728 0
8728 0
8728 0
8728 0
8728 0
8728 0
8728 0
8728 0
8728 0
8728 0
8728 0
8728 0
8728 0
8745 0
8745 0
8745 0
8745 0
8745 0
8745 0
8745 0
8745 0
8745 0
8745 0
8745 221
8745 0
8745 0
8745 0
8745 1
8745 0
8745 0
8745 0
8745 0
8745 2
8745 0
8745 20
8745 0
8745 0
8745 12
8745 0
8745 0
8745 0
8745 0
8745 0
8745 0
8763 0
8763 0
8763 0
8763 0
8763 0
8763 0
8763 0
8763 0
8763 0
8763 0
8763 558
8763 0
8763 0
8763 0
8763 1
8763 0
8763 0
8763 0
8763 0
8763 0
8763 0
8763 17
8763 0
8763 0
8763 4
8763 0
8763 0
8763 0
8763 0
8763 0
8763 0
8812 0
8812 0
8812 0
8812 0
8812 0
8812 0
8812 0
8812 0
8812 0
8812 0
8812 251
8812 0
8812 0
8812 0
8812 0
8812 0
8812 0
8812 0
8812 0
8812 0
8812 0
8812 6
8812 0
8812 0
8812 1
8812 0
8812 0
8812 0
8812 0
8812 0
8812 0
8842 0
8842 0
8842 0
8842 0
8842 0
8842 0
8842 0
8842 0
8842 0
8842 0
8842 202
8842 0
8842 0
8842 0
8842 1
8842 0
8842 0
8842 0
8842 0
8842 0
8842 0
8842 2
8842 0
8842 0
8842 1
8842 0
8842 0
8842 0
8842 0
8842 0
8842 0
8869 0
8869 0
8869 0
8869 0
8869 0
8869 0
8869 0
8869 0
8869 0
8869 0
8869 558
8869 0
8869 0
8869 0
8869 1
8869 0
8869 0
8869 0
8869 0
8869 0
8869 0
8869 17
8869 0
8869 0
8869 4
8869 0
8869 0
8869 0
8869 0
8869 0
8869 0
8875 0
8875 0
8875 0
8875 0
8875 0
8875 0
8875 0
8875 0
8875 0
8875 0
8875 66
8875 0
8875 0
8875 0
8875 0
8875 0
8875 0
8875 0
8875 0
8875 0
8875 0
8875 0
8875 0
8875 0
8875 0
8875 0
8875 0
8875 0
8875 0
8875 0
8875 0
8900 0
8900 0
8900 0
8900 0
8900 0
8900 0
8900 0
8900 0
8900 0
8900 0
8900 228
8900 0
8900 0
8900 0
8900 1
8900 0
8900 0
8900 0
8900 0
8900 2
8900 0
8900 21
8900 0
8900 0
8900 13
8900 0
8900 0
8900 0
8900 0
8900 0
8900 0
8910 0
8910 0
8910 0
8910 0
8910 0
8910 0
8910 0
8910 0
8910 0
8910 0
8910 202
8910 0
8910 0
8910 0
8910 1
8910 0
8910 0
8910 0
8910 0
8910 0
8910 0
8910 2
8910 0
8910 0
8910 1
8910 0
8910 0
8910 0
8910 0
8910 0
8910 0
8950 0
8950 0
8950 0
8950 0
8950 0
8950 0
8950 0
8950 0
8950 0
8950 0
8950 251
8950 0
8950 0
8950 0
8950 0
8950 0
8950 0
8950 0
8950 0
8950 0
8950 0
8950 6
8950 0
8950 0
8950 1
8950 0
8950 0
8950 0
8950 0
8950 0
8950 0
8969 0
8969 0
8969 0
8969 0
8969 0
8969 0
8969 0
8969 0
8969 0
8969 0
8969 66
8969 0
8969 0
8969 0
8969 0
8969 0
8969 0
8969 0
8969 0
8969 0
8969 0
8969 0
8969 0
8969 0
8969 0
8969 0
8969 0
8969 0
8969 0
8969 0
8969 0
8978 0
8978 0
8978 0
8978 0
8978 0
8978 0
8978 0
8978 0
8978 0
8978 0
8978 228
8978 0
8978 0
8978 0
8978 1
8978 0
8978 0
8978 0
8978 0
8978 2
8978 0
8978 21
8978 0
8978 0
8978 13
8978 0
8978 0
8978 0
8978 0
8978 0
8978 0
8988 0
8988 0
8988 0
8988 0
8988 0
8988 0
8988 0
8988 0
8988 0
8988 0
8988 558
8988 0
8988 0
8988 0
8988 1
8988 0
8988 0
8988 0
8988 0
8988 0
8988 0
8988 17
8988 0
8988 0
8988 4
8988 0
8988 0
8988 0
8988 0
8988 0
8988 0
9037 0
9037 0
9037 0
9037 0
9037 0
9037 0
9037 0
9037 0
9037 0
9037 0
9037 251
9037 0
9037 0
9037 0
9037 0
9037 0
9037 0
9037 0
9037 0
9037 0
9037 0
9037 6
9037 0
9037 0
9037 1
9037 0
9037 0
9037 0
9037 0
9037 0
9037 0
9087 0
9087 0
9087 0
9087 0
9087 0
9087 0
9087 0
9087 0
9087 0
9087 0
9087 540
9087 0
9087 0
9087 0
9087 1
9087 0
9087 0
9087 0
9087 0
9087 0
9087 0
9087 16
9087 0
9087 0
9087 4
9087 0
9087 0
9087 0
9087 0
9087 0
9087 0
9142 0
9142 0
9142 0
9142 0
9142 0
9142 0
9142 0
9142 0
9142 0
9142 0
9142 251
9142 0
9142 0
9142 0
9142 0
9142 0
9142 0
9142 0
9142 0
9142 0
9142 0
9142 6
9142 0
9142 0
9142 1
9142 0
9142 0
9142 0
9142 0
9142 0
9142 0
9157 0
9157 0
9157 0
9157 0
9157 0
9157 0
9157 0
9157 0
9157 0
9157 0
9157 202
9157 0
9157 0
9157 0
9157 1
9157 0
9157 0
9157 0
9157 0
9157 0
9157 0
9157 2
9157 0
9157 0
9157 1
9157 0
9157 0
9157 0
9157 0
9157 0
9157 0
9191 0
9191 0
9191 0
9191 0
9191 0
9191 0
9191 0
9191 0
9191 0
9191 0
9191 558
9191 0
9191 0
9191 0
9191 1
9191 0
9191 0
9191 0
9191 0
9191 0
9191 0
9191 17
9191 0
9191 0
9191 4
9191 0
9191 0
9191 0
9191 0
9191 0
9191 0
9207 0
9207 0
9207 0
9207 0
9207 0
9207 0
9207 0
9207 0
9207 0
9207 0
9207 114
9207 0
9207 0
9207 0
9207 0
9207 0
9207 0
9207 0
9207 0
9207 1
9207 0
9207 10
9207 0
9207 0
9207 6
9207 0
9207 0
9207 0
9207 0
9207 0
9207 0
9214 0
9214 0
9214 0
9214 0
9214 0
9214 0
9214 0
9214 0
9214 0
9214 0
9214 489
9214 0
9214 0
9214 0
9214 0
9214 0
9214 0
9214 0
9214 0
9214 0
9214 0
9214 0
9214 0
9214 0
9214 5
9214 0
9214 0
9214 0
9214 0
9214 0
9214 0
9239 0
9239 0
9239 0
9239 0
9239 0
9239 0
9239 0
9239 0
9239 0
9239 0
9239 138
9239 0
9239 0
9239 0
9239 0
9239 0
9239 0
9239 0
9239 0
9239 0
9239 0
9239 3
9239 0
9239 0
9239 1
9239 0
9239 0
9239 0
9239 0
9239 0
9239 0
9265 0
9265 0
9265 0
9265 0
9265 0
9265 0
9265 0
9265 0
9265 0
9265 0
9265 558
9265 0
9265 0
9265 0
9265 1
9265 0
9265 0
9265 0
9265 0
9265 0
9265 0
9265 17
9265 0
9265 0
9265 4
9265 0
9265 0
9265 0
9265 0
9265 0
9265 0
9272 0
9272 0
9272 0
9272 0
9272 0
9272 0
9272 0
9272 0
9272 0
9272 0
9272 132
9272 0
9272 0
9272 0
9272 0
9272 0
9272 0
9272 0
9272 0
9272 0
9272 0
9272 0
9272 0
9272 0
9272 0
9272 0
9272 0
9272 0
9272 0
9272 0
9272 0
9304 0
9304 0
9304 0
9304 0
9304 0
9304 0
9304 0
9304 0
9304 0
9304 0
9304 202
9304 0
9304 0
9304 0
9304 1
9304 0
9304 0
9304 0
9304 0
9304 0
9304 0
9304 2
9304 0
9304 0
9304 1
9304 0
9304 0
9304 0
9304 0
9304 0
9304 0
9307 0
9307 0
9307 0
9307 0
9307 0
9307 0
9307 0
9307 0
9307 0
9307 0
9307 558
9307 0
9307 0
9307 0
9307 1
9307 0
9307 0
9307 0
9307 0
9307 0
9307 0
9307 17
9307 0
9307 0
9307 4
9307 0
9307 0
9307 0
9307 0
9307 0
9307 0
9354 0
9354 0
9354 0
9354 0
9354 0
9354 0
9354 0
9354 0
9354 0
9354 0
9354 430
9354 0
9354 0
9354 0
9354 0
9354 0
9354 0
9354 0
9354 0
9354 0
9354 0
9354 15
9354 0
9354 0
9354 4
9354 0
9354 0
9354 0
9354 0
9354 0
9354 0
9366 0
9366 0
9366 0
9366 0
9366 0
9366 0
9366 0
9366 0
9366 0
9366 0
9366 175
9366 0
9366 0
9366 0
9366 0
9366 0
9366 0
9366 0
9366 0
9366 0
9366 0
9366 12
9366 0
9366 0
9366 3
9366 0
9366 0
9366 0
9366 0
9366 0
9366 0
9372 0
9372 0
9372 0
9372 0
9372 0
9372 0
9372 0
9372 0
9372 0
9372 0
9372 25
9372 0
9372 0
9372 0
9372 0
9372 0
9372 0
9372 0
9372 0
9372 0
9372 0
9372 0
9372 0
9372 0
9372 0
9372 0
9372 0
9372 0
9372 0
9372 0
9372 0
9403 0
9403 0
9403 0
9403 0
9403 0
9403 0
9403 0
9403 0
9403 0
9403 0
9403 25
9403 0
9403 0
9403 0
9403 0
9403 0
9403 0
9403 0
9403 0
9403 0
9403 0
9403 0
9403 0
9403 0
9403 0
9403 0
9403 0
9403 0
9403 0
9403 0
9403 0
9412 0
9412 0
9412 0
9412 0
9412 0
9412 0
9412 0
9412 0
9412 0
9412 0
9412 150
9412 0
9412 0
9412 0
9412 0
9412 0
9412 0
9412 0
9412 0
9412 0
9412 0
9412 6
9412 0
9412 0
9412 3
9412 0
9412 0
9412 0
9412 0
9412 0
9412 0
9435 0
9435 0
9435 0
9435 0
9435 0
9435 0
9435 0
9435 0
9435 0
9435 0
9435 175
9435 0
9435 0
9435 0
9435 0
9435 0
9435 0
9435 0
9435 0
9435 0
9435 0
9435 12
9435 0
9435 0
9435 3
9435 0
9435 0
9435 0
9435 0
9435 0
9435 0
9441 0
9441 0
9441 0
9441 0
9441 0
9441 0
9441 0
9441 0
9441 0
9441 0
9441 132
9441 0
9441 0
9441 0
9441 0
9441 0
9441 0
9441 0
9441 0
9441 0
9441 0
9441 0
9441 0
9441 0
9441 0
9441 0
9441 0
9441 0
9441 0
9441 0
9441 0
9456 0
9456 0
9456 0
9456 0
9456 0
9456 0
9456 0
9456 0
9456 0
9456 0
9456 25
9456 0
9456 0
9456 0
9456 0
9456 0
9456 0
9456 0
9456 0
9456 0
9456 0
9456 0
9456 0
9456 0
9456 0
9456 0
9456 0
9456 0
9456 0
9456 0
9456 0
9496 0
9496 0
9496 0
9496 0
9496 0
9496 0
9496 0
9496 0
9496 0
9496 0
9496 73
9496 0
9496 0
9496 0
9496 0
9496 0
9496 0
9496 0
9496 0
9496 0
9496 0
9496 1
9496 0
9496 0
9496 0
9496 0
9496 0
9496 0
9496 0
9496 0
9496 0
9524 0
9524 0
9524 0
9524 0
9524 0
9524 0
9524 0
9524 0
9524 0
9524 0
9524 73
9524 0
9524 0
9524 0
9524 0
9524 0
9524 0
9524 0
9524 0
9524 0
9524 0
9524 1
9524 0
9524 0
9524 0
9524 0
9524 0
9524 0
9524 0
9524 0
9524 0
9526 0
9526 0
9526 0
9526 0
9526 0
9526 0
9526 0
9526 0
9526 0
9526 0
9526 150
9526 0
9526 0
9526 0
9526 0
9526 0
9526 0
9526 0
9526 0
9526 0
9526 0
9526 6
9526 0
9526 0
9526 3
9526 0
9526 0
9526 0
9526 0
9526 0
9526 0
9541 0
9541 0
9541 0
9541 0
9541 0
9541 0
9541 0
9541 0
9541 0
9541 0
9541 132
9541 0
9541 0
9541 0
9541 0
9541 0
9541 0
9541 0
9541 0
9541 0
9541 0
9541 0
9541 0
9541 0
9541 0
9541 0
9541 0
9541 0
9541 0
9541 0
9541 0
9556 0
9556 0
9556 0
9556 0
9556 0
9556 0
9556 0
9556 0
9556 0
9556 0
9556 135
9556 0
9556 0
9556 0
9556 0
9556 0
9556 0
9556 0
9556 0
9556 0
9556 0
9556 8
9556 0
9556 0
9556 2
9556 0
9556 0
9556 0
9556 0
9556 0
9556 0
9559 0
9559 0
9559 0
9559 0
9559 0
9559 0
9559 0
9559 0
9559 0
9559 0
9559 172
9559 0
9559 0
9559 0
9559 0
9559 0
9559 0
9559 0
9559 0
9559 1
9559 0
9559 12
9559 0
9559 0
9559 7
9559 0
9559 0
9559 0
9559 0
9559 0
9559 0
9609 0
9609 0
9609 0
9609 0
9609 0
9609 0
9609 0
9609 0
9609 0
9609 0
9609 150
9609 0
9609 0
9609 0
9609 0
9609 0
9609 0
9609 0
9609 0
9609 0
9609 0
9609 5
9609 0
9609 0
9609 1
9609 0
9609 0
9609 0
9609 0
9609 0
9609 0
9614 0
9614 0
9614 0
9614 0
9614 0
9614 0
9614 0
9614 0
9614 0
9614 0
9614 163
9614 0
9614 0
9614 0
9614 0
9614 0
9614 0
9614 0
9614 0
9614 0
9614 0
9614 9
9614 0
9614 0
9614 3
9614 0
9614 0
9614 0
9614 0
9614 0
9614 0
9641 0
9641 0
9641 0
9641 0
9641 0
9641 0
9641 0
9641 0
9641 0
9641 0
9641 73
9641 0
9641 0
9641 0
9641 0
9641 0
9641 0
9641 0
9641 0
9641 0
9641 0
9641 1
9641 0
9641 0
9641 0
9641 0
9641 0
9641 0
9641 0
9641 0
9641 0
9656 0
9656 0
9656 0
9656 0
9656 0
9656 0
9656 0
9656 0
9656 0
9656 0
9656 94
9656 0
9656 0
9656 0
9656 0
9656 0
9656 0
9656 0
9656 0
9656 0
9656 0
9656 2
9656 0
9656 0
9656 0
9656 0
9656 0
9656 0
9656 0
9656 0
9656 0
9662 0
9662 0
9662 0
9662 0
9662 0
9662 0
9662 0
9662 0
9662 0
9662 0
9662 95
9662 0
9662 0
9662 0
9662 0
9662 0
9662 0
9662 0
9662 0
9662 0
9662 0
9662 3
9662 0
9662 0
9662 2
9662 0
9662 0
9662 0
9662 0
9662 0
9662 0
9666 0
9666 0
9666 0
9666 0
9666 0
9666 0
9666 0
9666 0
9666 0
9666 0
9666 228
9666 0
9666 0
9666 0
9666 1
9666 0
9666 0
9666 0
9666 0
9666 2
9666 0
9666 21
9666 0
9666 0
9666 13
9666 0
9666 0
9666 0
9666 0
9666 0
9666 0
9693 0
9693 0
9693 0
9693 0
9693 0
9693 0
9693 0
9693 0
9693 0
9693 0
9693 73
9693 0
9693 0
9693 0
9693 0
9693 0
9693 0
9693 0
9693 0
9693 0
9693 0
9693 1
9693 0
9693 0
9693 0
9693 0
9693 0
9693 0
9693 0
9693 0
9693 0
9721 0
9721 0
9721 0
9721 0
9721 0
9721 0
9721 0
9721 0
9721 0
9721 0
9721 300
9721 0
9721 0
9721 0
9721 0
9721 0
9721 0
9721 0
9721 0
9721 0
9721 0
9721 11
9721 0
9721 0
9721 4
9721 0
9721 0
9721 0
9721 0
9721 0
9721 0
9723 0
9723 0
9723 0
9723 0
9723 0
9723 0
9723 0
9723 0
9723 0
9723 0
9723 79
9723 0
9723 0
9723 0
9723 0
9723 0
9723 0
9723 0
9723 0
9723 0
9723 0
9723 0
9723 0
9723 0
9723 0
9723 0
9723 0
9723 0
9723 0
9723 0
9723 0
9726 0
9726 0
9726 0
9726 0
9726 0
9726 0
9726 0
9726 0
9726 0
9726 0
9726 146
9726 0
9726 0
9726 0
9726 0
9726 0
9726 0
9726 0
9726 0
9726 0
9726 0
9726 6
9726 0
9726 0
9726 3
9726 0
9726 0
9726 0
9726 0
9726 0
9726 0
9741 0
9741 0
9741 0
9741 0
9741 0
9741 0
9741 0
9741 0
9741 0
9741 0
9741 73
9741 0
9741 0
9741 0
9741 0
9741 0
9741 0
9741 0
9741 0
9741 0
9741 0
9741 1
9741 0
9741 0
9741 0
9741 0
9741 0
9741 0
9741 0
9741 0
9741 0
9749 0
9749 0
9749 0
9749 0
9749 0
9749 0
9749 0
9749 0
9749 0
9749 0
9749 806
9749 0
9749 0
9749 0
9749 0
9749 0
9749 0
9749 0
9749 0
9749 0
9749 0
9749 28
9749 0
9749 0
9749 7
9749 0
9749 0
9749 0
9749 0
9749 0
9749 0
9766 0
9766 0
9766 0
9766 0
9766 0
9766 0
9766 0
9766 0
9766 0
9766 0
9766 189
9766 0
9766 0
9766 0
9766 1
9766 0
9766 0
9766 0
9766 0
9766 1
9766 0
9766 13
9766 0
9766 0
9766 8
9766 0
9766 0
9766 0
9766 0
9766 0
9766 0
9799 0
9799 0
9799 0
9799 0
9799 0
9799 0
9799 0
9799 0
9799 0
9799 0
9799 101
9799 0
9799 0
9799 0
9799 0
9799 0
9799 0
9799 0
9799 0
9799 0
9799 0
9799 2
9799 0
9799 0
9799 1
9799 0
9799 0
9799 0
9799 0
9799 0
9799 0
9802 0
9802 0
9802 0
9802 0
9802 0
9802 0
9802 0
9802 0
9802 0
9802 0
9802 116
9802 0
9802 0
9802 0
9802 0
9802 0
9802 0
9802 0
9802 0
9802 0
9802 0
9802 2
9802 0
9802 0
9802 1
9802 0
9802 0
9802 0
9802 0
9802 0
9802 0
9819 0
9819 0
9819 0
9819 0
9819 0
9819 0
9819 0
9819 0
9819 0
9819 0
9819 95
9819 0
9819 0
9819 0
9819 0
9819 0
9819 0
9819 0
9819 0
9819 0
9819 0
9819 3
9819 0
9819 0
9819 2
9819 0
9819 0
9819 0
9819 0
9819 0
9819 0
9844 0
9844 0
9844 0
9844 0
9844 0
9844 0
9844 0
9844 0
9844 0
9844 0
9844 88
9844 0
9844 0
9844 0
9844 0
9844 0
9844 0
9844 0
9844 0
9844 0
9844 0
9844 6
9844 0
9844 0
9844 1
9844 0
9844 0
9844 0
9844 0
9844 0
9844 0
9852 0
9852 0
9852 0
9852 0
9852 0
9852 0
9852 0
9852 0
9852 0
9852 0
9852 4296
9852 0
9852 0
9852 0
9852 0
9852 0
9852 0
9852 0
9852 0
9852 0
9852 0
9852 150
9852 0
9852 0
9852 38
9852 0
9852 0
9852 0
9852 0
9852 0
9852 0
9855 0
9855 0
9855 0
9855 0
9855 0
9855 0
9855 0
9855 0
9855 0
9855 0
9855 103
9855 0
9855 0
9855 0
9855 0
9855 0
9855 0
9855 0
9855 0
9855 0
9855 0
9855 0
9855 0
9855 0
9855 0
9855 0
9855 0
9855 0
9855 0
9855 0
9855 0
9869 0
9869 0
9869 0
9869 0
9869 0
9869 0
9869 0
9869 0
9869 0
9869 0
9869 150
9869 0
9869 0
9869 0
9869 0
9869 0
9869 0
9869 0
9869 0
9869 0
9869 0
9869 6
9869 0
9869 0
9869 3
9869 0
9869 0
9869 0
9869 0
9869 0
9869 0
9874 0
9874 0
9874 0
9874 0
9874 0
9874 0
9874 0
9874 0
9874 0
9874 0
9874 73
9874 0
9874 0
9874 0
9874 0
9874 0
9874 0
9874 0
9874 0
9874 0
9874 0
9874 1
9874 0
9874 0
9874 0
9874 0
9874 0
9874 0
9874 0
9874 0
9874 0
9931 0
9931 0
9931 0
9931 0
9931 0
9931 0
9931 0
9931 0
9931 0
9931 0
9931 95
9931 0
9931 0
9931 0
9931 0
9931 0
9931 0
9931 0
9931 0
9931 0
9931 0
9931 3
9931 0
9931 0
9931 2
9931 0
9931 0
9931 0
9931 0
9931 0
9931 0
9950 0
9950 0
9950 0
9950 0
9950 0
9950 0
9950 0
9950 0
9950 0
9950 0
9950 94
9950 0
9950 0
9950 0
9950 0
9950 0
9950 0
9950 0
9950 0
9950 0
9950 0
9950 2
9950 0
9950 0
9950 0
9950 0
9950 0
9950 0
9950 0
9950 0
9950 0
9971 0
9971 0
9971 0
9971 0
9971 0
9971 0
9971 0
9971 0
9971 0
9971 0
9971 116
9971 0
9971 0
9971 0
9971 0
9971 0
9971 0
9971 0
9971 0
9971 0
9971 0
9971 2
9971 0
9971 0
9971 1
9971 0
9971 0
9971 0
9971 0
9971 0
9971 0
9979 0
9979 0
9979 0
9979 0
9979 0
9979 0
9979 0
9979 0
9979 0
9979 0
9979 73
9979 0
9979 0
9979 0
9979 0
9979 0
9979 0
9979 0
9979 0
9979 0
9979 0
9979 1
9979 0
9979 0
9979 0
9979 0
9979 0
9979 0
9979 0
9979 0
9979 0
9989 0
9989 0
9989 0
9989 0
9989 0
9989 0
9989 0
9989 0
9989 0
9989 0
9989 150
9989 0
9989 0
9989 0
9989 0
9989 0
9989 0
9989 0
9989 0
9989 0
9989 0
9989 6
9989 0
9989 0
9989 3
9989 0
9989 0
9989 0
9989 0
9989 0
9989 0
10056 0
10056 0
10056 0
10056 0
10056 0
10056 0
10056 0
10056 0
10056 0
10056 0
10056 73
10056 0
10056 0
10056 0
10056 0
10056 0
10056 0
10056 0
10056 0
10056 0
10056 0
10056 1
10056 0
10056 0
10056 0
10056 0
10056 0
10056 0
10056 0
10056 0
10056 0
10060 0
10060 0
10060 0
10060 0
10060 0
10060 0
10060 0
10060 0
10060 0
10060 0
10060 175
10060 0
10060 0
10060 0
10060 0
10060 0
10060 0
10060 0
10060 0
10060 0
10060 0
10060 12
10060 0
10060 0
10060 3
10060 0
10060 0
10060 0
10060 0
10060 0
10060 0
10112 0
10112 0
10112 0
10112 0
10112 0
10112 0
10112 0
10112 0
10112 0
10112 0
10112 133
10112 0
10112 0
10112 0
10112 0
10112 0
10112 0
10112 0
10112 0
10112 0
10112 0
10112 4
10112 0
10112 0
10112 2
10112 0
10112 0
10112 0
10112 0
10112 0
10112 0
10151 0
10151 0
10151 0
10151 0
10151 0
10151 0
10151 0
10151 0
10151 0
10151 0
10151 175
10151 0
10151 0
10151 0
10151 0
10151 0
10151 0
10151 0
10151 0
10151 0
10151 0
10151 12
10151 0
10151 0
10151 3
10151 0
10151 0
10151 0
10151 0
10151 0
10151 0
10492 0
10492 0
10492 0
10492 0
10492 0
10492 0
10492 0
10492 0
10492 0
10492 0
10492 150
10492 0
10492 0
10492 0
10492 0
10492 0
10492 0
10492 0
10492 0
10492 0
10492 0
10492 6
10492 0
10492 0
10492 3
10492 0
10492 0
10492 0
10492 0
10492 0
10492 0
10883 0
10883 0
10883 0
10883 0
10883 0
10883 0
10883 0
10883 0
10883 0
10883 0
10883 0
10883 106
10883 0
10883 0
10883 0
10883 0
10883 0
10883 0
10883 0
10883 0
10883 0
10883 1
10883 0
10883 0
10883 0
10883 0
10883 0
10883 0
10883 0
10883 0
10883 0
10887 0
10887 0
10887 0
10887 0
10887 0
10887 0
10887 0
10887 0
10887 0
10887 0
10887 0
10887 93
10887 0
10887 0
10887 0
10887 0
10887 0
10887 0
10887 0
10887 0
10887 0
10887 1
10887 0
10887 0
10887 0
10887 0
10887 0
10887 0
10887 0
10887 0
10887 0
10892 0
10892 0
10892 0
10892 0
10892 0
10892 0
10892 0
10892 0
10892 0
10892 0
10892 0
10892 99
10892 0
10892 0
10892 0
10892 0
10892 0
10892 0
10892 0
10892 0
10892 0
10892 0
10892 0
10892 0
10892 0
10892 0
10892 0
10892 0
10892 0
10892 0
10892 0
10897 0
10897 0
10897 0
10897 0
10897 0
10897 0
10897 0
10897 0
10897 0
10897 0
10897 0
10897 197
10897 0
10897 0
10897 0
10897 0
10897 0
10897 0
10897 0
10897 0
10897 0
10897 2
10897 0
10897 0
10897 0
10897 0
10897 0
10897 0
10897 0
10897 0
10897 0
10899 0
10899 0
10899 0
10899 0
10899 0
10899 0
10899 0
10899 0
10899 0
10899 0
10899 0
10899 423
10899 0
10899 0
10899 0
10899 0
10899 0
10899 0
10899 0
10899 0
10899 0
10899 29
10899 0
10899 0
10899 0
10899 0
10899 0
10899 0
10899 0
10899 0
10899 0
10901 0
10901 0
10901 0
10901 0
10901 0
10901 0
10901 0
10901 0
10901 0
10901 0
10901 0
10901 107
10901 0
10901 0
10901 0
10901 0
10901 0
10901 0
10901 0
10901 0
10901 0
10901 36
10901 0
10901 0
10901 0
10901 0
10901 0
10901 0
10901 0
10901 0
10901 0
10904 0
10904 0
10904 0
10904 0
10904 0
10904 0
10904 0
10904 0
10904 0
10904 0
10904 0
10904 180
10904 0
10904 0
10904 0
10904 0
10904 0
10904 0
10904 0
10904 0
10904 0
10904 1
10904 0
10904 0
10904 0
10904 0
10904 0
10904 0
10904 0
10904 0
10904 0
10905 0
10905 0
10905 0
10905 0
10905 0
10905 0
10905 0
10905 0
10905 0
10905 0
10905 0
10905 104
10905 0
10905 0
10905 0
10905 0
10905 0
10905 0
10905 0
10905 0
10905 0
10905 1
10905 0
10905 0
10905 0
10905 0
10905 0
10905 0
10905 0
10905 0
10905 0
10909 0
10909 0
10909 0
10909 0
10909 0
10909 0
10909 0
10909 0
10909 0
10909 0
10909 0
10909 194
10909 0
10909 0
10909 0
10909 0
10909 0
10909 0
10909 0
10909 0
10909 0
10909 1
10909 0
10909 0
10909 0
10909 0
10909 0
10909 0
10909 0
10909 0
10909 0
10913 0
10913 0
10913 0
10913 0
10913 0
10913 0
10913 0
10913 0
10913 0
10913 0
10913 0
10913 423
10913 0
10913 0
10913 0
10913 0
10913 0
10913 0
10913 0
10913 0
10913 0
10913 29
10913 0
10913 0
10913 0
10913 0
10913 0
10913 0
10913 0
10913 0
10913 0
10920 0
10920 0
10920 0
10920 0
10920 0
10920 0
10920 0
10920 0
10920 0
10920 0
10920 0
10920 176
10920 0
10920 0
10920 0
10920 0
10920 0
10920 0
10920 0
10920 0
10920 0
10920 1
10920 0
10920 0
10920 0
10920 0
10920 0
10920 0
10920 0
10920 0
10920 0
10924 0
10924 0
10924 0
10924 0
10924 0
10924 0
10924 0
10924 0
10924 0
10924 0
10924 0
10924 165
10924 0
10924 0
10924 0
10924 0
10924 0
10924 0
10924 0
10924 0
10924 0
10924 3
10924 0
10924 0
10924 0
10924 0
10924 0
10924 0
10924 0
10924 0
10924 0
10926 0
10926 0
10926 0
10926 0
10926 0
10926 0
10926 0
10926 0
10926 0
10926 0
10926 0
10926 140
10926 0
10926 0
10926 0
10926 0
10926 0
10926 0
10926 0
10926 0
10926 0
10926 2
10926 0
10926 0
10926 0
10926 0
10926 0
10926 0
10926 0
10926 0
10926 0
10929 0
10929 0
10929 0
10929 0
10929 0
10929 0
10929 0
10929 0
10929 0
10929 0
10929 0
10929 184
10929 0
10929 0
10929 0
10929 0
10929 0
10929 0
10929 0
10929 0
10929 0
10929 2
10929 0
10929 0
10929 0
10929 0
10929 0
10929 0
10929 0
10929 0
10929 0
10930 0
10930 0
10930 0
10930 0
10930 0
10930 0
10930 0
10930 0
10930 0
10930 0
10930 0
10930 242
10930 0
10930 0
10930 0
10930 0
10930 0
10930 0
10930 0
10930 0
10930 0
10930 29
10930 0
10930 0
10930 0
10930 0
10930 0
10930 0
10930 0
10930 0
10930 0
10935 0
10935 0
10935 0
10935 0
10935 0
10935 0
10935 0
10935 0
10935 0
10935 0
10935 0
10935 423
10935 0
10935 0
10935 0
10935 0
10935 0
10935 0
10935 0
10935 0
10935 0
10935 29
10935 0
10935 0
10935 0
10935 0
10935 0
10935 0
10935 0
10935 0
10935 0
10953 0
10953 0
10953 0
10953 0
10953 0
10953 0
10953 0
10953 0
10953 0
10953 0
10953 0
10953 423
10953 0
10953 0
10953 0
10953 0
10953 0
10953 0
10953 0
10953 0
10953 0
10953 29
10953 0
10953 0
10953 0
10953 0
10953 0
10953 0
10953 0
10953 0
10953 0
10955 0
10955 0
10955 0
10955 0
10955 0
10955 0
10955 0
10955 0
10955 0
10955 0
10955 0
10955 174
10955 0
10955 0
10955 0
10955 0
10955 0
10955 0
10955 0
10955 0
10955 0
10955 3
10955 0
10955 0
10955 0
10955 0
10955 0
10955 0
10955 0
10955 0
10955 0
10959 0
10959 0
10959 0
10959 0
10959 0
10959 0
10959 0
10959 0
10959 0
10959 0
10959 0
10959 227
10959 0
10959 0
10959 0
10959 0
10959 0
10959 0
10959 0
10959 0
10959 0
10959 40
10959 0
10959 0
10959 0
10959 0
10959 0
10959 0
10959 0
10959 0
10959 0
10962 0
10962 0
10962 0
10962 0
10962 0
10962 0
10962 0
10962 0
10962 0
10962 0
10962 0
10962 110
10962 0
10962 0
10962 0
10962 0
10962 0
10962 0
10962 0
10962 0
10962 0
10962 11
10962 0
10962 0
10962 0
10962 0
10962 0
10962 0
10962 0
10962 0
10962 0
10993 0
10993 0
10993 0
10993 0
10993 0
10993 0
10993 0
10993 0
10993 0
10993 0
10993 0
10993 377
10993 0
10993 0
10993 0
10993 0
10993 0
10993 0
10993 0
10993 0
10993 0
10993 63
10993 0
10993 0
10993 0
10993 0
10993 0
10993 0
10993 0
10993 0
10993 0
10994 0
10994 0
10994 0
10994 0
10994 0
10994 0
10994 0
10994 0
10994 0
10994 0
10994 0
10994 251
10994 0
10994 0
10994 0
10994 0
10994 0
10994 0
10994 0
10994 0
10994 0
10994 50
10994 0
10994 0
10994 0
10994 0
10994 0
10994 0
10994 0
10994 0
10994 0
