pt_graph scale
233 0
233 0
233 0
233 0
233 0
233 0
233 0
233 0
233 1
233 0
233 0
233 0
233 0
233 0
233 0
233 0
233 0
233 0
233 0
233 0
233 0
233 0
233 0
233 0
233 0
233 0
233 0
233 0
233 0
233 0
233 0
255 0
255 0
255 0
255 0
255 0
255 0
255 0
255 0
255 0
255 0
255 0
255 0
255 0
255 0
255 0
255 0
255 0
255 0
255 0
255 0
255 0
255 0
255 1
255 0
255 0
255 0
255 0
255 0
255 0
255 0
255 0
259 0
259 0
259 0
259 0
259 0
259 0
259 0
259 0
259 541
259 0
259 0
259 0
259 4
259 0
259 0
259 28
259 0
259 0
259 0
259 0
259 0
259 0
259 0
259 0
259 0
259 0
259 0
259 0
259 0
259 0
259 0
3405 0
3405 0
3405 0
3405 0
3405 0
3405 0
3405 0
3405 0
3405 0
3405 0
3405 0
3405 0
3405 0
3405 0
3405 0
3405 0
3405 0
3405 0
3405 0
3405 0
3405 0
3405 0
3405 0
3405 0
3405 0
3405 0
3405 0
3405 0
3405 0
3405 0
3405 0
3674 0
3674 0
3674 0
3674 0
3674 0
3674 0
3674 0
3674 0
3674 0
3674 0
3674 0
3674 0
3674 0
3674 0
3674 0
3674 0
3674 0
3674 0
3674 0
3674 0
3674 0
3674 0
3674 0
3674 0
3674 0
3674 0
3674 0
3674 0
3674 0
3674 0
3674 0
3819 0
3819 0
3819 0
3819 0
3819 0
3819 0
3819 0
3819 0
3819 0
3819 0
3819 0
3819 0
3819 0
3819 0
3819 0
3819 0
3819 0
3819 0
3819 0
3819 0
3819 0
3819 0
3819 0
3819 0
3819 0
3819 0
3819 0
3819 0
3819 0
3819 0
3819 0
3940 0
3940 0
3940 0
3940 0
3940 0
3940 0
3940 0
3940 0
3940 0
3940 0
3940 0
3940 0
3940 0
3940 0
3940 0
3940 0
3940 0
3940 0
3940 0
3940 0
3940 0
3940 0
3940 0
3940 0
3940 0
3940 0
3940 0
3940 0
3940 0
3940 0
3940 0
5561 0
5561 0
5561 0
5561 0
5561 0
5561 0
5561 0
5561 0
5561 0
5561 0
5561 275
5561 0
5561 0
5561 0
5561 0
5561 0
5561 0
5561 0
5561 0
5561 68
5561 0
5561 0
5561 0
5561 0
5561 0
5561 0
5561 0
5561 0
5561 0
5561 0
5561 0
5644 0
5644 0
5644 0
5644 0
5644 0
5644 0
5644 0
5644 0
5644 0
5644 0
5644 328
5644 0
5644 0
5644 0
5644 0
5644 0
5644 0
5644 0
5644 0
5644 243
5644 0
5644 0
5644 0
5644 0
5644 0
5644 0
5644 0
5644 0
5644 0
5644 0
5644 0
5655 0
5655 0
5655 0
5655 0
5655 0
5655 0
5655 0
5655 0
5655 0
5655 0
5655 2115
5655 0
5655 0
5655 0
5655 0
5655 0
5655 0
5655 0
5655 0
5655 342
5655 0
5655 0
5655 0
5655 0
5655 0
5655 0
5655 0
5655 0
5655 0
5655 0
5655 0
5746 0
5746 0
5746 0
5746 0
5746 0
5746 0
5746 0
5746 0
5746 0
5746 0
5746 2190
5746 0
5746 0
5746 0
5746 0
5746 0
5746 0
5746 0
5746 0
5746 1629
5746 0
5746 0
5746 0
5746 0
5746 7
5746 0
5746 0
5746 6
5746 0
5746 0
5746 0
5801 0
5801 0
5801 0
5801 0
5801 0
5801 0
5801 0
5801 0
5801 0
5801 0
5801 35
5801 0
5801 0
5801 0
5801 0
5801 0
5801 0
5801 0
5801 0
5801 1
5801 0
5801 0
5801 0
5801 0
5801 0
5801 0
5801 0
5801 0
5801 0
5801 0
5801 0
5864 0
5864 0
5864 0
5864 0
5864 0
5864 0
5864 0
5864 0
5864 0
5864 0
5864 146
5864 0
5864 0
5864 0
5864 0
5864 0
5864 0
5864 0
5864 0
5864 113
5864 0
5864 0
5864 0
5864 0
5864 0
5864 0
5864 0
5864 0
5864 0
5864 0
5864 0
5954 0
5954 0
5954 0
5954 0
5954 0
5954 0
5954 0
5954 0
5954 0
5954 0
5954 35
5954 0
5954 0
5954 0
5954 0
5954 0
5954 0
5954 0
5954 0
5954 1
5954 0
5954 0
5954 0
5954 0
5954 0
5954 0
5954 0
5954 0
5954 0
5954 0
5954 0
6102 0
6102 0
6102 0
6102 0
6102 0
6102 0
6102 0
6102 0
6102 0
6102 0
6102 58
6102 0
6102 0
6102 0
6102 0
6102 0
6102 0
6102 0
6102 0
6102 75
6102 0
6102 0
6102 0
6102 0
6102 0
6102 0
6102 0
6102 0
6102 0
6102 0
6102 0
6217 0
6217 0
6217 0
6217 0
6217 0
6217 0
6217 0
6217 0
6217 0
6217 0
6217 60
6217 0
6217 0
6217 0
6217 0
6217 0
6217 0
6217 0
6217 0
6217 0
6217 0
6217 0
6217 0
6217 0
6217 0
6217 0
6217 0
6217 0
6217 0
6217 0
6217 0
6222 0
6222 0
6222 0
6222 0
6222 0
6222 0
6222 0
6222 0
6222 0
6222 0
6222 305
6222 0
6222 0
6222 0
6222 0
6222 0
6222 0
6222 0
6222 0
6222 6
6222 0
6222 0
6222 0
6222 0
6222 0
6222 0
6222 0
6222 0
6222 0
6222 0
6222 0
6224 0
6224 0
6224 0
6224 0
6224 0
6224 0
6224 0
6224 0
6224 0
6224 0
6224 173
6224 0
6224 0
6224 0
6224 0
6224 0
6224 0
6224 0
6224 0
6224 0
6224 0
6224 0
6224 0
6224 0
6224 0
6224 0
6224 0
6224 0
6224 0
6224 0
6224 0
6293 0
6293 0
6293 0
6293 0
6293 0
6293 0
6293 0
6293 0
6293 0
6293 0
6293 414
6293 0
6293 0
6293 0
6293 0
6293 0
6293 0
6293 0
6293 0
6293 0
6293 0
6293 0
6293 0
6293 0
6293 0
6293 0
6293 0
6293 0
6293 0
6293 0
6293 0
6326 0
6326 0
6326 0
6326 0
6326 0
6326 0
6326 0
6326 0
6326 0
6326 0
6326 1174
6326 0
6326 0
6326 0
6326 0
6326 0
6326 0
6326 0
6326 0
6326 18
6326 0
6326 0
6326 0
6326 0
6326 0
6326 0
6326 0
6326 0
6326 0
6326 0
6326 0
6328 0
6328 0
6328 0
6328 0
6328 0
6328 0
6328 0
6328 0
6328 0
6328 0
6328 1446
6328 0
6328 0
6328 0
6328 0
6328 0
6328 0
6328 0
6328 0
6328 45
6328 0
6328 0
6328 0
6328 0
6328 0
6328 0
6328 0
6328 0
6328 0
6328 0
6328 0
6383 0
6383 0
6383 0
6383 0
6383 0
6383 0
6383 0
6383 0
6383 0
6383 0
6383 311
6383 0
6383 0
6383 0
6383 0
6383 0
6383 0
6383 0
6383 0
6383 2
6383 0
6383 0
6383 0
6383 0
6383 0
6383 0
6383 0
6383 0
6383 0
6383 0
6383 0
6385 0
6385 0
6385 0
6385 0
6385 0
6385 0
6385 0
6385 0
6385 0
6385 0
6385 1897
6385 0
6385 0
6385 0
6385 0
6385 0
6385 0
6385 0
6385 0
6385 838
6385 0
6385 0
6385 0
6385 0
6385 0
6385 0
6385 0
6385 0
6385 0
6385 0
6385 0
6396 0
6396 0
6396 0
6396 0
6396 0
6396 0
6396 0
6396 0
6396 0
6396 0
6396 2488
6396 0
6396 0
6396 0
6396 0
6396 0
6396 0
6396 0
6396 0
6396 41
6396 0
6396 0
6396 0
6396 0
6396 0
6396 0
6396 0
6396 0
6396 0
6396 0
6396 0
6399 0
6399 0
6399 0
6399 0
6399 0
6399 0
6399 0
6399 0
6399 0
6399 0
6399 522
6399 0
6399 0
6399 0
6399 0
6399 0
6399 0
6399 0
6399 0
6399 1
6399 0
6399 0
6399 0
6399 0
6399 0
6399 0
6399 0
6399 0
6399 0
6399 0
6399 0
6409 0
6409 0
6409 0
6409 0
6409 0
6409 0
6409 0
6409 0
6409 0
6409 0
6409 791
6409 0
6409 0
6409 0
6409 0
6409 0
6409 0
6409 0
6409 0
6409 13
6409 0
6409 0
6409 0
6409 0
6409 0
6409 0
6409 0
6409 0
6409 0
6409 0
6409 0
6415 0
6415 0
6415 0
6415 0
6415 0
6415 0
6415 0
6415 0
6415 0
6415 0
6415 757
6415 0
6415 0
6415 0
6415 0
6415 0
6415 0
6415 0
6415 0
6415 31
6415 0
6415 0
6415 0
6415 0
6415 0
6415 0
6415 0
6415 0
6415 0
6415 0
6415 0
6455 0
6455 0
6455 0
6455 0
6455 0
6455 0
6455 0
6455 0
6455 0
6455 0
6455 269
6455 0
6455 0
6455 0
6455 0
6455 0
6455 0
6455 0
6455 0
6455 62
6455 0
6455 0
6455 0
6455 0
6455 0
6455 0
6455 0
6455 0
6455 0
6455 0
6455 0
6470 0
6470 0
6470 0
6470 0
6470 0
6470 0
6470 0
6470 0
6470 0
6470 0
6470 2599
6470 0
6470 0
6470 0
6470 0
6470 0
6470 0
6470 0
6470 0
6470 4
6470 0
6470 0
6470 0
6470 0
6470 0
6470 0
6470 0
6470 0
6470 0
6470 0
6470 0
6476 0
6476 0
6476 0
6476 0
6476 0
6476 0
6476 0
6476 0
6476 0
6476 0
6476 629
6476 0
6476 0
6476 0
6476 0
6476 0
6476 0
6476 0
6476 0
6476 1
6476 0
6476 0
6476 0
6476 0
6476 0
6476 0
6476 0
6476 0
6476 0
6476 0
6476 0
6479 0
6479 0
6479 0
6479 0
6479 0
6479 0
6479 0
6479 0
6479 0
6479 0
6479 3104
6479 0
6479 0
6479 0
6479 0
6479 0
6479 0
6479 0
6479 0
6479 953
6479 0
6479 0
6479 0
6479 0
6479 0
6479 0
6479 0
6479 32
6479 0
6479 0
6479 0
6489 0
6489 0
6489 0
6489 0
6489 0
6489 0
6489 0
6489 0
6489 0
6489 0
6489 643
6489 0
6489 0
6489 0
6489 0
6489 0
6489 0
6489 0
6489 0
6489 98
6489 0
6489 0
6489 0
6489 0
6489 0
6489 0
6489 0
6489 0
6489 0
6489 0
6489 0
6494 0
6494 0
6494 0
6494 0
6494 0
6494 0
6494 0
6494 0
6494 0
6494 0
6494 560
6494 0
6494 0
6494 0
6494 0
6494 0
6494 0
6494 0
6494 0
6494 172
6494 0
6494 0
6494 0
6494 0
6494 0
6494 0
6494 0
6494 0
6494 0
6494 0
6494 0
6499 0
6499 0
6499 0
6499 0
6499 0
6499 0
6499 0
6499 0
6499 0
6499 0
6499 161
6499 0
6499 0
6499 0
6499 0
6499 0
6499 0
6499 0
6499 0
6499 61
6499 0
6499 0
6499 0
6499 0
6499 0
6499 0
6499 0
6499 0
6499 0
6499 0
6499 0
6529 0
6529 0
6529 0
6529 0
6529 0
6529 0
6529 0
6529 0
6529 0
6529 0
6529 269
6529 0
6529 0
6529 0
6529 0
6529 0
6529 0
6529 0
6529 0
6529 62
6529 0
6529 0
6529 0
6529 0
6529 0
6529 0
6529 0
6529 0
6529 0
6529 0
6529 0
6538 0
6538 0
6538 0
6538 0
6538 0
6538 0
6538 0
6538 0
6538 0
6538 0
6538 353
6538 0
6538 0
6538 0
6538 0
6538 0
6538 0
6538 0
6538 0
6538 150
6538 0
6538 0
6538 0
6538 0
6538 0
6538 0
6538 0
6538 0
6538 0
6538 0
6538 0
6554 0
6554 0
6554 0
6554 0
6554 0
6554 0
6554 0
6554 0
6554 0
6554 0
6554 3123
6554 0
6554 0
6554 0
6554 0
6554 0
6554 0
6554 0
6554 0
6554 1028
6554 0
6554 0
6554 0
6554 0
6554 1
6554 0
6554 0
6554 9
6554 0
6554 0
6554 0
6562 0
6562 0
6562 0
6562 0
6562 0
6562 0
6562 0
6562 0
6562 0
6562 0
6562 1715
6562 0
6562 0
6562 0
6562 0
6562 0
6562 0
6562 0
6562 0
6562 2
6562 0
6562 0
6562 0
6562 0
6562 0
6562 0
6562 0
6562 0
6562 0
6562 0
6562 0
6569 0
6569 0
6569 0
6569 0
6569 0
6569 0
6569 0
6569 0
6569 0
6569 0
6569 907
6569 0
6569 0
6569 0
6569 0
6569 0
6569 0
6569 0
6569 0
6569 205
6569 0
6569 0
6569 0
6569 0
6569 0
6569 0
6569 0
6569 0
6569 0
6569 0
6569 0
6604 0
6604 0
6604 0
6604 0
6604 0
6604 0
6604 0
6604 0
6604 0
6604 0
6604 373
6604 0
6604 0
6604 0
6604 0
6604 0
6604 0
6604 0
6604 0
6604 414
6604 0
6604 0
6604 0
6604 0
6604 0
6604 0
6604 0
6604 0
6604 0
6604 0
6604 0
6608 0
6608 0
6608 0
6608 0
6608 0
6608 0
6608 0
6608 0
6608 0
6608 0
6608 106
6608 0
6608 0
6608 0
6608 0
6608 0
6608 0
6608 0
6608 0
6608 138
6608 0
6608 0
6608 0
6608 0
6608 0
6608 0
6608 0
6608 0
6608 0
6608 0
6608 0
6655 0
6655 0
6655 0
6655 0
6655 0
6655 0
6655 0
6655 0
6655 0
6655 0
6655 242
6655 0
6655 0
6655 0
6655 0
6655 0
6655 0
6655 0
6655 0
6655 1
6655 0
6655 0
6655 0
6655 0
6655 0
6655 0
6655 0
6655 0
6655 0
6655 0
6655 0
6656 0
6656 0
6656 0
6656 0
6656 0
6656 0
6656 0
6656 0
6656 0
6656 0
6656 349
6656 0
6656 0
6656 0
6656 0
6656 0
6656 0
6656 0
6656 0
6656 123
6656 0
6656 0
6656 0
6656 0
6656 0
6656 0
6656 0
6656 1
6656 0
6656 0
6656 0
6658 0
6658 0
6658 0
6658 0
6658 0
6658 0
6658 0
6658 0
6658 0
6658 0
6658 78
6658 0
6658 0
6658 0
6658 0
6658 0
6658 0
6658 0
6658 0
6658 14
6658 0
6658 0
6658 0
6658 0
6658 0
6658 0
6658 0
6658 0
6658 0
6658 0
6658 0
6666 0
6666 0
6666 0
6666 0
6666 0
6666 0
6666 0
6666 0
6666 0
6666 0
6666 161
6666 0
6666 0
6666 0
6666 0
6666 0
6666 0
6666 0
6666 0
6666 155
6666 0
6666 0
6666 0
6666 0
6666 0
6666 0
6666 0
6666 0
6666 0
6666 0
6666 0
6668 0
6668 0
6668 0
6668 0
6668 0
6668 0
6668 0
6668 0
6668 0
6668 0
6668 925
6668 0
6668 0
6668 0
6668 0
6668 0
6668 0
6668 0
6668 0
6668 55
6668 0
6668 0
6668 0
6668 0
6668 0
6668 0
6668 0
6668 0
6668 0
6668 0
6668 0
6690 0
6690 0
6690 0
6690 0
6690 0
6690 0
6690 0
6690 0
6690 0
6690 0
6690 1704
6690 0
6690 0
6690 0
6690 0
6690 0
6690 0
6690 0
6690 0
6690 568
6690 0
6690 0
6690 0
6690 0
6690 0
6690 0
6690 0
6690 22
6690 0
6690 0
6690 0
6698 0
6698 0
6698 0
6698 0
6698 0
6698 0
6698 0
6698 0
6698 0
6698 0
6698 383
6698 0
6698 0
6698 0
6698 0
6698 0
6698 0
6698 0
6698 0
6698 1
6698 0
6698 0
6698 0
6698 0
6698 0
6698 0
6698 0
6698 0
6698 0
6698 0
6698 0
6700 0
6700 0
6700 0
6700 0
6700 0
6700 0
6700 0
6700 0
6700 0
6700 0
6700 1959
6700 0
6700 0
6700 0
6700 0
6700 0
6700 0
6700 0
6700 0
6700 1190
6700 0
6700 0
6700 0
6700 0
6700 1
6700 0
6700 0
6700 0
6700 0
6700 0
6700 0
6721 0
6721 0
6721 0
6721 0
6721 0
6721 0
6721 0
6721 0
6721 0
6721 0
6721 33
6721 0
6721 0
6721 0
6721 0
6721 0
6721 0
6721 0
6721 0
6721 12
6721 0
6721 0
6721 0
6721 0
6721 0
6721 0
6721 0
6721 0
6721 0
6721 0
6721 0
6767 0
6767 0
6767 0
6767 0
6767 0
6767 0
6767 0
6767 0
6767 0
6767 0
6767 253
6767 0
6767 0
6767 0
6767 0
6767 0
6767 0
6767 0
6767 0
6767 1
6767 0
6767 0
6767 0
6767 0
6767 0
6767 0
6767 0
6767 0
6767 0
6767 0
6767 0
6796 0
6796 0
6796 0
6796 0
6796 0
6796 0
6796 0
6796 0
6796 0
6796 0
6796 1268
6796 0
6796 0
6796 0
6796 0
6796 0
6796 0
6796 0
6796 0
6796 212
6796 0
6796 0
6796 0
6796 0
6796 0
6796 0
6796 0
6796 0
6796 0
6796 0
6796 0
6811 0
6811 0
6811 0
6811 0
6811 0
6811 0
6811 0
6811 0
6811 0
6811 0
6811 2350
6811 0
6811 0
6811 0
6811 0
6811 0
6811 0
6811 0
6811 0
6811 72
6811 0
6811 0
6811 0
6811 0
6811 0
6811 0
6811 0
6811 0
6811 0
6811 0
6811 0
6831 0
6831 0
6831 0
6831 0
6831 0
6831 0
6831 0
6831 0
6831 0
6831 0
6831 232
6831 0
6831 0
6831 0
6831 0
6831 0
6831 0
6831 0
6831 0
6831 33
6831 0
6831 0
6831 0
6831 0
6831 0
6831 0
6831 0
6831 0
6831 0
6831 0
6831 0
6841 0
6841 0
6841 0
6841 0
6841 0
6841 0
6841 0
6841 0
6841 0
6841 0
6841 253
6841 0
6841 0
6841 0
6841 0
6841 0
6841 0
6841 0
6841 0
6841 1
6841 0
6841 0
6841 0
6841 0
6841 0
6841 0
6841 0
6841 0
6841 0
6841 0
6841 0
6844 0
6844 0
6844 0
6844 0
6844 0
6844 0
6844 0
6844 0
6844 0
6844 0
6844 240
6844 0
6844 0
6844 0
6844 0
6844 0
6844 0
6844 0
6844 0
6844 1
6844 0
6844 0
6844 0
6844 0
6844 0
6844 0
6844 0
6844 0
6844 0
6844 0
6844 0
6891 0
6891 0
6891 0
6891 0
6891 0
6891 0
6891 0
6891 0
6891 0
6891 0
6891 605
6891 0
6891 0
6891 0
6891 0
6891 0
6891 0
6891 0
6891 0
6891 0
6891 0
6891 0
6891 0
6891 0
6891 0
6891 0
6891 0
6891 0
6891 0
6891 0
6891 0
7032 0
7032 0
7032 0
7032 0
7032 0
7032 0
7032 0
7032 0
7032 0
7032 0
7032 146
7032 0
7032 0
7032 0
7032 0
7032 0
7032 0
7032 0
7032 0
7032 30
7032 0
7032 0
7032 0
7032 0
7032 0
7032 0
7032 0
7032 0
7032 0
7032 0
7032 0
7224 0
7224 0
7224 0
7224 0
7224 0
7224 0
7224 0
7224 0
7224 0
7224 0
7224 151
7224 0
7224 0
7224 0
7224 0
7224 0
7224 0
7224 0
7224 0
7224 33
7224 0
7224 0
7224 0
7224 0
7224 0
7224 0
7224 0
7224 0
7224 0
7224 0
7224 0
7707 0
7707 0
7707 0
7707 0
7707 0
7707 0
7707 0
7707 0
7707 0
7707 0
7707 165
7707 0
7707 0
7707 0
7707 0
7707 0
7707 0
7707 0
7707 0
7707 102
7707 0
7707 0
7707 0
7707 0
7707 0
7707 0
7707 0
7707 0
7707 0
7707 0
7707 0
8015 0
8015 0
8015 0
8015 0
8015 0
8015 0
8015 0
8015 0
8015 0
8015 0
8015 280
8015 0
8015 0
8015 0
8015 0
8015 0
8015 0
8015 0
8015 0
8015 0
8015 0
8015 0
8015 0
8015 0
8015 0
8015 0
8015 0
8015 0
8015 0
8015 0
8015 0
8044 0
8044 0
8044 0
8044 0
8044 0
8044 0
8044 0
8044 0
8044 0
8044 0
8044 761
8044 0
8044 0
8044 0
8044 0
8044 0
8044 0
8044 0
8044 0
8044 0
8044 0
8044 0
8044 0
8044 0
8044 0
8044 0
8044 0
8044 0
8044 0
8044 0
8044 0
8075 0
8075 0
8075 0
8075 0
8075 0
8075 0
8075 0
8075 0
8075 0
8075 0
8075 102
8075 0
8075 0
8075 0
8075 0
8075 0
8075 0
8075 0
8075 0
8075 0
8075 0
8075 0
8075 0
8075 0
8075 0
8075 0
8075 0
8075 0
8075 0
8075 0
8075 0
