pt_graph shape
650 0
650 0.92
650 0
650 0
650 0
650 0
650 0
650 0
650 40.67
650 0
650 0
650 0
650 0
650 0
650 0
650 0
650 0
650 0
650 0
650 0
650 41.25
650 0
650 0
650 1.07
650 0
650 0
650 0
650 0
650 0
650 0
650 0
737 0
737 8.96
737 0
737 0
737 0
737 0
737 0
737 0
737 40.67
737 0
737 0
737 0
737 0
737 0
737 0
737 0
737 0
737 0
737 0
737 0
737 41.25
737 0
737 0
737 3.32
737 0
737 0
737 0
737 0
737 0
737 0
737 0
747 0
747 10.07
747 0
747 0
747 0
747 0
747 0
747 0
747 40.67
747 0
747 0
747 0
747 0
747 0
747 0
747 0
747 0
747 0
747 0
747 0
747 41.25
747 0
747 0
747 1.07
747 0
747 0
747 0
747 0
747 0
747 0
747 0
853 0
853 26.28
853 0
853 0
853 0
853 0
853 0
853 0
853 32.71
853 0
853 0
853 0
853 0
853 0
853 0
853 0
853 0
853 0
853 0
853 0
853 0
853 0
853 0
853 2.4
853 0
853 0
853 0
853 0
853 0
853 0
853 0
857 0
857 41.47
857 0
857 0
857 0
857 0
857 0
857 0
857 54.22
857 0
857 0
857 0
857 0
857 0
857 0
857 0
857 0
857 0
857 0
857 0
857 0
857 0
857 0
857 1.05
857 0
857 0
857 0
857 0
857 0
857 0
857 0
859 0
859 2.19
859 0
859 0
859 0
859 0
859 0
859 0
859 44.65
859 0
859 0
859 0
859 0
859 0
859 0
859 0
859 0
859 0
859 0
859 0
859 0
859 0
859 0
859 3.47
859 0
859 0
859 0
859 0
859 0
859 0
859 0
973 0
973 32.42
973 0
973 0
973 0
973 0
973 0
973 0
973 0
973 0
973 0
973 0
973 0
973 0
973 0
973 0
973 0
973 0
973 0
973 0
973 0
973 0
973 0
973 34.21
973 0
973 0
973 0
973 0
973 0
973 0
973 0
1091 0
1091 27.49
1091 0
1091 0
1091 0
1091 0
1091 0
1091 0
1091 61.38
1091 0
1091 0
1091 0
1091 0
1091 0
1091 0
1091 0
1091 0
1091 0
1091 0
1091 0
1091 0
1091 0
1091 0
1091 3.36
1091 0
1091 0
1091 0
1091 0
1091 0
1091 0
1091 0
1093 0
1093 26.08
1093 0
1093 0
1093 0
1093 0
1093 0
1093 0
1093 61.38
1093 0
1093 0
1093 0
1093 0
1093 0
1093 0
1093 0
1093 0
1093 0
1093 0
1093 0
1093 0
1093 0
1093 0
1093 3.47
1093 0
1093 0
1093 0
1093 0
1093 0
1093 0
1093 0
1412 0
1412 0.71
1412 0
1412 0
1412 0
1412 0
1412 0
1412 0
1412 2.05
1412 0
1412 0
1412 0
1412 35.97
1412 0
1412 0
1412 0
1412 0
1412 0
1412 0
1412 0
1412 0
1412 0
1412 0
1412 0
1412 0
1412 0
1412 0
1412 0
1412 0
1412 0
1412 0
1416 0
1416 0.96
1416 0
1416 0
1416 0
1416 0
1416 0
1416 0
1416 0
1416 0
1416 0
1416 0
1416 54.17
1416 0
1416 0
1416 0
1416 0
1416 0
1416 0
1416 0
1416 0
1416 0
1416 0
1416 0
1416 0
1416 0
1416 0
1416 0
1416 0
1416 0
1416 0
1763 0
1763 32.42
1763 0
1763 0
1763 0
1763 0
1763 0
1763 0
1763 0
1763 0
1763 0
1763 0
1763 0
1763 0
1763 0
1763 0
1763 0
1763 0
1763 0
1763 0
1763 0
1763 0
1763 0
1763 34.21
1763 0
1763 0
1763 0
1763 0
1763 0
1763 0
1763 0
1866 0
1866 1.59
1866 0
1866 0
1866 0
1866 0
1866 0
1866 0
1866 0
1866 0
1866 0
1866 0
1866 0
1866 0
1866 0
1866 0
1866 0
1866 0
1866 0
1866 0
1866 0
1866 0
1866 0
1866 0
1866 0
1866 0
1866 0
1866 0
1866 0
1866 0
1866 0
1960 0
1960 1.56
1960 0
1960 0
1960 0
1960 0
1960 0
1960 0
1960 0
1960 2.05
1960 0
1960 0
1960 0
1960 0
1960 0
1960 0
1960 0
1960 0
1960 0
1960 0
1960 0
1960 0
1960 0
1960 0
1960 0
1960 0
1960 0
1960 0
1960 0
1960 0
1960 0
2159 0
2159 1.56
2159 0
2159 0
2159 0
2159 0
2159 0
2159 0
2159 0
2159 2.05
2159 0
2159 0
2159 0
2159 0
2159 0
2159 0
2159 0
2159 0
2159 0
2159 0
2159 0
2159 0
2159 0
2159 0
2159 0
2159 0
2159 0
2159 0
2159 0
2159 0
2159 0
2170 0
2170 1.56
2170 0
2170 0
2170 0
2170 0
2170 0
2170 0
2170 0
2170 2.05
2170 0
2170 0
2170 0
2170 0
2170 0
2170 0
2170 0
2170 0
2170 0
2170 0
2170 0
2170 0
2170 0
2170 0
2170 0
2170 0
2170 0
2170 0
2170 0
2170 0
2170 0
2243 0
2243 1.56
2243 0
2243 0
2243 0
2243 0
2243 0
2243 0
2243 0
2243 2.05
2243 0
2243 0
2243 0
2243 0
2243 0
2243 0
2243 0
2243 0
2243 0
2243 0
2243 0
2243 0
2243 0
2243 0
2243 0
2243 0
2243 0
2243 0
2243 0
2243 0
2243 0
2459 0
2459 1.56
2459 0
2459 0
2459 0
2459 0
2459 0
2459 0
2459 0
2459 2.05
2459 0
2459 0
2459 0
2459 0
2459 0
2459 0
2459 0
2459 0
2459 0
2459 0
2459 0
2459 0
2459 0
2459 0
2459 0
2459 0
2459 0
2459 0
2459 0
2459 0
2459 0
4712 0
4712 25.57
4712 0
4712 0
4712 0
4712 0
4712 0
4712 0
4712 0
4712 0
4712 0
4712 0
4712 0
4712 0
4712 0
4712 0
4712 0
4712 0
4712 0
4712 0
4712 0
4712 0
4712 0
4712 0
4712 0
4712 28
4712 0
4712 0
4712 0
4712 0
4712 0
4742 0
4742 30.41
4742 0
4742 0
4742 0
4742 0
4742 0
4742 0
4742 0
4742 0
4742 0
4742 0
4742 0
4742 0
4742 0
4742 0
4742 0
4742 0
4742 0
4742 0
4742 0
4742 0
4742 0
4742 0
4742 0
4742 30.46
4742 0
4742 0
4742 0
4742 0
4742 0
4877 0
4877 25.57
4877 0
4877 0
4877 0
4877 0
4877 0
4877 0
4877 0
4877 0
4877 0
4877 0
4877 0
4877 0
4877 0
4877 0
4877 0
4877 0
4877 0
4877 0
4877 0
4877 0
4877 0
4877 0
4877 0
4877 28
4877 0
4877 0
4877 0
4877 0
4877 0
4993 0
4993 25.57
4993 0
4993 0
4993 0
4993 0
4993 0
4993 0
4993 0
4993 0
4993 0
4993 0
4993 0
4993 0
4993 0
4993 0
4993 0
4993 0
4993 0
4993 0
4993 0
4993 0
4993 0
4993 0
4993 0
4993 28
4993 0
4993 0
4993 0
4993 0
4993 0
5007 0
5007 30.41
5007 0
5007 0
5007 0
5007 0
5007 0
5007 0
5007 0
5007 0
5007 0
5007 0
5007 0
5007 0
5007 0
5007 0
5007 0
5007 0
5007 0
5007 0
5007 0
5007 0
5007 0
5007 0
5007 0
5007 30.46
5007 0
5007 0
5007 0
5007 0
5007 0
5057 0
5057 25.57
5057 0
5057 0
5057 0
5057 0
5057 0
5057 0
5057 0
5057 0
5057 0
5057 0
5057 0
5057 0
5057 0
5057 0
5057 0
5057 0
5057 0
5057 0
5057 0
5057 0
5057 0
5057 0
5057 0
5057 28
5057 0
5057 0
5057 0
5057 0
5057 0
5080 0
5080 30.41
5080 0
5080 0
5080 0
5080 0
5080 0
5080 0
5080 0
5080 0
5080 0
5080 0
5080 0
5080 0
5080 0
5080 0
5080 0
5080 0
5080 0
5080 0
5080 0
5080 0
5080 0
5080 0
5080 0
5080 30.46
5080 0
5080 0
5080 0
5080 0
5080 0
5142 0
5142 30.41
5142 0
5142 0
5142 0
5142 0
5142 0
5142 0
5142 0
5142 0
5142 0
5142 0
5142 0
5142 0
5142 0
5142 0
5142 0
5142 0
5142 0
5142 0
5142 0
5142 0
5142 0
5142 0
5142 0
5142 30.46
5142 0
5142 0
5142 0
5142 0
5142 0
5192 0
5192 1.67
5192 0
5192 0
5192 0
5192 0
5192 0
5192 0
5192 0
5192 0
5192 0
5192 0
5192 0
5192 0
5192 0
5192 0
5192 0
5192 0
5192 0
5192 0
5192 0
5192 0
5192 0
5192 0
5192 0
5192 3.37
5192 0
5192 0
5192 0
5192 0
5192 0
5261 0
5261 32.92
5261 0
5261 0
5261 0
5261 0
5261 0
5261 0
5261 0
5261 0
5261 0
5261 0
5261 0
5261 0
5261 0
5261 0
5261 0
5261 0
5261 0
5261 0
5261 0
5261 0
5261 0
5261 0
5261 0
5261 40.78
5261 0
5261 0
5261 0
5261 0
5261 0
5265 0
5265 30.41
5265 0
5265 0
5265 0
5265 0
5265 0
5265 0
5265 0
5265 0
5265 0
5265 0
5265 0
5265 0
5265 0
5265 0
5265 0
5265 0
5265 0
5265 0
5265 0
5265 0
5265 0
5265 0
5265 0
5265 30.46
5265 0
5265 0
5265 0
5265 0
5265 0
5336 0
5336 30.41
5336 0
5336 0
5336 0
5336 0
5336 0
5336 0
5336 0
5336 0
5336 0
5336 0
5336 0
5336 0
5336 0
5336 0
5336 0
5336 0
5336 0
5336 0
5336 0
5336 0
5336 0
5336 0
5336 0
5336 30.46
5336 0
5336 0
5336 0
5336 0
5336 0
5367 0
5367 30.41
5367 0
5367 0
5367 0
5367 0
5367 0
5367 0
5367 0
5367 0
5367 0
5367 0
5367 0
5367 0
5367 0
5367 0
5367 0
5367 0
5367 0
5367 0
5367 0
5367 0
5367 0
5367 0
5367 0
5367 30.46
5367 0
5367 0
5367 0
5367 0
5367 0
5387 0
5387 30.41
5387 0
5387 0
5387 0
5387 0
5387 0
5387 0
5387 0
5387 0
5387 0
5387 0
5387 0
5387 0
5387 0
5387 0
5387 0
5387 0
5387 0
5387 0
5387 0
5387 0
5387 0
5387 0
5387 0
5387 30.46
5387 0
5387 0
5387 0
5387 0
5387 0
5426 0
5426 30.41
5426 0
5426 0
5426 0
5426 0
5426 0
5426 0
5426 0
5426 0
5426 0
5426 0
5426 0
5426 0
5426 0
5426 0
5426 0
5426 0
5426 0
5426 0
5426 0
5426 0
5426 0
5426 0
5426 0
5426 30.46
5426 0
5426 0
5426 0
5426 0
5426 0
5509 0
5509 0.94
5509 0
5509 0
5509 0
5509 0
5509 0
5509 0
5509 0
5509 0
5509 0
5509 0
5509 0
5509 0
5509 0
5509 0
5509 0
5509 0
5509 0
5509 0
5509 0
5509 0
5509 0
5509 0
5509 0
5509 30.46
5509 0
5509 0
5509 0
5509 0
5509 0
5525 0
5525 30.41
5525 0
5525 0
5525 0
5525 0
5525 0
5525 0
5525 0
5525 0
5525 0
5525 0
5525 0
5525 0
5525 0
5525 0
5525 0
5525 0
5525 0
5525 0
5525 0
5525 0
5525 0
5525 0
5525 0
5525 30.46
5525 0
5525 0
5525 0
5525 0
5525 0
5625 0
5625 30.41
5625 0
5625 0
5625 0
5625 0
5625 0
5625 0
5625 0
5625 0
5625 0
5625 0
5625 0
5625 0
5625 0
5625 0
5625 0
5625 0
5625 0
5625 0
5625 0
5625 0
5625 0
5625 0
5625 0
5625 30.46
5625 0
5625 0
5625 0
5625 0
5625 0
5638 0
5638 0.94
5638 0
5638 0
5638 0
5638 0
5638 0
5638 0
5638 0
5638 0
5638 0
5638 0
5638 0
5638 0
5638 0
5638 0
5638 0
5638 0
5638 0
5638 0
5638 0
5638 0
5638 0
5638 0
5638 0
5638 30.46
5638 0
5638 0
5638 0
5638 0
5638 0
5658 0
5658 1.89
5658 0
5658 0
5658 0
5658 0
5658 0
5658 0
5658 0
5658 0
5658 0
5658 0
5658 0
5658 0
5658 0
5658 0
5658 0
5658 0
5658 0
5658 0
5658 0
5658 0
5658 0
5658 0
5658 0
5658 0
5658 0
5658 0
5658 0
5658 0
5658 0
5783 0
5783 1.89
5783 0
5783 0
5783 0
5783 0
5783 0
5783 0
5783 0
5783 0
5783 0
5783 0
5783 0
5783 0
5783 0
5783 0
5783 0
5783 0
5783 0
5783 0
5783 0
5783 0
5783 0
5783 0
5783 0
5783 0
5783 0
5783 0
5783 0
5783 0
5783 0
5857 0
5857 1.89
5857 0
5857 0
5857 0
5857 0
5857 0
5857 0
5857 0
5857 0
5857 0
5857 0
5857 0
5857 0
5857 0
5857 0
5857 0
5857 0
5857 0
5857 0
5857 0
5857 0
5857 0
5857 0
5857 0
5857 0
5857 0
5857 0
5857 0
5857 0
5857 0
5892 0
5892 1.89
5892 0
5892 0
5892 0
5892 0
5892 0
5892 0
5892 0
5892 0
5892 0
5892 0
5892 0
5892 0
5892 0
5892 0
5892 0
5892 0
5892 0
5892 0
5892 0
5892 0
5892 0
5892 0
5892 0
5892 0
5892 0
5892 0
5892 0
5892 0
5892 0
6064 0
6064 31.04
6064 0
6064 0
6064 0
6064 0
6064 0
6064 0
6064 0
6064 0
6064 0
6064 0
6064 0
6064 0
6064 0
6064 0
6064 0
6064 0
6064 0
6064 0
6064 0
6064 0
6064 0
6064 0
6064 0
6064 0
6064 0
6064 0
6064 0
6064 0
6064 0
6093 0
6093 31.04
6093 0
6093 0
6093 0
6093 0
6093 0
6093 0
6093 0
6093 0
6093 0
6093 0
6093 0
6093 0
6093 0
6093 0
6093 0
6093 0
6093 0
6093 0
6093 0
6093 0
6093 0
6093 0
6093 0
6093 0
6093 0
6093 0
6093 0
6093 0
6093 0
6143 0
6143 40.56
6143 0
6143 0
6143 0
6143 0
6143 0
6143 0
6143 0
6143 0
6143 0
6143 0
6143 0
6143 0
6143 0
6143 0
6143 0
6143 0
6143 0
6143 0
6143 0
6143 0
6143 0
6143 0
6143 0
6143 0
6143 0
6143 0
6143 0
6143 0
6143 0
6213 0
6213 51.59
6213 0
6213 0
6213 0
6213 0
6213 0
6213 0
6213 0
6213 0
6213 0
6213 0
6213 0
6213 0
6213 0
6213 0
6213 0
6213 0
6213 0
6213 0
6213 0
6213 0
6213 0
6213 0
6213 0
6213 0
6213 0
6213 0
6213 0
6213 0
6213 0
6284 0
6284 32.94
6284 0
6284 0
6284 0
6284 0
6284 0
6284 0
6284 0
6284 0
6284 0
6284 0
6284 0
6284 0
6284 0
6284 0
6284 0
6284 0
6284 0
6284 0
6284 0
6284 0
6284 0
6284 0
6284 0
6284 0
6284 0
6284 0
6284 0
6284 0
6284 0
6312 0
6312 32.94
6312 0
6312 0
6312 0
6312 0
6312 0
6312 0
6312 0
6312 0
6312 0
6312 0
6312 0
6312 0
6312 0
6312 0
6312 0
6312 0
6312 0
6312 0
6312 0
6312 0
6312 0
6312 0
6312 0
6312 0
6312 0
6312 0
6312 0
6312 0
6312 0
6327 0
6327 31.04
6327 0
6327 0
6327 0
6327 0
6327 0
6327 0
6327 0
6327 0
6327 0
6327 0
6327 0
6327 0
6327 0
6327 0
6327 0
6327 0
6327 0
6327 0
6327 0
6327 0
6327 0
6327 0
6327 0
6327 0
6327 0
6327 0
6327 0
6327 0
6327 0
6410 0
6410 31.04
6410 0
6410 0
6410 0
6410 0
6410 0
6410 0
6410 0
6410 0
6410 0
6410 0
6410 0
6410 0
6410 0
6410 0
6410 0
6410 0
6410 0
6410 0
6410 0
6410 0
6410 0
6410 0
6410 0
6410 0
6410 0
6410 0
6410 0
6410 0
6410 0
6434 0
6434 32.94
6434 0
6434 0
6434 0
6434 0
6434 0
6434 0
6434 0
6434 0
6434 0
6434 0
6434 0
6434 0
6434 0
6434 0
6434 0
6434 0
6434 0
6434 0
6434 0
6434 0
6434 0
6434 0
6434 0
6434 0
6434 0
6434 0
6434 0
6434 0
6434 0
6480 0
6480 31.04
6480 0
6480 0
6480 0
6480 0
6480 0
6480 0
6480 0
6480 0
6480 0
6480 0
6480 0
6480 0
6480 0
6480 0
6480 0
6480 0
6480 0
6480 0
6480 0
6480 0
6480 0
6480 0
6480 0
6480 0
6480 0
6480 0
6480 0
6480 0
6480 0
6482 0
6482 32.94
6482 0
6482 0
6482 0
6482 0
6482 0
6482 0
6482 0
6482 0
6482 0
6482 0
6482 0
6482 0
6482 0
6482 0
6482 0
6482 0
6482 0
6482 0
6482 0
6482 0
6482 0
6482 0
6482 0
6482 0
6482 0
6482 0
6482 0
6482 0
6482 0
6488 0
6488 25
6488 0
6488 0
6488 0
6488 0
6488 0
6488 0
6488 0
6488 0
6488 0
6488 0
6488 0
6488 0
6488 0
6488 0
6488 0
6488 0
6488 0
6488 0
6488 0
6488 0
6488 0
6488 0
6488 0
6488 0
6488 0
6488 0
6488 0
6488 0
6488 0
6551 0
6551 32.94
6551 0
6551 0
6551 0
6551 0
6551 0
6551 0
6551 0
6551 0
6551 0
6551 0
6551 0
6551 0
6551 0
6551 0
6551 0
6551 0
6551 0
6551 0
6551 0
6551 0
6551 0
6551 0
6551 0
6551 0
6551 0
6551 0
6551 0
6551 0
6551 0
6571 0
6571 32.94
6571 0
6571 0
6571 0
6571 0
6571 0
6571 0
6571 0
6571 0
6571 0
6571 0
6571 0
6571 0
6571 0
6571 0
6571 0
6571 0
6571 0
6571 0
6571 0
6571 0
6571 0
6571 0
6571 0
6571 0
6571 0
6571 0
6571 0
6571 0
6571 0
6710 0
6710 32.94
6710 0
6710 0
6710 0
6710 0
6710 0
6710 0
6710 0
6710 0
6710 0
6710 0
6710 0
6710 0
6710 0
6710 0
6710 0
6710 0
6710 0
6710 0
6710 0
6710 0
6710 0
6710 0
6710 0
6710 0
6710 0
6710 0
6710 0
6710 0
6710 0
6824 0
6824 32.94
6824 0
6824 0
6824 0
6824 0
6824 0
6824 0
6824 0
6824 0
6824 0
6824 0
6824 0
6824 0
6824 0
6824 0
6824 0
6824 0
6824 0
6824 0
6824 0
6824 0
6824 0
6824 0
6824 0
6824 0
6824 0
6824 0
6824 0
6824 0
6824 0
6866 0
6866 32.94
6866 0
6866 0
6866 0
6866 0
6866 0
6866 0
6866 0
6866 0
6866 0
6866 0
6866 0
6866 0
6866 0
6866 0
6866 0
6866 0
6866 0
6866 0
6866 0
6866 0
6866 0
6866 0
6866 0
6866 0
6866 0
6866 0
6866 0
6866 0
6866 0
6890 0
6890 32.94
6890 0
6890 0
6890 0
6890 0
6890 0
6890 0
6890 0
6890 0
6890 0
6890 0
6890 0
6890 0
6890 0
6890 0
6890 0
6890 0
6890 0
6890 0
6890 0
6890 0
6890 0
6890 0
6890 0
6890 0
6890 0
6890 0
6890 0
6890 0
6890 0
7015 0
7015 32.94
7015 0
7015 0
7015 0
7015 0
7015 0
7015 0
7015 0
7015 0
7015 0
7015 0
7015 0
7015 0
7015 0
7015 0
7015 0
7015 0
7015 0
7015 0
7015 0
7015 0
7015 0
7015 0
7015 0
7015 0
7015 0
7015 0
7015 0
7015 0
7015 0
10893 0
10893 0
10893 0
10893 0
10893 0
10893 0
10893 0
10893 0
10893 0
10893 0
10893 0
10893 0.94
10893 0
10893 0
10893 0
10893 0
10893 0
10893 0
10893 0
10893 0
10893 0
10893 0
10893 0
10893 0
10893 0
10893 0
10893 0
10893 0
10893 0
10893 0
10893 0
10959 0
10959 0
10959 0
10959 0
10959 0
10959 0
10959 0
10959 0
10959 0
10959 0
10959 0
10959 1.52
10959 0
10959 0
10959 0
10959 0
10959 0
10959 0
10959 0
10959 0
10959 0
10959 0
10959 0
10959 0
10959 0
10959 0
10959 0
10959 0
10959 0
10959 0
10959 0
11008 0
11008 0
11008 0
11008 0
11008 0
11008 0
11008 0
11008 0
11008 0
11008 0
11008 0
11008 0.76
11008 0
11008 0
11008 0
11008 0
11008 0
11008 0
11008 0
11008 0
11008 0
11008 0
11008 0
11008 0
11008 0
11008 0
11008 0
11008 0
11008 0
11008 0
11008 0
11023 0
11023 0
11023 0
11023 0
11023 0
11023 0
11023 0
11023 0
11023 0
11023 0
11023 0
11023 0.97
11023 0
11023 0
11023 0
11023 0
11023 0
11023 0
11023 0
11023 0
11023 0
11023 0
11023 0
11023 0
11023 0
11023 0
11023 0
11023 0
11023 0
11023 0
11023 0
11037 0
11037 0
11037 0
11037 0
11037 0
11037 0
11037 0
11037 0
11037 0
11037 0
11037 0
11037 1.58
11037 0
11037 0
11037 0
11037 0
11037 0
11037 0
11037 0
11037 0
11037 0
11037 0
11037 0
11037 0
11037 0
11037 0
11037 0
11037 0
11037 0
11037 0
11037 0
11045 0
11045 0
11045 0
11045 0
11045 0
11045 0
11045 0
11045 0
11045 0
11045 0
11045 0
11045 0.94
11045 0
11045 0
11045 0
11045 0
11045 0
11045 0
11045 0
11045 0
11045 0
11045 0
11045 0
11045 0
11045 0
11045 0
11045 0
11045 0
11045 0
11045 0
11045 0
11051 0
11051 0
11051 0
11051 0
11051 0
11051 0
11051 0
11051 0
11051 0
11051 0
11051 0
11051 0.8
11051 0
11051 0
11051 0
11051 0
11051 0
11051 0
11051 0
11051 0
11051 0
11051 0
11051 0
11051 0
11051 0
11051 0
11051 0
11051 0
11051 0
11051 0
11051 0
11056 0
11056 0
11056 0
11056 0
11056 0
11056 0
11056 0
11056 0
11056 0
11056 0
11056 0
11056 1.15
11056 0
11056 0
11056 0
11056 0
11056 0
11056 0
11056 0
11056 0
11056 0
11056 0
11056 0
11056 0
11056 0
11056 0
11056 0
11056 0
11056 0
11056 0
11056 0
11060 0
11060 0
11060 0
11060 0
11060 0
11060 0
11060 0
11060 0
11060 0
11060 0
11060 0
11060 0.83
11060 0
11060 0
11060 0
11060 0
11060 0
11060 0
11060 0
11060 0
11060 0
11060 0
11060 0
11060 0
11060 0
11060 0
11060 0
11060 0
11060 0
11060 0
11060 0
11068 0
11068 0
11068 0
11068 0
11068 0
11068 0
11068 0
11068 0
11068 0
11068 0
11068 0
11068 0.74
11068 0
11068 0
11068 0
11068 0
11068 0
11068 0
11068 0
11068 0
11068 0
11068 0
11068 0
11068 0
11068 0
11068 0
11068 0
11068 0
11068 0
11068 0
11068 0
11075 0
11075 0
11075 0
11075 0
11075 0
11075 0
11075 0
11075 0
11075 0
11075 0
11075 0
11075 1.56
11075 0
11075 0
11075 0
11075 0
11075 0
11075 0
11075 0
11075 0
11075 0
11075 0
11075 0
11075 0
11075 0
11075 0
11075 0
11075 0
11075 0
11075 0
11075 0
11122 0
11122 0
11122 0
11122 0
11122 0
11122 0
11122 0
11122 0
11122 0
11122 0
11122 0
11122 1.03
11122 0
11122 0
11122 0
11122 0
11122 0
11122 0
11122 0
11122 0
11122 0
11122 0
11122 0
11122 0
11122 0
11122 0
11122 0
11122 0
11122 0
11122 0
11122 0
