pt_graph cpue_kghour
5371 0
5371 27
5371 0
5371 0
5371 0
5371 0
5371 0
5371 0
5371 0
5371 0
5371 0
5371 0
5371 0
5371 0
5371 0
5371 0
5371 0
5371 0
5371 0
5371 0
5371 0
5371 0
5371 0
5371 0
5371 0
5371 1
5371 0
5371 0
5371 0
5371 0
5371 0
5557 0
5557 27
5557 0
5557 0
5557 0
5557 0
5557 0
5557 0
5557 0
5557 0
5557 0
5557 0
5557 0
5557 0
5557 0
5557 0
5557 0
5557 0
5557 0
5557 0
5557 0
5557 0
5557 0
5557 0
5557 0
5557 1
5557 0
5557 0
5557 0
5557 0
5557 0
5650 0
5650 27
5650 0
5650 0
5650 0
5650 0
5650 0
5650 0
5650 0
5650 0
5650 0
5650 0
5650 0
5650 0
5650 0
5650 0
5650 0
5650 0
5650 0
5650 0
5650 0
5650 0
5650 0
5650 0
5650 0
5650 1
5650 0
5650 0
5650 0
5650 0
5650 0
5842 0
5842 27
5842 0
5842 0
5842 0
5842 0
5842 0
5842 0
5842 0
5842 0
5842 0
5842 0
5842 0
5842 0
5842 0
5842 0
5842 0
5842 0
5842 0
5842 0
5842 0
5842 0
5842 0
5842 0
5842 0
5842 1
5842 0
5842 0
5842 0
5842 0
5842 0
5930 0
5930 268
5930 0
5930 0
5930 0
5930 0
5930 0
5930 0
5930 0
5930 0
5930 0
5930 0
5930 0
5930 0
5930 0
5930 0
5930 0
5930 0
5930 0
5930 0
5930 0
5930 0
5930 0
5930 0
5930 0
5930 0
5930 0
5930 0
5930 0
5930 0
5930 0
5963 0
5963 5
5963 0
5963 0
5963 0
5963 0
5963 457
5963 0
5963 0
5963 0
5963 0
5963 0
5963 0
5963 0
5963 0
5963 0
5963 0
5963 0
5963 0
5963 0
5963 0
5963 0
5963 0
5963 0
5963 0
5963 0
5963 0
5963 0
5963 0
5963 0
5963 0
5982 0
5982 18
5982 0
5982 0
5982 0
5982 0
5982 0
5982 0
5982 0
5982 0
5982 0
5982 0
5982 0
5982 0
5982 0
5982 0
5982 0
5982 0
5982 0
5982 0
5982 0
5982 0
5982 0
5982 0
5982 0
5982 0
5982 0
5982 0
5982 0
5982 0
5982 0
6000 0
6000 8
6000 0
6000 0
6000 0
6000 0
6000 0
6000 0
6000 0
6000 0
6000 0
6000 0
6000 0
6000 0
6000 0
6000 0
6000 0
6000 0
6000 0
6000 0
6000 0
6000 0
6000 0
6000 0
6000 0
6000 0
6000 0
6000 0
6000 0
6000 0
6000 0
6017 0
6017 18
6017 0
6017 0
6017 0
6017 0
6017 0
6017 0
6017 0
6017 0
6017 0
6017 0
6017 0
6017 0
6017 0
6017 0
6017 0
6017 0
6017 0
6017 0
6017 0
6017 0
6017 0
6017 1
6017 0
6017 4
6017 0
6017 0
6017 0
6017 0
6017 0
6042 0
6042 86
6042 0
6042 0
6042 0
6042 0
6042 0
6042 0
6042 0
6042 6
6042 0
6042 0
6042 0
6042 0
6042 0
6042 0
6042 0
6042 0
6042 0
6042 0
6042 3
6042 0
6042 0
6042 19
6042 0
6042 17
6042 0
6042 0
6042 0
6042 0
6042 0
6069 0
6069 14
6069 0
6069 0
6069 0
6069 0
6069 121
6069 0
6069 0
6069 0
6069 0
6069 0
6069 0
6069 0
6069 0
6069 0
6069 0
6069 0
6069 0
6069 0
6069 0
6069 0
6069 0
6069 3
6069 0
6069 3
6069 0
6069 0
6069 0
6069 0
6069 0
6074 0
6074 5
6074 0
6074 0
6074 0
6074 0
6074 0
6074 0
6074 0
6074 0
6074 0
6074 0
6074 0
6074 0
6074 0
6074 0
6074 0
6074 0
6074 0
6074 0
6074 0
6074 0
6074 0
6074 0
6074 0
6074 0
6074 0
6074 0
6074 0
6074 0
6074 0
6076 0
6076 16
6076 0
6076 0
6076 0
6076 0
6076 76
6076 0
6076 0
6076 1
6076 0
6076 0
6076 0
6076 0
6076 0
6076 0
6076 0
6076 0
6076 0
6076 0
6076 0
6076 0
6076 0
6076 7
6076 0
6076 2
6076 0
6076 0
6076 0
6076 0
6076 0
6100 0
6100 7
6100 0
6100 0
6100 0
6100 0
6100 0
6100 0
6100 0
6100 0
6100 0
6100 0
6100 0
6100 0
6100 0
6100 0
6100 0
6100 0
6100 0
6100 0
6100 0
6100 0
6100 0
6100 1
6100 0
6100 1
6100 0
6100 0
6100 0
6100 0
6100 0
6106 0
6106 17
6106 0
6106 0
6106 0
6106 0
6106 0
6106 0
6106 0
6106 1
6106 0
6106 0
6106 0
6106 0
6106 0
6106 0
6106 0
6106 0
6106 0
6106 0
6106 0
6106 0
6106 0
6106 6
6106 0
6106 9
6106 0
6106 0
6106 0
6106 0
6106 0
6113 0
6113 40
6113 0
6113 0
6113 0
6113 0
6113 0
6113 0
6113 0
6113 0
6113 0
6113 0
6113 0
6113 0
6113 0
6113 0
6113 0
6113 0
6113 0
6113 0
6113 0
6113 0
6113 0
6113 1
6113 0
6113 7
6113 0
6113 0
6113 0
6113 0
6113 0
6116 0
6116 0
6116 0
6116 0
6116 0
6116 0
6116 571
6116 0
6116 0
6116 0
6116 0
6116 0
6116 0
6116 0
6116 0
6116 0
6116 0
6116 0
6116 0
6116 0
6116 0
6116 0
6116 0
6116 0
6116 0
6116 0
6116 0
6116 0
6116 0
6116 0
6116 0
6125 0
6125 2
6125 0
6125 0
6125 0
6125 0
6125 0
6125 0
6125 0
6125 0
6125 0
6125 0
6125 0
6125 0
6125 0
6125 0
6125 0
6125 0
6125 0
6125 0
6125 0
6125 0
6125 0
6125 1
6125 0
6125 4
6125 0
6125 0
6125 0
6125 0
6125 0
6152 0
6152 22
6152 0
6152 0
6152 0
6152 0
6152 0
6152 0
6152 0
6152 0
6152 0
6152 0
6152 0
6152 0
6152 0
6152 0
6152 0
6152 0
6152 0
6152 0
6152 0
6152 0
6152 0
6152 1
6152 0
6152 2
6152 0
6152 0
6152 0
6152 0
6152 0
6159 0
6159 0
6159 0
6159 0
6159 0
6159 0
6159 1143
6159 0
6159 0
6159 0
6159 0
6159 0
6159 0
6159 0
6159 0
6159 0
6159 0
6159 0
6159 0
6159 0
6159 0
6159 0
6159 0
6159 0
6159 0
6159 0
6159 0
6159 0
6159 0
6159 0
6159 0
6165 0
6165 43
6165 0
6165 0
6165 0
6165 0
6165 0
6165 0
6165 0
6165 0
6165 0
6165 0
6165 0
6165 0
6165 0
6165 0
6165 0
6165 0
6165 0
6165 0
6165 0
6165 0
6165 0
6165 1
6165 0
6165 2
6165 0
6165 0
6165 0
6165 0
6165 0
6170 0
6170 17
6170 0
6170 0
6170 0
6170 0
6170 332
6170 0
6170 0
6170 0
6170 0
6170 0
6170 0
6170 0
6170 0
6170 0
6170 0
6170 0
6170 0
6170 0
6170 0
6170 0
6170 0
6170 0
6170 0
6170 2
6170 0
6170 0
6170 0
6170 0
6170 0
6173 0
6173 34
6173 0
6173 0
6173 0
6173 0
6173 0
6173 0
6173 0
6173 2
6173 0
6173 0
6173 0
6173 0
6173 0
6173 0
6173 0
6173 0
6173 0
6173 0
6173 1
6173 0
6173 0
6173 7
6173 0
6173 11
6173 0
6173 0
6173 0
6173 0
6173 0
6174 0
6174 25
6174 0
6174 0
6174 0
6174 0
6174 97
6174 0
6174 0
6174 1
6174 0
6174 0
6174 0
6174 0
6174 0
6174 0
6174 0
6174 0
6174 0
6174 0
6174 0
6174 0
6174 0
6174 3
6174 0
6174 5
6174 0
6174 0
6174 0
6174 0
6174 0
6180 0
6180 16
6180 0
6180 0
6180 0
6180 0
6180 33
6180 0
6180 0
6180 0
6180 0
6180 0
6180 0
6180 0
6180 0
6180 0
6180 0
6180 0
6180 0
6180 0
6180 0
6180 0
6180 0
6180 2
6180 0
6180 6
6180 0
6180 0
6180 0
6180 0
6180 0
6195 0
6195 9
6195 0
6195 0
6195 0
6195 0
6195 0
6195 0
6195 0
6195 1
6195 0
6195 0
6195 0
6195 0
6195 0
6195 0
6195 0
6195 0
6195 0
6195 0
6195 0
6195 0
6195 0
6195 4
6195 0
6195 6
6195 0
6195 0
6195 0
6195 0
6195 0
6197 0
6197 7
6197 0
6197 0
6197 0
6197 0
6197 0
6197 0
6197 0
6197 1
6197 0
6197 0
6197 0
6197 0
6197 0
6197 0
6197 0
6197 0
6197 0
6197 0
6197 0
6197 0
6197 0
6197 4
6197 0
6197 5
6197 0
6197 0
6197 0
6197 0
6197 0
6208 0
6208 15
6208 0
6208 0
6208 0
6208 0
6208 111
6208 0
6208 0
6208 0
6208 0
6208 0
6208 0
6208 0
6208 0
6208 0
6208 0
6208 0
6208 0
6208 0
6208 0
6208 0
6208 0
6208 2
6208 0
6208 2
6208 0
6208 0
6208 0
6208 0
6208 0
6214 0
6214 7
6214 0
6214 0
6214 0
6214 0
6214 0
6214 0
6214 0
6214 1
6214 0
6214 0
6214 0
6214 0
6214 0
6214 0
6214 0
6214 0
6214 0
6214 0
6214 0
6214 0
6214 0
6214 4
6214 0
6214 5
6214 0
6214 0
6214 0
6214 0
6214 0
6220 0
6220 7
6220 0
6220 0
6220 0
6220 0
6220 229
6220 0
6220 0
6220 0
6220 0
6220 0
6220 0
6220 0
6220 0
6220 0
6220 0
6220 0
6220 0
6220 0
6220 0
6220 0
6220 0
6220 2
6220 0
6220 2
6220 0
6220 0
6220 0
6220 0
6220 0
6238 0
6238 17
6238 0
6238 0
6238 0
6238 0
6238 0
6238 0
6238 0
6238 0
6238 0
6238 0
6238 0
6238 0
6238 0
6238 0
6238 0
6238 0
6238 0
6238 0
6238 0
6238 0
6238 0
6238 3
6238 0
6238 1
6238 0
6238 0
6238 0
6238 0
6238 0
6254 0
6254 12
6254 0
6254 0
6254 0
6254 0
6254 320
6254 0
6254 0
6254 0
6254 0
6254 0
6254 0
6254 0
6254 0
6254 0
6254 0
6254 0
6254 0
6254 0
6254 0
6254 0
6254 0
6254 1
6254 0
6254 2
6254 0
6254 0
6254 0
6254 0
6254 0
6258 0
6258 14
6258 0
6258 0
6258 0
6258 0
6258 0
6258 0
6258 0
6258 1
6258 0
6258 0
6258 0
6258 0
6258 0
6258 0
6258 0
6258 0
6258 0
6258 0
6258 0
6258 0
6258 0
6258 4
6258 0
6258 6
6258 0
6258 0
6258 0
6258 0
6258 0
6269 0
6269 7
6269 0
6269 0
6269 0
6269 0
6269 0
6269 0
6269 0
6269 1
6269 0
6269 0
6269 0
6269 0
6269 0
6269 0
6269 0
6269 0
6269 0
6269 0
6269 0
6269 0
6269 0
6269 4
6269 0
6269 5
6269 0
6269 0
6269 0
6269 0
6269 0
6270 0
6270 28
6270 0
6270 0
6270 0
6270 0
6270 259
6270 0
6270 0
6270 0
6270 0
6270 0
6270 0
6270 0
6270 0
6270 0
6270 0
6270 0
6270 0
6270 0
6270 0
6270 0
6270 0
6270 1
6270 0
6270 2
6270 0
6270 0
6270 0
6270 0
6270 0
6280 0
6280 7
6280 0
6280 0
6280 0
6280 0
6280 194
6280 0
6280 0
6280 0
6280 0
6280 0
6280 0
6280 0
6280 0
6280 0
6280 0
6280 0
6280 0
6280 0
6280 0
6280 0
6280 0
6280 3
6280 0
6280 3
6280 0
6280 0
6280 0
6280 0
6280 0
6283 0
6283 14
6283 0
6283 0
6283 0
6283 0
6283 0
6283 0
6283 0
6283 1
6283 0
6283 0
6283 0
6283 0
6283 0
6283 0
6283 0
6283 0
6283 0
6283 0
6283 0
6283 0
6283 0
6283 6
6283 0
6283 9
6283 0
6283 0
6283 0
6283 0
6283 0
6298 0
6298 10
6298 0
6298 0
6298 0
6298 0
6298 0
6298 0
6298 0
6298 0
6298 0
6298 0
6298 0
6298 0
6298 0
6298 0
6298 0
6298 0
6298 0
6298 0
6298 0
6298 0
6298 0
6298 2
6298 0
6298 2
6298 0
6298 0
6298 0
6298 0
6298 0
6300 0
6300 13
6300 0
6300 0
6300 0
6300 0
6300 0
6300 0
6300 0
6300 0
6300 0
6300 0
6300 0
6300 0
6300 0
6300 0
6300 0
6300 0
6300 0
6300 0
6300 0
6300 0
6300 0
6300 1
6300 0
6300 1
6300 0
6300 0
6300 0
6300 0
6300 0
6310 0
6310 16
6310 0
6310 0
6310 0
6310 0
6310 358
6310 0
6310 0
6310 1
6310 0
6310 0
6310 0
6310 0
6310 0
6310 0
6310 0
6310 0
6310 0
6310 0
6310 0
6310 0
6310 0
6310 2
6310 0
6310 4
6310 0
6310 0
6310 0
6310 0
6310 0
6322 0
6322 10
6322 0
6322 0
6322 0
6322 0
6322 0
6322 0
6322 0
6322 0
6322 0
6322 0
6322 0
6322 0
6322 0
6322 0
6322 0
6322 0
6322 0
6322 0
6322 0
6322 0
6322 0
6322 2
6322 0
6322 1
6322 0
6322 0
6322 0
6322 0
6322 0
6343 0
6343 22
6343 0
6343 0
6343 0
6343 0
6343 0
6343 0
6343 0
6343 0
6343 0
6343 0
6343 0
6343 0
6343 0
6343 0
6343 0
6343 0
6343 0
6343 0
6343 0
6343 0
6343 0
6343 1
6343 0
6343 1
6343 0
6343 0
6343 0
6343 0
6343 0
6350 0
6350 19
6350 0
6350 0
6350 0
6350 0
6350 0
6350 0
6350 0
6350 0
6350 0
6350 0
6350 0
6350 0
6350 0
6350 0
6350 0
6350 0
6350 0
6350 0
6350 0
6350 0
6350 0
6350 2
6350 0
6350 1
6350 0
6350 0
6350 0
6350 0
6350 0
6362 0
6362 18
6362 0
6362 0
6362 0
6362 0
6362 0
6362 0
6362 0
6362 0
6362 0
6362 0
6362 0
6362 0
6362 0
6362 0
6362 0
6362 0
6362 0
6362 0
6362 0
6362 0
6362 0
6362 2
6362 0
6362 3
6362 0
6362 0
6362 0
6362 0
6362 0
6371 0
6371 0
6371 0
6371 0
6371 0
6371 0
6371 571
6371 0
6371 0
6371 1
6371 0
6371 0
6371 0
6371 0
6371 0
6371 0
6371 0
6371 0
6371 0
6371 0
6371 0
6371 0
6371 0
6371 4
6371 0
6371 9
6371 0
6371 0
6371 0
6371 0
6371 0
6372 0
6372 8
6372 0
6372 0
6372 0
6372 0
6372 183
6372 0
6372 0
6372 0
6372 0
6372 0
6372 0
6372 0
6372 0
6372 0
6372 0
6372 0
6372 0
6372 0
6372 0
6372 0
6372 0
6372 2
6372 0
6372 4
6372 0
6372 0
6372 0
6372 0
6372 0
6498 0
6498 0
6498 0
6498 0
6498 0
6498 0
6498 1591
6498 0
6498 0
6498 0
6498 0
6498 0
6498 0
6498 0
6498 0
6498 0
6498 0
6498 0
6498 0
6498 0
6498 0
6498 0
6498 0
6498 1
6498 0
6498 3
6498 0
6498 0
6498 0
6498 0
6498 0
6500 0
6500 14
6500 0
6500 0
6500 0
6500 0
6500 233
6500 0
6500 0
6500 1
6500 0
6500 0
6500 0
6500 0
6500 0
6500 0
6500 0
6500 0
6500 0
6500 0
6500 0
6500 0
6500 0
6500 3
6500 0
6500 3
6500 0
6500 0
6500 0
6500 0
6500 0
6533 0
6533 7
6533 0
6533 0
6533 0
6533 0
6533 95
6533 0
6533 0
6533 1
6533 0
6533 0
6533 0
6533 0
6533 0
6533 0
6533 0
6533 0
6533 0
6533 0
6533 0
6533 0
6533 0
6533 2
6533 0
6533 6
6533 0
6533 0
6533 0
6533 0
6533 0
6573 0
6573 0
6573 0
6573 0
6573 0
6573 0
6573 1053
6573 0
6573 0
6573 0
6573 0
6573 0
6573 0
6573 0
6573 0
6573 0
6573 0
6573 0
6573 0
6573 0
6573 0
6573 0
6573 0
6573 0
6573 0
6573 0
6573 0
6573 0
6573 0
6573 0
6573 0
6579 0
6579 4
6579 0
6579 0
6579 0
6579 0
6579 0
6579 0
6579 0
6579 1
6579 0
6579 0
6579 0
6579 0
6579 0
6579 0
6579 0
6579 0
6579 0
6579 0
6579 0
6579 0
6579 0
6579 13
6579 0
6579 2
6579 0
6579 0
6579 0
6579 0
6579 0
6650 0
6650 10
6650 0
6650 0
6650 0
6650 0
6650 0
6650 0
6650 0
6650 1
6650 0
6650 0
6650 0
6650 0
6650 0
6650 0
6650 0
6650 0
6650 0
6650 0
6650 0
6650 0
6650 0
6650 4
6650 0
6650 5
6650 0
6650 0
6650 0
6650 0
6650 0
6664 0
6664 2
6664 0
6664 0
6664 0
6664 0
6664 593
6664 0
6664 0
6664 0
6664 0
6664 0
6664 0
6664 0
6664 0
6664 0
6664 0
6664 0
6664 0
6664 0
6664 0
6664 0
6664 0
6664 1
6664 0
6664 2
6664 0
6664 0
6664 0
6664 0
6664 0
6665 0
6665 0
6665 0
6665 0
6665 0
6665 0
6665 1000
6665 0
6665 0
6665 0
6665 0
6665 0
6665 0
6665 0
6665 0
6665 0
6665 0
6665 0
6665 0
6665 0
6665 0
6665 0
6665 0
6665 0
6665 0
6665 0
6665 0
6665 0
6665 0
6665 0
6665 0
6740 0
6740 0
6740 0
6740 0
6740 0
6740 0
6740 0
6740 824
6740 0
6740 0
6740 1
6740 0
6740 0
6740 0
6740 0
6740 0
6740 0
6740 0
6740 0
6740 0
6740 0
6740 6
6740 0
6740 0
6740 1
6740 0
6740 4
6740 0
6740 0
6740 0
6740 0
6743 0
6743 0
6743 0
6743 0
6743 0
6743 0
6743 1236
6743 0
6743 0
6743 0
6743 0
6743 0
6743 0
6743 0
6743 0
6743 0
6743 0
6743 0
6743 0
6743 0
6743 0
6743 0
6743 0
6743 0
6743 0
6743 0
6743 0
6743 0
6743 0
6743 0
6743 0
6763 0
6763 4
6763 0
6763 0
6763 0
6763 0
6763 894
6763 0
6763 0
6763 0
6763 0
6763 0
6763 0
6763 0
6763 0
6763 0
6763 0
6763 0
6763 0
6763 0
6763 0
6763 0
6763 0
6763 4
6763 0
6763 3
6763 0
6763 0
6763 0
6763 0
6763 0
6771 0
6771 4
6771 0
6771 0
6771 0
6771 0
6771 286
6771 0
6771 0
6771 1
6771 0
6771 0
6771 0
6771 0
6771 0
6771 0
6771 0
6771 0
6771 0
6771 0
6771 0
6771 0
6771 0
6771 2
6771 0
6771 6
6771 0
6771 0
6771 0
6771 0
6771 0
6804 0
6804 0
6804 0
6804 0
6804 0
6804 0
6804 0
6804 457
6804 0
6804 0
6804 0
6804 0
6804 0
6804 0
6804 0
6804 0
6804 0
6804 0
6804 0
6804 0
6804 0
6804 26
6804 0
6804 0
6804 0
6804 0
6804 0
6804 0
6804 0
6804 0
6804 0
6813 0
6813 0
6813 0
6813 0
6813 0
6813 0
6813 0
6813 250
6813 0
6813 0
6813 2
6813 0
6813 0
6813 0
6813 0
6813 0
6813 0
6813 0
6813 0
6813 0
6813 0
6813 14
6813 0
6813 0
6813 6
6813 0
6813 6
6813 0
6813 0
6813 0
6813 0
6826 0
6826 5
6826 0
6826 0
6826 0
6826 0
6826 894
6826 0
6826 0
6826 0
6826 0
6826 0
6826 0
6826 0
6826 0
6826 0
6826 0
6826 0
6826 0
6826 0
6826 0
6826 0
6826 0
6826 1
6826 0
6826 0
6826 0
6826 0
6826 0
6826 0
6826 0
6863 0
6863 0
6863 0
6863 0
6863 0
6863 0
6863 0
6863 0
6863 0
6863 0
6863 1
6863 0
6863 0
6863 0
6863 0
6863 0
6863 0
6863 0
6863 0
6863 0
6863 0
6863 22
6863 0
6863 0
6863 6
6863 0
6863 3
6863 0
6863 0
6863 0
6863 0
6932 0
6932 0
6932 0
6932 0
6932 0
6932 0
6932 0
6932 0
6932 0
6932 0
6932 2
6932 0
6932 0
6932 0
6932 0
6932 0
6932 0
6932 0
6932 0
6932 0
6932 0
6932 18
6932 0
6932 0
6932 10
6932 0
6932 4
6932 0
6932 0
6932 0
6932 0
