pt_graph shape
10711 0
10711 0
10711 0
10711 0
10711 0
10711 0
10711 0
10711 0
10711 0
10711 0
10711 1.48
10711 0
10711 0
10711 0
10711 0
10711 0
10711 0
10711 0
10711 0
10711 0
10711 0
10711 0
10711 0
10711 0
10711 0
10711 0
10711 0
10711 0
10711 0
10711 0
10711 0
10786 0
10786 0
10786 0
10786 0
10786 0
10786 0
10786 0
10786 0
10786 0
10786 0
10786 1.48
10786 0
10786 0
10786 0
10786 0
10786 0
10786 0
10786 0
10786 0
10786 0
10786 0
10786 0
10786 0
10786 0
10786 0
10786 0
10786 0
10786 0
10786 0
10786 0
10786 0
10832 0
10832 0
10832 0
10832 0
10832 0
10832 0
10832 0
10832 0
10832 0
10832 0
10832 0.71
10832 0
10832 0
10832 0
10832 0
10832 0
10832 0
10832 0
10832 0
10832 0
10832 0
10832 0
10832 0
10832 0
10832 0
10832 0
10832 0
10832 0
10832 0
10832 0
10832 0
10839 0
10839 0
10839 0
10839 0
10839 0
10839 0
10839 0
10839 0
10839 0
10839 0
10839 1.48
10839 0
10839 0
10839 0
10839 0
10839 0
10839 0
10839 0
10839 0
10839 0
10839 0
10839 0
10839 0
10839 0
10839 0
10839 0
10839 0
10839 0
10839 0
10839 0
10839 0
10840 0
10840 0
10840 0
10840 0
10840 0
10840 0
10840 0
10840 0
10840 0
10840 0
10840 0.73
10840 0
10840 0
10840 0
10840 0
10840 0
10840 0
10840 0
10840 0
10840 0
10840 0
10840 0
10840 0
10840 0
10840 0
10840 0
10840 0
10840 0
10840 0
10840 0
10840 0
10842 0
10842 0
10842 0
10842 0
10842 0
10842 0
10842 0
10842 0
10842 0
10842 0
10842 0.65
10842 0
10842 0
10842 0
10842 0
10842 0
10842 0
10842 0
10842 0
10842 0
10842 0
10842 0
10842 0
10842 0
10842 0
10842 0
10842 0
10842 0
10842 0
10842 0
10842 0
10844 0
10844 0
10844 0
10844 0
10844 0
10844 0
10844 0
10844 0
10844 0
10844 0
10844 1.48
10844 0
10844 0
10844 0
10844 0
10844 0
10844 0
10844 0
10844 0
10844 0
10844 0
10844 0
10844 0
10844 0
10844 0
10844 0
10844 0
10844 0
10844 0
10844 0
10844 0
10847 0
10847 0
10847 0
10847 0
10847 0
10847 0
10847 0
10847 0
10847 0
10847 0
10847 1.47
10847 0
10847 0
10847 0
10847 0
10847 0
10847 0
10847 0
10847 0
10847 0
10847 0
10847 0
10847 0
10847 0
10847 0
10847 0
10847 0
10847 0
10847 0
10847 0
10847 0
10854 0
10854 0
10854 0
10854 0
10854 0
10854 0
10854 0
10854 0
10854 0
10854 0
10854 0.51
10854 0
10854 0
10854 0
10854 0
10854 0
10854 0
10854 0
10854 0
10854 0
10854 0
10854 0
10854 0
10854 0
10854 0
10854 0
10854 0
10854 0
10854 0
10854 0
10854 0
10861 0
10861 0
10861 0
10861 0
10861 0
10861 0
10861 0
10861 0
10861 0
10861 0
10861 0.82
10861 0
10861 0
10861 0
10861 0
10861 0
10861 0
10861 0
10861 0
10861 0
10861 0
10861 0
10861 0
10861 0
10861 0
10861 0
10861 0
10861 0
10861 0
10861 0
10861 0
10865 0
10865 0
10865 0
10865 0
10865 0
10865 0
10865 0
10865 0
10865 0
10865 0
10865 0.87
10865 0
10865 0
10865 0
10865 0
10865 0
10865 0
10865 0
10865 0
10865 0
10865 0
10865 0
10865 0
10865 0
10865 0
10865 0
10865 0
10865 0
10865 0
10865 0
10865 0
10883 0
10883 0
10883 0
10883 0
10883 0
10883 0
10883 0
10883 0
10883 0
10883 0
10883 0
10883 0.47
10883 0
10883 0
10883 0
10883 0
10883 0
10883 0
10883 0
10883 0
10883 0
10883 0
10883 0
10883 0
10883 0
10883 0
10883 0
10883 0
10883 0
10883 0
10883 0
10887 0
10887 0
10887 0
10887 0
10887 0
10887 0
10887 0
10887 0
10887 0
10887 0
10887 0
10887 0.83
10887 0
10887 0
10887 0
10887 0
10887 0
10887 0
10887 0
10887 0
10887 0
10887 0
10887 0
10887 0
10887 0
10887 0
10887 0
10887 0
10887 0
10887 0
10887 0
10892 0
10892 0
10892 0
10892 0
10892 0
10892 0
10892 0
10892 0
10892 0
10892 0
10892 0
10892 0.74
10892 0
10892 0
10892 0
10892 0
10892 0
10892 0
10892 0
10892 0
10892 0
10892 0
10892 0
10892 0
10892 0
10892 0
10892 0
10892 0
10892 0
10892 0
10892 0
10893 0
10893 0
10893 0
10893 0
10893 0
10893 0
10893 0
10893 0
10893 0
10893 0
10893 0
10893 0.47
10893 0
10893 0
10893 0
10893 0
10893 0
10893 0
10893 0
10893 0
10893 0
10893 0
10893 0
10893 0
10893 0
10893 0
10893 0
10893 0
10893 0
10893 0
10893 0
10897 0
10897 0
10897 0
10897 0
10897 0
10897 0
10897 0
10897 0
10897 0
10897 0
10897 0
10897 0.81
10897 0
10897 0
10897 0
10897 0
10897 0
10897 0
10897 0
10897 0
10897 0
10897 0
10897 0
10897 0
10897 0
10897 0
10897 0
10897 0
10897 0
10897 0
10897 0
10899 0
10899 0
10899 0
10899 0
10899 0
10899 0
10899 0
10899 0
10899 0
10899 0
10899 0
10899 1.47
10899 0
10899 0
10899 0
10899 0
10899 0
10899 0
10899 0
10899 0
10899 0
10899 0
10899 0
10899 0
10899 0
10899 0
10899 0
10899 0
10899 0
10899 0
10899 0
10901 0
10901 0
10901 0
10901 0
10901 0
10901 0
10901 0
10901 0
10901 0
10901 0
10901 0
10901 1.49
10901 0
10901 0
10901 0
10901 0
10901 0
10901 0
10901 0
10901 0
10901 0
10901 0
10901 0
10901 0
10901 0
10901 0
10901 0
10901 0
10901 0
10901 0
10901 0
10902 0
10902 0
10902 0
10902 0
10902 0
10902 0
10902 0
10902 0
10902 0
10902 0
10902 0
10902 1.47
10902 0
10902 0
10902 0
10902 0
10902 0
10902 0
10902 0
10902 0
10902 0
10902 0
10902 0
10902 0
10902 0
10902 0
10902 0
10902 0
10902 0
10902 0
10902 0
10904 0
10904 0
10904 0
10904 0
10904 0
10904 0
10904 0
10904 0
10904 0
10904 0
10904 0
10904 0.89
10904 0
10904 0
10904 0
10904 0
10904 0
10904 0
10904 0
10904 0
10904 0
10904 0
10904 0
10904 0
10904 0
10904 0
10904 0
10904 0
10904 0
10904 0
10904 0
10905 0
10905 0
10905 0
10905 0
10905 0
10905 0
10905 0
10905 0
10905 0
10905 0
10905 0
10905 0.67
10905 0
10905 0
10905 0
10905 0
10905 0
10905 0
10905 0
10905 0
10905 0
10905 0
10905 0
10905 0
10905 0
10905 0
10905 0
10905 0
10905 0
10905 0
10905 0
10909 0
10909 0
10909 0
10909 0
10909 0
10909 0
10909 0
10909 0
10909 0
10909 0
10909 0
10909 0.78
10909 0
10909 0
10909 0
10909 0
10909 0
10909 0
10909 0
10909 0
10909 0
10909 0
10909 0
10909 0
10909 0
10909 0
10909 0
10909 0
10909 0
10909 0
10909 0
10915 0
10915 0
10915 0
10915 0
10915 0
10915 0
10915 0
10915 0
10915 0
10915 0
10915 0
10915 1.47
10915 0
10915 0
10915 0
10915 0
10915 0
10915 0
10915 0
10915 0
10915 0
10915 0
10915 0
10915 0
10915 0
10915 0
10915 0
10915 0
10915 0
10915 0
10915 0
10918 0
10918 0
10918 0
10918 0
10918 0
10918 0
10918 0
10918 0
10918 0
10918 0
10918 0
10918 0.57
10918 0
10918 0
10918 0
10918 0
10918 0
10918 0
10918 0
10918 0
10918 0
10918 0
10918 0
10918 0
10918 0
10918 0
10918 0
10918 0
10918 0
10918 0
10918 0
10920 0
10920 0
10920 0
10920 0
10920 0
10920 0
10920 0
10920 0
10920 0
10920 0
10920 0
10920 0.49
10920 0
10920 0
10920 0
10920 0
10920 0
10920 0
10920 0
10920 0
10920 0
10920 0
10920 0
10920 0
10920 0
10920 0
10920 0
10920 0
10920 0
10920 0
10920 0
10924 0
10924 0
10924 0
10924 0
10924 0
10924 0
10924 0
10924 0
10924 0
10924 0
10924 0
10924 0.74
10924 0
10924 0
10924 0
10924 0
10924 0
10924 0
10924 0
10924 0
10924 0
10924 0
10924 0
10924 0
10924 0
10924 0
10924 0
10924 0
10924 0
10924 0
10924 0
10929 0
10929 0
10929 0
10929 0
10929 0
10929 0
10929 0
10929 0
10929 0
10929 0
10929 0
10929 0.75
10929 0
10929 0
10929 0
10929 0
10929 0
10929 0
10929 0
10929 0
10929 0
10929 0
10929 0
10929 0
10929 0
10929 0
10929 0
10929 0
10929 0
10929 0
10929 0
10930 0
10930 0
10930 0
10930 0
10930 0
10930 0
10930 0
10930 0
10930 0
10930 0
10930 0
10930 1.49
10930 0
10930 0
10930 0
10930 0
10930 0
10930 0
10930 0
10930 0
10930 0
10930 0
10930 0
10930 0
10930 0
10930 0
10930 0
10930 0
10930 0
10930 0
10930 0
10934 0
10934 0
10934 0
10934 0
10934 0
10934 0
10934 0
10934 0
10934 0
10934 0
10934 0
10934 1.47
10934 0
10934 0
10934 0
10934 0
10934 0
10934 0
10934 0
10934 0
10934 0
10934 0
10934 0
10934 0
10934 0
10934 0
10934 0
10934 0
10934 0
10934 0
10934 0
10935 0
10935 0
10935 0
10935 0
10935 0
10935 0
10935 0
10935 0
10935 0
10935 0
10935 0
10935 1.47
10935 0
10935 0
10935 0
10935 0
10935 0
10935 0
10935 0
10935 0
10935 0
10935 0
10935 0
10935 0
10935 0
10935 0
10935 0
10935 0
10935 0
10935 0
10935 0
10940 0
10940 0
10940 0
10940 0
10940 0
10940 0
10940 0
10940 0
10940 0
10940 0
10940 0
10940 0.93
10940 0
10940 0
10940 0
10940 0
10940 0
10940 0
10940 0
10940 0
10940 0
10940 0
10940 0
10940 0
10940 0
10940 0
10940 0
10940 0
10940 0
10940 0
10940 0
10942 0
10942 0
10942 0
10942 0
10942 0
10942 0
10942 0
10942 0
10942 0
10942 0
10942 0
10942 0.92
10942 0
10942 0
10942 0
10942 0
10942 0
10942 0
10942 0
10942 0
10942 0
10942 0
10942 0
10942 0
10942 0
10942 0
10942 0
10942 0
10942 0
10942 0
10942 0
10945 0
10945 0
10945 0
10945 0
10945 0
10945 0
10945 0
10945 0
10945 0
10945 0
10945 0
10945 0.92
10945 0
10945 0
10945 0
10945 0
10945 0
10945 0
10945 0
10945 0
10945 0
10945 0
10945 0
10945 0
10945 0
10945 0
10945 0
10945 0
10945 0
10945 0
10945 0
10947 0
10947 0
10947 0
10947 0
10947 0
10947 0
10947 0
10947 0
10947 0
10947 0
10947 0
10947 1.47
10947 0
10947 0
10947 0
10947 0
10947 0
10947 0
10947 0
10947 0
10947 0
10947 0
10947 0
10947 0
10947 0
10947 0
10947 0
10947 0
10947 0
10947 0
10947 0
10953 0
10953 0
10953 0
10953 0
10953 0
10953 0
10953 0
10953 0
10953 0
10953 0
10953 0
10953 1.49
10953 0
10953 0
10953 0
10953 0
10953 0
10953 0
10953 0
10953 0
10953 0
10953 0
10953 0
10953 0
10953 0
10953 0
10953 0
10953 0
10953 0
10953 0
10953 0
10962 0
10962 0
10962 0
10962 0
10962 0
10962 0
10962 0
10962 0
10962 0
10962 0
10962 0
10962 0.75
10962 0
10962 0
10962 0
10962 0
10962 0
10962 0
10962 0
10962 0
10962 0
10962 0
10962 0
10962 0
10962 0
10962 0
10962 0
10962 0
10962 0
10962 0
10962 0
10963 0
10963 0
10963 0
10963 0
10963 0
10963 0
10963 0
10963 0
10963 0
10963 0
10963 0
10963 1.48
10963 0
10963 0
10963 0
10963 0
10963 0
10963 0
10963 0
10963 0
10963 0
10963 0
10963 0
10963 0
10963 0
10963 0
10963 0
10963 0
10963 0
10963 0
10963 0
