pt_graph shape
5000 0
5000 0
5000 0
5000 5.49
5000 0
5000 0
5000 0
5000 0
5000 0
5000 0
5000 0
5000 0
5000 0
5000 0
5000 0
5000 0
5000 0
5000 0
5000 0
5000 0
5000 0
5000 0
5000 0
5000 0
5000 0
5000 0
5000 0
5000 0
5000 0
5000 0
5000 0
5078 0
5078 0
5078 0
5078 1.46
5078 0
5078 0
5078 0
5078 0
5078 0
5078 0
5078 0
5078 0
5078 0
5078 0
5078 0
5078 0
5078 0
5078 0
5078 0
5078 0
5078 0
5078 0
5078 0
5078 0
5078 0
5078 0
5078 0
5078 0
5078 0
5078 0
5078 0
5279 0
5279 0
5279 0
5279 1.46
5279 0
5279 0
5279 0
5279 0
5279 0
5279 0
5279 0
5279 0
5279 0
5279 0
5279 0
5279 0
5279 0
5279 0
5279 0
5279 0
5279 0
5279 0
5279 0
5279 0
5279 0
5279 0
5279 0
5279 0
5279 0
5279 0
5279 0
5328 0
5328 0
5328 0
5328 1.46
5328 0
5328 0
5328 0
5328 0
5328 0
5328 0
5328 0
5328 0
5328 0
5328 0
5328 0
5328 0
5328 0
5328 0
5328 0
5328 0
5328 0
5328 0
5328 0
5328 0
5328 0
5328 0
5328 0
5328 0
5328 0
5328 0
5328 0
5448 0
5448 0
5448 0
5448 1.46
5448 0
5448 0
5448 0
5448 0
5448 0
5448 0
5448 0
5448 0
5448 0
5448 0
5448 0
5448 0
5448 0
5448 0
5448 0
5448 0
5448 0
5448 0
5448 0
5448 0
5448 0
5448 0
5448 0
5448 0
5448 0
5448 0
5448 0
5538 0
5538 0
5538 0
5538 5.49
5538 0
5538 0
5538 0
5538 0
5538 0
5538 0
5538 0
5538 0
5538 0
5538 0
5538 0
5538 0
5538 0
5538 0
5538 0
5538 0
5538 0
5538 0
5538 0
5538 0
5538 0
5538 0
5538 0
5538 0
5538 0
5538 0
5538 0
5737 0
5737 0
5737 0
5737 5.49
5737 0
5737 0
5737 0
5737 0
5737 0
5737 0
5737 0
5737 0
5737 0
5737 0
5737 0
5737 0
5737 0
5737 0
5737 0
5737 0
5737 0
5737 0
5737 0
5737 0
5737 0
5737 0
5737 0
5737 0
5737 0
5737 0
5737 0
5800 0
5800 0
5800 0
5800 5.49
5800 0
5800 0
5800 0
5800 0
5800 0
5800 0
5800 0
5800 0
5800 0
5800 0
5800 0
5800 0
5800 0
5800 0
5800 0
5800 0
5800 0
5800 0
5800 0
5800 0
5800 0
5800 0
5800 0
5800 0
5800 0
5800 0
5800 0
5842 0
5842 0
5842 0
5842 1.46
5842 0
5842 0
5842 0
5842 0
5842 0
5842 0
5842 0
5842 0
5842 0
5842 0
5842 0
5842 0
5842 0
5842 0
5842 0
5842 0
5842 0
5842 0
5842 0
5842 0
5842 0
5842 0
5842 0
5842 0
5842 0
5842 0
5842 0
5853 0
5853 0
5853 0
5853 1.46
5853 0
5853 0
5853 0
5853 0
5853 0
5853 0
5853 0
5853 0
5853 0
5853 0
5853 0
5853 0
5853 0
5853 0
5853 0
5853 0
5853 0
5853 0
5853 0
5853 0
5853 0
5853 0
5853 0
5853 0
5853 0
5853 0
5853 0
5930 0
5930 0
5930 0
5930 1.46
5930 0
5930 0
5930 0
5930 0
5930 0
5930 0
5930 0
5930 0
5930 0
5930 0
5930 0
5930 0
5930 0
5930 0
5930 0
5930 0
5930 0
5930 0
5930 0
5930 0
5930 0
5930 0
5930 0
5930 0
5930 0
5930 0
5930 0
6513 0
6513 0
6513 0
6513 1.46
6513 0
6513 0
6513 0
6513 0
6513 0
6513 0
6513 0
6513 0
6513 0
6513 0
6513 0
6513 0
6513 0
6513 0
6513 0
6513 0
6513 0
6513 0
6513 0
6513 0
6513 0
6513 0
6513 0
6513 0
6513 0
6513 0
6513 0
6665 0
6665 0
6665 0
6665 1.46
6665 0
6665 0
6665 0
6665 0
6665 0
6665 0
6665 0
6665 0
6665 0
6665 0
6665 0
6665 0
6665 0
6665 0
6665 0
6665 0
6665 0
6665 0
6665 0
6665 0
6665 0
6665 0
6665 0
6665 0
6665 0
6665 0
6665 0
6880 0
6880 0
6880 0
6880 5.49
6880 0
6880 0
6880 0
6880 0
6880 0
6880 0
6880 0
6880 0
6880 0
6880 0
6880 0
6880 0
6880 0
6880 0
6880 0
6880 0
6880 0
6880 0
6880 0
6880 0
6880 0
6880 0
6880 0
6880 0
6880 0
6880 0
6880 0
6924 0
6924 0
6924 0
6924 5.49
6924 0
6924 0
6924 0
6924 0
6924 0
6924 0
6924 0
6924 0
6924 0
6924 0
6924 0
6924 0
6924 0
6924 0
6924 0
6924 0
6924 0
6924 0
6924 0
6924 0
6924 0
6924 0
6924 0
6924 0
6924 0
6924 0
6924 0
7052 0
7052 0
7052 0
7052 5.49
7052 0
7052 0
7052 0
7052 0
7052 0
7052 0
7052 0
7052 0
7052 0
7052 0
7052 0
7052 0
7052 0
7052 0
7052 0
7052 0
7052 0
7052 0
7052 0
7052 0
7052 0
7052 0
7052 0
7052 0
7052 0
7052 0
7052 0
7053 0
7053 0
7053 0
7053 1.46
7053 0
7053 0
7053 0
7053 1.48
7053 0
7053 0
7053 0
7053 0
7053 0
7053 0
7053 0
7053 0
7053 0
7053 0
7053 0
7053 0
7053 0
7053 0
7053 0
7053 0
7053 0
7053 0
7053 0
7053 0
7053 0
7053 0
7053 0
7173 0
7173 0
7173 0
7173 5.49
7173 0
7173 0
7173 0
7173 1.47
7173 0
7173 0
7173 0
7173 0
7173 0
7173 0
7173 0
7173 0
7173 0
7173 0
7173 0
7173 0
7173 0
7173 0
7173 0
7173 0
7173 0
7173 0
7173 0
7173 0
7173 0
7173 0
7173 0
7219 0
7219 0
7219 0
7219 5.49
7219 0
7219 0
7219 0
7219 1.47
7219 0
7219 0
7219 0
7219 0
7219 0
7219 0
7219 0
7219 0
7219 0
7219 0
7219 0
7219 0
7219 0
7219 0
7219 0
7219 0
7219 0
7219 0
7219 0
7219 0
7219 0
7219 0
7219 0
7232 0
7232 0
7232 0
7232 5.49
7232 0
7232 0
7232 0
7232 1.47
7232 0
7232 0
7232 0
7232 0
7232 0
7232 0
7232 0
7232 0
7232 0
7232 0
7232 0
7232 0
7232 0
7232 0
7232 0
7232 0
7232 0
7232 0
7232 0
7232 0
7232 0
7232 0
7232 0
7239 0
7239 0
7239 0
7239 5.49
7239 0
7239 0
7239 0
7239 1.46
7239 0
7239 0
7239 0
7239 0
7239 0
7239 0
7239 0
7239 0
7239 0
7239 0
7239 0
7239 0
7239 0
7239 0
7239 0
7239 0
7239 0
7239 0
7239 0
7239 0
7239 0
7239 0
7239 0
7290 0
7290 0
7290 0
7290 2.95
7290 0
7290 0
7290 0
7290 1.47
7290 0
7290 0
7290 0
7290 0
7290 0
7290 0
7290 0
7290 0
7290 0
7290 0
7290 0
7290 0
7290 0
7290 0
7290 0
7290 0
7290 0
7290 0
7290 0
7290 0
7290 0
7290 0
7290 0
