pt_graph scale
5371 0
5371 1
5371 0
5371 0
5371 0
5371 0
5371 0
5371 0
5371 0
5371 0
5371 0
5371 0
5371 0
5371 0
5371 0
5371 0
5371 0
5371 0
5371 0
5371 0
5371 0
5371 0
5371 0
5371 0
5371 0
5371 0
5371 0
5371 0
5371 0
5371 0
5371 0
5408 0
5408 1
5408 0
5408 0
5408 0
5408 0
5408 0
5408 0
5408 0
5408 0
5408 0
5408 0
5408 0
5408 0
5408 0
5408 0
5408 0
5408 0
5408 0
5408 0
5408 0
5408 0
5408 0
5408 0
5408 0
5408 0
5408 0
5408 0
5408 0
5408 0
5408 0
5557 0
5557 1
5557 0
5557 0
5557 0
5557 0
5557 0
5557 0
5557 0
5557 0
5557 0
5557 0
5557 0
5557 0
5557 0
5557 0
5557 0
5557 0
5557 0
5557 0
5557 0
5557 0
5557 0
5557 0
5557 0
5557 0
5557 0
5557 0
5557 0
5557 0
5557 0
5604 0
5604 1
5604 0
5604 0
5604 0
5604 0
5604 0
5604 0
5604 0
5604 0
5604 0
5604 0
5604 0
5604 0
5604 0
5604 0
5604 0
5604 0
5604 0
5604 0
5604 0
5604 0
5604 0
5604 0
5604 0
5604 0
5604 0
5604 0
5604 0
5604 0
5604 0
5731 0
5731 1
5731 0
5731 0
5731 0
5731 0
5731 0
5731 0
5731 0
5731 0
5731 0
5731 0
5731 0
5731 0
5731 0
5731 0
5731 0
5731 0
5731 0
5731 0
5731 0
5731 0
5731 0
5731 0
5731 0
5731 0
5731 0
5731 0
5731 0
5731 0
5731 0
5982 0
5982 0
5982 0
5982 0
5982 0
5982 0
5982 0
5982 0
5982 0
5982 0
5982 0
5982 0
5982 0
5982 0
5982 0
5982 0
5982 0
5982 0
5982 0
5982 0
5982 0
5982 0
5982 0
5982 0
5982 0
5982 0
5982 0
5982 0
5982 0
5982 0
5982 0
6074 0
6074 23
6074 0
6074 0
6074 0
6074 0
6074 0
6074 0
6074 0
6074 0
6074 0
6074 0
6074 0
6074 0
6074 0
6074 0
6074 0
6074 0
6074 0
6074 0
6074 0
6074 0
6074 0
6074 0
6074 0
6074 0
6074 0
6074 0
6074 0
6074 0
6074 0
6100 0
6100 74
6100 0
6100 0
6100 0
6100 0
6100 0
6100 0
6100 0
6100 0
6100 0
6100 0
6100 0
6100 0
6100 0
6100 0
6100 0
6100 0
6100 0
6100 0
6100 0
6100 0
6100 0
6100 0
6100 0
6100 0
6100 0
6100 0
6100 0
6100 0
6100 0
6120 0
6120 0
6120 0
6120 0
6120 0
6120 0
6120 0
6120 0
6120 0
6120 0
6120 0
6120 0
6120 0
6120 0
6120 0
6120 0
6120 0
6120 0
6120 0
6120 0
6120 0
6120 0
6120 0
6120 0
6120 0
6120 0
6120 0
6120 0
6120 0
6120 0
6120 0
6125 0
6125 31
6125 0
6125 0
6125 0
6125 0
6125 0
6125 0
6125 0
6125 0
6125 0
6125 0
6125 0
6125 0
6125 0
6125 0
6125 0
6125 0
6125 0
6125 0
6125 0
6125 0
6125 0
6125 0
6125 0
6125 0
6125 0
6125 0
6125 0
6125 0
6125 0
6165 0
6165 0
6165 0
6165 0
6165 0
6165 0
6165 0
6165 0
6165 0
6165 0
6165 0
6165 0
6165 0
6165 0
6165 0
6165 0
6165 0
6165 0
6165 0
6165 0
6165 0
6165 0
6165 0
6165 0
6165 0
6165 0
6165 0
6165 0
6165 0
6165 0
6165 0
6173 0
6173 3
6173 0
6173 0
6173 0
6173 0
6173 0
6173 0
6173 0
6173 0
6173 0
6173 0
6173 0
6173 0
6173 0
6173 0
6173 0
6173 0
6173 0
6173 0
6173 0
6173 0
6173 0
6173 0
6173 0
6173 0
6173 0
6173 0
6173 0
6173 0
6173 0
6174 0
6174 9
6174 0
6174 0
6174 0
6174 0
6174 0
6174 0
6174 0
6174 0
6174 0
6174 0
6174 0
6174 0
6174 0
6174 0
6174 0
6174 0
6174 0
6174 0
6174 0
6174 0
6174 0
6174 0
6174 0
6174 0
6174 0
6174 0
6174 0
6174 0
6174 0
6180 0
6180 0
6180 0
6180 0
6180 0
6180 0
6180 0
6180 0
6180 0
6180 0
6180 0
6180 0
6180 0
6180 0
6180 0
6180 0
6180 0
6180 0
6180 0
6180 0
6180 0
6180 0
6180 0
6180 0
6180 0
6180 0
6180 0
6180 0
6180 0
6180 0
6180 0
6197 0
6197 23
6197 0
6197 0
6197 0
6197 0
6197 0
6197 0
6197 0
6197 0
6197 0
6197 0
6197 0
6197 0
6197 0
6197 0
6197 0
6197 0
6197 0
6197 0
6197 0
6197 0
6197 0
6197 0
6197 0
6197 0
6197 0
6197 0
6197 0
6197 0
6197 0
6208 0
6208 1
6208 0
6208 0
6208 0
6208 0
6208 0
6208 0
6208 0
6208 0
6208 0
6208 0
6208 0
6208 0
6208 0
6208 0
6208 0
6208 0
6208 0
6208 0
6208 0
6208 0
6208 0
6208 0
6208 0
6208 0
6208 0
6208 0
6208 0
6208 0
6208 0
6214 0
6214 0
6214 0
6214 0
6214 0
6214 0
6214 0
6214 0
6214 0
6214 0
6214 0
6214 0
6214 0
6214 0
6214 0
6214 0
6214 0
6214 0
6214 0
6214 0
6214 0
6214 0
6214 0
6214 0
6214 0
6214 0
6214 0
6214 0
6214 0
6214 0
6214 0
6238 0
6238 0
6238 0
6238 0
6238 0
6238 0
6238 0
6238 0
6238 0
6238 0
6238 0
6238 0
6238 0
6238 0
6238 0
6238 0
6238 0
6238 0
6238 0
6238 0
6238 0
6238 0
6238 0
6238 0
6238 0
6238 0
6238 0
6238 0
6238 0
6238 0
6238 0
6258 0
6258 0
6258 0
6258 0
6258 0
6258 0
6258 0
6258 0
6258 0
6258 0
6258 0
6258 0
6258 0
6258 0
6258 0
6258 0
6258 0
6258 0
6258 0
6258 0
6258 0
6258 0
6258 0
6258 0
6258 0
6258 0
6258 0
6258 0
6258 0
6258 0
6258 0
6269 0
6269 67
6269 0
6269 0
6269 0
6269 0
6269 0
6269 0
6269 0
6269 0
6269 0
6269 0
6269 0
6269 0
6269 0
6269 0
6269 0
6269 0
6269 0
6269 0
6269 0
6269 0
6269 0
6269 0
6269 0
6269 0
6269 0
6269 0
6269 0
6269 0
6269 0
6270 0
6270 0
6270 0
6270 0
6270 0
6270 0
6270 0
6270 0
6270 0
6270 0
6270 0
6270 0
6270 0
6270 0
6270 0
6270 0
6270 0
6270 0
6270 0
6270 0
6270 0
6270 0
6270 0
6270 0
6270 0
6270 0
6270 0
6270 0
6270 0
6270 0
6270 0
6280 0
6280 24
6280 0
6280 0
6280 0
6280 0
6280 0
6280 0
6280 0
6280 0
6280 0
6280 0
6280 0
6280 0
6280 0
6280 0
6280 0
6280 0
6280 0
6280 0
6280 0
6280 0
6280 0
6280 0
6280 0
6280 0
6280 0
6280 0
6280 0
6280 0
6280 0
6343 0
6343 19
6343 0
6343 0
6343 0
6343 0
6343 0
6343 0
6343 0
6343 0
6343 0
6343 0
6343 0
6343 0
6343 0
6343 0
6343 0
6343 0
6343 0
6343 0
6343 0
6343 0
6343 0
6343 0
6343 0
6343 0
6343 0
6343 0
6343 0
6343 0
6343 0
6535 0
6535 0
6535 0
6535 0
6535 0
6535 0
6535 0
6535 0
6535 0
6535 0
6535 0
6535 0
6535 0
6535 0
6535 0
6535 0
6535 0
6535 0
6535 0
6535 0
6535 0
6535 0
6535 0
6535 0
6535 0
6535 0
6535 0
6535 0
6535 0
6535 0
6535 0
6542 0
6542 0
6542 0
6542 0
6542 0
6542 0
6542 0
6542 0
6542 0
6542 0
6542 0
6542 0
6542 0
6542 0
6542 0
6542 0
6542 0
6542 0
6542 0
6542 0
6542 0
6542 0
6542 0
6542 0
6542 0
6542 0
6542 0
6542 0
6542 0
6542 0
6542 0
6548 0
6548 15
6548 0
6548 0
6548 0
6548 0
6548 0
6548 0
6548 0
6548 0
6548 0
6548 0
6548 0
6548 0
6548 0
6548 0
6548 0
6548 0
6548 0
6548 0
6548 0
6548 0
6548 0
6548 0
6548 0
6548 0
6548 0
6548 0
6548 0
6548 0
6548 0
6632 0
6632 0
6632 0
6632 0
6632 0
6632 0
6632 0
6632 0
6632 0
6632 0
6632 0
6632 0
6632 0
6632 0
6632 0
6632 0
6632 0
6632 0
6632 0
6632 0
6632 0
6632 0
6632 0
6632 0
6632 0
6632 0
6632 0
6632 0
6632 0
6632 0
6632 0
6681 0
6681 0
6681 0
6681 0
6681 0
6681 0
6681 0
6681 0
6681 0
6681 0
6681 0
6681 0
6681 0
6681 0
6681 0
6681 0
6681 0
6681 0
6681 0
6681 0
6681 0
6681 0
6681 0
6681 0
6681 0
6681 0
6681 0
6681 0
6681 0
6681 0
6681 0
6734 0
6734 0
6734 0
6734 0
6734 0
6734 0
6734 0
6734 0
6734 0
6734 0
6734 0
6734 0
6734 0
6734 0
6734 0
6734 0
6734 0
6734 0
6734 0
6734 0
6734 0
6734 0
6734 0
6734 0
6734 0
6734 0
6734 0
6734 0
6734 0
6734 0
6734 0
6756 0
6756 0
6756 0
6756 0
6756 0
6756 0
6756 0
6756 0
6756 0
6756 0
6756 0
6756 0
6756 0
6756 0
6756 0
6756 0
6756 0
6756 0
6756 0
6756 0
6756 0
6756 0
6756 0
6756 0
6756 0
6756 0
6756 0
6756 0
6756 0
6756 0
6756 0
6822 0
6822 0
6822 0
6822 0
6822 0
6822 0
6822 0
6822 0
6822 0
6822 0
6822 0
6822 0
6822 0
6822 0
6822 0
6822 0
6822 0
6822 0
6822 0
6822 0
6822 0
6822 0
6822 0
6822 0
6822 0
6822 0
6822 0
6822 0
6822 0
6822 0
6822 0
6858 0
6858 0
6858 0
6858 0
6858 0
6858 0
6858 0
6858 0
6858 0
6858 0
6858 0
6858 0
6858 0
6858 0
6858 0
6858 0
6858 0
6858 0
6858 0
6858 0
6858 0
6858 0
6858 0
6858 0
6858 0
6858 0
6858 0
6858 0
6858 0
6858 0
6858 0
7002 0
7002 0
7002 0
7002 0
7002 0
7002 0
7002 0
7002 0
7002 0
7002 0
7002 0
7002 0
7002 0
7002 0
7002 0
7002 0
7002 0
7002 0
7002 0
7002 0
7002 0
7002 0
7002 0
7002 0
7002 0
7002 0
7002 0
7002 0
7002 0
7002 0
7002 0
10607 0
10607 0
10607 0
10607 0
10607 0
10607 0
10607 0
10607 0
10607 0
10607 0
10607 0
10607 111
10607 0
10607 0
10607 0
10607 0
10607 0
10607 0
10607 0
10607 0
10607 0
10607 0
10607 0
10607 0
10607 1
10607 0
10607 0
10607 0
10607 0
10607 0
10607 0
10630 0
10630 0
10630 0
10630 0
10630 0
10630 0
10630 0
10630 0
10630 0
10630 0
10630 147
10630 0
10630 0
10630 0
10630 0
10630 0
10630 0
10630 0
10630 0
10630 0
10630 0
10630 0
10630 0
10630 0
10630 0
10630 0
10630 0
10630 0
10630 0
10630 0
10630 0
10678 0
10678 0
10678 0
10678 0
10678 0
10678 0
10678 0
10678 0
10678 0
10678 0
10678 145
10678 0
10678 0
10678 0
10678 0
10678 0
10678 0
10678 0
10678 0
10678 0
10678 0
10678 0
10678 0
10678 0
10678 0
10678 0
10678 0
10678 0
10678 0
10678 0
10678 0
10682 0
10682 0
10682 0
10682 0
10682 0
10682 0
10682 0
10682 0
10682 0
10682 0
10682 315
10682 0
10682 0
10682 0
10682 0
10682 0
10682 0
10682 0
10682 0
10682 0
10682 0
10682 0
10682 0
10682 0
10682 0
10682 0
10682 0
10682 0
10682 0
10682 0
10682 0
10689 0
10689 0
10689 0
10689 0
10689 0
10689 0
10689 0
10689 0
10689 0
10689 0
10689 68
10689 0
10689 0
10689 0
10689 0
10689 0
10689 0
10689 0
10689 0
10689 0
10689 0
10689 0
10689 0
10689 0
10689 0
10689 0
10689 0
10689 0
10689 0
10689 0
10689 0
10699 0
10699 0
10699 0
10699 0
10699 0
10699 0
10699 0
10699 0
10699 0
10699 0
10699 68
10699 0
10699 0
10699 0
10699 0
10699 0
10699 0
10699 0
10699 0
10699 0
10699 0
10699 0
10699 0
10699 0
10699 0
10699 0
10699 0
10699 0
10699 0
10699 0
10699 0
10701 0
10701 0
10701 0
10701 0
10701 0
10701 0
10701 0
10701 0
10701 0
10701 0
10701 233
10701 0
10701 0
10701 0
10701 0
10701 0
10701 0
10701 0
10701 0
10701 0
10701 0
10701 0
10701 0
10701 0
10701 0
10701 0
10701 0
10701 0
10701 0
10701 0
10701 0
10703 0
10703 0
10703 0
10703 0
10703 0
10703 0
10703 0
10703 0
10703 0
10703 0
10703 490
10703 0
10703 0
10703 0
10703 0
10703 0
10703 0
10703 0
10703 0
10703 0
10703 0
10703 0
10703 0
10703 0
10703 6
10703 0
10703 0
10703 0
10703 0
10703 0
10703 0
10706 0
10706 0
10706 0
10706 0
10706 0
10706 0
10706 0
10706 0
10706 0
10706 0
10706 65
10706 0
10706 0
10706 0
10706 0
10706 0
10706 0
10706 0
10706 0
10706 0
10706 0
10706 0
10706 0
10706 0
10706 0
10706 0
10706 0
10706 0
10706 0
10706 0
10706 0
10744 0
10744 0
10744 0
10744 0
10744 0
10744 0
10744 0
10744 0
10744 0
10744 0
10744 412
10744 0
10744 0
10744 0
10744 0
10744 0
10744 0
10744 0
10744 0
10744 0
10744 0
10744 0
10744 0
10744 0
10744 0
10744 0
10744 0
10744 0
10744 0
10744 0
10744 0
10745 0
10745 0
10745 0
10745 0
10745 0
10745 0
10745 0
10745 0
10745 0
10745 0
10745 481
10745 0
10745 0
10745 0
10745 0
10745 0
10745 0
10745 0
10745 0
10745 0
10745 0
10745 0
10745 0
10745 0
10745 0
10745 0
10745 0
10745 0
10745 0
10745 0
10745 0
10755 0
10755 0
10755 0
10755 0
10755 0
10755 0
10755 0
10755 0
10755 0
10755 0
10755 65
10755 0
10755 0
10755 0
10755 0
10755 0
10755 0
10755 0
10755 0
10755 0
10755 0
10755 0
10755 0
10755 0
10755 0
10755 0
10755 0
10755 0
10755 0
10755 0
10755 0
10774 0
10774 0
10774 0
10774 0
10774 0
10774 0
10774 0
10774 0
10774 0
10774 0
10774 144
10774 0
10774 0
10774 0
10774 0
10774 0
10774 0
10774 0
10774 0
10774 0
10774 0
10774 0
10774 0
10774 0
10774 0
10774 0
10774 0
10774 0
10774 0
10774 0
10774 0
10786 0
10786 0
10786 0
10786 0
10786 0
10786 0
10786 0
10786 0
10786 0
10786 0
10786 315
10786 0
10786 0
10786 0
10786 0
10786 0
10786 0
10786 0
10786 0
10786 0
10786 0
10786 0
10786 0
10786 0
10786 0
10786 0
10786 0
10786 0
10786 0
10786 0
10786 0
10806 0
10806 0
10806 0
10806 0
10806 0
10806 0
10806 0
10806 0
10806 0
10806 0
10806 412
10806 0
10806 0
10806 0
10806 0
10806 0
10806 0
10806 0
10806 0
10806 0
10806 0
10806 0
10806 0
10806 0
10806 0
10806 0
10806 0
10806 0
10806 0
10806 0
10806 0
10809 0
10809 0
10809 0
10809 0
10809 0
10809 0
10809 0
10809 0
10809 0
10809 0
10809 324
10809 0
10809 0
10809 0
10809 0
10809 0
10809 0
10809 0
10809 0
10809 0
10809 0
10809 0
10809 0
10809 0
10809 6
10809 0
10809 0
10809 0
10809 0
10809 0
10809 0
10812 0
10812 0
10812 0
10812 0
10812 0
10812 0
10812 0
10812 0
10812 0
10812 0
10812 412
10812 0
10812 0
10812 0
10812 0
10812 0
10812 0
10812 0
10812 0
10812 0
10812 0
10812 0
10812 0
10812 0
10812 0
10812 0
10812 0
10812 0
10812 0
10812 0
10812 0
10817 0
10817 0
10817 0
10817 0
10817 0
10817 0
10817 0
10817 0
10817 0
10817 0
10817 65
10817 0
10817 0
10817 0
10817 0
10817 0
10817 0
10817 0
10817 0
10817 0
10817 0
10817 0
10817 0
10817 0
10817 0
10817 0
10817 0
10817 0
10817 0
10817 0
10817 0
10832 0
10832 0
10832 0
10832 0
10832 0
10832 0
10832 0
10832 0
10832 0
10832 0
10832 234
10832 0
10832 0
10832 0
10832 0
10832 0
10832 0
10832 0
10832 0
10832 0
10832 0
10832 0
10832 0
10832 0
10832 1
10832 0
10832 0
10832 0
10832 0
10832 0
10832 0
10839 0
10839 0
10839 0
10839 0
10839 0
10839 0
10839 0
10839 0
10839 0
10839 0
10839 244
10839 0
10839 0
10839 0
10839 0
10839 0
10839 0
10839 0
10839 0
10839 0
10839 0
10839 0
10839 0
10839 0
10839 2
10839 0
10839 0
10839 0
10839 0
10839 0
10839 0
10840 0
10840 0
10840 0
10840 0
10840 0
10840 0
10840 0
10840 0
10840 0
10840 0
10840 110
10840 0
10840 0
10840 0
10840 0
10840 0
10840 0
10840 0
10840 0
10840 0
10840 0
10840 0
10840 0
10840 0
10840 0
10840 0
10840 0
10840 0
10840 0
10840 0
10840 0
10843 0
10843 0
10843 0
10843 0
10843 0
10843 0
10843 0
10843 0
10843 0
10843 0
10843 68
10843 0
10843 0
10843 0
10843 0
10843 0
10843 0
10843 0
10843 0
10843 0
10843 0
10843 0
10843 0
10843 0
10843 0
10843 0
10843 0
10843 0
10843 0
10843 0
10843 0
10844 0
10844 0
10844 0
10844 0
10844 0
10844 0
10844 0
10844 0
10844 0
10844 0
10844 146
10844 0
10844 0
10844 0
10844 0
10844 0
10844 0
10844 0
10844 0
10844 0
10844 0
10844 0
10844 0
10844 0
10844 0
10844 0
10844 0
10844 0
10844 0
10844 0
10844 0
10847 0
10847 0
10847 0
10847 0
10847 0
10847 0
10847 0
10847 0
10847 0
10847 0
10847 144
10847 0
10847 0
10847 0
10847 0
10847 0
10847 0
10847 0
10847 0
10847 0
10847 0
10847 0
10847 0
10847 0
10847 0
10847 0
10847 0
10847 0
10847 0
10847 0
10847 0
10854 0
10854 0
10854 0
10854 0
10854 0
10854 0
10854 0
10854 0
10854 0
10854 0
10854 437
10854 0
10854 0
10854 0
10854 0
10854 0
10854 0
10854 0
10854 0
10854 0
10854 0
10854 0
10854 0
10854 0
10854 0
10854 0
10854 0
10854 0
10854 0
10854 0
10854 0
10872 0
10872 0
10872 0
10872 0
10872 0
10872 0
10872 0
10872 0
10872 0
10872 0
10872 0
10872 134
10872 0
10872 0
10872 0
10872 0
10872 0
10872 0
10872 0
10872 0
10872 0
10872 0
10872 0
10872 0
10872 0
10872 0
10872 0
10872 0
10872 0
10872 0
10872 0
10880 0
10880 0
10880 0
10880 0
10880 0
10880 0
10880 0
10880 0
10880 0
10880 0
10880 0
10880 629
10880 0
10880 0
10880 0
10880 0
10880 0
10880 0
10880 0
10880 0
10880 0
10880 0
10880 0
10880 0
10880 1
10880 0
10880 0
10880 0
10880 0
10880 0
10880 0
10883 0
10883 0
10883 0
10883 0
10883 0
10883 0
10883 0
10883 0
10883 0
10883 0
10883 0
10883 741
10883 0
10883 0
10883 0
10883 0
10883 0
10883 0
10883 0
10883 0
10883 0
10883 0
10883 0
10883 0
10883 0
10883 0
10883 0
10883 0
10883 0
10883 0
10883 0
10887 0
10887 0
10887 0
10887 0
10887 0
10887 0
10887 0
10887 0
10887 0
10887 0
10887 0
10887 787
10887 0
10887 0
10887 0
10887 0
10887 0
10887 0
10887 0
10887 0
10887 0
10887 0
10887 0
10887 0
10887 0
10887 0
10887 0
10887 0
10887 0
10887 0
10887 0
10892 0
10892 0
10892 0
10892 0
10892 0
10892 0
10892 0
10892 0
10892 0
10892 0
10892 0
10892 217
10892 0
10892 0
10892 0
10892 0
10892 0
10892 0
10892 0
10892 0
10892 0
10892 0
10892 0
10892 0
10892 0
10892 0
10892 0
10892 0
10892 0
10892 0
10892 0
10893 0
10893 0
10893 0
10893 0
10893 0
10893 0
10893 0
10893 0
10893 0
10893 0
10893 0
10893 465
10893 0
10893 0
10893 0
10893 0
10893 0
10893 0
10893 0
10893 0
10893 0
10893 0
10893 0
10893 0
10893 2
10893 0
10893 0
10893 0
10893 0
10893 0
10893 0
10897 0
10897 0
10897 0
10897 0
10897 0
10897 0
10897 0
10897 0
10897 0
10897 0
10897 0
10897 169
10897 0
10897 0
10897 0
10897 0
10897 0
10897 0
10897 0
10897 0
10897 0
10897 0
10897 0
10897 0
10897 0
10897 0
10897 0
10897 0
10897 0
10897 0
10897 0
10904 0
10904 0
10904 0
10904 0
10904 0
10904 0
10904 0
10904 0
10904 0
10904 0
10904 0
10904 954
10904 0
10904 0
10904 0
10904 0
10904 0
10904 0
10904 0
10904 0
10904 0
10904 0
10904 0
10904 0
10904 0
10904 0
10904 0
10904 0
10904 0
10904 0
10904 0
10905 0
10905 0
10905 0
10905 0
10905 0
10905 0
10905 0
10905 0
10905 0
10905 0
10905 0
10905 458
10905 0
10905 0
10905 0
10905 0
10905 0
10905 0
10905 0
10905 0
10905 0
10905 0
10905 0
10905 0
10905 0
10905 0
10905 0
10905 0
10905 0
10905 0
10905 0
10909 0
10909 0
10909 0
10909 0
10909 0
10909 0
10909 0
10909 0
10909 0
10909 0
10909 0
10909 80
10909 0
10909 0
10909 0
10909 0
10909 0
10909 0
10909 0
10909 0
10909 0
10909 0
10909 0
10909 0
10909 0
10909 0
10909 0
10909 0
10909 0
10909 0
10909 0
