pt_graph cpue_kghour
3154 0
3154 0
3154 0
3154 0
3154 0
3154 0
3154 0
3154 0
3154 0
3154 0
3154 0
3154 0
3154 0
3154 0
3154 0
3154 0
3154 0
3154 0
3154 0
3154 18
3154 0
3154 0
3154 0
3154 0
3154 7
3154 0
3154 0
3154 1
3154 0
3154 0
3154 0
3367 0
3367 0
3367 0
3367 0
3367 0
3367 0
3367 0
3367 0
3367 0
3367 0
3367 139
3367 0
3367 0
3367 0
3367 1
3367 0
3367 0
3367 0
3367 0
3367 124
3367 0
3367 0
3367 0
3367 0
3367 22
3367 0
3367 0
3367 1
3367 0
3367 0
3367 0
3417 0
3417 0
3417 0
3417 0
3417 0
3417 0
3417 0
3417 0
3417 0
3417 0
3417 54
3417 0
3417 0
3417 0
3417 0
3417 0
3417 0
3417 0
3417 0
3417 48
3417 0
3417 0
3417 0
3417 0
3417 3
3417 0
3417 0
3417 0
3417 0
3417 0
3417 0
3516 0
3516 0
3516 0
3516 0
3516 0
3516 0
3516 0
3516 0
3516 0
3516 0
3516 0
3516 0
3516 0
3516 0
3516 0
3516 0
3516 0
3516 0
3516 0
3516 18
3516 0
3516 0
3516 0
3516 0
3516 7
3516 0
3516 0
3516 1
3516 0
3516 0
3516 0
3599 0
3599 0
3599 0
3599 0
3599 0
3599 0
3599 0
3599 0
3599 0
3599 0
3599 171
3599 0
3599 0
3599 0
3599 10
3599 0
3599 0
3599 0
3599 0
3599 42
3599 0
3599 0
3599 0
3599 0
3599 0
3599 0
3599 0
3599 0
3599 0
3599 0
3599 0
3654 0
3654 0
3654 0
3654 0
3654 0
3654 0
3654 0
3654 0
3654 0
3654 0
3654 36
3654 0
3654 0
3654 0
3654 3
3654 0
3654 0
3654 0
3654 0
3654 29
3654 0
3654 0
3654 0
3654 0
3654 6
3654 0
3654 0
3654 1
3654 0
3654 0
3654 0
3674 0
3674 0
3674 0
3674 0
3674 0
3674 0
3674 0
3674 0
3674 0
3674 0
3674 54
3674 0
3674 0
3674 0
3674 0
3674 0
3674 0
3674 0
3674 0
3674 48
3674 0
3674 0
3674 0
3674 0
3674 3
3674 0
3674 0
3674 0
3674 0
3674 0
3674 0
3803 0
3803 0
3803 0
3803 0
3803 0
3803 0
3803 0
3803 0
3803 0
3803 0
3803 70
3803 0
3803 0
3803 0
3803 2
3803 0
3803 0
3803 0
3803 0
3803 61
3803 0
3803 0
3803 0
3803 0
3803 11
3803 0
3803 0
3803 1
3803 0
3803 0
3803 0
3819 0
3819 0
3819 0
3819 0
3819 0
3819 0
3819 0
3819 0
3819 0
3819 0
3819 171
3819 0
3819 0
3819 0
3819 10
3819 0
3819 0
3819 0
3819 0
3819 42
3819 0
3819 0
3819 0
3819 0
3819 0
3819 0
3819 0
3819 0
3819 0
3819 0
3819 0
3940 0
3940 0
3940 0
3940 0
3940 0
3940 0
3940 0
3940 0
3940 0
3940 0
3940 63
3940 0
3940 0
3940 0
3940 3
3940 0
3940 0
3940 0
3940 0
3940 44
3940 0
3940 0
3940 0
3940 0
3940 4
3940 0
3940 0
3940 0
3940 0
3940 0
3940 0
3955 0
3955 0
3955 0
3955 0
3955 0
3955 0
3955 0
3955 0
3955 0
3955 0
3955 124
3955 0
3955 0
3955 0
3955 17
3955 0
3955 0
3955 0
3955 0
3955 65
3955 0
3955 0
3955 0
3955 0
3955 13
3955 0
3955 0
3955 1
3955 0
3955 0
3955 0
4021 0
4021 0
4021 0
4021 0
4021 0
4021 0
4021 0
4021 0
4021 0
4021 0
4021 127
4021 0
4021 0
4021 0
4021 6
4021 0
4021 0
4021 0
4021 0
4021 69
4021 0
4021 0
4021 0
4021 0
4021 9
4021 0
4021 0
4021 0
4021 0
4021 0
4021 0
4023 0
4023 0
4023 0
4023 0
4023 0
4023 0
4023 0
4023 0
4023 0
4023 0
4023 0
4023 0
4023 0
4023 0
4023 0
4023 0
4023 0
4023 0
4023 0
4023 18
4023 0
4023 0
4023 0
4023 0
4023 7
4023 0
4023 0
4023 1
4023 0
4023 0
4023 0
4140 0
4140 0
4140 0
4140 0
4140 0
4140 0
4140 0
4140 0
4140 0
4140 0
4140 63
4140 0
4140 0
4140 0
4140 3
4140 0
4140 0
4140 0
4140 0
4140 44
4140 0
4140 0
4140 0
4140 0
4140 4
4140 0
4140 0
4140 0
4140 0
4140 0
4140 0
4166 0
4166 0
4166 0
4166 0
4166 0
4166 0
4166 0
4166 0
4166 0
4166 0
4166 244
4166 0
4166 0
4166 0
4166 1
4166 0
4166 0
4166 0
4166 0
4166 81
4166 0
4166 0
4166 0
4166 0
4166 9
4166 0
4166 0
4166 1
4166 0
4166 0
4166 0
4173 0
4173 0
4173 0
4173 0
4173 0
4173 0
4173 0
4173 0
4173 0
4173 0
4173 167
4173 0
4173 0
4173 0
4173 10
4173 0
4173 0
4173 0
4173 0
4173 29
4173 0
4173 0
4173 0
4173 0
4173 10
4173 0
4173 0
4173 1
4173 0
4173 0
4173 0
4175 0
4175 0
4175 0
4175 0
4175 0
4175 0
4175 0
4175 0
4175 0
4175 0
4175 62
4175 0
4175 0
4175 0
4175 9
4175 0
4175 0
4175 0
4175 0
4175 42
4175 0
4175 0
4175 0
4175 0
4175 10
4175 0
4175 0
4175 1
4175 0
4175 0
4175 0
4243 0
4243 0
4243 0
4243 0
4243 0
4243 0
4243 0
4243 0
4243 0
4243 0
4243 72
4243 0
4243 0
4243 0
4243 6
4243 0
4243 0
4243 0
4243 0
4243 40
4243 0
4243 0
4243 0
4243 0
4243 5
4243 0
4243 0
4243 0
4243 0
4243 0
4243 0
4244 0
4244 0
4244 0
4244 0
4244 0
4244 0
4244 0
4244 0
4244 0
4244 0
4244 178
4244 0
4244 0
4244 0
4244 5
4244 0
4244 0
4244 0
4244 0
4244 53
4244 0
4244 0
4244 0
4244 0
4244 4
4244 0
4244 0
4244 0
4244 0
4244 0
4244 0
4273 0
4273 0
4273 0
4273 0
4273 0
4273 0
4273 0
4273 0
4273 0
4273 0
4273 191
4273 0
4273 0
4273 0
4273 0
4273 0
4273 0
4273 0
4273 0
4273 50
4273 0
4273 0
4273 0
4273 0
4273 7
4273 0
4273 0
4273 1
4273 0
4273 0
4273 0
4293 0
4293 0
4293 0
4293 0
4293 0
4293 0
4293 0
4293 0
4293 0
4293 0
4293 172
4293 0
4293 0
4293 0
4293 0
4293 0
4293 0
4293 0
4293 0
4293 62
4293 0
4293 0
4293 0
4293 0
4293 5
4293 0
4293 0
4293 0
4293 0
4293 0
4293 0
4305 0
4305 0
4305 0
4305 0
4305 0
4305 0
4305 0
4305 0
4305 0
4305 0
4305 249
4305 0
4305 0
4305 0
4305 2
4305 0
4305 0
4305 0
4305 0
4305 54
4305 0
4305 0
4305 0
4305 0
4305 8
4305 0
4305 0
4305 2
4305 0
4305 0
4305 0
4324 0
4324 0
4324 0
4324 0
4324 0
4324 0
4324 0
4324 0
4324 0
4324 0
4324 291
4324 0
4324 0
4324 0
4324 0
4324 0
4324 0
4324 0
4324 0
4324 76
4324 0
4324 0
4324 0
4324 0
4324 7
4324 0
4324 0
4324 0
4324 0
4324 0
4324 0
4348 0
4348 0
4348 0
4348 0
4348 0
4348 0
4348 0
4348 0
4348 0
4348 0
4348 171
4348 0
4348 0
4348 0
4348 10
4348 0
4348 0
4348 0
4348 0
4348 42
4348 0
4348 0
4348 0
4348 0
4348 0
4348 0
4348 0
4348 0
4348 0
4348 0
4348 0
4351 0
4351 0
4351 0
4351 0
4351 0
4351 0
4351 0
4351 0
4351 0
4351 0
4351 124
4351 0
4351 0
4351 0
4351 17
4351 0
4351 0
4351 0
4351 0
4351 65
4351 0
4351 0
4351 0
4351 0
4351 13
4351 0
4351 0
4351 1
4351 0
4351 0
4351 0
4355 0
4355 0
4355 0
4355 0
4355 0
4355 0
4355 0
4355 0
4355 0
4355 0
4355 196
4355 0
4355 0
4355 0
4355 2
4355 0
4355 0
4355 0
4355 0
4355 85
4355 0
4355 0
4355 0
4355 0
4355 12
4355 0
4355 0
4355 2
4355 0
4355 0
4355 0
4376 0
4376 0
4376 0
4376 0
4376 0
4376 0
4376 0
4376 0
4376 0
4376 0
4376 171
4376 0
4376 0
4376 0
4376 2
4376 0
4376 0
4376 0
4376 0
4376 47
4376 0
4376 0
4376 0
4376 0
4376 7
4376 0
4376 0
4376 1
4376 0
4376 0
4376 0
4378 0
4378 0
4378 0
4378 0
4378 0
4378 0
4378 0
4378 0
4378 0
4378 0
4378 191
4378 0
4378 0
4378 0
4378 0
4378 0
4378 0
4378 0
4378 0
4378 50
4378 0
4378 0
4378 0
4378 0
4378 7
4378 0
4378 0
4378 1
4378 0
4378 0
4378 0
4392 0
4392 0
4392 0
4392 0
4392 0
4392 0
4392 0
4392 0
4392 0
4392 0
4392 196
4392 0
4392 0
4392 0
4392 0
4392 0
4392 0
4392 0
4392 0
4392 44
4392 0
4392 0
4392 0
4392 0
4392 4
4392 0
4392 0
4392 2
4392 0
4392 0
4392 0
4427 0
4427 0
4427 0
4427 0
4427 0
4427 0
4427 0
4427 0
4427 0
4427 0
4427 0
4427 0
4427 0
4427 0
4427 0
4427 0
4427 0
4427 0
4427 0
4427 18
4427 0
4427 0
4427 0
4427 0
4427 7
4427 0
4427 0
4427 1
4427 0
4427 0
4427 0
4470 0
4470 0
4470 0
4470 0
4470 0
4470 0
4470 0
4470 0
4470 0
4470 0
4470 171
4470 0
4470 0
4470 0
4470 0
4470 0
4470 0
4470 0
4470 0
4470 40
4470 0
4470 0
4470 0
4470 0
4470 4
4470 0
4470 0
4470 1
4470 0
4470 0
4470 0
4489 0
4489 0
4489 0
4489 0
4489 0
4489 0
4489 0
4489 0
4489 0
4489 0
4489 231
4489 0
4489 0
4489 0
4489 1
4489 0
4489 0
4489 0
4489 0
4489 50
4489 0
4489 0
4489 0
4489 0
4489 6
4489 0
4489 0
4489 1
4489 0
4489 0
4489 0
4499 0
4499 0
4499 0
4499 0
4499 0
4499 0
4499 0
4499 0
4499 0
4499 0
4499 72
4499 0
4499 0
4499 0
4499 6
4499 0
4499 0
4499 0
4499 0
4499 40
4499 0
4499 0
4499 0
4499 0
4499 5
4499 0
4499 0
4499 0
4499 0
4499 0
4499 0
4512 0
4512 0
4512 0
4512 0
4512 0
4512 0
4512 0
4512 0
4512 0
4512 0
4512 124
4512 0
4512 0
4512 0
4512 17
4512 0
4512 0
4512 0
4512 0
4512 65
4512 0
4512 0
4512 0
4512 0
4512 13
4512 0
4512 0
4512 1
4512 0
4512 0
4512 0
4526 0
4526 0
4526 0
4526 0
4526 0
4526 0
4526 0
4526 0
4526 0
4526 0
4526 125
4526 0
4526 0
4526 0
4526 0
4526 0
4526 0
4526 0
4526 0
4526 36
4526 0
4526 0
4526 0
4526 0
4526 5
4526 0
4526 0
4526 1
4526 0
4526 0
4526 0
4528 0
4528 0
4528 0
4528 0
4528 0
4528 0
4528 0
4528 0
4528 0
4528 0
4528 341
4528 0
4528 0
4528 0
4528 0
4528 0
4528 0
4528 0
4528 0
4528 130
4528 0
4528 0
4528 0
4528 0
4528 26
4528 0
4528 0
4528 0
4528 0
4528 0
4528 0
4586 0
4586 0
4586 0
4586 0
4586 0
4586 0
4586 0
4586 0
4586 0
4586 0
4586 196
4586 0
4586 0
4586 0
4586 0
4586 0
4586 0
4586 0
4586 0
4586 35
4586 0
4586 0
4586 0
4586 0
4586 7
4586 0
4586 0
4586 0
4586 0
4586 0
4586 0
4630 0
4630 0
4630 0
4630 0
4630 0
4630 0
4630 0
4630 0
4630 0
4630 0
4630 70
4630 0
4630 0
4630 0
4630 3
4630 0
4630 0
4630 0
4630 0
4630 46
4630 0
4630 0
4630 0
4630 0
4630 8
4630 0
4630 0
4630 2
4630 0
4630 0
4630 0
4634 0
4634 0
4634 0
4634 0
4634 0
4634 0
4634 0
4634 0
4634 0
4634 0
4634 184
4634 0
4634 0
4634 0
4634 0
4634 0
4634 0
4634 0
4634 0
4634 40
4634 0
4634 0
4634 0
4634 0
4634 3
4634 0
4634 0
4634 0
4634 0
4634 0
4634 0
4650 0
4650 0
4650 0
4650 0
4650 0
4650 0
4650 0
4650 0
4650 0
4650 0
4650 204
4650 0
4650 0
4650 0
4650 0
4650 0
4650 0
4650 0
4650 0
4650 30
4650 0
4650 0
4650 0
4650 0
4650 7
4650 0
4650 0
4650 0
4650 0
4650 0
4650 0
4685 0
4685 0
4685 0
4685 0
4685 0
4685 0
4685 0
4685 0
4685 0
4685 0
4685 172
4685 0
4685 0
4685 0
4685 0
4685 0
4685 0
4685 0
4685 0
4685 42
4685 0
4685 0
4685 0
4685 0
4685 6
4685 0
4685 0
4685 0
4685 0
4685 0
4685 0
4702 0
4702 0
4702 0
4702 0
4702 0
4702 0
4702 0
4702 0
4702 0
4702 0
4702 158
4702 0
4702 0
4702 0
4702 0
4702 0
4702 0
4702 0
4702 0
4702 34
4702 0
4702 0
4702 0
4702 0
4702 5
4702 0
4702 0
4702 0
4702 0
4702 0
4702 0
4731 0
4731 0
4731 0
4731 0
4731 0
4731 0
4731 0
4731 0
4731 0
4731 0
4731 199
4731 0
4731 0
4731 0
4731 0
4731 0
4731 0
4731 0
4731 0
4731 45
4731 0
4731 0
4731 0
4731 0
4731 5
4731 0
4731 0
4731 0
4731 0
4731 0
4731 0
4757 0
4757 0
4757 0
4757 0
4757 0
4757 0
4757 0
4757 0
4757 0
4757 0
4757 245
4757 0
4757 0
4757 0
4757 0
4757 0
4757 0
4757 0
4757 0
4757 48
4757 0
4757 0
4757 0
4757 0
4757 7
4757 0
4757 0
4757 1
4757 0
4757 0
4757 0
4772 0
4772 0
4772 0
4772 0
4772 0
4772 0
4772 0
4772 0
4772 0
4772 0
4772 273
4772 0
4772 0
4772 0
4772 3
4772 0
4772 0
4772 0
4772 0
4772 57
4772 0
4772 0
4772 0
4772 0
4772 9
4772 0
4772 0
4772 2
4772 0
4772 0
4772 0
4791 0
4791 0
4791 0
4791 0
4791 0
4791 0
4791 0
4791 0
4791 0
4791 0
4791 160
4791 0
4791 0
4791 0
4791 0
4791 0
4791 0
4791 0
4791 0
4791 41
4791 0
4791 0
4791 0
4791 0
4791 4
4791 0
4791 0
4791 0
4791 0
4791 0
4791 0
4817 0
4817 0
4817 0
4817 0
4817 0
4817 0
4817 0
4817 0
4817 0
4817 0
4817 161
4817 0
4817 0
4817 0
4817 0
4817 0
4817 0
4817 0
4817 0
4817 35
4817 0
4817 0
4817 0
4817 0
4817 5
4817 0
4817 0
4817 1
4817 0
4817 0
4817 0
4841 0
4841 0
4841 0
4841 0
4841 0
4841 0
4841 0
4841 0
4841 0
4841 0
4841 207
4841 0
4841 0
4841 0
4841 0
4841 0
4841 0
4841 0
4841 0
4841 31
4841 0
4841 0
4841 0
4841 0
4841 8
4841 0
4841 0
4841 1
4841 0
4841 0
4841 0
4921 0
4921 0
4921 0
4921 0
4921 0
4921 0
4921 0
4921 0
4921 0
4921 0
4921 202
4921 0
4921 0
4921 0
4921 1
4921 0
4921 0
4921 0
4921 0
4921 18
4921 0
4921 0
4921 0
4921 0
4921 9
4921 0
4921 0
4921 1
4921 0
4921 0
4921 0
4940 0
4940 0
4940 0
4940 0
4940 0
4940 0
4940 0
4940 0
4940 0
4940 0
4940 209
4940 0
4940 0
4940 0
4940 0
4940 0
4940 0
4940 0
4940 0
4940 31
4940 0
4940 0
4940 0
4940 0
4940 8
4940 0
4940 0
4940 1
4940 0
4940 0
4940 0
5005 0
5005 0
5005 0
5005 0
5005 0
5005 0
5005 0
5005 0
5005 0
5005 0
5005 204
5005 0
5005 0
5005 0
5005 0
5005 0
5005 0
5005 0
5005 0
5005 30
5005 0
5005 0
5005 0
5005 0
5005 7
5005 0
5005 0
5005 0
5005 0
5005 0
5005 0
5084 0
5084 0
5084 0
5084 0
5084 0
5084 0
5084 0
5084 0
5084 0
5084 0
5084 34
5084 0
5084 0
5084 0
5084 0
5084 0
5084 0
5084 0
5084 0
5084 28
5084 0
5084 0
5084 0
5084 0
5084 2
5084 0
5084 0
5084 1
5084 0
5084 0
5084 0
5273 0
5273 0
5273 0
5273 0
5273 0
5273 0
5273 0
5273 0
5273 0
5273 0
5273 34
5273 0
5273 0
5273 0
5273 0
5273 0
5273 0
5273 0
5273 0
5273 28
5273 0
5273 0
5273 0
5273 0
5273 2
5273 0
5273 0
5273 1
5273 0
5273 0
5273 0
5322 0
5322 0
5322 0
5322 0
5322 0
5322 0
5322 0
5322 0
5322 0
5322 0
5322 34
5322 0
5322 0
5322 0
5322 0
5322 0
5322 0
5322 0
5322 0
5322 28
5322 0
5322 0
5322 0
5322 0
5322 2
5322 0
5322 0
5322 1
5322 0
5322 0
5322 0
5431 0
5431 0
5431 0
5431 0
5431 0
5431 0
5431 0
5431 0
5431 0
5431 0
5431 34
5431 0
5431 0
5431 0
5431 0
5431 0
5431 0
5431 0
5431 0
5431 28
5431 0
5431 0
5431 0
5431 0
5431 2
5431 0
5431 0
5431 1
5431 0
5431 0
5431 0
5444 0
5444 0
5444 0
5444 0
5444 0
5444 0
5444 0
5444 0
5444 0
5444 0
5444 34
5444 0
5444 0
5444 0
5444 0
5444 0
5444 0
5444 0
5444 0
5444 28
5444 0
5444 0
5444 0
5444 0
5444 2
5444 0
5444 0
5444 1
5444 0
5444 0
5444 0
5631 0
5631 0
5631 0
5631 0
5631 0
5631 0
5631 0
5631 0
5631 0
5631 0
5631 34
5631 0
5631 0
5631 0
5631 0
5631 0
5631 0
5631 0
5631 0
5631 28
5631 0
5631 0
5631 0
5631 0
5631 2
5631 0
5631 0
5631 1
5631 0
5631 0
5631 0
8468 0
8468 0
8468 0
8468 0
8468 0
8468 0
8468 0
8468 0
8468 0
8468 0
8468 58
8468 0
8468 0
8468 0
8468 13
8468 0
8468 0
8468 0
8468 0
8468 0
8468 0
8468 0
8468 0
8468 0
8468 7
8468 0
8468 0
8468 0
8468 0
8468 0
8468 0
8481 0
8481 0
8481 0
8481 0
8481 0
8481 0
8481 0
8481 0
8481 0
8481 0
8481 74
8481 0
8481 0
8481 0
8481 41
8481 0
8481 0
8481 0
8481 0
8481 0
8481 0
8481 0
8481 0
8481 0
8481 10
8481 0
8481 0
8481 0
8481 0
8481 0
8481 0
8548 0
8548 0
8548 0
8548 0
8548 0
8548 0
8548 0
8548 0
8548 0
8548 0
8548 58
8548 0
8548 0
8548 0
8548 13
8548 0
8548 0
8548 0
8548 0
8548 0
8548 0
8548 0
8548 0
8548 0
8548 7
8548 0
8548 0
8548 0
8548 0
8548 0
8548 0
8570 0
8570 0
8570 0
8570 0
8570 0
8570 0
8570 0
8570 0
8570 0
8570 0
8570 433
8570 0
8570 0
8570 0
8570 83
8570 0
8570 0
8570 0
8570 0
8570 0
8570 0
8570 0
8570 0
8570 0
8570 33
8570 0
8570 0
8570 0
8570 0
8570 0
8570 0
8574 0
8574 0
8574 0
8574 0
8574 0
8574 0
8574 0
8574 0
8574 0
8574 0
8574 58
8574 0
8574 0
8574 0
8574 13
8574 0
8574 0
8574 0
8574 0
8574 0
8574 0
8574 0
8574 0
8574 0
8574 7
8574 0
8574 0
8574 0
8574 0
8574 0
8574 0
8610 0
8610 0
8610 0
8610 0
8610 0
8610 0
8610 0
8610 0
8610 0
8610 0
8610 58
8610 0
8610 0
8610 0
8610 13
8610 0
8610 0
8610 0
8610 0
8610 0
8610 0
8610 0
8610 0
8610 0
8610 7
8610 0
8610 0
8610 0
8610 0
8610 0
8610 0
8620 0
8620 0
8620 0
8620 0
8620 0
8620 0
8620 0
8620 0
8620 0
8620 0
8620 58
8620 0
8620 0
8620 0
8620 13
8620 0
8620 0
8620 0
8620 0
8620 0
8620 0
8620 0
8620 0
8620 0
8620 7
8620 0
8620 0
8620 0
8620 0
8620 0
8620 0
8635 0
8635 0
8635 0
8635 0
8635 0
8635 0
8635 0
8635 0
8635 0
8635 0
8635 433
8635 0
8635 0
8635 0
8635 83
8635 0
8635 0
8635 0
8635 0
8635 0
8635 0
8635 0
8635 0
8635 0
8635 33
8635 0
8635 0
8635 0
8635 0
8635 0
8635 0
8673 0
8673 0
8673 0
8673 0
8673 0
8673 0
8673 0
8673 0
8673 0
8673 0
8673 58
8673 0
8673 0
8673 0
8673 13
8673 0
8673 0
8673 0
8673 0
8673 0
8673 0
8673 0
8673 0
8673 0
8673 7
8673 0
8673 0
8673 0
8673 0
8673 0
8673 0
8684 0
8684 0
8684 0
8684 0
8684 0
8684 0
8684 0
8684 0
8684 0
8684 0
8684 58
8684 0
8684 0
8684 0
8684 13
8684 0
8684 0
8684 0
8684 0
8684 0
8684 0
8684 0
8684 0
8684 0
8684 7
8684 0
8684 0
8684 0
8684 0
8684 0
8684 0
8737 0
8737 0
8737 0
8737 0
8737 0
8737 0
8737 0
8737 0
8737 0
8737 0
8737 58
8737 0
8737 0
8737 0
8737 13
8737 0
8737 0
8737 0
8737 0
8737 0
8737 0
8737 0
8737 0
8737 0
8737 7
8737 0
8737 0
8737 0
8737 0
8737 0
8737 0
8743 0
8743 0
8743 0
8743 0
8743 0
8743 0
8743 0
8743 0
8743 0
8743 0
8743 58
8743 0
8743 0
8743 0
8743 13
8743 0
8743 0
8743 0
8743 0
8743 0
8743 0
8743 0
8743 0
8743 0
8743 7
8743 0
8743 0
8743 0
8743 0
8743 0
8743 0
8757 0
8757 0
8757 0
8757 0
8757 0
8757 0
8757 0
8757 0
8757 0
8757 0
8757 58
8757 0
8757 0
8757 0
8757 13
8757 0
8757 0
8757 0
8757 0
8757 0
8757 0
8757 0
8757 0
8757 0
8757 7
8757 0
8757 0
8757 0
8757 0
8757 0
8757 0
8765 0
8765 0
8765 0
8765 0
8765 0
8765 0
8765 0
8765 0
8765 0
8765 0
8765 245
8765 0
8765 0
8765 0
8765 15
8765 0
8765 0
8765 0
8765 0
8765 0
8765 0
8765 0
8765 0
8765 0
8765 11
8765 0
8765 0
8765 0
8765 0
8765 0
8765 0
8794 0
8794 0
8794 0
8794 0
8794 0
8794 0
8794 0
8794 0
8794 0
8794 0
8794 58
8794 0
8794 0
8794 0
8794 13
8794 0
8794 0
8794 0
8794 0
8794 0
8794 0
8794 0
8794 0
8794 0
8794 7
8794 0
8794 0
8794 0
8794 0
8794 0
8794 0
8801 0
8801 0
8801 0
8801 0
8801 0
8801 0
8801 0
8801 0
8801 0
8801 0
8801 58
8801 0
8801 0
8801 0
8801 13
8801 0
8801 0
8801 0
8801 0
8801 0
8801 0
8801 0
8801 0
8801 0
8801 7
8801 0
8801 0
8801 0
8801 0
8801 0
8801 0
8812 0
8812 0
8812 0
8812 0
8812 0
8812 0
8812 0
8812 0
8812 0
8812 0
8812 58
8812 0
8812 0
8812 0
8812 13
8812 0
8812 0
8812 0
8812 0
8812 0
8812 0
8812 0
8812 0
8812 0
8812 7
8812 0
8812 0
8812 0
8812 0
8812 0
8812 0
8825 0
8825 0
8825 0
8825 0
8825 0
8825 0
8825 0
8825 0
8825 0
8825 0
8825 58
8825 0
8825 0
8825 0
8825 13
8825 0
8825 0
8825 0
8825 0
8825 0
8825 0
8825 0
8825 0
8825 0
8825 7
8825 0
8825 0
8825 0
8825 0
8825 0
8825 0
8859 0
8859 0
8859 0
8859 0
8859 0
8859 0
8859 0
8859 0
8859 0
8859 0
8859 58
8859 0
8859 0
8859 0
8859 13
8859 0
8859 0
8859 0
8859 0
8859 0
8859 0
8859 0
8859 0
8859 0
8859 7
8859 0
8859 0
8859 0
8859 0
8859 0
8859 0
8869 0
8869 0
8869 0
8869 0
8869 0
8869 0
8869 0
8869 0
8869 0
8869 0
8869 58
8869 0
8869 0
8869 0
8869 13
8869 0
8869 0
8869 0
8869 0
8869 0
8869 0
8869 0
8869 0
8869 0
8869 7
8869 0
8869 0
8869 0
8869 0
8869 0
8869 0
8875 0
8875 0
8875 0
8875 0
8875 0
8875 0
8875 0
8875 0
8875 0
8875 0
8875 210
8875 0
8875 0
8875 0
8875 8
8875 0
8875 0
8875 0
8875 0
8875 0
8875 0
8875 0
8875 0
8875 0
8875 10
8875 0
8875 0
8875 0
8875 0
8875 0
8875 0
8910 0
8910 0
8910 0
8910 0
8910 0
8910 0
8910 0
8910 0
8910 0
8910 0
8910 133
8910 0
8910 0
8910 0
8910 3
8910 0
8910 0
8910 0
8910 0
8910 0
8910 0
8910 0
8910 0
8910 0
8910 9
8910 0
8910 0
8910 0
8910 0
8910 0
8910 0
8916 0
8916 0
8916 0
8916 0
8916 0
8916 0
8916 0
8916 0
8916 0
8916 0
8916 58
8916 0
8916 0
8916 0
8916 13
8916 0
8916 0
8916 0
8916 0
8916 0
8916 0
8916 0
8916 0
8916 0
8916 7
8916 0
8916 0
8916 0
8916 0
8916 0
8916 0
8976 0
8976 0
8976 0
8976 0
8976 0
8976 0
8976 0
8976 0
8976 0
8976 0
8976 197
8976 0
8976 0
8976 0
8976 7
8976 0
8976 0
8976 0
8976 0
8976 0
8976 0
8976 0
8976 0
8976 0
8976 9
8976 0
8976 0
8976 0
8976 0
8976 0
8976 0
9075 0
9075 0
9075 0
9075 0
9075 0
9075 0
9075 0
9075 0
9075 0
9075 0
9075 133
9075 0
9075 0
9075 0
9075 3
9075 0
9075 0
9075 0
9075 0
9075 0
9075 0
9075 0
9075 0
9075 0
9075 9
9075 0
9075 0
9075 0
9075 0
9075 0
9075 0
9087 0
9087 0
9087 0
9087 0
9087 0
9087 0
9087 0
9087 0
9087 0
9087 0
9087 153
9087 0
9087 0
9087 0
9087 3
9087 0
9087 0
9087 0
9087 0
9087 0
9087 0
9087 0
9087 0
9087 0
9087 9
9087 0
9087 0
9087 0
9087 0
9087 0
9087 0
9120 0
9120 0
9120 0
9120 0
9120 0
9120 0
9120 0
9120 0
9120 0
9120 0
9120 172
9120 0
9120 0
9120 0
9120 3
9120 0
9120 0
9120 0
9120 0
9120 0
9120 0
9120 0
9120 0
9120 0
9120 8
9120 0
9120 0
9120 0
9120 0
9120 0
9120 0
9130 0
9130 0
9130 0
9130 0
9130 0
9130 0
9130 0
9130 0
9130 0
9130 0
9130 210
9130 0
9130 0
9130 0
9130 8
9130 0
9130 0
9130 0
9130 0
9130 0
9130 0
9130 0
9130 0
9130 0
9130 10
9130 0
9130 0
9130 0
9130 0
9130 0
9130 0
9157 0
9157 0
9157 0
9157 0
9157 0
9157 0
9157 0
9157 0
9157 0
9157 0
9157 133
9157 0
9157 0
9157 0
9157 3
9157 0
9157 0
9157 0
9157 0
9157 0
9157 0
9157 0
9157 0
9157 0
9157 9
9157 0
9157 0
9157 0
9157 0
9157 0
9157 0
9235 0
9235 0
9235 0
9235 0
9235 0
9235 0
9235 0
9235 0
9235 0
9235 0
9235 154
9235 0
9235 0
9235 0
9235 2
9235 0
9235 0
9235 0
9235 0
9235 0
9235 0
9235 0
9235 0
9235 0
9235 9
9235 0
9235 0
9235 0
9235 0
9235 0
9235 0
9249 0
9249 0
9249 0
9249 0
9249 0
9249 0
9249 0
9249 0
9249 0
9249 0
9249 172
9249 0
9249 0
9249 0
9249 3
9249 0
9249 0
9249 0
9249 0
9249 0
9249 0
9249 0
9249 0
9249 0
9249 8
9249 0
9249 0
9249 0
9249 0
9249 0
9249 0
9265 0
9265 0
9265 0
9265 0
9265 0
9265 0
9265 0
9265 0
9265 0
9265 0
9265 172
9265 0
9265 0
9265 0
9265 3
9265 0
9265 0
9265 0
9265 0
9265 0
9265 0
9265 0
9265 0
9265 0
9265 8
9265 0
9265 0
9265 0
9265 0
9265 0
9265 0
9339 0
9339 0
9339 0
9339 0
9339 0
9339 0
9339 0
9339 0
9339 0
9339 0
9339 99
9339 0
9339 0
9339 0
9339 7
9339 0
9339 0
9339 0
9339 0
9339 0
9339 0
9339 0
9339 0
9339 0
9339 6
9339 0
9339 0
9339 0
9339 0
9339 0
9339 0
9354 0
9354 0
9354 0
9354 0
9354 0
9354 0
9354 0
9354 0
9354 0
9354 0
9354 146
9354 0
9354 0
9354 0
9354 3
9354 0
9354 0
9354 0
9354 0
9354 0
9354 0
9354 0
9354 0
9354 0
9354 9
9354 0
9354 0
9354 0
9354 0
9354 0
9354 0
9366 0
9366 0
9366 0
9366 0
9366 0
9366 0
9366 0
9366 0
9366 0
9366 0
9366 233
9366 0
9366 0
9366 0
9366 7
9366 0
9366 0
9366 0
9366 0
9366 0
9366 0
9366 0
9366 0
9366 0
9366 7
9366 0
9366 0
9366 0
9366 0
9366 0
9366 0
9386 0
9386 0
9386 0
9386 0
9386 0
9386 0
9386 0
9386 0
9386 0
9386 0
9386 129
9386 0
9386 0
9386 0
9386 1
9386 0
9386 0
9386 0
9386 0
9386 0
9386 0
9386 0
9386 0
9386 0
9386 8
9386 0
9386 0
9386 0
9386 0
9386 0
9386 0
9411 0
9411 0
9411 0
9411 0
9411 0
9411 0
9411 0
9411 0
9411 0
9411 0
9411 173
9411 0
9411 0
9411 0
9411 6
9411 0
9411 0
9411 0
9411 0
9411 0
9411 0
9411 0
9411 0
9411 0
9411 5
9411 0
9411 0
9411 0
9411 0
9411 0
9411 0
9412 0
9412 0
9412 0
9412 0
9412 0
9412 0
9412 0
9412 0
9412 0
9412 0
9412 122
9412 0
9412 0
9412 0
9412 3
9412 0
9412 0
9412 0
9412 0
9412 0
9412 0
9412 50
9412 0
9412 0
9412 24
9412 0
9412 0
9412 0
9412 0
9412 0
9412 0
9441 0
9441 0
9441 0
9441 0
9441 0
9441 0
9441 0
9441 0
9441 0
9441 0
9441 207
9441 0
9441 0
9441 0
9441 4
9441 0
9441 0
9441 0
9441 0
9441 0
9441 0
9441 0
9441 0
9441 0
9441 6
9441 0
9441 0
9441 0
9441 0
9441 0
9441 0
9493 0
9493 0
9493 0
9493 0
9493 0
9493 0
9493 0
9493 0
9493 0
9493 0
9493 118
9493 0
9493 0
9493 0
9493 4
9493 0
9493 0
9493 0
9493 0
9493 0
9493 0
9493 0
9493 0
9493 0
9493 5
9493 0
9493 0
9493 0
9493 0
9493 0
9493 0
9496 0
9496 0
9496 0
9496 0
9496 0
9496 0
9496 0
9496 0
9496 0
9496 0
9496 183
9496 0
9496 0
9496 0
9496 6
9496 0
9496 0
9496 0
9496 0
9496 0
9496 0
9496 0
9496 0
9496 0
9496 6
9496 0
9496 0
9496 0
9496 0
9496 0
9496 0
9510 0
9510 0
9510 0
9510 0
9510 0
9510 0
9510 0
9510 0
9510 0
9510 0
9510 129
9510 0
9510 0
9510 0
9510 5
9510 0
9510 0
9510 0
9510 0
9510 1
9510 0
9510 0
9510 0
9510 0
9510 0
9510 0
9510 0
9510 0
9510 0
9510 0
9510 0
9526 0
9526 0
9526 0
9526 0
9526 0
9526 0
9526 0
9526 0
9526 0
9526 0
9526 129
9526 0
9526 0
9526 0
9526 3
9526 0
9526 0
9526 0
9526 0
9526 0
9526 0
9526 0
9526 0
9526 0
9526 4
9526 0
9526 0
9526 0
9526 0
9526 0
9526 0
9556 0
9556 0
9556 0
9556 0
9556 0
9556 0
9556 0
9556 0
9556 0
9556 0
9556 115
9556 0
9556 0
9556 0
9556 5
9556 0
9556 0
9556 0
9556 0
9556 0
9556 0
9556 17
9556 0
9556 0
9556 10
9556 0
9556 0
9556 0
9556 0
9556 0
9556 0
9580 0
9580 0
9580 0
9580 0
9580 0
9580 0
9580 0
9580 0
9580 0
9580 0
9580 173
9580 0
9580 0
9580 0
9580 6
9580 0
9580 0
9580 0
9580 0
9580 0
9580 0
9580 0
9580 0
9580 0
9580 5
9580 0
9580 0
9580 0
9580 0
9580 0
9580 0
9584 0
9584 0
9584 0
9584 0
9584 0
9584 0
9584 0
9584 0
9584 0
9584 0
9584 887
9584 0
9584 0
9584 0
9584 21
9584 0
9584 0
9584 0
9584 0
9584 3
9584 0
9584 0
9584 0
9584 0
9584 57
9584 0
9584 0
9584 2
9584 0
9584 0
9584 0
9593 0
9593 0
9593 0
9593 0
9593 0
9593 0
9593 0
9593 0
9593 0
9593 0
9593 269
9593 0
9593 0
9593 0
9593 4
9593 0
9593 0
9593 0
9593 0
9593 0
9593 0
9593 0
9593 0
9593 0
9593 0
9593 0
9593 0
9593 0
9593 0
9593 0
9593 0
9609 0
9609 0
9609 0
9609 0
9609 0
9609 0
9609 0
9609 0
9609 0
9609 0
9609 197
9609 0
9609 0
9609 0
9609 4
9609 0
9609 0
9609 0
9609 0
9609 0
9609 0
9609 0
9609 0
9609 0
9609 8
9609 0
9609 0
9609 0
9609 0
9609 0
9609 0
9614 0
9614 0
9614 0
9614 0
9614 0
9614 0
9614 0
9614 0
9614 0
9614 0
9614 135
9614 0
9614 0
9614 0
9614 4
9614 0
9614 0
9614 0
9614 0
9614 0
9614 0
9614 0
9614 0
9614 0
9614 5
9614 0
9614 0
9614 0
9614 0
9614 0
9614 0
9617 0
9617 0
9617 0
9617 0
9617 0
9617 0
9617 0
9617 0
9617 0
9617 0
9617 161
9617 0
9617 0
9617 0
9617 5
9617 0
9617 0
9617 0
9617 0
9617 0
9617 0
9617 10
9617 0
9617 0
9617 9
9617 0
9617 0
9617 0
9617 0
9617 0
9617 0
9641 0
9641 0
9641 0
9641 0
9641 0
9641 0
9641 0
9641 0
9641 0
9641 0
9641 155
9641 0
9641 0
9641 0
9641 3
9641 0
9641 0
9641 0
9641 0
9641 1
9641 0
9641 0
9641 0
9641 0
9641 5
9641 0
9641 0
9641 1
9641 0
9641 0
9641 0
9676 0
9676 0
9676 0
9676 0
9676 0
9676 0
9676 0
9676 0
9676 0
9676 0
9676 120
9676 0
9676 0
9676 0
9676 4
9676 0
9676 0
9676 0
9676 0
9676 0
9676 0
9676 20
9676 0
9676 0
9676 13
9676 0
9676 0
9676 0
9676 0
9676 0
9676 0
9682 0
9682 0
9682 0
9682 0
9682 0
9682 0
9682 0
9682 0
9682 0
9682 0
9682 129
9682 0
9682 0
9682 0
9682 1
9682 0
9682 0
9682 0
9682 0
9682 0
9682 0
9682 0
9682 0
9682 0
9682 8
9682 0
9682 0
9682 0
9682 0
9682 0
9682 0
9693 0
9693 0
9693 0
9693 0
9693 0
9693 0
9693 0
9693 0
9693 0
9693 0
9693 163
9693 0
9693 0
9693 0
9693 3
9693 0
9693 0
9693 0
9693 0
9693 0
9693 0
9693 0
9693 0
9693 0
9693 11
9693 0
9693 0
9693 0
9693 0
9693 0
9693 0
9698 0
9698 0
9698 0
9698 0
9698 0
9698 0
9698 0
9698 0
9698 0
9698 0
9698 99
9698 0
9698 0
9698 0
9698 7
9698 0
9698 0
9698 0
9698 0
9698 0
9698 0
9698 0
9698 0
9698 0
9698 6
9698 0
9698 0
9698 0
9698 0
9698 0
9698 0
9723 0
9723 0
9723 0
9723 0
9723 0
9723 0
9723 0
9723 0
9723 0
9723 0
9723 155
9723 0
9723 0
9723 0
9723 4
9723 0
9723 0
9723 0
9723 0
9723 0
9723 0
9723 0
9723 0
9723 0
9723 2
9723 0
9723 0
9723 0
9723 0
9723 0
9723 0
9726 0
9726 0
9726 0
9726 0
9726 0
9726 0
9726 0
9726 0
9726 0
9726 0
9726 269
9726 0
9726 0
9726 0
9726 4
9726 0
9726 0
9726 0
9726 0
9726 0
9726 0
9726 0
9726 0
9726 0
9726 0
9726 0
9726 0
9726 0
9726 0
9726 0
9726 0
9737 0
9737 0
9737 0
9737 0
9737 0
9737 0
9737 0
9737 0
9737 0
9737 0
9737 173
9737 0
9737 0
9737 0
9737 6
9737 0
9737 0
9737 0
9737 0
9737 0
9737 0
9737 0
9737 0
9737 0
9737 5
9737 0
9737 0
9737 0
9737 0
9737 0
9737 0
9741 0
9741 0
9741 0
9741 0
9741 0
9741 0
9741 0
9741 0
9741 0
9741 0
9741 113
9741 0
9741 0
9741 0
9741 2
9741 0
9741 0
9741 0
9741 0
9741 0
9741 0
9741 0
9741 0
9741 0
9741 0
9741 0
9741 0
9741 0
9741 0
9741 0
9741 0
9764 0
9764 0
9764 0
9764 0
9764 0
9764 0
9764 0
9764 0
9764 0
9764 0
9764 182
9764 0
9764 0
9764 0
9764 4
9764 0
9764 0
9764 0
9764 0
9764 0
9764 0
9764 0
9764 0
9764 0
9764 6
9764 0
9764 0
9764 1
9764 0
9764 0
9764 0
9806 0
9806 0
9806 0
9806 0
9806 0
9806 0
9806 0
9806 0
9806 0
9806 0
9806 187
9806 0
9806 0
9806 0
9806 6
9806 0
9806 0
9806 0
9806 0
9806 0
9806 0
9806 0
9806 0
9806 0
9806 4
9806 0
9806 0
9806 0
9806 0
9806 0
9806 0
9818 0
9818 0
9818 0
9818 0
9818 0
9818 0
9818 0
9818 0
9818 0
9818 0
9818 266
9818 0
9818 0
9818 0
9818 1
9818 0
9818 0
9818 0
9818 0
9818 0
9818 0
9818 0
9818 0
9818 0
9818 6
9818 0
9818 0
9818 1
9818 0
9818 0
9818 0
9844 0
9844 0
9844 0
9844 0
9844 0
9844 0
9844 0
9844 0
9844 0
9844 0
9844 183
9844 0
9844 0
9844 0
9844 4
9844 0
9844 0
9844 0
9844 0
9844 0
9844 0
9844 0
9844 0
9844 0
9844 2
9844 0
9844 0
9844 0
9844 0
9844 0
9844 0
9852 0
9852 0
9852 0
9852 0
9852 0
9852 0
9852 0
9852 0
9852 0
9852 0
9852 266
9852 0
9852 0
9852 0
9852 1
9852 0
9852 0
9852 0
9852 0
9852 0
9852 0
9852 0
9852 0
9852 0
9852 6
9852 0
9852 0
9852 1
9852 0
9852 0
9852 0
9855 0
9855 0
9855 0
9855 0
9855 0
9855 0
9855 0
9855 0
9855 0
9855 0
9855 184
9855 0
9855 0
9855 0
9855 3
9855 0
9855 0
9855 0
9855 0
9855 0
9855 0
9855 0
9855 0
9855 0
9855 8
9855 0
9855 0
9855 0
9855 0
9855 0
9855 0
9858 0
9858 0
9858 0
9858 0
9858 0
9858 0
9858 0
9858 0
9858 0
9858 0
9858 113
9858 0
9858 0
9858 0
9858 2
9858 0
9858 0
9858 0
9858 0
9858 0
9858 0
9858 0
9858 0
9858 0
9858 0
9858 0
9858 0
9858 0
9858 0
9858 0
9858 0
9888 0
9888 0
9888 0
9888 0
9888 0
9888 0
9888 0
9888 0
9888 0
9888 0
9888 205
9888 0
9888 0
9888 0
9888 3
9888 0
9888 0
9888 0
9888 0
9888 0
9888 0
9888 0
9888 0
9888 0
9888 5
9888 0
9888 0
9888 0
9888 0
9888 0
9888 0
9896 0
9896 0
9896 0
9896 0
9896 0
9896 0
9896 0
9896 0
9896 0
9896 0
9896 113
9896 0
9896 0
9896 0
9896 2
9896 0
9896 0
9896 0
9896 0
9896 0
9896 0
9896 0
9896 0
9896 0
9896 0
9896 0
9896 0
9896 0
9896 0
9896 0
9896 0
9971 0
9971 0
9971 0
9971 0
9971 0
9971 0
9971 0
9971 0
9971 0
9971 0
9971 113
9971 0
9971 0
9971 0
9971 2
9971 0
9971 0
9971 0
9971 0
9971 0
9971 0
9971 0
9971 0
9971 0
9971 0
9971 0
9971 0
9971 0
9971 0
9971 0
9971 0
9975 0
9975 0
9975 0
9975 0
9975 0
9975 0
9975 0
9975 0
9975 0
9975 0
9975 85
9975 0
9975 0
9975 0
9975 0
9975 0
9975 0
9975 0
9975 0
9975 2
9975 0
9975 0
9975 0
9975 0
9975 8
9975 0
9975 0
9975 0
9975 0
9975 0
9975 0
9986 0
9986 0
9986 0
9986 0
9986 0
9986 0
9986 0
9986 0
9986 0
9986 0
9986 85
9986 0
9986 0
9986 0
9986 0
9986 0
9986 0
9986 0
9986 0
9986 2
9986 0
9986 0
9986 0
9986 0
9986 8
9986 0
9986 0
9986 0
9986 0
9986 0
9986 0
9989 0
9989 0
9989 0
9989 0
9989 0
9989 0
9989 0
9989 0
9989 0
9989 0
9989 266
9989 0
9989 0
9989 0
9989 1
9989 0
9989 0
9989 0
9989 0
9989 0
9989 0
9989 0
9989 0
9989 0
9989 6
9989 0
9989 0
9989 1
9989 0
9989 0
9989 0
10033 0
10033 0
10033 0
10033 0
10033 0
10033 0
10033 0
10033 0
10033 0
10033 0
10033 203
10033 0
10033 0
10033 0
10033 5
10033 0
10033 0
10033 0
10033 0
10033 0
10033 0
10033 0
10033 0
10033 0
10033 1
10033 0
10033 0
10033 0
10033 0
10033 0
10033 0
10056 0
10056 0
10056 0
10056 0
10056 0
10056 0
10056 0
10056 0
10056 0
10056 0
10056 113
10056 0
10056 0
10056 0
10056 2
10056 0
10056 0
10056 0
10056 0
10056 0
10056 0
10056 0
10056 0
10056 0
10056 0
10056 0
10056 0
10056 0
10056 0
10056 0
10056 0
10060 0
10060 0
10060 0
10060 0
10060 0
10060 0
10060 0
10060 0
10060 0
10060 0
10060 155
10060 0
10060 0
10060 0
10060 3
10060 0
10060 0
10060 0
10060 0
10060 1
10060 0
10060 0
10060 0
10060 0
10060 5
10060 0
10060 0
10060 1
10060 0
10060 0
10060 0
10116 0
10116 0
10116 0
10116 0
10116 0
10116 0
10116 0
10116 0
10116 0
10116 0
10116 85
10116 0
10116 0
10116 0
10116 0
10116 0
10116 0
10116 0
10116 0
10116 2
10116 0
10116 0
10116 0
10116 0
10116 8
10116 0
10116 0
10116 0
10116 0
10116 0
10116 0
10182 0
10182 0
10182 0
10182 0
10182 0
10182 0
10182 0
10182 0
10182 0
10182 0
10182 113
10182 0
10182 0
10182 0
10182 2
10182 0
10182 0
10182 0
10182 0
10182 0
10182 0
10182 0
10182 0
10182 0
10182 0
10182 0
10182 0
10182 0
10182 0
10182 0
10182 0
10222 0
10222 0
10222 0
10222 0
10222 0
10222 0
10222 0
10222 0
10222 0
10222 0
10222 82
10222 0
10222 0
10222 0
10222 0
10222 0
10222 0
10222 0
10222 0
10222 2
10222 0
10222 0
10222 0
10222 0
10222 7
10222 0
10222 0
10222 0
10222 0
10222 0
10222 0
10242 0
10242 0
10242 0
10242 0
10242 0
10242 0
10242 0
10242 0
10242 0
10242 0
10242 85
10242 0
10242 0
10242 0
10242 0
10242 0
10242 0
10242 0
10242 0
10242 2
10242 0
10242 0
10242 0
10242 0
10242 8
10242 0
10242 0
10242 0
10242 0
10242 0
10242 0
10254 0
10254 0
10254 0
10254 0
10254 0
10254 0
10254 0
10254 0
10254 0
10254 0
10254 155
10254 0
10254 0
10254 0
10254 3
10254 0
10254 0
10254 0
10254 0
10254 1
10254 0
10254 0
10254 0
10254 0
10254 5
10254 0
10254 0
10254 1
10254 0
10254 0
10254 0
10276 0
10276 0
10276 0
10276 0
10276 0
10276 0
10276 0
10276 0
10276 0
10276 0
10276 85
10276 0
10276 0
10276 0
10276 0
10276 0
10276 0
10276 0
10276 0
10276 2
10276 0
10276 0
10276 0
10276 0
10276 8
10276 0
10276 0
10276 0
10276 0
10276 0
10276 0
10313 0
10313 0
10313 0
10313 0
10313 0
10313 0
10313 0
10313 0
10313 0
10313 0
10313 266
10313 0
10313 0
10313 0
10313 1
10313 0
10313 0
10313 0
10313 0
10313 0
10313 0
10313 0
10313 0
10313 0
10313 6
10313 0
10313 0
10313 1
10313 0
10313 0
10313 0
10368 0
10368 0
10368 0
10368 0
10368 0
10368 0
10368 0
10368 0
10368 0
10368 0
10368 113
10368 0
10368 0
10368 0
10368 2
10368 0
10368 0
10368 0
10368 0
10368 0
10368 0
10368 0
10368 0
10368 0
10368 0
10368 0
10368 0
10368 0
10368 0
10368 0
10368 0
10427 0
10427 0
10427 0
10427 0
10427 0
10427 0
10427 0
10427 0
10427 0
10427 0
10427 134
10427 0
10427 0
10427 0
10427 3
10427 0
10427 0
10427 0
10427 0
10427 0
10427 0
10427 0
10427 0
10427 0
10427 2
10427 0
10427 0
10427 0
10427 0
10427 0
10427 0
10492 0
10492 0
10492 0
10492 0
10492 0
10492 0
10492 0
10492 0
10492 0
10492 0
10492 192
10492 0
10492 0
10492 0
10492 3
10492 0
10492 0
10492 0
10492 0
10492 0
10492 0
10492 10
10492 0
10492 0
10492 11
10492 0
10492 0
10492 0
10492 0
10492 0
10492 0
