pt_graph cpue_kghour
5000 0
5000 0
5000 0
5000 28588
5000 0
5000 0
5000 0
5000 0
5000 0
5000 0
5000 0
5000 0
5000 0
5000 0
5000 0
5000 0
5000 0
5000 0
5000 0
5000 0
5000 0
5000 0
5000 0
5000 0
5000 0
5000 0
5000 0
5000 0
5000 0
5000 0
5000 0
5078 0
5078 0
5078 0
5078 8590
5078 0
5078 0
5078 0
5078 0
5078 0
5078 0
5078 0
5078 0
5078 0
5078 0
5078 0
5078 0
5078 0
5078 0
5078 0
5078 0
5078 0
5078 0
5078 0
5078 0
5078 0
5078 0
5078 0
5078 0
5078 0
5078 0
5078 0
5279 0
5279 0
5279 0
5279 3267
5279 0
5279 0
5279 0
5279 0
5279 0
5279 0
5279 0
5279 0
5279 0
5279 0
5279 0
5279 0
5279 0
5279 0
5279 0
5279 0
5279 0
5279 0
5279 0
5279 0
5279 0
5279 0
5279 0
5279 0
5279 0
5279 0
5279 0
5328 0
5328 0
5328 0
5328 3267
5328 0
5328 0
5328 0
5328 0
5328 0
5328 0
5328 0
5328 0
5328 0
5328 0
5328 0
5328 0
5328 0
5328 0
5328 0
5328 0
5328 0
5328 0
5328 0
5328 0
5328 0
5328 0
5328 0
5328 0
5328 0
5328 0
5328 0
5448 0
5448 0
5448 0
5448 3267
5448 0
5448 0
5448 0
5448 0
5448 0
5448 0
5448 0
5448 0
5448 0
5448 0
5448 0
5448 0
5448 0
5448 0
5448 0
5448 0
5448 0
5448 0
5448 0
5448 0
5448 0
5448 0
5448 0
5448 0
5448 0
5448 0
5448 0
5538 0
5538 0
5538 0
5538 21160
5538 0
5538 0
5538 0
5538 0
5538 0
5538 0
5538 0
5538 0
5538 0
5538 0
5538 0
5538 0
5538 0
5538 0
5538 0
5538 0
5538 0
5538 0
5538 0
5538 0
5538 0
5538 0
5538 0
5538 0
5538 0
5538 0
5538 0
5737 0
5737 0
5737 0
5737 27100
5737 0
5737 0
5737 0
5737 0
5737 0
5737 0
5737 0
5737 0
5737 0
5737 0
5737 0
5737 0
5737 0
5737 0
5737 0
5737 0
5737 0
5737 0
5737 0
5737 0
5737 0
5737 0
5737 0
5737 0
5737 0
5737 0
5737 0
5800 0
5800 0
5800 0
5800 15032
5800 0
5800 0
5800 0
5800 0
5800 0
5800 0
5800 0
5800 0
5800 0
5800 0
5800 0
5800 0
5800 0
5800 0
5800 0
5800 0
5800 0
5800 0
5800 0
5800 0
5800 0
5800 0
5800 0
5800 0
5800 0
5800 0
5800 0
5842 0
5842 0
5842 0
5842 8667
5842 0
5842 0
5842 0
5842 0
5842 0
5842 0
5842 0
5842 0
5842 0
5842 0
5842 0
5842 0
5842 0
5842 0
5842 0
5842 0
5842 0
5842 0
5842 0
5842 0
5842 0
5842 0
5842 0
5842 0
5842 0
5842 0
5842 0
5853 0
5853 0
5853 0
5853 4333
5853 0
5853 0
5853 0
5853 0
5853 0
5853 0
5853 0
5853 0
5853 0
5853 0
5853 0
5853 0
5853 0
5853 0
5853 0
5853 0
5853 0
5853 0
5853 0
5853 0
5853 0
5853 0
5853 0
5853 0
5853 0
5853 0
5853 0
5930 0
5930 0
5930 0
5930 8667
5930 0
5930 0
5930 0
5930 0
5930 0
5930 0
5930 0
5930 0
5930 0
5930 0
5930 0
5930 0
5930 0
5930 0
5930 0
5930 0
5930 0
5930 0
5930 0
5930 0
5930 0
5930 0
5930 0
5930 0
5930 0
5930 0
5930 0
6513 0
6513 0
6513 0
6513 5010
6513 0
6513 0
6513 0
6513 0
6513 0
6513 0
6513 0
6513 0
6513 0
6513 0
6513 0
6513 0
6513 0
6513 0
6513 0
6513 0
6513 0
6513 0
6513 0
6513 0
6513 0
6513 0
6513 0
6513 0
6513 0
6513 0
6513 0
6665 0
6665 0
6665 0
6665 5010
6665 0
6665 0
6665 0
6665 0
6665 0
6665 0
6665 0
6665 0
6665 0
6665 0
6665 0
6665 0
6665 0
6665 0
6665 0
6665 0
6665 0
6665 0
6665 0
6665 0
6665 0
6665 0
6665 0
6665 0
6665 0
6665 0
6665 0
6880 0
6880 0
6880 0
6880 10019
6880 0
6880 0
6880 0
6880 0
6880 0
6880 0
6880 0
6880 0
6880 0
6880 0
6880 0
6880 0
6880 0
6880 0
6880 0
6880 0
6880 0
6880 0
6880 0
6880 0
6880 0
6880 0
6880 0
6880 0
6880 0
6880 0
6880 0
6924 0
6924 0
6924 0
6924 10019
6924 0
6924 0
6924 0
6924 0
6924 0
6924 0
6924 0
6924 0
6924 0
6924 0
6924 0
6924 0
6924 0
6924 0
6924 0
6924 0
6924 0
6924 0
6924 0
6924 0
6924 0
6924 0
6924 0
6924 0
6924 0
6924 0
6924 0
7052 0
7052 0
7052 0
7052 14848
7052 0
7052 0
7052 0
7052 0
7052 0
7052 0
7052 0
7052 0
7052 0
7052 0
7052 0
7052 0
7052 0
7052 0
7052 0
7052 0
7052 0
7052 0
7052 0
7052 0
7052 0
7052 0
7052 0
7052 0
7052 0
7052 0
7052 0
7053 0
7053 0
7053 0
7053 7793
7053 0
7053 0
7053 0
7053 600
7053 0
7053 0
7053 0
7053 0
7053 0
7053 0
7053 0
7053 0
7053 0
7053 0
7053 0
7053 0
7053 0
7053 0
7053 0
7053 0
7053 0
7053 0
7053 0
7053 0
7053 0
7053 0
7053 0
7173 0
7173 0
7173 0
7173 13967
7173 0
7173 0
7173 0
7173 488
7173 0
7173 0
7173 0
7173 0
7173 0
7173 0
7173 0
7173 0
7173 0
7173 0
7173 0
7173 0
7173 0
7173 0
7173 0
7173 0
7173 0
7173 0
7173 0
7173 0
7173 0
7173 0
7173 0
7219 0
7219 0
7219 0
7219 6972
7219 0
7219 0
7219 0
7219 224
7219 0
7219 0
7219 0
7219 0
7219 0
7219 0
7219 0
7219 0
7219 0
7219 0
7219 0
7219 0
7219 0
7219 0
7219 0
7219 0
7219 0
7219 0
7219 0
7219 0
7219 0
7219 0
7219 0
7232 0
7232 0
7232 0
7232 13943
7232 0
7232 0
7232 0
7232 448
7232 0
7232 0
7232 0
7232 0
7232 0
7232 0
7232 0
7232 0
7232 0
7232 0
7232 0
7232 0
7232 0
7232 0
7232 0
7232 0
7232 0
7232 0
7232 0
7232 0
7232 0
7232 0
7232 0
7239 0
7239 0
7239 0
7239 18061
7239 0
7239 0
7239 0
7239 1455
7239 0
7239 0
7239 0
7239 0
7239 0
7239 0
7239 0
7239 0
7239 0
7239 0
7239 0
7239 0
7239 0
7239 0
7239 0
7239 0
7239 0
7239 0
7239 0
7239 0
7239 0
7239 0
7239 0
7290 0
7290 0
7290 0
7290 11993
7290 0
7290 0
7290 0
7290 244
7290 0
7290 0
7290 0
7290 0
7290 0
7290 0
7290 0
7290 0
7290 0
7290 0
7290 0
7290 0
7290 0
7290 0
7290 0
7290 0
7290 0
7290 0
7290 0
7290 0
7290 0
7290 0
7290 0
