pt_graph cpue_kghour
1021 0
1021 0
1021 0
1021 0
1021 0
1021 0
1021 0
1021 0
1021 0
1021 0
1021 93
1021 0
1021 0
1021 0
1021 0
1021 0
1021 0
1021 0
1021 0
1021 18
1021 0
1021 27
1021 0
1021 0
1021 18
1021 0
1021 0
1021 0
1021 0
1021 0
1021 0
1061 0
1061 0
1061 0
1061 0
1061 0
1061 0
1061 0
1061 0
1061 0
1061 0
1061 93
1061 0
1061 0
1061 0
1061 0
1061 0
1061 0
1061 0
1061 0
1061 18
1061 0
1061 27
1061 0
1061 0
1061 18
1061 0
1061 0
1061 0
1061 0
1061 0
1061 0
1064 0
1064 0
1064 0
1064 0
1064 0
1064 0
1064 0
1064 0
1064 0
1064 0
1064 38
1064 0
1064 0
1064 0
1064 0
1064 0
1064 0
1064 0
1064 0
1064 44
1064 0
1064 73
1064 0
1064 0
1064 52
1064 0
1064 0
1064 1
1064 0
1064 0
1064 0
1115 0
1115 0
1115 0
1115 0
1115 0
1115 0
1115 0
1115 0
1115 0
1115 0
1115 38
1115 0
1115 0
1115 0
1115 0
1115 0
1115 0
1115 0
1115 0
1115 44
1115 0
1115 73
1115 0
1115 0
1115 52
1115 0
1115 0
1115 1
1115 0
1115 0
1115 0
1123 0
1123 0
1123 0
1123 0
1123 0
1123 0
1123 0
1123 0
1123 0
1123 0
1123 84
1123 0
1123 0
1123 0
1123 0
1123 0
1123 0
1123 0
1123 0
1123 34
1123 0
1123 69
1123 0
1123 0
1123 29
1123 0
1123 0
1123 1
1123 0
1123 0
1123 0
1162 0
1162 0
1162 0
1162 0
1162 0
1162 0
1162 0
1162 0
1162 0
1162 0
1162 137
1162 0
1162 0
1162 0
1162 0
1162 0
1162 0
1162 0
1162 0
1162 17
1162 0
1162 28
1162 0
1162 0
1162 29
1162 0
1162 0
1162 1
1162 0
1162 0
1162 0
1170 0
1170 0
1170 0
1170 0
1170 0
1170 0
1170 0
1170 0
1170 0
1170 0
1170 38
1170 0
1170 0
1170 0
1170 0
1170 0
1170 0
1170 0
1170 0
1170 44
1170 0
1170 73
1170 0
1170 0
1170 52
1170 0
1170 0
1170 1
1170 0
1170 0
1170 0
1222 0
1222 0
1222 0
1222 0
1222 0
1222 0
1222 0
1222 0
1222 0
1222 0
1222 93
1222 0
1222 0
1222 0
1222 0
1222 0
1222 0
1222 0
1222 0
1222 18
1222 0
1222 27
1222 0
1222 0
1222 18
1222 0
1222 0
1222 0
1222 0
1222 0
1222 0
1333 0
1333 0
1333 0
1333 0
1333 0
1333 0
1333 0
1333 0
1333 0
1333 0
1333 114
1333 0
1333 0
1333 0
1333 0
1333 0
1333 0
1333 0
1333 0
1333 39
1333 0
1333 81
1333 0
1333 0
1333 107
1333 0
1333 0
1333 2
1333 0
1333 0
1333 0
1442 0
1442 0
1442 0
1442 0
1442 0
1442 0
1442 0
1442 0
1442 0
1442 0
1442 83
1442 0
1442 0
1442 0
1442 0
1442 0
1442 0
1442 0
1442 0
1442 39
1442 0
1442 67
1442 0
1442 0
1442 109
1442 0
1442 0
1442 1
1442 0
1442 0
1442 0
1523 0
1523 0
1523 0
1523 0
1523 0
1523 0
1523 0
1523 0
1523 0
1523 0
1523 93
1523 0
1523 0
1523 0
1523 0
1523 0
1523 0
1523 0
1523 0
1523 18
1523 0
1523 27
1523 0
1523 0
1523 18
1523 0
1523 0
1523 0
1523 0
1523 0
1523 0
1554 0
1554 0
1554 0
1554 0
1554 0
1554 0
1554 0
1554 0
1554 0
1554 0
1554 271
1554 0
1554 0
1554 0
1554 0
1554 0
1554 0
1554 0
1554 0
1554 27
1554 0
1554 68
1554 0
1554 0
1554 40
1554 0
1554 0
1554 2
1554 0
1554 0
1554 0
1736 0
1736 0
1736 0
1736 0
1736 0
1736 0
1736 0
1736 0
1736 0
1736 0
1736 61
1736 0
1736 0
1736 0
1736 0
1736 0
1736 0
1736 0
1736 0
1736 32
1736 0
1736 51
1736 0
1736 0
1736 169
1736 0
1736 0
1736 1
1736 0
1736 0
1736 0
1748 0
1748 0
1748 0
1748 0
1748 0
1748 0
1748 0
1748 0
1748 0
1748 0
1748 93
1748 0
1748 0
1748 0
1748 0
1748 0
1748 0
1748 0
1748 0
1748 18
1748 0
1748 27
1748 0
1748 0
1748 18
1748 0
1748 0
1748 0
1748 0
1748 0
1748 0
1796 0
1796 0
1796 0
1796 0
1796 0
1796 0
1796 0
1796 0
1796 0
1796 0
1796 134
1796 0
1796 0
1796 0
1796 0
1796 0
1796 0
1796 0
1796 0
1796 7
1796 0
1796 0
1796 0
1796 0
1796 3
1796 0
1796 0
1796 0
1796 0
1796 0
1796 0
1806 0
1806 0
1806 0
1806 0
1806 0
1806 0
1806 0
1806 0
1806 0
1806 0
1806 148
1806 0
1806 0
1806 0
1806 0
1806 0
1806 0
1806 0
1806 0
1806 37
1806 0
1806 53
1806 0
1806 0
1806 23
1806 0
1806 0
1806 3
1806 0
1806 0
1806 0
1863 0
1863 0
1863 0
1863 0
1863 0
1863 0
1863 0
1863 0
1863 0
1863 0
1863 176
1863 0
1863 0
1863 0
1863 0
1863 0
1863 0
1863 0
1863 0
1863 82
1863 0
1863 147
1863 0
1863 0
1863 148
1863 0
1863 0
1863 9
1863 0
1863 0
1863 0
1873 0
1873 0
1873 0
1873 0
1873 0
1873 0
1873 0
1873 0
1873 0
1873 0
1873 170
1873 0
1873 0
1873 0
1873 0
1873 0
1873 0
1873 0
1873 0
1873 79
1873 0
1873 142
1873 0
1873 0
1873 143
1873 0
1873 0
1873 8
1873 0
1873 0
1873 0
1874 0
1874 0
1874 0
1874 0
1874 0
1874 0
1874 0
1874 0
1874 0
1874 0
1874 116
1874 0
1874 0
1874 0
1874 0
1874 0
1874 0
1874 0
1874 0
1874 69
1874 0
1874 36
1874 0
1874 0
1874 306
1874 0
1874 0
1874 2
1874 0
1874 0
1874 0
1879 0
1879 0
1879 0
1879 0
1879 0
1879 0
1879 0
1879 0
1879 0
1879 0
1879 134
1879 0
1879 0
1879 0
1879 0
1879 0
1879 0
1879 0
1879 0
1879 7
1879 0
1879 0
1879 0
1879 0
1879 3
1879 0
1879 0
1879 0
1879 0
1879 0
1879 0
1898 0
1898 0
1898 0
1898 0
1898 0
1898 0
1898 0
1898 0
1898 0
1898 0
1898 163
1898 0
1898 0
1898 0
1898 0
1898 0
1898 0
1898 0
1898 0
1898 13
1898 0
1898 18
1898 0
1898 0
1898 8
1898 0
1898 0
1898 1
1898 0
1898 0
1898 0
1904 0
1904 0
1904 0
1904 0
1904 0
1904 0
1904 0
1904 0
1904 0
1904 0
1904 43
1904 0
1904 0
1904 0
1904 0
1904 0
1904 0
1904 0
1904 0
1904 59
1904 0
1904 40
1904 0
1904 0
1904 102
1904 0
1904 0
1904 2
1904 0
1904 0
1904 0
1935 0
1935 0
1935 0
1935 0
1935 0
1935 0
1935 0
1935 0
1935 0
1935 0
1935 278
1935 0
1935 0
1935 0
1935 0
1935 0
1935 0
1935 0
1935 0
1935 54
1935 0
1935 27
1935 0
1935 0
1935 43
1935 0
1935 1
1935 2
1935 0
1935 0
1935 0
1999 0
1999 0
1999 0
1999 0
1999 0
1999 0
1999 0
1999 0
1999 0
1999 0
1999 116
1999 0
1999 0
1999 0
1999 0
1999 0
1999 0
1999 0
1999 0
1999 69
1999 0
1999 36
1999 0
1999 0
1999 306
1999 0
1999 0
1999 2
1999 0
1999 0
1999 0
2032 0
2032 0
2032 0
2032 0
2032 0
2032 0
2032 0
2032 0
2032 0
2032 0
2032 43
2032 0
2032 0
2032 0
2032 0
2032 0
2032 0
2032 0
2032 0
2032 59
2032 0
2032 40
2032 0
2032 0
2032 102
2032 0
2032 0
2032 2
2032 0
2032 0
2032 0
2040 0
2040 0
2040 0
2040 0
2040 0
2040 0
2040 0
2040 0
2040 0
2040 0
2040 263
2040 0
2040 0
2040 0
2040 0
2040 0
2040 0
2040 0
2040 0
2040 29
2040 0
2040 6
2040 0
2040 0
2040 6
2040 0
2040 0
2040 0
2040 0
2040 0
2040 0
2068 0
2068 0
2068 0
2068 0
2068 0
2068 0
2068 0
2068 0
2068 0
2068 0
2068 408
2068 0
2068 0
2068 0
2068 0
2068 0
2068 0
2068 0
2068 0
2068 70
2068 0
2068 0
2068 0
2068 0
2068 63
2068 0
2068 1
2068 0
2068 0
2068 0
2068 0
2078 0
2078 0
2078 0
2078 0
2078 0
2078 0
2078 0
2078 0
2078 0
2078 0
2078 424
2078 0
2078 0
2078 0
2078 0
2078 0
2078 0
2078 0
2078 0
2078 16
2078 0
2078 0
2078 0
2078 0
2078 14
2078 0
2078 0
2078 0
2078 0
2078 0
2078 0
2089 0
2089 0
2089 0
2089 0
2089 0
2089 0
2089 0
2089 0
2089 0
2089 0
2089 448
2089 0
2089 0
2089 0
2089 0
2089 0
2089 0
2089 0
2089 0
2089 36
2089 0
2089 4
2089 0
2089 0
2089 20
2089 0
2089 0
2089 0
2089 0
2089 0
2089 0
2097 0
2097 0
2097 0
2097 0
2097 0
2097 0
2097 0
2097 0
2097 0
2097 0
2097 238
2097 0
2097 0
2097 0
2097 0
2097 0
2097 0
2097 0
2097 0
2097 64
2097 0
2097 12
2097 0
2097 0
2097 28
2097 0
2097 0
2097 0
2097 0
2097 0
2097 0
2115 0
2115 0
2115 0
2115 0
2115 0
2115 0
2115 0
2115 0
2115 0
2115 0
2115 1708
2115 0
2115 0
2115 0
2115 0
2115 0
2115 0
2115 0
2115 0
2115 46
2115 0
2115 0
2115 0
2115 0
2115 33
2115 0
2115 0
2115 0
2115 0
2115 0
2115 0
2130 0
2130 0
2130 0
2130 0
2130 0
2130 0
2130 0
2130 0
2130 0
2130 0
2130 268
2130 0
2130 0
2130 0
2130 0
2130 0
2130 0
2130 0
2130 0
2130 17
2130 0
2130 2
2130 0
2130 0
2130 20
2130 0
2130 0
2130 0
2130 0
2130 0
2130 0
2146 0
2146 0
2146 0
2146 0
2146 0
2146 0
2146 0
2146 0
2146 0
2146 0
2146 262
2146 0
2146 0
2146 0
2146 0
2146 0
2146 0
2146 0
2146 0
2146 70
2146 0
2146 18
2146 0
2146 0
2146 185
2146 0
2146 1
2146 1
2146 0
2146 0
2146 0
2212 0
2212 0
2212 0
2212 0
2212 0
2212 0
2212 0
2212 0
2212 0
2212 0
2212 465
2212 0
2212 0
2212 0
2212 0
2212 0
2212 0
2212 0
2212 0
2212 49
2212 0
2212 2
2212 0
2212 0
2212 29
2212 0
2212 0
2212 2
2212 0
2212 0
2212 0
2259 0
2259 0
2259 0
2259 0
2259 0
2259 0
2259 0
2259 0
2259 0
2259 0
2259 515
2259 0
2259 0
2259 0
2259 0
2259 0
2259 0
2259 0
2259 0
2259 43
2259 0
2259 11
2259 0
2259 0
2259 39
2259 0
2259 0
2259 1
2259 0
2259 0
2259 0
2266 0
2266 0
2266 0
2266 0
2266 0
2266 0
2266 0
2266 0
2266 0
2266 0
2266 973
2266 0
2266 0
2266 0
2266 0
2266 0
2266 0
2266 0
2266 0
2266 55
2266 0
2266 6
2266 0
2266 0
2266 31
2266 0
2266 0
2266 0
2266 0
2266 0
2266 0
2281 0
2281 0
2281 0
2281 0
2281 0
2281 0
2281 0
2281 0
2281 0
2281 0
2281 64
2281 0
2281 0
2281 0
2281 0
2281 0
2281 0
2281 0
2281 0
2281 107
2281 0
2281 0
2281 0
2281 0
2281 70
2281 0
2281 0
2281 6
2281 0
2281 0
2281 0
2299 0
2299 0
2299 0
2299 0
2299 0
2299 0
2299 0
2299 0
2299 0
2299 0
2299 268
2299 0
2299 0
2299 0
2299 0
2299 0
2299 0
2299 0
2299 0
2299 17
2299 0
2299 2
2299 0
2299 0
2299 20
2299 0
2299 0
2299 0
2299 0
2299 0
2299 0
2332 0
2332 0
2332 0
2332 0
2332 0
2332 0
2332 0
2332 0
2332 0
2332 0
2332 844
2332 0
2332 0
2332 0
2332 0
2332 0
2332 0
2332 0
2332 0
2332 35
2332 0
2332 11
2332 0
2332 0
2332 37
2332 0
2332 0
2332 0
2332 0
2332 0
2332 0
2396 0
2396 0
2396 0
2396 0
2396 0
2396 0
2396 0
2396 0
2396 0
2396 0
2396 1570
2396 0
2396 0
2396 0
2396 0
2396 0
2396 0
2396 0
2396 0
2396 168
2396 0
2396 45
2396 0
2396 0
2396 158
2396 0
2396 3
2396 1
2396 0
2396 0
2396 0
2419 0
2419 0
2419 0
2419 0
2419 0
2419 0
2419 0
2419 0
2419 0
2419 0
2419 64
2419 0
2419 0
2419 0
2419 0
2419 0
2419 0
2419 0
2419 0
2419 107
2419 0
2419 0
2419 0
2419 0
2419 70
2419 0
2419 0
2419 6
2419 0
2419 0
2419 0
2477 0
2477 0
2477 0
2477 0
2477 0
2477 0
2477 0
2477 0
2477 0
2477 0
2477 1095
2477 0
2477 0
2477 0
2477 0
2477 0
2477 0
2477 0
2477 0
2477 105
2477 0
2477 17
2477 0
2477 0
2477 55
2477 0
2477 1
2477 0
2477 0
2477 0
2477 0
2647 0
2647 0
2647 0
2647 0
2647 0
2647 0
2647 0
2647 0
2647 0
2647 0
2647 824
2647 0
2647 0
2647 0
2647 0
2647 0
2647 0
2647 0
2647 0
2647 35
2647 0
2647 0
2647 0
2647 0
2647 5
2647 0
2647 0
2647 0
2647 0
2647 0
2647 0
2770 0
2770 0
2770 0
2770 0
2770 0
2770 0
2770 0
2770 0
2770 0
2770 0
2770 999
2770 0
2770 0
2770 0
2770 0
2770 0
2770 0
2770 0
2770 0
2770 0
2770 0
2770 0
2770 0
2770 0
2770 0
2770 0
2770 0
2770 0
2770 0
2770 0
2770 0
2809 0
2809 0
2809 0
2809 0
2809 0
2809 0
2809 0
2809 0
2809 0
2809 0
2809 43
2809 0
2809 0
2809 0
2809 0
2809 0
2809 0
2809 0
2809 0
2809 59
2809 0
2809 40
2809 0
2809 0
2809 102
2809 0
2809 0
2809 2
2809 0
2809 0
2809 0
2880 0
2880 0
2880 0
2880 0
2880 0
2880 0
2880 0
2880 0
2880 0
2880 0
2880 479
2880 0
2880 0
2880 0
2880 0
2880 0
2880 0
2880 0
2880 0
2880 25
2880 0
2880 0
2880 0
2880 0
2880 2
2880 0
2880 0
2880 1
2880 0
2880 0
2880 0
3004 0
3004 0
3004 0
3004 0
3004 0
3004 0
3004 0
3004 0
3004 0
3004 0
3004 49
3004 0
3004 0
3004 0
3004 0
3004 0
3004 0
3004 0
3004 0
3004 1
3004 0
3004 0
3004 0
3004 0
3004 0
3004 0
3004 0
3004 0
3004 0
3004 0
3004 0
4094 0
4094 0
4094 0
4094 0
4094 0
4094 0
4094 0
4094 0
4094 0
4094 0
4094 29
4094 0
4094 0
4094 0
4094 0
4094 0
4094 0
4094 0
4094 0
4094 107
4094 0
4094 34
4094 0
4094 0
4094 15
4094 0
4094 0
4094 2
4094 0
4094 0
4094 0
4273 0
4273 0
4273 0
4273 0
4273 0
4273 0
4273 0
4273 0
4273 0
4273 0
4273 29
4273 0
4273 0
4273 0
4273 0
4273 0
4273 0
4273 0
4273 0
4273 107
4273 0
4273 34
4273 0
4273 0
4273 15
4273 0
4273 0
4273 2
4273 0
4273 0
4273 0
4293 0
4293 0
4293 0
4293 0
4293 0
4293 0
4293 0
4293 0
4293 0
4293 0
4293 29
4293 0
4293 0
4293 0
4293 0
4293 0
4293 0
4293 0
4293 0
4293 107
4293 0
4293 34
4293 0
4293 0
4293 15
4293 0
4293 0
4293 2
4293 0
4293 0
4293 0
4470 0
4470 0
4470 0
4470 0
4470 0
4470 0
4470 0
4470 0
4470 0
4470 0
4470 29
4470 0
4470 0
4470 0
4470 0
4470 0
4470 0
4470 0
4470 0
4470 107
4470 0
4470 34
4470 0
4470 0
4470 15
4470 0
4470 0
4470 2
4470 0
4470 0
4470 0
4757 0
4757 0
4757 0
4757 0
4757 0
4757 0
4757 0
4757 0
4757 0
4757 0
4757 29
4757 0
4757 0
4757 0
4757 0
4757 0
4757 0
4757 0
4757 0
4757 107
4757 0
4757 34
4757 0
4757 0
4757 15
4757 0
4757 0
4757 2
4757 0
4757 0
4757 0
