pt_graph scale
6786 0
6786 0
6786 0
6786 0
6786 0
6786 0
6786 0
6786 0
6786 0
6786 0
6786 0
6786 0
6786 0
6786 0
6786 0
6786 0
6786 0
6786 0
6786 0
6786 50
6786 0
6786 1
6786 0
6786 0
6786 0
6786 0
6786 0
6786 0
6786 0
6786 0
6786 0
6788 0
6788 0
6788 0
6788 0
6788 0
6788 0
6788 0
6788 0
6788 0
6788 0
6788 31
6788 0
6788 0
6788 0
6788 0
6788 0
6788 0
6788 0
6788 0
6788 0
6788 0
6788 34
6788 0
6788 0
6788 0
6788 0
6788 0
6788 0
6788 0
6788 0
6788 0
6796 0
6796 0
6796 0
6796 0
6796 0
6796 0
6796 0
6796 0
6796 0
6796 0
6796 0
6796 0
6796 0
6796 0
6796 0
6796 0
6796 0
6796 0
6796 0
6796 50
6796 0
6796 1
6796 0
6796 0
6796 0
6796 0
6796 0
6796 0
6796 0
6796 0
6796 0
6860 0
6860 0
6860 0
6860 0
6860 0
6860 0
6860 0
6860 0
6860 0
6860 0
6860 0
6860 0
6860 0
6860 0
6860 0
6860 0
6860 0
6860 0
6860 0
6860 50
6860 0
6860 1
6860 0
6860 0
6860 0
6860 0
6860 0
6860 0
6860 0
6860 0
6860 0
6887 0
6887 0
6887 0
6887 0
6887 0
6887 0
6887 0
6887 0
6887 0
6887 0
6887 0
6887 0
6887 0
6887 0
6887 0
6887 0
6887 0
6887 0
6887 0
6887 50
6887 0
6887 1
6887 0
6887 0
6887 0
6887 0
6887 0
6887 0
6887 0
6887 0
6887 0
6961 0
6961 0
6961 0
6961 0
6961 0
6961 0
6961 0
6961 0
6961 0
6961 0
6961 31
6961 0
6961 0
6961 0
6961 0
6961 0
6961 0
6961 0
6961 0
6961 0
6961 0
6961 34
6961 0
6961 0
6961 0
6961 0
6961 0
6961 0
6961 0
6961 0
6961 0
6977 0
6977 0
6977 0
6977 0
6977 0
6977 0
6977 0
6977 0
6977 0
6977 0
6977 2
6977 0
6977 0
6977 0
6977 0
6977 0
6977 0
6977 0
6977 0
6977 99
6977 0
6977 129
6977 0
6977 0
6977 2
6977 0
6977 0
6977 0
6977 0
6977 0
6977 0
7016 0
7016 0
7016 0
7016 0
7016 0
7016 0
7016 0
7016 0
7016 0
7016 0
7016 0
7016 0
7016 0
7016 0
7016 0
7016 0
7016 0
7016 0
7016 0
7016 50
7016 0
7016 1
7016 0
7016 0
7016 0
7016 0
7016 0
7016 0
7016 0
7016 0
7016 0
7021 0
7021 0
7021 0
7021 0
7021 0
7021 0
7021 0
7021 0
7021 0
7021 0
7021 531
7021 0
7021 0
7021 0
7021 0
7021 0
7021 0
7021 0
7021 0
7021 24
7021 0
7021 74
7021 0
7021 0
7021 23
7021 0
7021 0
7021 2
7021 0
7021 0
7021 0
7086 0
7086 0
7086 0
7086 0
7086 0
7086 0
7086 0
7086 0
7086 0
7086 0
7086 0
7086 0
7086 0
7086 0
7086 0
7086 0
7086 0
7086 0
7086 0
7086 53
7086 0
7086 56
7086 0
7086 0
7086 0
7086 0
7086 0
7086 0
7086 0
7086 0
7086 0
7144 0
7144 0
7144 0
7144 0
7144 0
7144 0
7144 0
7144 0
7144 0
7144 0
7144 0
7144 0
7144 0
7144 0
7144 0
7144 0
7144 0
7144 0
7144 0
7144 0
7144 0
7144 34
7144 0
7144 0
7144 1
7144 0
7144 0
7144 0
7144 0
7144 0
7144 0
7149 0
7149 0
7149 0
7149 0
7149 0
7149 0
7149 0
7149 0
7149 0
7149 0
7149 1
7149 0
7149 0
7149 0
7149 0
7149 0
7149 0
7149 0
7149 0
7149 26
7149 0
7149 58
7149 0
7149 0
7149 2
7149 0
7149 0
7149 0
7149 0
7149 0
7149 0
7180 0
7180 0
7180 0
7180 0
7180 0
7180 0
7180 0
7180 0
7180 0
7180 0
7180 0
7180 0
7180 0
7180 0
7180 0
7180 0
7180 0
7180 0
7180 0
7180 50
7180 0
7180 1
7180 0
7180 0
7180 0
7180 0
7180 0
7180 0
7180 0
7180 0
7180 0
7190 0
7190 0
7190 0
7190 0
7190 0
7190 0
7190 0
7190 0
7190 0
7190 0
7190 0
7190 0
7190 0
7190 0
7190 0
7190 0
7190 0
7190 0
7190 0
7190 50
7190 0
7190 1
7190 0
7190 0
7190 0
7190 0
7190 0
7190 0
7190 0
7190 0
7190 0
7201 0
7201 0
7201 0
7201 0
7201 0
7201 0
7201 0
7201 0
7201 0
7201 0
7201 531
7201 0
7201 0
7201 0
7201 0
7201 0
7201 0
7201 0
7201 0
7201 2
7201 0
7201 400
7201 0
7201 0
7201 145
7201 0
7201 0
7201 1
7201 0
7201 0
7201 0
7225 0
7225 0
7225 0
7225 0
7225 0
7225 0
7225 0
7225 0
7225 0
7225 0
7225 0
7225 0
7225 0
7225 0
7225 0
7225 0
7225 0
7225 0
7225 0
7225 50
7225 0
7225 1
7225 0
7225 0
7225 0
7225 0
7225 0
7225 0
7225 0
7225 0
7225 0
7252 0
7252 0
7252 0
7252 0
7252 0
7252 0
7252 0
7252 0
7252 0
7252 0
7252 73
7252 0
7252 0
7252 0
7252 0
7252 0
7252 0
7252 0
7252 0
7252 84
7252 0
7252 263
7252 0
7252 0
7252 50
7252 0
7252 0
7252 1
7252 0
7252 0
7252 0
7287 0
7287 0
7287 0
7287 0
7287 0
7287 0
7287 0
7287 0
7287 0
7287 0
7287 176
7287 0
7287 0
7287 0
7287 1
7287 0
7287 0
7287 0
7287 0
7287 0
7287 0
7287 79
7287 0
7287 0
7287 2
7287 0
7287 0
7287 0
7287 0
7287 0
7287 0
7320 0
7320 0
7320 0
7320 0
7320 0
7320 0
7320 0
7320 0
7320 0
7320 0
7320 2
7320 0
7320 0
7320 0
7320 0
7320 0
7320 0
7320 0
7320 0
7320 15
7320 0
7320 174
7320 0
7320 0
7320 4
7320 0
7320 0
7320 2
7320 0
7320 0
7320 0
7331 0
7331 0
7331 0
7331 0
7331 0
7331 0
7331 0
7331 0
7331 0
7331 0
7331 40
7331 0
7331 0
7331 0
7331 0
7331 0
7331 0
7331 0
7331 0
7331 34
7331 0
7331 286
7331 0
7331 0
7331 54
7331 0
7331 0
7331 0
7331 0
7331 0
7331 0
7348 0
7348 0
7348 0
7348 0
7348 0
7348 0
7348 0
7348 0
7348 0
7348 0
7348 41
7348 0
7348 0
7348 0
7348 0
7348 0
7348 0
7348 0
7348 0
7348 2
7348 0
7348 263
7348 0
7348 0
7348 3
7348 0
7348 0
7348 0
7348 0
7348 0
7348 0
7359 0
7359 0
7359 0
7359 0
7359 0
7359 0
7359 0
7359 0
7359 0
7359 0
7359 0
7359 0
7359 0
7359 0
7359 0
7359 0
7359 0
7359 0
7359 0
7359 50
7359 0
7359 1
7359 0
7359 0
7359 0
7359 0
7359 0
7359 0
7359 0
7359 0
7359 0
7392 0
7392 0
7392 0
7392 0
7392 0
7392 0
7392 0
7392 0
7392 0
7392 0
7392 72
7392 0
7392 0
7392 0
7392 0
7392 0
7392 0
7392 0
7392 0
7392 26
7392 0
7392 306
7392 0
7392 0
7392 58
7392 0
7392 0
7392 0
7392 0
7392 0
7392 0
7429 0
7429 0
7429 0
7429 0
7429 0
7429 0
7429 0
7429 0
7429 0
7429 0
7429 133
7429 0
7429 0
7429 0
7429 0
7429 0
7429 0
7429 0
7429 0
7429 43
7429 0
7429 4
7429 0
7429 0
7429 8
7429 0
7429 0
7429 1
7429 0
7429 0
7429 0
7510 0
7510 0
7510 0
7510 0
7510 0
7510 0
7510 0
7510 0
7510 0
7510 0
7510 1
7510 0
7510 0
7510 0
7510 0
7510 0
7510 0
7510 0
7510 0
7510 26
7510 0
7510 58
7510 0
7510 0
7510 2
7510 0
7510 0
7510 0
7510 0
7510 0
7510 0
7538 0
7538 0
7538 0
7538 0
7538 0
7538 0
7538 0
7538 0
7538 0
7538 0
7538 36
7538 0
7538 0
7538 0
7538 0
7538 0
7538 0
7538 0
7538 0
7538 89
7538 0
7538 554
7538 0
7538 0
7538 123
7538 0
7538 0
7538 0
7538 0
7538 0
7538 0
7619 0
7619 0
7619 0
7619 0
7619 0
7619 0
7619 0
7619 0
7619 0
7619 0
7619 39
7619 0
7619 0
7619 0
7619 0
7619 0
7619 0
7619 0
7619 0
7619 0
7619 0
7619 0
7619 0
7619 0
7619 0
7619 0
7619 0
7619 0
7619 0
7619 0
7619 0
7628 0
7628 0
7628 0
7628 0
7628 0
7628 0
7628 0
7628 0
7628 0
7628 0
7628 0
7628 0
7628 0
7628 0
7628 0
7628 0
7628 0
7628 0
7628 0
7628 5
7628 0
7628 1
7628 0
7628 0
7628 0
7628 0
7628 0
7628 0
7628 0
7628 0
7628 0
7644 0
7644 0
7644 0
7644 0
7644 0
7644 0
7644 0
7644 0
7644 0
7644 0
7644 67
7644 0
7644 0
7644 0
7644 0
7644 0
7644 0
7644 0
7644 0
7644 2
7644 0
7644 58
7644 0
7644 0
7644 0
7644 0
7644 0
7644 0
7644 0
7644 0
7644 0
7647 0
7647 0
7647 0
7647 0
7647 0
7647 0
7647 0
7647 0
7647 0
7647 0
7647 39
7647 0
7647 0
7647 0
7647 0
7647 0
7647 0
7647 0
7647 0
7647 0
7647 0
7647 0
7647 0
7647 0
7647 0
7647 0
7647 0
7647 0
7647 0
7647 0
7647 0
7691 0
7691 0
7691 0
7691 0
7691 0
7691 0
7691 0
7691 0
7691 0
7691 0
7691 34
7691 0
7691 0
7691 0
7691 0
7691 0
7691 0
7691 0
7691 0
7691 32
7691 0
7691 147
7691 0
7691 0
7691 24
7691 0
7691 0
7691 0
7691 0
7691 0
7691 0
7709 0
7709 0
7709 0
7709 0
7709 0
7709 0
7709 0
7709 0
7709 0
7709 0
7709 140
7709 0
7709 0
7709 0
7709 0
7709 0
7709 0
7709 0
7709 0
7709 80
7709 0
7709 105
7709 0
7709 0
7709 28
7709 0
7709 0
7709 0
7709 0
7709 0
7709 0
7758 0
7758 0
7758 0
7758 0
7758 0
7758 0
7758 0
7758 0
7758 0
7758 0
7758 1
7758 0
7758 0
7758 0
7758 0
7758 0
7758 0
7758 0
7758 0
7758 1
7758 0
7758 29
7758 0
7758 0
7758 0
7758 0
7758 0
7758 0
7758 0
7758 0
7758 0
7762 0
7762 0
7762 0
7762 0
7762 0
7762 0
7762 0
7762 0
7762 0
7762 0
7762 707
7762 0
7762 0
7762 0
7762 0
7762 0
7762 0
7762 0
7762 0
7762 17
7762 0
7762 533
7762 0
7762 0
7762 92
7762 0
7762 0
7762 1
7762 0
7762 0
7762 0
7783 0
7783 0
7783 0
7783 0
7783 0
7783 0
7783 0
7783 0
7783 0
7783 0
7783 0
7783 0
7783 0
7783 0
7783 0
7783 0
7783 0
7783 0
7783 0
7783 50
7783 0
7783 1
7783 0
7783 0
7783 0
7783 0
7783 0
7783 0
7783 0
7783 0
7783 0
7868 0
7868 0
7868 0
7868 0
7868 0
7868 0
7868 0
7868 0
7868 0
7868 0
7868 14
7868 0
7868 0
7868 0
7868 0
7868 0
7868 0
7868 0
7868 0
7868 0
7868 0
7868 79
7868 0
7868 0
7868 2
7868 0
7868 0
7868 0
7868 0
7868 0
7868 0
7903 0
7903 0
7903 0
7903 0
7903 0
7903 0
7903 0
7903 0
7903 0
7903 0
7903 506
7903 0
7903 0
7903 0
7903 0
7903 0
7903 0
7903 0
7903 0
7903 0
7903 0
7903 0
7903 0
7903 0
7903 2
7903 0
7903 0
7903 0
7903 0
7903 0
7903 0
7951 0
7951 0
7951 0
7951 0
7951 0
7951 0
7951 0
7951 0
7951 0
7951 0
7951 14
7951 0
7951 0
7951 0
7951 0
7951 0
7951 0
7951 0
7951 0
7951 0
7951 0
7951 79
7951 0
7951 0
7951 2
7951 0
7951 0
7951 0
7951 0
7951 0
7951 0
7970 0
7970 0
7970 0
7970 0
7970 0
7970 0
7970 0
7970 0
7970 0
7970 0
7970 35
7970 0
7970 0
7970 0
7970 0
7970 0
7970 0
7970 0
7970 0
7970 1
7970 0
7970 80
7970 0
7970 0
7970 0
7970 0
7970 0
7970 0
7970 0
7970 0
7970 0
7973 0
7973 0
7973 0
7973 0
7973 0
7973 0
7973 0
7973 0
7973 0
7973 0
7973 139
7973 0
7973 0
7973 0
7973 0
7973 0
7973 0
7973 0
7973 0
7973 0
7973 0
7973 181
7973 0
7973 0
7973 135
7973 0
7973 0
7973 0
7973 0
7973 0
7973 0
7979 0
7979 0
7979 0
7979 0
7979 0
7979 0
7979 0
7979 0
7979 0
7979 0
7979 88
7979 0
7979 0
7979 0
7979 0
7979 0
7979 0
7979 0
7979 0
7979 0
7979 0
7979 0
7979 0
7979 0
7979 0
7979 0
7979 0
7979 0
7979 0
7979 0
7979 0
8014 0
8014 0
8014 0
8014 0
8014 0
8014 0
8014 0
8014 0
8014 0
8014 0
8014 0
8014 0
8014 0
8014 0
8014 0
8014 0
8014 0
8014 0
8014 0
8014 37
8014 0
8014 54
8014 0
8014 0
8014 0
8014 0
8014 0
8014 0
8014 0
8014 0
8014 0
8036 0
8036 0
8036 0
8036 0
8036 0
8036 0
8036 0
8036 0
8036 0
8036 0
8036 139
8036 0
8036 0
8036 0
8036 0
8036 0
8036 0
8036 0
8036 0
8036 0
8036 0
8036 181
8036 0
8036 0
8036 135
8036 0
8036 0
8036 0
8036 0
8036 0
8036 0
8038 0
8038 0
8038 0
8038 0
8038 0
8038 0
8038 0
8038 0
8038 0
8038 0
8038 173
8038 0
8038 0
8038 0
8038 71
8038 0
8038 0
8038 0
8038 0
8038 87
8038 0
8038 884
8038 0
8038 0
8038 534
8038 0
8038 0
8038 6
8038 0
8038 0
8038 0
8062 0
8062 0
8062 0
8062 0
8062 0
8062 0
8062 0
8062 0
8062 0
8062 0
8062 506
8062 0
8062 0
8062 0
8062 0
8062 0
8062 0
8062 0
8062 0
8062 0
8062 0
8062 0
8062 0
8062 0
8062 2
8062 0
8062 0
8062 0
8062 0
8062 0
8062 0
8126 0
8126 0
8126 0
8126 0
8126 0
8126 0
8126 0
8126 0
8126 0
8126 0
8126 175
8126 0
8126 0
8126 0
8126 0
8126 0
8126 0
8126 0
8126 0
8126 0
8126 0
8126 0
8126 0
8126 0
8126 0
8126 0
8126 0
8126 0
8126 0
8126 0
8126 0
8157 0
8157 0
8157 0
8157 0
8157 0
8157 0
8157 0
8157 0
8157 0
8157 0
8157 352
8157 0
8157 0
8157 0
8157 1
8157 0
8157 0
8157 0
8157 0
8157 0
8157 0
8157 2
8157 0
8157 0
8157 0
8157 0
8157 0
8157 0
8157 0
8157 0
8157 0
8160 0
8160 0
8160 0
8160 0
8160 0
8160 0
8160 0
8160 0
8160 0
8160 0
8160 353
8160 0
8160 0
8160 0
8160 0
8160 0
8160 0
8160 0
8160 0
8160 0
8160 0
8160 65
8160 0
8160 0
8160 0
8160 0
8160 0
8160 0
8160 0
8160 0
8160 0
8194 0
8194 0
8194 0
8194 0
8194 0
8194 0
8194 0
8194 0
8194 0
8194 0
8194 841
8194 0
8194 0
8194 0
8194 5
8194 0
8194 0
8194 0
8194 0
8194 0
8194 0
8194 101
8194 0
8194 0
8194 0
8194 0
8194 0
8194 0
8194 0
8194 0
8194 0
8210 0
8210 0
8210 0
8210 0
8210 0
8210 0
8210 0
8210 0
8210 0
8210 0
8210 481
8210 0
8210 0
8210 0
8210 1
8210 0
8210 0
8210 0
8210 0
8210 0
8210 0
8210 34
8210 0
8210 0
8210 0
8210 0
8210 0
8210 0
8210 0
8210 0
8210 0
8230 0
8230 0
8230 0
8230 0
8230 0
8230 0
8230 0
8230 0
8230 0
8230 0
8230 352
8230 0
8230 0
8230 0
8230 1
8230 0
8230 0
8230 0
8230 0
8230 0
8230 0
8230 2
8230 0
8230 0
8230 0
8230 0
8230 0
8230 0
8230 0
8230 0
8230 0
8231 0
8231 0
8231 0
8231 0
8231 0
8231 0
8231 0
8231 0
8231 0
8231 0
8231 675
8231 0
8231 0
8231 0
8231 0
8231 0
8231 0
8231 0
8231 0
8231 0
8231 0
8231 165
8231 0
8231 0
8231 0
8231 0
8231 0
8231 2
8231 0
8231 0
8231 0
8233 0
8233 0
8233 0
8233 0
8233 0
8233 0
8233 0
8233 0
8233 0
8233 0
8233 316
8233 0
8233 0
8233 0
8233 0
8233 0
8233 0
8233 0
8233 0
8233 0
8233 0
8233 87
8233 0
8233 0
8233 0
8233 0
8233 0
8233 0
8233 0
8233 0
8233 0
8258 0
8258 0
8258 0
8258 0
8258 0
8258 0
8258 0
8258 0
8258 0
8258 0
8258 175
8258 0
8258 0
8258 0
8258 0
8258 0
8258 0
8258 0
8258 0
8258 0
8258 0
8258 0
8258 0
8258 0
8258 0
8258 0
8258 0
8258 0
8258 0
8258 0
8258 0
8275 0
8275 0
8275 0
8275 0
8275 0
8275 0
8275 0
8275 0
8275 0
8275 0
8275 353
8275 0
8275 0
8275 0
8275 0
8275 0
8275 0
8275 0
8275 0
8275 0
8275 0
8275 65
8275 0
8275 0
8275 0
8275 0
8275 0
8275 0
8275 0
8275 0
8275 0
8283 0
8283 0
8283 0
8283 0
8283 0
8283 0
8283 0
8283 0
8283 0
8283 0
8283 481
8283 0
8283 0
8283 0
8283 1
8283 0
8283 0
8283 0
8283 0
8283 0
8283 0
8283 34
8283 0
8283 0
8283 0
8283 0
8283 0
8283 0
8283 0
8283 0
8283 0
8314 0
8314 0
8314 0
8314 0
8314 0
8314 0
8314 0
8314 0
8314 0
8314 0
8314 1053
8314 0
8314 0
8314 0
8314 7
8314 0
8314 0
8314 0
8314 0
8314 0
8314 0
8314 101
8314 0
8314 0
8314 0
8314 0
8314 0
8314 0
8314 0
8314 0
8314 0
8332 0
8332 0
8332 0
8332 0
8332 0
8332 0
8332 0
8332 0
8332 0
8332 0
8332 353
8332 0
8332 0
8332 0
8332 0
8332 0
8332 0
8332 0
8332 0
8332 0
8332 0
8332 65
8332 0
8332 0
8332 0
8332 0
8332 0
8332 0
8332 0
8332 0
8332 0
8339 0
8339 0
8339 0
8339 0
8339 0
8339 0
8339 0
8339 0
8339 0
8339 0
8339 175
8339 0
8339 0
8339 0
8339 0
8339 0
8339 0
8339 0
8339 0
8339 0
8339 0
8339 0
8339 0
8339 0
8339 0
8339 0
8339 0
8339 0
8339 0
8339 0
8339 0
8354 0
8354 0
8354 0
8354 0
8354 0
8354 0
8354 0
8354 0
8354 0
8354 0
8354 316
8354 0
8354 0
8354 0
8354 0
8354 0
8354 0
8354 0
8354 0
8354 0
8354 0
8354 87
8354 0
8354 0
8354 0
8354 0
8354 0
8354 0
8354 0
8354 0
8354 0
8362 0
8362 0
8362 0
8362 0
8362 0
8362 0
8362 0
8362 0
8362 0
8362 0
8362 316
8362 0
8362 0
8362 0
8362 0
8362 0
8362 0
8362 0
8362 0
8362 0
8362 0
8362 87
8362 0
8362 0
8362 0
8362 0
8362 0
8362 0
8362 0
8362 0
8362 0
8365 0
8365 0
8365 0
8365 0
8365 0
8365 0
8365 0
8365 0
8365 0
8365 0
8365 353
8365 0
8365 0
8365 0
8365 0
8365 0
8365 0
8365 0
8365 0
8365 0
8365 0
8365 65
8365 0
8365 0
8365 0
8365 0
8365 0
8365 0
8365 0
8365 0
8365 0
8371 0
8371 0
8371 0
8371 0
8371 0
8371 0
8371 0
8371 0
8371 0
8371 0
8371 316
8371 0
8371 0
8371 0
8371 0
8371 0
8371 0
8371 0
8371 0
8371 0
8371 0
8371 87
8371 0
8371 0
8371 0
8371 0
8371 0
8371 0
8371 0
8371 0
8371 0
8386 0
8386 0
8386 0
8386 0
8386 0
8386 0
8386 0
8386 0
8386 0
8386 0
8386 352
8386 0
8386 0
8386 0
8386 1
8386 0
8386 0
8386 0
8386 0
8386 0
8386 0
8386 2
8386 0
8386 0
8386 0
8386 0
8386 0
8386 0
8386 0
8386 0
8386 0
8392 0
8392 0
8392 0
8392 0
8392 0
8392 0
8392 0
8392 0
8392 0
8392 0
8392 697
8392 0
8392 0
8392 0
8392 6
8392 0
8392 0
8392 0
8392 0
8392 0
8392 0
8392 34
8392 0
8392 0
8392 0
8392 0
8392 0
8392 0
8392 0
8392 0
8392 0
8466 0
8466 0
8466 0
8466 0
8466 0
8466 0
8466 0
8466 0
8466 0
8466 0
8466 175
8466 0
8466 0
8466 0
8466 0
8466 0
8466 0
8466 0
8466 0
8466 0
8466 0
8466 0
8466 0
8466 0
8466 0
8466 0
8466 0
8466 0
8466 0
8466 0
8466 0
9342 0
9342 0
9342 0
9342 0
9342 0
9342 0
9342 0
9342 0
9342 0
9342 0
9342 74
9342 0
9342 0
9342 0
9342 0
9342 0
9342 0
9342 0
9342 0
9342 0
9342 0
9342 21
9342 0
9342 0
9342 78
9342 0
9342 0
9342 0
9342 0
9342 0
9342 0
9521 0
9521 0
9521 0
9521 0
9521 0
9521 0
9521 0
9521 0
9521 0
9521 0
9521 74
9521 0
9521 0
9521 0
9521 0
9521 0
9521 0
9521 0
9521 0
9521 0
9521 0
9521 21
9521 0
9521 0
9521 78
9521 0
9521 0
9521 0
9521 0
9521 0
9521 0
9590 0
9590 0
9590 0
9590 0
9590 0
9590 0
9590 0
9590 0
9590 0
9590 0
9590 165
9590 0
9590 0
9590 0
9590 0
9590 0
9590 0
9590 0
9590 0
9590 0
9590 0
9590 85
9590 0
9590 0
9590 73
9590 0
9590 0
9590 0
9590 0
9590 0
9590 0
9717 0
9717 0
9717 0
9717 0
9717 0
9717 0
9717 0
9717 0
9717 0
9717 0
9717 74
9717 0
9717 0
9717 0
9717 0
9717 0
9717 0
9717 0
9717 0
9717 0
9717 0
9717 21
9717 0
9717 0
9717 78
9717 0
9717 0
9717 0
9717 0
9717 0
9717 0
9808 0
9808 0
9808 0
9808 0
9808 0
9808 0
9808 0
9808 0
9808 0
9808 0
9808 165
9808 0
9808 0
9808 0
9808 0
9808 0
9808 0
9808 0
9808 0
9808 0
9808 0
9808 85
9808 0
9808 0
9808 73
9808 0
9808 0
9808 0
9808 0
9808 0
9808 0
9858 0
9858 0
9858 0
9858 0
9858 0
9858 0
9858 0
9858 0
9858 0
9858 0
9858 74
9858 0
9858 0
9858 0
9858 0
9858 0
9858 0
9858 0
9858 0
9858 0
9858 0
9858 21
9858 0
9858 0
9858 78
9858 0
9858 0
9858 0
9858 0
9858 0
9858 0
9914 0
9914 0
9914 0
9914 0
9914 0
9914 0
9914 0
9914 0
9914 0
9914 0
9914 74
9914 0
9914 0
9914 0
9914 0
9914 0
9914 0
9914 0
9914 0
9914 0
9914 0
9914 21
9914 0
9914 0
9914 78
9914 0
9914 0
9914 0
9914 0
9914 0
9914 0
9975 0
9975 0
9975 0
9975 0
9975 0
9975 0
9975 0
9975 0
9975 0
9975 0
9975 279
9975 0
9975 0
9975 0
9975 0
9975 0
9975 0
9975 0
9975 0
9975 0
9975 0
9975 128
9975 0
9975 0
9975 163
9975 0
9975 0
9975 0
9975 0
9975 0
9975 0
