pt_graph cpue_kghour
807 0
807 0
807 0
807 0
807 0
807 0
807 0
807 0
807 0
807 0
807 24
807 0
807 0
807 0
807 0
807 0
807 0
807 0
807 0
807 3
807 0
807 100
807 0
807 0
807 430
807 0
807 0
807 0
807 0
807 0
807 0
815 0
815 0
815 0
815 0
815 0
815 0
815 0
815 0
815 0
815 0
815 94
815 0
815 0
815 0
815 0
815 0
815 0
815 0
815 0
815 8
815 0
815 18
815 0
815 0
815 31
815 0
815 0
815 0
815 0
815 0
815 0
828 0
828 0
828 0
828 0
828 0
828 0
828 0
828 0
828 0
828 0
828 190
828 0
828 0
828 0
828 0
828 0
828 0
828 0
828 0
828 1
828 0
828 7
828 0
828 0
828 15
828 0
828 0
828 0
828 0
828 0
828 0
838 0
838 0
838 0
838 0
838 0
838 0
838 0
838 0
838 0
838 0
838 197
838 0
838 0
838 0
838 0
838 0
838 0
838 0
838 0
838 13
838 0
838 48
838 0
838 0
838 48
838 0
838 0
838 0
838 0
838 0
838 0
844 0
844 0
844 0
844 0
844 0
844 0
844 0
844 0
844 0
844 0
844 79
844 0
844 0
844 0
844 0
844 0
844 0
844 0
844 0
844 9
844 0
844 34
844 0
844 0
844 49
844 0
844 0
844 0
844 0
844 0
844 0
864 0
864 0
864 0
864 0
864 0
864 0
864 0
864 0
864 0
864 0
864 129
864 0
864 0
864 0
864 0
864 0
864 0
864 0
864 0
864 11
864 0
864 45
864 0
864 0
864 58
864 0
864 0
864 0
864 0
864 0
864 0
865 0
865 0
865 0
865 0
865 0
865 0
865 0
865 0
865 0
865 0
865 165
865 0
865 0
865 0
865 0
865 0
865 0
865 0
865 0
865 9
865 0
865 31
865 0
865 0
865 43
865 0
865 0
865 0
865 0
865 0
865 0
874 0
874 0
874 0
874 0
874 0
874 0
874 0
874 0
874 0
874 0
874 19
874 0
874 0
874 0
874 0
874 0
874 0
874 0
874 0
874 7
874 0
874 20
874 0
874 0
874 219
874 0
874 0
874 0
874 0
874 0
874 0
875 0
875 0
875 0
875 0
875 0
875 0
875 0
875 0
875 0
875 0
875 597
875 0
875 0
875 0
875 0
875 0
875 0
875 0
875 0
875 7
875 0
875 23
875 0
875 0
875 27
875 0
875 0
875 0
875 0
875 0
875 0
880 0
880 0
880 0
880 0
880 0
880 0
880 0
880 0
880 0
880 0
880 201
880 0
880 0
880 0
880 0
880 0
880 0
880 0
880 0
880 12
880 0
880 41
880 0
880 0
880 227
880 0
880 0
880 0
880 0
880 0
880 0
895 0
895 0
895 0
895 0
895 0
895 0
895 0
895 0
895 0
895 0
895 41
895 0
895 0
895 0
895 0
895 0
895 0
895 0
895 0
895 9
895 0
895 35
895 0
895 0
895 56
895 0
895 0
895 0
895 0
895 0
895 0
904 0
904 0
904 0
904 0
904 0
904 0
904 0
904 0
904 0
904 0
904 47
904 0
904 0
904 0
904 0
904 0
904 0
904 0
904 0
904 8
904 0
904 34
904 0
904 0
904 44
904 0
904 0
904 0
904 0
904 0
904 0
905 0
905 0
905 0
905 0
905 0
905 0
905 0
905 0
905 0
905 0
905 185
905 0
905 0
905 0
905 0
905 0
905 0
905 0
905 0
905 16
905 0
905 43
905 0
905 0
905 45
905 0
905 0
905 0
905 0
905 0
905 0
909 0
909 0
909 0
909 0
909 0
909 0
909 0
909 0
909 0
909 0
909 47
909 0
909 0
909 0
909 0
909 0
909 0
909 0
909 0
909 8
909 0
909 36
909 0
909 0
909 117
909 0
909 0
909 0
909 0
909 0
909 0
912 0
912 0
912 0
912 0
912 0
912 0
912 0
912 0
912 0
912 0
912 100
912 0
912 0
912 0
912 0
912 0
912 0
912 0
912 0
912 8
912 0
912 69
912 0
912 0
912 78
912 0
912 0
912 0
912 0
912 0
912 0
916 0
916 0
916 0
916 0
916 0
916 0
916 0
916 0
916 0
916 0
916 64
916 0
916 0
916 0
916 0
916 0
916 0
916 0
916 0
916 5
916 0
916 4
916 0
916 0
916 13
916 0
916 0
916 0
916 0
916 0
916 0
918 0
918 0
918 0
918 0
918 0
918 0
918 0
918 0
918 0
918 0
918 60
918 0
918 0
918 0
918 0
918 0
918 0
918 0
918 0
918 15
918 0
918 25
918 0
918 0
918 32
918 0
918 0
918 0
918 0
918 0
918 0
923 0
923 0
923 0
923 0
923 0
923 0
923 0
923 0
923 0
923 0
923 32
923 0
923 0
923 0
923 0
923 0
923 0
923 0
923 0
923 8
923 0
923 58
923 0
923 0
923 246
923 0
923 0
923 0
923 0
923 0
923 0
924 0
924 0
924 0
924 0
924 0
924 0
924 0
924 0
924 0
924 0
924 19
924 0
924 0
924 0
924 0
924 0
924 0
924 0
924 0
924 7
924 0
924 20
924 0
924 0
924 219
924 0
924 0
924 0
924 0
924 0
924 0
935 0
935 0
935 0
935 0
935 0
935 0
935 0
935 0
935 0
935 0
935 42
935 0
935 0
935 0
935 0
935 0
935 0
935 0
935 0
935 8
935 0
935 46
935 0
935 0
935 60
935 0
935 0
935 0
935 0
935 0
935 0
941 0
941 0
941 0
941 0
941 0
941 0
941 0
941 0
941 0
941 0
941 29
941 0
941 0
941 0
941 0
941 0
941 0
941 0
941 0
941 7
941 0
941 18
941 0
941 0
941 68
941 0
941 0
941 0
941 0
941 0
941 0
946 0
946 0
946 0
946 0
946 0
946 0
946 0
946 0
946 0
946 0
946 30
946 0
946 0
946 0
946 0
946 0
946 0
946 0
946 0
946 7
946 0
946 17
946 0
946 0
946 89
946 0
946 0
946 0
946 0
946 0
946 0
950 0
950 0
950 0
950 0
950 0
950 0
950 0
950 0
950 0
950 0
950 64
950 0
950 0
950 0
950 0
950 0
950 0
950 0
950 0
950 5
950 0
950 4
950 0
950 0
950 13
950 0
950 0
950 0
950 0
950 0
950 0
954 0
954 0
954 0
954 0
954 0
954 0
954 0
954 0
954 0
954 0
954 82
954 0
954 0
954 0
954 0
954 0
954 0
954 0
954 0
954 8
954 0
954 37
954 0
954 0
954 96
954 0
954 0
954 0
954 0
954 0
954 0
955 0
955 0
955 0
955 0
955 0
955 0
955 0
955 0
955 0
955 0
955 32
955 0
955 0
955 0
955 0
955 0
955 0
955 0
955 0
955 6
955 0
955 7
955 0
955 0
955 13
955 0
955 0
955 0
955 0
955 0
955 0
964 0
964 0
964 0
964 0
964 0
964 0
964 0
964 0
964 0
964 0
964 47
964 0
964 0
964 0
964 0
964 0
964 0
964 0
964 0
964 5
964 0
964 9
964 0
964 0
964 10
964 0
964 0
964 0
964 0
964 0
964 0
965 0
965 0
965 0
965 0
965 0
965 0
965 0
965 0
965 0
965 0
965 36
965 0
965 0
965 0
965 0
965 0
965 0
965 0
965 0
965 9
965 0
965 34
965 0
965 0
965 74
965 0
965 0
965 0
965 0
965 0
965 0
975 0
975 0
975 0
975 0
975 0
975 0
975 0
975 0
975 0
975 0
975 47
975 0
975 0
975 0
975 0
975 0
975 0
975 0
975 0
975 5
975 0
975 9
975 0
975 0
975 10
975 0
975 0
975 0
975 0
975 0
975 0
976 0
976 0
976 0
976 0
976 0
976 0
976 0
976 0
976 0
976 0
976 46
976 0
976 0
976 0
976 0
976 0
976 0
976 0
976 0
976 7
976 0
976 19
976 0
976 0
976 42
976 0
976 0
976 0
976 0
976 0
976 0
977 0
977 0
977 0
977 0
977 0
977 0
977 0
977 0
977 0
977 0
977 82
977 0
977 0
977 0
977 0
977 0
977 0
977 0
977 0
977 5
977 0
977 13
977 0
977 0
977 10
977 0
977 0
977 0
977 0
977 0
977 0
979 0
979 0
979 0
979 0
979 0
979 0
979 0
979 0
979 0
979 0
979 21
979 0
979 0
979 0
979 0
979 0
979 0
979 0
979 0
979 4
979 0
979 10
979 0
979 0
979 8
979 0
979 0
979 0
979 0
979 0
979 0
991 0
991 0
991 0
991 0
991 0
991 0
991 0
991 0
991 0
991 0
991 40
991 0
991 0
991 0
991 0
991 0
991 0
991 0
991 0
991 3
991 0
991 7
991 0
991 0
991 8
991 0
991 0
991 0
991 0
991 0
991 0
994 0
994 0
994 0
994 0
994 0
994 0
994 0
994 0
994 0
994 0
994 1470
994 0
994 0
994 0
994 0
994 0
994 0
994 0
994 0
994 0
994 0
994 11
994 0
994 0
994 0
994 0
994 0
994 0
994 0
994 0
994 0
995 0
995 0
995 0
995 0
995 0
995 0
995 0
995 0
995 0
995 0
995 71
995 0
995 0
995 0
995 0
995 0
995 0
995 0
995 0
995 6
995 0
995 22
995 0
995 0
995 12
995 0
995 0
995 0
995 0
995 0
995 0
999 0
999 0
999 0
999 0
999 0
999 0
999 0
999 0
999 0
999 0
999 83
999 0
999 0
999 0
999 0
999 0
999 0
999 0
999 0
999 7
999 0
999 19
999 0
999 0
999 49
999 0
999 0
999 0
999 0
999 0
999 0
1000 0
1000 0
1000 0
1000 0
1000 0
1000 0
1000 0
1000 0
1000 0
1000 0
1000 75
1000 0
1000 0
1000 0
1000 0
1000 0
1000 0
1000 0
1000 0
1000 7
1000 0
1000 31
1000 0
1000 0
1000 12
1000 0
1000 0
1000 0
1000 0
1000 0
1000 0
1002 0
1002 0
1002 0
1002 0
1002 0
1002 0
1002 0
1002 0
1002 0
1002 0
1002 170
1002 0
1002 0
1002 0
1002 0
1002 0
1002 0
1002 0
1002 0
1002 11
1002 0
1002 50
1002 0
1002 0
1002 65
1002 0
1002 0
1002 0
1002 0
1002 0
1002 0
1004 0
1004 0
1004 0
1004 0
1004 0
1004 0
1004 0
1004 0
1004 0
1004 0
1004 31
1004 0
1004 0
1004 0
1004 0
1004 0
1004 0
1004 0
1004 0
1004 9
1004 0
1004 24
1004 0
1004 0
1004 73
1004 0
1004 0
1004 0
1004 0
1004 0
1004 0
1005 0
1005 0
1005 0
1005 0
1005 0
1005 0
1005 0
1005 0
1005 0
1005 0
1005 117
1005 0
1005 0
1005 0
1005 0
1005 0
1005 0
1005 0
1005 0
1005 7
1005 0
1005 12
1005 0
1005 0
1005 12
1005 0
1005 0
1005 0
1005 0
1005 0
1005 0
1012 0
1012 0
1012 0
1012 0
1012 0
1012 0
1012 0
1012 0
1012 0
1012 0
1012 129
1012 0
1012 0
1012 0
1012 0
1012 0
1012 0
1012 0
1012 0
1012 20
1012 0
1012 120
1012 0
1012 0
1012 91
1012 0
1012 0
1012 0
1012 0
1012 0
1012 0
1013 0
1013 0
1013 0
1013 0
1013 0
1013 0
1013 0
1013 0
1013 0
1013 0
1013 48
1013 0
1013 0
1013 0
1013 0
1013 0
1013 0
1013 0
1013 0
1013 4
1013 0
1013 10
1013 0
1013 0
1013 11
1013 0
1013 0
1013 0
1013 0
1013 0
1013 0
1015 0
1015 0
1015 0
1015 0
1015 0
1015 0
1015 0
1015 0
1015 0
1015 0
1015 21
1015 0
1015 0
1015 0
1015 0
1015 0
1015 0
1015 0
1015 0
1015 4
1015 0
1015 10
1015 0
1015 0
1015 8
1015 0
1015 0
1015 0
1015 0
1015 0
1015 0
1017 0
1017 0
1017 0
1017 0
1017 0
1017 0
1017 0
1017 0
1017 0
1017 0
1017 34
1017 0
1017 0
1017 0
1017 0
1017 0
1017 0
1017 0
1017 0
1017 9
1017 0
1017 48
1017 0
1017 0
1017 80
1017 0
1017 0
1017 0
1017 0
1017 0
1017 0
1022 0
1022 0
1022 0
1022 0
1022 0
1022 0
1022 0
1022 0
1022 0
1022 0
1022 16
1022 0
1022 0
1022 0
1022 0
1022 0
1022 0
1022 0
1022 0
1022 0
1022 0
1022 0
1022 0
1022 0
1022 0
1022 0
1022 0
1022 0
1022 0
1022 0
1022 0
1029 0
1029 0
1029 0
1029 0
1029 0
1029 0
1029 0
1029 0
1029 0
1029 0
1029 89
1029 0
1029 0
1029 0
1029 0
1029 0
1029 0
1029 0
1029 0
1029 7
1029 0
1029 22
1029 0
1029 0
1029 17
1029 0
1029 0
1029 1
1029 0
1029 0
1029 0
1032 0
1032 0
1032 0
1032 0
1032 0
1032 0
1032 0
1032 0
1032 0
1032 0
1032 26
1032 0
1032 0
1032 0
1032 0
1032 0
1032 0
1032 0
1032 0
1032 7
1032 0
1032 21
1032 0
1032 0
1032 16
1032 0
1032 0
1032 0
1032 0
1032 0
1032 0
1033 0
1033 0
1033 0
1033 0
1033 0
1033 0
1033 0
1033 0
1033 0
1033 0
1033 25
1033 0
1033 0
1033 0
1033 0
1033 0
1033 0
1033 0
1033 0
1033 7
1033 0
1033 20
1033 0
1033 0
1033 81
1033 0
1033 0
1033 0
1033 0
1033 0
1033 0
1034 0
1034 0
1034 0
1034 0
1034 0
1034 0
1034 0
1034 0
1034 0
1034 0
1034 144
1034 0
1034 0
1034 0
1034 0
1034 0
1034 0
1034 0
1034 0
1034 6
1034 0
1034 23
1034 0
1034 0
1034 39
1034 0
1034 0
1034 0
1034 0
1034 0
1034 0
1042 0
1042 0
1042 0
1042 0
1042 0
1042 0
1042 0
1042 0
1042 0
1042 0
1042 51
1042 0
1042 0
1042 0
1042 0
1042 0
1042 0
1042 0
1042 0
1042 6
1042 0
1042 20
1042 0
1042 0
1042 31
1042 0
1042 0
1042 0
1042 0
1042 0
1042 0
1059 0
1059 0
1059 0
1059 0
1059 0
1059 0
1059 0
1059 0
1059 0
1059 0
1059 56
1059 0
1059 0
1059 0
1059 0
1059 0
1059 0
1059 0
1059 0
1059 3
1059 0
1059 11
1059 0
1059 0
1059 10
1059 0
1059 0
1059 0
1059 0
1059 0
1059 0
1063 0
1063 0
1063 0
1063 0
1063 0
1063 0
1063 0
1063 0
1063 0
1063 0
1063 47
1063 0
1063 0
1063 0
1063 0
1063 0
1063 0
1063 0
1063 0
1063 5
1063 0
1063 9
1063 0
1063 0
1063 10
1063 0
1063 0
1063 0
1063 0
1063 0
1063 0
1064 0
1064 0
1064 0
1064 0
1064 0
1064 0
1064 0
1064 0
1064 0
1064 0
1064 30
1064 0
1064 0
1064 0
1064 0
1064 0
1064 0
1064 0
1064 0
1064 4
1064 0
1064 14
1064 0
1064 0
1064 12
1064 0
1064 0
1064 0
1064 0
1064 0
1064 0
1066 0
1066 0
1066 0
1066 0
1066 0
1066 0
1066 0
1066 0
1066 0
1066 0
1066 132
1066 0
1066 0
1066 0
1066 0
1066 0
1066 0
1066 0
1066 0
1066 8
1066 0
1066 23
1066 0
1066 0
1066 13
1066 0
1066 0
1066 0
1066 0
1066 0
1066 0
1084 0
1084 0
1084 0
1084 0
1084 0
1084 0
1084 0
1084 0
1084 0
1084 0
1084 165
1084 0
1084 0
1084 0
1084 0
1084 0
1084 0
1084 0
1084 0
1084 12
1084 0
1084 33
1084 0
1084 0
1084 34
1084 0
1084 0
1084 0
1084 0
1084 0
1084 0
1119 0
1119 0
1119 0
1119 0
1119 0
1119 0
1119 0
1119 0
1119 0
1119 0
1119 89
1119 0
1119 0
1119 0
1119 0
1119 0
1119 0
1119 0
1119 0
1119 7
1119 0
1119 22
1119 0
1119 0
1119 17
1119 0
1119 0
1119 1
1119 0
1119 0
1119 0
1124 0
1124 0
1124 0
1124 0
1124 0
1124 0
1124 0
1124 0
1124 0
1124 0
1124 19
1124 0
1124 0
1124 0
1124 0
1124 0
1124 0
1124 0
1124 0
1124 3
1124 0
1124 9
1124 0
1124 0
1124 7
1124 0
1124 0
1124 0
1124 0
1124 0
1124 0
1162 0
1162 0
1162 0
1162 0
1162 0
1162 0
1162 0
1162 0
1162 0
1162 0
1162 75
1162 0
1162 0
1162 0
1162 0
1162 0
1162 0
1162 0
1162 0
1162 7
1162 0
1162 31
1162 0
1162 0
1162 12
1162 0
1162 0
1162 0
1162 0
1162 0
1162 0
1170 0
1170 0
1170 0
1170 0
1170 0
1170 0
1170 0
1170 0
1170 0
1170 0
1170 31
1170 0
1170 0
1170 0
1170 0
1170 0
1170 0
1170 0
1170 0
1170 2
1170 0
1170 5
1170 0
1170 0
1170 5
1170 0
1170 0
1170 0
1170 0
1170 0
1170 0
1186 0
1186 0
1186 0
1186 0
1186 0
1186 0
1186 0
1186 0
1186 0
1186 0
1186 30
1186 0
1186 0
1186 0
1186 0
1186 0
1186 0
1186 0
1186 0
1186 4
1186 0
1186 14
1186 0
1186 0
1186 12
1186 0
1186 0
1186 0
1186 0
1186 0
1186 0
4038 0
4038 0
4038 0
4038 0
4038 0
4038 0
4038 0
4038 0
4038 0
4038 0
4038 88
4038 0
4038 0
4038 0
4038 0
4038 0
4038 0
4038 0
4038 0
4038 5
4038 0
4038 1
4038 0
4038 0
4038 0
4038 0
4038 0
4038 0
4038 0
4038 0
4038 0
4278 0
4278 0
4278 0
4278 0
4278 0
4278 0
4278 0
4278 0
4278 0
4278 0
4278 88
4278 0
4278 0
4278 0
4278 0
4278 0
4278 0
4278 0
4278 0
4278 5
4278 0
4278 1
4278 0
4278 0
4278 0
4278 0
4278 0
4278 0
4278 0
4278 0
4278 0
4525 0
4525 0
4525 0
4525 0
4525 0
4525 0
4525 0
4525 0
4525 0
4525 0
4525 88
4525 0
4525 0
4525 0
4525 0
4525 0
4525 0
4525 0
4525 0
4525 5
4525 0
4525 1
4525 0
4525 0
4525 0
4525 0
4525 0
4525 0
4525 0
4525 0
4525 0
4532 0
4532 0
4532 0
4532 0
4532 0
4532 0
4532 0
4532 0
4532 0
4532 0
4532 88
4532 0
4532 0
4532 0
4532 0
4532 0
4532 0
4532 0
4532 0
4532 5
4532 0
4532 1
4532 0
4532 0
4532 0
4532 0
4532 0
4532 0
4532 0
4532 0
4532 0
4576 0
4576 0
4576 0
4576 0
4576 0
4576 0
4576 0
4576 0
4576 0
4576 0
4576 87
4576 0
4576 0
4576 0
4576 0
4576 0
4576 0
4576 0
4576 0
4576 5
4576 0
4576 1
4576 0
4576 0
4576 0
4576 0
4576 0
4576 0
4576 0
4576 0
4576 0
4724 0
4724 0
4724 0
4724 0
4724 0
4724 0
4724 0
4724 0
4724 0
4724 0
4724 41
4724 0
4724 0
4724 0
4724 0
4724 0
4724 0
4724 0
4724 0
4724 21
4724 0
4724 1
4724 0
4724 0
4724 0
4724 0
4724 0
4724 0
4724 0
4724 0
4724 0
4855 0
4855 0
4855 0
4855 0
4855 0
4855 0
4855 0
4855 0
4855 0
4855 0
4855 41
4855 0
4855 0
4855 0
4855 0
4855 0
4855 0
4855 0
4855 0
4855 21
4855 0
4855 1
4855 0
4855 0
4855 0
4855 0
4855 0
4855 0
4855 0
4855 0
4855 0
4865 0
4865 0
4865 0
4865 0
4865 0
4865 0
4865 0
4865 0
4865 0
4865 0
4865 41
4865 0
4865 0
4865 0
4865 0
4865 0
4865 0
4865 0
4865 0
4865 21
4865 0
4865 1
4865 0
4865 0
4865 0
4865 0
4865 0
4865 0
4865 0
4865 0
4865 0
4879 0
4879 0
4879 0
4879 0
4879 0
4879 0
4879 0
4879 0
4879 0
4879 0
4879 88
4879 0
4879 0
4879 0
4879 0
4879 0
4879 0
4879 0
4879 0
4879 5
4879 0
4879 1
4879 0
4879 0
4879 0
4879 0
4879 0
4879 0
4879 0
4879 0
4879 0
4923 0
4923 0
4923 0
4923 0
4923 0
4923 0
4923 0
4923 0
4923 0
4923 0
4923 41
4923 0
4923 0
4923 0
4923 0
4923 0
4923 0
4923 0
4923 0
4923 21
4923 0
4923 1
4923 0
4923 0
4923 0
4923 0
4923 0
4923 0
4923 0
4923 0
4923 0
5260 0
5260 0
5260 0
5260 0
5260 0
5260 0
5260 0
5260 0
5260 0
5260 0
5260 41
5260 0
5260 0
5260 0
5260 0
5260 0
5260 0
5260 0
5260 0
5260 21
5260 0
5260 1
5260 0
5260 0
5260 0
5260 0
5260 0
5260 0
5260 0
5260 0
5260 0
