pt_graph scale
6671 0
6671 0
6671 0
6671 0
6671 0
6671 0
6671 0
6671 0
6671 0
6671 0
6671 377
6671 0
6671 0
6671 0
6671 0
6671 0
6671 0
6671 0
6671 0
6671 0
6671 0
6671 0
6671 0
6671 0
6671 0
6671 0
6671 0
6671 0
6671 0
6671 0
6671 0
6754 0
6754 0
6754 0
6754 0
6754 0
6754 0
6754 0
6754 0
6754 0
6754 0
6754 0
6754 0
6754 0
6754 0
6754 0
6754 0
6754 0
6754 0
6754 0
6754 0
6754 0
6754 0
6754 0
6754 0
6754 0
6754 0
6754 0
6754 0
6754 0
6754 0
6754 0
6859 0
6859 0
6859 0
6859 0
6859 0
6859 0
6859 0
6859 0
6859 0
6859 0
6859 0
6859 0
6859 0
6859 0
6859 0
6859 0
6859 0
6859 0
6859 0
6859 0
6859 0
6859 0
6859 0
6859 0
6859 0
6859 0
6859 0
6859 0
6859 0
6859 0
6859 0
6876 0
6876 0
6876 0
6876 0
6876 0
6876 0
6876 0
6876 0
6876 0
6876 0
6876 40
6876 0
6876 0
6876 0
6876 0
6876 0
6876 0
6876 0
6876 0
6876 0
6876 0
6876 0
6876 0
6876 0
6876 0
6876 0
6876 0
6876 0
6876 0
6876 0
6876 0
6977 0
6977 0
6977 0
6977 0
6977 0
6977 0
6977 0
6977 0
6977 0
6977 0
6977 0
6977 0
6977 0
6977 0
6977 0
6977 0
6977 0
6977 0
6977 0
6977 0
6977 0
6977 1
6977 0
6977 0
6977 0
6977 0
6977 0
6977 0
6977 0
6977 0
6977 0
7021 0
7021 0
7021 0
7021 0
7021 0
7021 0
7021 0
7021 0
7021 0
7021 0
7021 1308
7021 0
7021 0
7021 0
7021 16
7021 0
7021 0
7021 0
7021 0
7021 9
7021 0
7021 52
7021 0
7021 0
7021 6
7021 0
7021 0
7021 2
7021 0
7021 0
7021 0
7086 0
7086 0
7086 0
7086 0
7086 0
7086 0
7086 0
7086 0
7086 0
7086 0
7086 0
7086 0
7086 0
7086 0
7086 0
7086 0
7086 0
7086 0
7086 0
7086 7
7086 0
7086 96
7086 0
7086 0
7086 1
7086 0
7086 0
7086 0
7086 0
7086 0
7086 0
7149 0
7149 0
7149 0
7149 0
7149 0
7149 0
7149 0
7149 0
7149 0
7149 0
7149 2
7149 0
7149 0
7149 0
7149 0
7149 0
7149 0
7149 0
7149 0
7149 20
7149 0
7149 68
7149 0
7149 0
7149 1
7149 0
7149 0
7149 0
7149 0
7149 0
7149 0
7201 0
7201 0
7201 0
7201 0
7201 0
7201 0
7201 0
7201 0
7201 0
7201 0
7201 3674
7201 0
7201 0
7201 0
7201 0
7201 0
7201 0
7201 0
7201 0
7201 4
7201 0
7201 13
7201 0
7201 0
7201 4
7201 0
7201 0
7201 2
7201 0
7201 0
7201 0
7212 0
7212 0
7212 0
7212 0
7212 0
7212 0
7212 0
7212 0
7212 0
7212 0
7212 0
7212 0
7212 0
7212 0
7212 0
7212 0
7212 0
7212 0
7212 0
7212 3
7212 0
7212 83
7212 0
7212 0
7212 1
7212 0
7212 0
7212 0
7212 0
7212 0
7212 0
7265 0
7265 0
7265 0
7265 0
7265 0
7265 0
7265 0
7265 0
7265 0
7265 0
7265 0
7265 0
7265 0
7265 0
7265 0
7265 0
7265 0
7265 0
7265 0
7265 0
7265 0
7265 0
7265 0
7265 0
7265 0
7265 0
7265 0
7265 0
7265 0
7265 0
7265 0
7287 0
7287 0
7287 0
7287 0
7287 0
7287 0
7287 0
7287 0
7287 0
7287 0
7287 2092
7287 0
7287 0
7287 0
7287 20
7287 0
7287 0
7287 0
7287 0
7287 9
7287 0
7287 125
7287 0
7287 0
7287 9
7287 0
7287 0
7287 0
7287 0
7287 0
7287 0
7303 0
7303 0
7303 0
7303 0
7303 0
7303 0
7303 0
7303 0
7303 0
7303 0
7303 0
7303 0
7303 0
7303 0
7303 0
7303 0
7303 0
7303 0
7303 0
7303 30
7303 0
7303 131
7303 0
7303 0
7303 2
7303 0
7303 0
7303 0
7303 0
7303 0
7303 0
7312 0
7312 0
7312 0
7312 0
7312 0
7312 0
7312 0
7312 0
7312 0
7312 0
7312 0
7312 0
7312 0
7312 0
7312 0
7312 0
7312 0
7312 0
7312 0
7312 0
7312 0
7312 26
7312 0
7312 0
7312 0
7312 0
7312 0
7312 0
7312 0
7312 0
7312 0
7320 0
7320 0
7320 0
7320 0
7320 0
7320 0
7320 0
7320 0
7320 0
7320 0
7320 0
7320 0
7320 0
7320 0
7320 0
7320 0
7320 0
7320 0
7320 0
7320 3
7320 0
7320 139
7320 0
7320 0
7320 4
7320 0
7320 0
7320 1
7320 0
7320 0
7320 0
7331 0
7331 0
7331 0
7331 0
7331 0
7331 0
7331 0
7331 0
7331 0
7331 0
7331 35
7331 0
7331 0
7331 0
7331 0
7331 0
7331 0
7331 0
7331 0
7331 0
7331 0
7331 45
7331 0
7331 0
7331 0
7331 0
7331 0
7331 0
7331 0
7331 0
7331 0
7348 0
7348 0
7348 0
7348 0
7348 0
7348 0
7348 0
7348 0
7348 0
7348 0
7348 0
7348 0
7348 0
7348 0
7348 0
7348 0
7348 0
7348 0
7348 0
7348 1
7348 0
7348 68
7348 0
7348 0
7348 1
7348 0
7348 0
7348 0
7348 0
7348 0
7348 0
7374 0
7374 0
7374 0
7374 0
7374 0
7374 0
7374 0
7374 0
7374 0
7374 0
7374 1
7374 0
7374 0
7374 0
7374 0
7374 0
7374 0
7374 0
7374 0
7374 1
7374 0
7374 102
7374 0
7374 0
7374 0
7374 0
7374 0
7374 0
7374 0
7374 0
7374 0
7387 0
7387 0
7387 0
7387 0
7387 0
7387 0
7387 0
7387 0
7387 0
7387 0
7387 0
7387 0
7387 0
7387 0
7387 0
7387 0
7387 0
7387 0
7387 0
7387 52
7387 0
7387 200
7387 0
7387 0
7387 50
7387 0
7387 0
7387 0
7387 0
7387 0
7387 0
7392 0
7392 0
7392 0
7392 0
7392 0
7392 0
7392 0
7392 0
7392 0
7392 0
7392 441
7392 0
7392 0
7392 0
7392 0
7392 0
7392 0
7392 0
7392 0
7392 39
7392 0
7392 158
7392 0
7392 0
7392 15
7392 0
7392 0
7392 0
7392 0
7392 0
7392 0
7429 0
7429 0
7429 0
7429 0
7429 0
7429 0
7429 0
7429 0
7429 0
7429 0
7429 592
7429 0
7429 0
7429 0
7429 0
7429 0
7429 0
7429 0
7429 0
7429 5
7429 0
7429 12
7429 0
7429 0
7429 2
7429 0
7429 0
7429 0
7429 0
7429 0
7429 0
7538 0
7538 0
7538 0
7538 0
7538 0
7538 0
7538 0
7538 0
7538 0
7538 0
7538 316
7538 0
7538 0
7538 0
7538 0
7538 0
7538 0
7538 0
7538 0
7538 25
7538 0
7538 198
7538 0
7538 0
7538 13
7538 0
7538 0
7538 0
7538 0
7538 0
7538 0
7556 0
7556 0
7556 0
7556 0
7556 0
7556 0
7556 0
7556 0
7556 0
7556 0
7556 72
7556 0
7556 0
7556 0
7556 0
7556 0
7556 0
7556 0
7556 0
7556 0
7556 0
7556 31
7556 0
7556 0
7556 3
7556 0
7556 0
7556 0
7556 0
7556 0
7556 0
7619 0
7619 0
7619 0
7619 0
7619 0
7619 0
7619 0
7619 0
7619 0
7619 0
7619 660
7619 0
7619 0
7619 0
7619 0
7619 0
7619 0
7619 0
7619 0
7619 9
7619 0
7619 34
7619 0
7619 0
7619 9
7619 0
7619 0
7619 3
7619 0
7619 0
7619 0
7629 0
7629 0
7629 0
7629 0
7629 0
7629 0
7629 0
7629 0
7629 0
7629 0
7629 441
7629 0
7629 0
7629 0
7629 0
7629 0
7629 0
7629 0
7629 0
7629 0
7629 0
7629 1
7629 0
7629 0
7629 0
7629 0
7629 0
7629 0
7629 0
7629 0
7629 0
7691 0
7691 0
7691 0
7691 0
7691 0
7691 0
7691 0
7691 0
7691 0
7691 0
7691 7
7691 0
7691 0
7691 0
7691 0
7691 0
7691 0
7691 0
7691 0
7691 1
7691 0
7691 404
7691 0
7691 0
7691 14
7691 0
7691 0
7691 1
7691 0
7691 0
7691 0
7694 0
7694 0
7694 0
7694 0
7694 0
7694 0
7694 0
7694 0
7694 0
7694 0
7694 72
7694 0
7694 0
7694 0
7694 0
7694 0
7694 0
7694 0
7694 0
7694 0
7694 0
7694 0
7694 0
7694 0
7694 0
7694 0
7694 0
7694 0
7694 0
7694 0
7694 0
7707 0
7707 0
7707 0
7707 0
7707 0
7707 0
7707 0
7707 0
7707 0
7707 0
7707 0
7707 0
7707 0
7707 0
7707 0
7707 0
7707 0
7707 0
7707 0
7707 1
7707 0
7707 329
7707 0
7707 0
7707 28
7707 0
7707 0
7707 0
7707 0
7707 0
7707 0
7713 0
7713 0
7713 0
7713 0
7713 0
7713 0
7713 0
7713 0
7713 0
7713 0
7713 0
7713 0
7713 0
7713 0
7713 0
7713 0
7713 0
7713 0
7713 0
7713 1
7713 0
7713 329
7713 0
7713 0
7713 28
7713 0
7713 0
7713 0
7713 0
7713 0
7713 0
7868 0
7868 0
7868 0
7868 0
7868 0
7868 0
7868 0
7868 0
7868 0
7868 0
7868 0
7868 0
7868 0
7868 0
7868 0
7868 0
7868 0
7868 0
7868 0
7868 1
7868 0
7868 142
7868 0
7868 0
7868 26
7868 0
7868 0
7868 0
7868 0
7868 0
7868 0
7979 0
7979 0
7979 0
7979 0
7979 0
7979 0
7979 0
7979 0
7979 0
7979 0
7979 2094
7979 0
7979 0
7979 0
7979 0
7979 0
7979 0
7979 0
7979 0
7979 0
7979 0
7979 0
7979 0
7979 0
7979 0
7979 0
7979 0
7979 0
7979 0
7979 0
7979 0
8014 0
8014 0
8014 0
8014 0
8014 0
8014 0
8014 0
8014 0
8014 0
8014 0
8014 0
8014 0
8014 0
8014 0
8014 0
8014 0
8014 0
8014 0
8014 0
8014 0
8014 0
8014 254
8014 0
8014 0
8014 1
8014 0
8014 0
8014 0
8014 0
8014 0
8014 0
8019 0
8019 0
8019 0
8019 0
8019 0
8019 0
8019 0
8019 0
8019 0
8019 0
8019 513
8019 0
8019 0
8019 0
8019 0
8019 0
8019 0
8019 0
8019 0
8019 0
8019 0
8019 0
8019 0
8019 0
8019 0
8019 0
8019 0
8019 0
8019 0
8019 0
8019 0
8057 0
8057 0
8057 0
8057 0
8057 0
8057 0
8057 0
8057 0
8057 0
8057 0
8057 298
8057 0
8057 0
8057 0
8057 0
8057 0
8057 0
8057 0
8057 0
8057 0
8057 0
8057 0
8057 0
8057 0
8057 0
8057 0
8057 0
8057 0
8057 0
8057 0
8057 0
8062 0
8062 0
8062 0
8062 0
8062 0
8062 0
8062 0
8062 0
8062 0
8062 0
8062 0
8062 0
8062 0
8062 0
8062 0
8062 0
8062 0
8062 0
8062 0
8062 0
8062 0
8062 254
8062 0
8062 0
8062 1
8062 0
8062 0
8062 0
8062 0
8062 0
8062 0
8069 0
8069 0
8069 0
8069 0
8069 0
8069 0
8069 0
8069 0
8069 0
8069 0
8069 1755
8069 0
8069 0
8069 0
8069 0
8069 0
8069 0
8069 0
8069 0
8069 0
8069 0
8069 0
8069 0
8069 0
8069 0
8069 0
8069 0
8069 0
8069 0
8069 0
8069 0
8097 0
8097 0
8097 0
8097 0
8097 0
8097 0
8097 0
8097 0
8097 0
8097 0
8097 1264
8097 0
8097 0
8097 0
8097 0
8097 0
8097 0
8097 0
8097 0
8097 0
8097 0
8097 34
8097 0
8097 0
8097 0
8097 0
8097 0
8097 0
8097 0
8097 0
8097 0
8233 0
8233 0
8233 0
8233 0
8233 0
8233 0
8233 0
8233 0
8233 0
8233 0
8233 1471
8233 0
8233 0
8233 0
8233 0
8233 0
8233 0
8233 0
8233 0
8233 0
8233 0
8233 34
8233 0
8233 0
8233 0
8233 0
8233 0
8233 0
8233 0
8233 0
8233 0
8365 0
8365 0
8365 0
8365 0
8365 0
8365 0
8365 0
8365 0
8365 0
8365 0
8365 171
8365 0
8365 0
8365 0
8365 0
8365 0
8365 0
8365 0
8365 0
8365 0
8365 0
8365 0
8365 0
8365 0
8365 0
8365 0
8365 0
8365 0
8365 0
8365 0
8365 0
8437 0
8437 0
8437 0
8437 0
8437 0
8437 0
8437 0
8437 0
8437 0
8437 0
8437 166
8437 0
8437 0
8437 0
8437 0
8437 0
8437 0
8437 0
8437 0
8437 0
8437 0
8437 0
8437 0
8437 0
8437 0
8437 0
8437 0
8437 0
8437 0
8437 0
8437 0
8533 0
8533 0
8533 0
8533 0
8533 0
8533 0
8533 0
8533 0
8533 0
8533 0
8533 810
8533 0
8533 0
8533 0
8533 0
8533 0
8533 0
8533 0
8533 0
8533 0
8533 0
8533 0
8533 0
8533 0
8533 0
8533 0
8533 0
8533 0
8533 0
8533 0
8533 0
8564 0
8564 0
8564 0
8564 0
8564 0
8564 0
8564 0
8564 0
8564 0
8564 0
8564 171
8564 0
8564 0
8564 0
8564 0
8564 0
8564 0
8564 0
8564 0
8564 0
8564 0
8564 0
8564 0
8564 0
8564 0
8564 0
8564 0
8564 0
8564 0
8564 0
8564 0
8643 0
8643 0
8643 0
8643 0
8643 0
8643 0
8643 0
8643 0
8643 0
8643 0
8643 590
8643 0
8643 0
8643 0
8643 0
8643 0
8643 0
8643 0
8643 0
8643 0
8643 0
8643 0
8643 0
8643 0
8643 0
8643 0
8643 0
8643 0
8643 0
8643 0
8643 0
8655 0
8655 0
8655 0
8655 0
8655 0
8655 0
8655 0
8655 0
8655 0
8655 0
8655 171
8655 0
8655 0
8655 0
8655 0
8655 0
8655 0
8655 0
8655 0
8655 0
8655 0
8655 0
8655 0
8655 0
8655 0
8655 0
8655 0
8655 0
8655 0
8655 0
8655 0
8682 0
8682 0
8682 0
8682 0
8682 0
8682 0
8682 0
8682 0
8682 0
8682 0
8682 590
8682 0
8682 0
8682 0
8682 0
8682 0
8682 0
8682 0
8682 0
8682 0
8682 0
8682 0
8682 0
8682 0
8682 0
8682 0
8682 0
8682 0
8682 0
8682 0
8682 0
8718 0
8718 0
8718 0
8718 0
8718 0
8718 0
8718 0
8718 0
8718 0
8718 0
8718 590
8718 0
8718 0
8718 0
8718 0
8718 0
8718 0
8718 0
8718 0
8718 0
8718 0
8718 0
8718 0
8718 0
8718 0
8718 0
8718 0
8718 0
8718 0
8718 0
8718 0
8771 0
8771 0
8771 0
8771 0
8771 0
8771 0
8771 0
8771 0
8771 0
8771 0
8771 590
8771 0
8771 0
8771 0
8771 0
8771 0
8771 0
8771 0
8771 0
8771 0
8771 0
8771 0
8771 0
8771 0
8771 0
8771 0
8771 0
8771 0
8771 0
8771 0
8771 0
