pt_graph cpue_kghour
853 0
853 26
853 0
853 0
853 0
853 0
853 0
853 0
853 0
853 0
853 0
853 0
853 0
853 0
853 0
853 0
853 0
853 0
853 0
853 0
853 0
853 0
853 0
853 0
853 0
853 1
853 0
853 0
853 0
853 0
853 0
973 0
973 22
973 0
973 0
973 0
973 0
973 0
973 0
973 0
973 0
973 0
973 0
973 0
973 0
973 0
973 0
973 0
973 0
973 0
973 0
973 0
973 0
973 0
973 0
973 0
973 0
973 0
973 0
973 0
973 0
973 0
1087 0
1087 21
1087 0
1087 0
1087 0
1087 0
1087 0
1087 0
1087 0
1087 0
1087 0
1087 0
1087 0
1087 0
1087 0
1087 0
1087 0
1087 0
1087 0
1087 0
1087 0
1087 0
1087 0
1087 0
1087 0
1087 0
1087 0
1087 0
1087 0
1087 0
1087 0
1408 0
1408 32
1408 0
1408 0
1408 0
1408 0
1408 0
1408 0
1408 1
1408 0
1408 0
1408 0
1408 0
1408 0
1408 0
1408 0
1408 0
1408 0
1408 0
1408 0
1408 0
1408 0
1408 0
1408 0
1408 0
1408 0
1408 0
1408 0
1408 0
1408 0
1408 0
1416 0
1416 6
1416 0
1416 0
1416 0
1416 0
1416 0
1416 0
1416 6
1416 0
1416 0
1416 0
1416 0
1416 0
1416 0
1416 0
1416 0
1416 0
1416 0
1416 0
1416 0
1416 0
1416 0
1416 0
1416 0
1416 0
1416 0
1416 0
1416 0
1416 0
1416 0
1703 0
1703 10
1703 0
1703 0
1703 0
1703 0
1703 0
1703 0
1703 0
1703 0
1703 0
1703 0
1703 0
1703 0
1703 0
1703 0
1703 0
1703 0
1703 0
1703 0
1703 0
1703 0
1703 0
1703 0
1703 0
1703 0
1703 0
1703 0
1703 0
1703 0
1703 0
1859 0
1859 18
1859 0
1859 0
1859 0
1859 0
1859 0
1859 0
1859 0
1859 0
1859 0
1859 0
1859 0
1859 0
1859 0
1859 0
1859 0
1859 0
1859 0
1859 0
1859 0
1859 0
1859 0
1859 0
1859 0
1859 0
1859 0
1859 0
1859 0
1859 0
1859 0
1860 0
1860 6
1860 0
1860 0
1860 0
1860 0
1860 0
1860 0
1860 6
1860 0
1860 0
1860 0
1860 0
1860 0
1860 0
1860 0
1860 0
1860 0
1860 0
1860 0
1860 0
1860 0
1860 0
1860 0
1860 0
1860 0
1860 0
1860 0
1860 0
1860 0
1860 0
1866 0
1866 22
1866 0
1866 0
1866 0
1866 0
1866 0
1866 0
1866 0
1866 0
1866 0
1866 0
1866 0
1866 0
1866 0
1866 0
1866 0
1866 0
1866 0
1866 0
1866 0
1866 0
1866 0
1866 0
1866 0
1866 0
1866 0
1866 0
1866 0
1866 0
1866 0
5167 0
5167 20
5167 0
5167 0
5167 0
5167 0
5167 0
5167 0
5167 0
5167 0
5167 0
5167 0
5167 0
5167 0
5167 0
5167 0
5167 0
5167 0
5167 0
5167 0
5167 0
5167 0
5167 0
5167 0
5167 0
5167 1
5167 0
5167 0
5167 0
5167 0
5167 0
5337 0
5337 20
5337 0
5337 0
5337 0
5337 0
5337 0
5337 0
5337 0
5337 0
5337 0
5337 0
5337 0
5337 0
5337 0
5337 0
5337 0
5337 0
5337 0
5337 0
5337 0
5337 0
5337 0
5337 0
5337 0
5337 1
5337 0
5337 0
5337 0
5337 0
5337 0
5343 0
5343 17
5343 0
5343 0
5343 0
5343 0
5343 0
5343 0
5343 0
5343 0
5343 0
5343 0
5343 0
5343 0
5343 0
5343 0
5343 0
5343 0
5343 0
5343 0
5343 1
5343 0
5343 0
5343 2
5343 0
5343 3
5343 0
5343 0
5343 0
5343 0
5343 0
5373 0
5373 20
5373 0
5373 0
5373 0
5373 0
5373 0
5373 0
5373 0
5373 0
5373 0
5373 0
5373 0
5373 0
5373 0
5373 0
5373 0
5373 0
5373 0
5373 0
5373 0
5373 0
5373 0
5373 0
5373 0
5373 1
5373 0
5373 0
5373 0
5373 0
5373 0
5449 0
5449 86
5449 0
5449 0
5449 0
5449 0
5449 0
5449 0
5449 0
5449 0
5449 0
5449 0
5449 0
5449 0
5449 0
5449 0
5449 0
5449 0
5449 0
5449 0
5449 0
5449 0
5449 0
5449 2
5449 0
5449 6
5449 0
5449 0
5449 0
5449 0
5449 0
5485 0
5485 51
5485 0
5485 0
5485 0
5485 0
5485 0
5485 0
5485 0
5485 0
5485 0
5485 0
5485 0
5485 0
5485 0
5485 0
5485 0
5485 0
5485 0
5485 0
5485 0
5485 0
5485 0
5485 0
5485 0
5485 5
5485 0
5485 0
5485 0
5485 0
5485 0
5524 0
5524 86
5524 0
5524 0
5524 0
5524 0
5524 0
5524 0
5524 0
5524 0
5524 0
5524 0
5524 0
5524 0
5524 0
5524 0
5524 0
5524 0
5524 0
5524 0
5524 0
5524 0
5524 0
5524 2
5524 0
5524 6
5524 0
5524 0
5524 0
5524 0
5524 0
5534 0
5534 86
5534 0
5534 0
5534 0
5534 0
5534 0
5534 0
5534 0
5534 0
5534 0
5534 0
5534 0
5534 0
5534 0
5534 0
5534 0
5534 0
5534 0
5534 0
5534 0
5534 0
5534 0
5534 2
5534 0
5534 6
5534 0
5534 0
5534 0
5534 0
5534 0
5541 0
5541 86
5541 0
5541 0
5541 0
5541 0
5541 0
5541 0
5541 0
5541 0
5541 0
5541 0
5541 0
5541 0
5541 0
5541 0
5541 0
5541 0
5541 0
5541 0
5541 0
5541 0
5541 0
5541 2
5541 0
5541 6
5541 0
5541 0
5541 0
5541 0
5541 0
5552 0
5552 36
5552 0
5552 0
5552 0
5552 0
5552 0
5552 0
5552 0
5552 0
5552 0
5552 0
5552 0
5552 0
5552 0
5552 0
5552 0
5552 0
5552 0
5552 0
5552 0
5552 0
5552 0
5552 0
5552 0
5552 3
5552 0
5552 0
5552 0
5552 0
5552 0
5583 0
5583 51
5583 0
5583 0
5583 0
5583 0
5583 0
5583 0
5583 0
5583 0
5583 0
5583 0
5583 0
5583 0
5583 0
5583 0
5583 0
5583 0
5583 0
5583 0
5583 0
5583 0
5583 0
5583 0
5583 0
5583 5
5583 0
5583 0
5583 0
5583 0
5583 0
