pt_graph scale
1087 0
1087 0
1087 0
1087 0
1087 0
1087 0
1087 0
1087 0
1087 0
1087 0
1087 0
1087 0
1087 0
1087 0
1087 0
1087 0
1087 0
1087 0
1087 0
1087 0
1087 0
1087 0
1087 0
1087 0
1087 0
1087 0
1087 0
1087 0
1087 0
1087 0
1087 0
1408 0
1408 0
1408 0
1408 0
1408 0
1408 0
1408 0
1408 0
1408 5
1408 0
1408 0
1408 0
1408 0
1408 0
1408 0
1408 0
1408 0
1408 0
1408 0
1408 0
1408 0
1408 0
1408 0
1408 0
1408 0
1408 0
1408 0
1408 0
1408 0
1408 0
1408 0
1416 0
1416 0
1416 0
1416 0
1416 0
1416 0
1416 0
1416 0
1416 1
1416 0
1416 0
1416 0
1416 0
1416 0
1416 0
1416 0
1416 0
1416 0
1416 0
1416 0
1416 0
1416 0
1416 0
1416 0
1416 0
1416 0
1416 0
1416 0
1416 0
1416 0
1416 0
1853 0
1853 0
1853 0
1853 0
1853 0
1853 0
1853 0
1853 0
1853 0
1853 0
1853 0
1853 0
1853 0
1853 0
1853 0
1853 0
1853 0
1853 0
1853 0
1853 0
1853 0
1853 0
1853 0
1853 0
1853 0
1853 0
1853 0
1853 0
1853 0
1853 0
1853 0
1857 0
1857 0
1857 0
1857 0
1857 0
1857 0
1857 0
1857 0
1857 0
1857 0
1857 0
1857 0
1857 0
1857 0
1857 0
1857 0
1857 0
1857 0
1857 0
1857 0
1857 0
1857 0
1857 0
1857 0
1857 0
1857 0
1857 0
1857 0
1857 0
1857 0
1857 0
2768 0
2768 35
2768 0
2768 0
2768 0
2768 0
2768 0
2768 0
2768 0
2768 0
2768 0
2768 0
2768 0
2768 0
2768 0
2768 0
2768 0
2768 0
2768 0
2768 0
2768 0
2768 0
2768 0
2768 0
2768 0
2768 0
2768 0
2768 0
2768 0
2768 0
2768 0
2854 0
2854 35
2854 0
2854 0
2854 0
2854 0
2854 0
2854 0
2854 0
2854 0
2854 0
2854 0
2854 0
2854 0
2854 0
2854 0
2854 0
2854 0
2854 0
2854 0
2854 0
2854 0
2854 0
2854 0
2854 0
2854 0
2854 0
2854 0
2854 0
2854 0
2854 0
2935 0
2935 71
2935 0
2935 0
2935 0
2935 0
2935 0
2935 0
2935 0
2935 0
2935 0
2935 0
2935 0
2935 0
2935 0
2935 0
2935 0
2935 0
2935 0
2935 0
2935 0
2935 0
2935 0
2935 0
2935 0
2935 0
2935 0
2935 0
2935 0
2935 0
2935 0
2954 0
2954 0
2954 0
2954 0
2954 0
2954 0
2954 0
2954 0
2954 0
2954 0
2954 0
2954 0
2954 0
2954 0
2954 0
2954 0
2954 0
2954 0
2954 0
2954 0
2954 0
2954 0
2954 0
2954 0
2954 0
2954 0
2954 0
2954 0
2954 0
2954 0
2954 0
2966 0
2966 236
2966 0
2966 0
2966 0
2966 0
2966 0
2966 0
2966 0
2966 0
2966 0
2966 0
2966 0
2966 0
2966 0
2966 0
2966 0
2966 0
2966 0
2966 0
2966 0
2966 0
2966 0
2966 0
2966 0
2966 0
2966 0
2966 0
2966 0
2966 0
2966 0
2989 0
2989 42
2989 0
2989 0
2989 0
2989 0
2989 0
2989 0
2989 0
2989 0
2989 0
2989 0
2989 0
2989 0
2989 0
2989 0
2989 0
2989 0
2989 0
2989 0
2989 0
2989 0
2989 0
2989 0
2989 0
2989 0
2989 0
2989 0
2989 0
2989 0
2989 0
3010 0
3010 88
3010 0
3010 0
3010 0
3010 0
3010 0
3010 0
3010 0
3010 0
3010 0
3010 0
3010 0
3010 0
3010 0
3010 0
3010 0
3010 0
3010 0
3010 0
3010 0
3010 0
3010 0
3010 0
3010 0
3010 0
3010 0
3010 0
3010 0
3010 0
3010 0
3011 0
3011 1
3011 0
3011 0
3011 0
3011 0
3011 0
3011 0
3011 0
3011 0
3011 0
3011 0
3011 0
3011 0
3011 0
3011 0
3011 0
3011 0
3011 0
3011 0
3011 0
3011 0
3011 0
3011 0
3011 0
3011 0
3011 0
3011 0
3011 0
3011 0
3011 0
3103 0
3103 8
3103 0
3103 0
3103 0
3103 0
3103 0
3103 0
3103 0
3103 0
3103 0
3103 0
3103 0
3103 0
3103 0
3103 0
3103 0
3103 0
3103 0
3103 0
3103 0
3103 0
3103 0
3103 0
3103 0
3103 0
3103 0
3103 0
3103 0
3103 0
3103 0
3166 0
3166 7
3166 0
3166 0
3166 0
3166 0
3166 0
3166 0
3166 0
3166 0
3166 0
3166 0
3166 0
3166 0
3166 0
3166 0
3166 0
3166 0
3166 0
3166 0
3166 0
3166 0
3166 0
3166 0
3166 0
3166 0
3166 0
3166 0
3166 0
3166 0
3166 0
3196 0
3196 61
3196 0
3196 0
3196 0
3196 0
3196 0
3196 0
3196 0
3196 0
3196 0
3196 0
3196 0
3196 0
3196 0
3196 0
3196 0
3196 0
3196 0
3196 0
3196 0
3196 0
3196 0
3196 0
3196 0
3196 0
3196 0
3196 0
3196 0
3196 0
3196 0
3204 0
3204 4
3204 0
3204 0
3204 0
3204 0
3204 0
3204 0
3204 0
3204 0
3204 0
3204 0
3204 0
3204 0
3204 0
3204 0
3204 0
3204 0
3204 0
3204 0
3204 0
3204 0
3204 0
3204 0
3204 0
3204 0
3204 0
3204 0
3204 0
3204 0
3204 0
3207 0
3207 56
3207 0
3207 0
3207 0
3207 0
3207 0
3207 0
3207 0
3207 0
3207 0
3207 0
3207 0
3207 0
3207 0
3207 0
3207 0
3207 0
3207 0
3207 0
3207 0
3207 0
3207 0
3207 0
3207 0
3207 0
3207 0
3207 0
3207 0
3207 0
3207 0
3266 0
3266 21
3266 0
3266 0
3266 0
3266 0
3266 0
3266 0
3266 0
3266 0
3266 0
3266 0
3266 0
3266 0
3266 0
3266 0
3266 0
3266 0
3266 0
3266 0
3266 0
3266 0
3266 0
3266 0
3266 0
3266 0
3266 0
3266 0
3266 0
3266 0
3266 0
3271 0
3271 1
3271 0
3271 0
3271 0
3271 0
3271 0
3271 0
3271 0
3271 0
3271 0
3271 0
3271 0
3271 0
3271 0
3271 0
3271 0
3271 0
3271 0
3271 0
3271 0
3271 0
3271 0
3271 0
3271 0
3271 0
3271 0
3271 0
3271 0
3271 0
3271 0
3310 0
3310 0
3310 0
3310 0
3310 0
3310 0
3310 0
3310 0
3310 0
3310 0
3310 0
3310 0
3310 0
3310 0
3310 0
3310 0
3310 0
3310 0
3310 0
3310 0
3310 0
3310 0
3310 0
3310 0
3310 0
3310 0
3310 0
3310 0
3310 0
3310 0
3310 0
3319 0
3319 106
3319 0
3319 0
3319 0
3319 0
3319 0
3319 0
3319 0
3319 0
3319 0
3319 0
3319 0
3319 0
3319 0
3319 0
3319 0
3319 0
3319 0
3319 0
3319 0
3319 0
3319 0
3319 0
3319 0
3319 0
3319 0
3319 0
3319 0
3319 0
3319 0
3368 0
3368 0
3368 0
3368 0
3368 0
3368 0
3368 0
3368 0
3368 0
3368 0
3368 0
3368 0
3368 0
3368 0
3368 0
3368 0
3368 0
3368 0
3368 0
3368 0
3368 0
3368 0
3368 0
3368 0
3368 0
3368 0
3368 0
3368 0
3368 0
3368 0
3368 0
3372 0
3372 31
3372 0
3372 0
3372 0
3372 0
3372 0
3372 0
3372 0
3372 0
3372 0
3372 0
3372 0
3372 0
3372 0
3372 0
3372 0
3372 0
3372 0
3372 0
3372 0
3372 0
3372 0
3372 0
3372 0
3372 0
3372 0
3372 0
3372 0
3372 0
3372 0
3376 0
3376 33
3376 0
3376 0
3376 0
3376 0
3376 0
3376 0
3376 0
3376 0
3376 0
3376 0
3376 0
3376 0
3376 0
3376 0
3376 0
3376 0
3376 0
3376 0
3376 0
3376 0
3376 0
3376 0
3376 0
3376 0
3376 0
3376 0
3376 0
3376 0
3376 0
3412 0
3412 33
3412 0
3412 0
3412 0
3412 0
3412 0
3412 0
3412 0
3412 0
3412 0
3412 0
3412 0
3412 0
3412 0
3412 0
3412 0
3412 0
3412 0
3412 0
3412 0
3412 0
3412 0
3412 0
3412 0
3412 0
3412 0
3412 0
3412 0
3412 0
3412 0
3719 0
3719 0
3719 0
3719 0
3719 0
3719 0
3719 0
3719 0
3719 0
3719 0
3719 0
3719 0
3719 0
3719 0
3719 0
3719 0
3719 0
3719 0
3719 0
3719 0
3719 0
3719 0
3719 0
3719 0
3719 0
3719 0
3719 0
3719 0
3719 0
3719 0
3719 0
3890 0
3890 0
3890 0
3890 0
3890 0
3890 0
3890 0
3890 0
3890 0
3890 0
3890 0
3890 0
3890 0
3890 0
3890 0
3890 0
3890 0
3890 0
3890 0
3890 0
3890 0
3890 0
3890 0
3890 0
3890 0
3890 0
3890 0
3890 0
3890 0
3890 0
3890 0
3972 0
3972 0
3972 0
3972 0
3972 0
3972 0
3972 0
3972 0
3972 0
3972 0
3972 0
3972 0
3972 0
3972 0
3972 0
3972 0
3972 0
3972 0
3972 0
3972 0
3972 0
3972 0
3972 0
3972 0
3972 0
3972 0
3972 0
3972 0
3972 0
3972 0
3972 0
4012 0
4012 0
4012 0
4012 0
4012 0
4012 0
4012 0
4012 0
4012 0
4012 0
4012 0
4012 0
4012 0
4012 0
4012 0
4012 0
4012 0
4012 0
4012 0
4012 0
4012 0
4012 0
4012 0
4012 0
4012 0
4012 0
4012 0
4012 0
4012 0
4012 0
4012 0
4114 0
4114 0
4114 0
4114 0
4114 0
4114 0
4114 0
4114 0
4114 0
4114 0
4114 0
4114 0
4114 0
4114 0
4114 0
4114 0
4114 0
4114 0
4114 0
4114 0
4114 0
4114 0
4114 0
4114 0
4114 0
4114 0
4114 0
4114 0
4114 0
4114 0
4114 0
4209 0
4209 0
4209 0
4209 0
4209 0
4209 0
4209 0
4209 0
4209 0
4209 0
4209 0
4209 0
4209 0
4209 0
4209 0
4209 0
4209 0
4209 0
4209 0
4209 0
4209 0
4209 0
4209 0
4209 0
4209 0
4209 0
4209 0
4209 0
4209 0
4209 0
4209 0
4242 0
4242 0
4242 0
4242 0
4242 0
4242 0
4242 0
4242 0
4242 0
4242 0
4242 0
4242 0
4242 0
4242 0
4242 0
4242 0
4242 0
4242 0
4242 0
4242 0
4242 0
4242 0
4242 0
4242 0
4242 0
4242 0
4242 0
4242 0
4242 0
4242 0
4242 0
4255 0
4255 0
4255 0
4255 0
4255 0
4255 0
4255 0
4255 0
4255 0
4255 0
4255 0
4255 0
4255 0
4255 0
4255 0
4255 0
4255 0
4255 0
4255 0
4255 0
4255 0
4255 0
4255 0
4255 0
4255 0
4255 0
4255 0
4255 0
4255 0
4255 0
4255 0
4267 0
4267 34
4267 0
4267 0
4267 0
4267 0
4267 0
4267 0
4267 0
4267 0
4267 0
4267 0
4267 0
4267 0
4267 0
4267 0
4267 0
4267 0
4267 0
4267 0
4267 0
4267 0
4267 0
4267 0
4267 0
4267 0
4267 0
4267 0
4267 0
4267 0
4267 0
4330 0
4330 0
4330 0
4330 0
4330 0
4330 0
4330 0
4330 0
4330 0
4330 0
4330 0
4330 0
4330 0
4330 0
4330 0
4330 0
4330 0
4330 0
4330 0
4330 0
4330 0
4330 0
4330 0
4330 0
4330 0
4330 0
4330 0
4330 0
4330 0
4330 0
4330 0
4433 0
4433 158
4433 0
4433 0
4433 0
4433 0
4433 0
4433 0
4433 0
4433 0
4433 0
4433 0
4433 0
4433 0
4433 0
4433 0
4433 0
4433 0
4433 0
4433 0
4433 0
4433 0
4433 0
4433 0
4433 0
4433 0
4433 0
4433 0
4433 0
4433 0
4433 0
4561 0
4561 0
4561 0
4561 0
4561 0
4561 0
4561 0
4561 0
4561 0
4561 0
4561 0
4561 0
4561 0
4561 0
4561 0
4561 0
4561 0
4561 0
4561 0
4561 0
4561 0
4561 0
4561 0
4561 0
4561 0
4561 0
4561 0
4561 0
4561 0
4561 0
4561 0
4622 0
4622 1
4622 0
4622 0
4622 0
4622 0
4622 0
4622 0
4622 0
4622 0
4622 0
4622 0
4622 0
4622 0
4622 0
4622 0
4622 0
4622 0
4622 0
4622 0
4622 0
4622 0
4622 0
4622 0
4622 0
4622 0
4622 0
4622 0
4622 0
4622 0
4622 0
4640 0
4640 0
4640 0
4640 0
4640 0
4640 0
4640 0
4640 0
4640 0
4640 0
4640 0
4640 0
4640 0
4640 0
4640 0
4640 0
4640 0
4640 0
4640 0
4640 0
4640 0
4640 0
4640 0
4640 0
4640 0
4640 0
4640 0
4640 0
4640 0
4640 0
4640 0
4707 0
4707 59
4707 0
4707 0
4707 0
4707 0
4707 0
4707 0
4707 0
4707 0
4707 0
4707 0
4707 0
4707 0
4707 0
4707 0
4707 0
4707 0
4707 0
4707 0
4707 0
4707 0
4707 0
4707 0
4707 0
4707 0
4707 0
4707 0
4707 0
4707 0
4707 0
4712 0
4712 0
4712 0
4712 0
4712 0
4712 0
4712 0
4712 0
4712 0
4712 0
4712 0
4712 0
4712 0
4712 0
4712 0
4712 0
4712 0
4712 0
4712 0
4712 0
4712 0
4712 0
4712 0
4712 0
4712 0
4712 0
4712 0
4712 0
4712 0
4712 0
4712 0
4742 0
4742 1
4742 0
4742 0
4742 0
4742 0
4742 0
4742 0
4742 0
4742 0
4742 0
4742 0
4742 0
4742 0
4742 0
4742 0
4742 0
4742 0
4742 0
4742 0
4742 0
4742 0
4742 0
4742 0
4742 0
4742 0
4742 0
4742 0
4742 0
4742 0
4742 0
4839 0
4839 58
4839 0
4839 0
4839 0
4839 0
4839 0
4839 0
4839 0
4839 0
4839 0
4839 0
4839 0
4839 0
4839 0
4839 0
4839 0
4839 0
4839 0
4839 0
4839 0
4839 0
4839 0
4839 0
4839 0
4839 0
4839 0
4839 0
4839 0
4839 0
4839 0
5017 0
5017 41
5017 0
5017 0
5017 0
5017 0
5017 0
5017 0
5017 0
5017 0
5017 0
5017 0
5017 0
5017 0
5017 0
5017 0
5017 0
5017 0
5017 0
5017 0
5017 0
5017 0
5017 0
5017 0
5017 0
5017 0
5017 0
5017 0
5017 0
5017 0
5017 0
5114 0
5114 66
5114 0
5114 0
5114 0
5114 0
5114 0
5114 0
5114 0
5114 0
5114 0
5114 0
5114 0
5114 0
5114 0
5114 0
5114 0
5114 0
5114 0
5114 0
5114 0
5114 0
5114 0
5114 0
5114 0
5114 0
5114 0
5114 0
5114 0
5114 0
5114 0
5142 0
5142 1
5142 0
5142 0
5142 0
5142 0
5142 0
5142 0
5142 0
5142 0
5142 0
5142 0
5142 0
5142 0
5142 0
5142 0
5142 0
5142 0
5142 0
5142 0
5142 0
5142 0
5142 0
5142 0
5142 0
5142 0
5142 0
5142 0
5142 0
5142 0
5142 0
5178 0
5178 1
5178 0
5178 0
5178 0
5178 0
5178 0
5178 0
5178 0
5178 0
5178 0
5178 0
5178 0
5178 0
5178 0
5178 0
5178 0
5178 0
5178 0
5178 0
5178 0
5178 0
5178 0
5178 0
5178 0
5178 0
5178 0
5178 0
5178 0
5178 0
5178 0
5221 0
5221 110
5221 0
5221 0
5221 0
5221 0
5221 0
5221 0
5221 0
5221 0
5221 0
5221 0
5221 0
5221 0
5221 0
5221 0
5221 0
5221 0
5221 0
5221 0
5221 0
5221 0
5221 0
5221 0
5221 0
5221 0
5221 0
5221 0
5221 0
5221 0
5221 0
5224 0
5224 2
5224 0
5224 0
5224 0
5224 0
5224 0
5224 0
5224 0
5224 0
5224 0
5224 0
5224 0
5224 0
5224 0
5224 0
5224 0
5224 0
5224 0
5224 0
5224 0
5224 0
5224 0
5224 0
5224 0
5224 0
5224 0
5224 0
5224 0
5224 0
5224 0
5245 0
5245 1
5245 0
5245 0
5245 0
5245 0
5245 0
5245 0
5245 0
5245 0
5245 0
5245 0
5245 0
5245 0
5245 0
5245 0
5245 0
5245 0
5245 0
5245 0
5245 0
5245 0
5245 0
5245 0
5245 0
5245 0
5245 0
5245 0
5245 0
5245 0
5245 0
5293 0
5293 1
5293 0
5293 0
5293 0
5293 0
5293 0
5293 0
5293 0
5293 0
5293 0
5293 0
5293 0
5293 0
5293 0
5293 0
5293 0
5293 0
5293 0
5293 0
5293 0
5293 0
5293 0
5293 0
5293 0
5293 0
5293 0
5293 0
5293 0
5293 0
5293 0
5301 0
5301 1
5301 0
5301 0
5301 0
5301 0
5301 0
5301 0
5301 0
5301 0
5301 0
5301 0
5301 0
5301 0
5301 0
5301 0
5301 0
5301 0
5301 0
5301 0
5301 0
5301 0
5301 0
5301 0
5301 0
5301 0
5301 0
5301 0
5301 0
5301 0
5301 0
5307 0
5307 41
5307 0
5307 0
5307 0
5307 0
5307 0
5307 0
5307 0
5307 0
5307 0
5307 0
5307 0
5307 0
5307 0
5307 0
5307 0
5307 0
5307 0
5307 0
5307 0
5307 0
5307 0
5307 0
5307 0
5307 0
5307 0
5307 0
5307 0
5307 0
5307 0
5337 0
5337 0
5337 0
5337 0
5337 0
5337 0
5337 0
5337 0
5337 0
5337 0
5337 0
5337 0
5337 0
5337 0
5337 0
5337 0
5337 0
5337 0
5337 0
5337 0
5337 0
5337 0
5337 0
5337 0
5337 0
5337 0
5337 0
5337 0
5337 0
5337 0
5337 0
5352 0
5352 26
5352 0
5352 0
5352 0
5352 0
5352 0
5352 0
5352 0
5352 0
5352 0
5352 0
5352 0
5352 0
5352 0
5352 0
5352 0
5352 0
5352 0
5352 0
5352 0
5352 0
5352 0
5352 0
5352 0
5352 0
5352 0
5352 0
5352 0
5352 0
5352 0
5372 0
5372 1
5372 0
5372 0
5372 0
5372 0
5372 0
5372 0
5372 0
5372 0
5372 0
5372 0
5372 0
5372 0
5372 0
5372 0
5372 0
5372 0
5372 0
5372 0
5372 0
5372 0
5372 0
5372 0
5372 0
5372 0
5372 0
5372 0
5372 0
5372 0
5372 0
5387 0
5387 0
5387 0
5387 0
5387 0
5387 0
5387 0
5387 0
5387 0
5387 0
5387 0
5387 0
5387 0
5387 0
5387 0
5387 0
5387 0
5387 0
5387 0
5387 0
5387 0
5387 0
5387 0
5387 0
5387 0
5387 0
5387 0
5387 0
5387 0
5387 0
5387 0
5389 0
5389 26
5389 0
5389 0
5389 0
5389 0
5389 0
5389 0
5389 0
5389 0
5389 0
5389 0
5389 0
5389 0
5389 0
5389 0
5389 0
5389 0
5389 0
5389 0
5389 0
5389 0
5389 0
5389 0
5389 0
5389 0
5389 0
5389 0
5389 0
5389 0
5389 0
5404 0
5404 0
5404 0
5404 0
5404 0
5404 0
5404 0
5404 0
5404 0
5404 0
5404 0
5404 0
5404 0
5404 0
5404 0
5404 0
5404 0
5404 0
5404 0
5404 0
5404 0
5404 0
5404 0
5404 0
5404 0
5404 0
5404 0
5404 0
5404 0
5404 0
5404 0
5409 0
5409 0
5409 0
5409 0
5409 0
5409 0
5409 0
5409 0
5409 0
5409 0
5409 0
5409 0
5409 0
5409 0
5409 0
5409 0
5409 0
5409 0
5409 0
5409 0
5409 0
5409 0
5409 0
5409 0
5409 0
5409 0
5409 0
5409 0
5409 0
5409 0
5409 0
5414 0
5414 26
5414 0
5414 0
5414 0
5414 0
5414 0
5414 0
5414 0
5414 0
5414 0
5414 0
5414 0
5414 0
5414 0
5414 0
5414 0
5414 0
5414 0
5414 0
5414 0
5414 0
5414 0
5414 0
5414 0
5414 0
5414 0
5414 0
5414 0
5414 0
5414 0
5424 0
5424 1
5424 0
5424 0
5424 0
5424 0
5424 0
5424 0
5424 0
5424 0
5424 0
5424 0
5424 0
5424 0
5424 0
5424 0
5424 0
5424 0
5424 0
5424 0
5424 0
5424 0
5424 0
5424 0
5424 0
5424 0
5424 0
5424 0
5424 0
5424 0
5424 0
5426 0
5426 26
5426 0
5426 0
5426 0
5426 0
5426 0
5426 0
5426 0
5426 0
5426 0
5426 0
5426 0
5426 0
5426 0
5426 0
5426 0
5426 0
5426 0
5426 0
5426 0
5426 0
5426 0
5426 0
5426 0
5426 0
5426 0
5426 0
5426 0
5426 0
5426 0
5436 0
5436 142
5436 0
5436 0
5436 0
5436 0
5436 0
5436 0
5436 0
5436 0
5436 0
5436 0
5436 0
5436 0
5436 0
5436 0
5436 0
5436 0
5436 0
5436 0
5436 0
5436 0
5436 0
5436 0
5436 0
5436 0
5436 0
5436 0
5436 0
5436 0
5436 0
5438 0
5438 1
5438 0
5438 0
5438 0
5438 0
5438 0
5438 0
5438 0
5438 0
5438 0
5438 0
5438 0
5438 0
5438 0
5438 0
5438 0
5438 0
5438 0
5438 0
5438 0
5438 0
5438 0
5438 0
5438 0
5438 0
5438 0
5438 0
5438 0
5438 0
5438 0
5451 0
5451 35
5451 0
5451 0
5451 0
5451 0
5451 0
5451 0
5451 0
5451 0
5451 0
5451 0
5451 0
5451 0
5451 0
5451 0
5451 0
5451 0
5451 0
5451 0
5451 0
5451 0
5451 0
5451 0
5451 0
5451 0
5451 0
5451 0
5451 0
5451 0
5451 0
5452 0
5452 26
5452 0
5452 0
5452 0
5452 0
5452 0
5452 0
5452 0
5452 0
5452 0
5452 0
5452 0
5452 0
5452 0
5452 0
5452 0
5452 0
5452 0
5452 0
5452 0
5452 0
5452 0
5452 0
5452 0
5452 0
5452 0
5452 0
5452 0
5452 0
5452 0
5455 0
5455 1
5455 0
5455 0
5455 0
5455 0
5455 0
5455 0
5455 0
5455 0
5455 0
5455 0
5455 0
5455 0
5455 0
5455 0
5455 0
5455 0
5455 0
5455 0
5455 0
5455 0
5455 0
5455 0
5455 0
5455 0
5455 0
5455 0
5455 0
5455 0
5455 0
5472 0
5472 60
5472 0
5472 0
5472 0
5472 0
5472 0
5472 0
5472 0
5472 0
5472 0
5472 0
5472 0
5472 0
5472 0
5472 0
5472 0
5472 0
5472 0
5472 0
5472 0
5472 0
5472 0
5472 0
5472 0
5472 0
5472 0
5472 0
5472 0
5472 0
5472 0
5473 0
5473 41
5473 0
5473 0
5473 0
5473 0
5473 0
5473 0
5473 0
5473 0
5473 0
5473 0
5473 0
5473 0
5473 0
5473 0
5473 0
5473 0
5473 0
5473 0
5473 0
5473 0
5473 0
5473 0
5473 0
5473 0
5473 0
5473 0
5473 0
5473 0
5473 0
5485 0
5485 74
5485 0
5485 0
5485 0
5485 0
5485 0
5485 0
5485 0
5485 0
5485 0
5485 0
5485 0
5485 0
5485 0
5485 0
5485 0
5485 0
5485 0
5485 0
5485 0
5485 0
5485 0
5485 0
5485 0
5485 0
5485 0
5485 0
5485 0
5485 0
5485 0
5509 0
5509 3
5509 0
5509 0
5509 0
5509 0
5509 0
5509 0
5509 0
5509 0
5509 0
5509 0
5509 0
5509 0
5509 0
5509 0
5509 0
5509 0
5509 0
5509 0
5509 0
5509 0
5509 0
5509 0
5509 0
5509 0
5509 0
5509 0
5509 0
5509 0
5509 0
5524 0
5524 11
5524 0
5524 0
5524 0
5524 0
5524 0
5524 0
5524 0
5524 0
5524 0
5524 0
5524 0
5524 0
5524 0
5524 0
5524 0
5524 0
5524 0
5524 0
5524 0
5524 0
5524 0
5524 0
5524 0
5524 0
5524 0
5524 0
5524 0
5524 0
5524 0
5526 0
5526 75
5526 0
5526 0
5526 0
5526 0
5526 0
5526 0
5526 0
5526 0
5526 0
5526 0
5526 0
5526 0
5526 0
5526 0
5526 0
5526 0
5526 0
5526 0
5526 0
5526 0
5526 0
5526 0
5526 0
5526 0
5526 0
5526 0
5526 0
5526 0
5526 0
5528 0
5528 1
5528 0
5528 0
5528 0
5528 0
5528 0
5528 0
5528 0
5528 0
5528 0
5528 0
5528 0
5528 0
5528 0
5528 0
5528 0
5528 0
5528 0
5528 0
5528 0
5528 0
5528 0
5528 0
5528 0
5528 0
5528 0
5528 0
5528 0
5528 0
5528 0
5534 0
5534 14
5534 0
5534 0
5534 0
5534 0
5534 0
5534 0
5534 0
5534 0
5534 0
5534 0
5534 0
5534 0
5534 0
5534 0
5534 0
5534 0
5534 0
5534 0
5534 0
5534 0
5534 0
5534 0
5534 0
5534 0
5534 0
5534 0
5534 0
5534 0
5534 0
5538 0
5538 546
5538 0
5538 0
5538 0
5538 0
5538 0
5538 0
5538 0
5538 0
5538 0
5538 0
5538 0
5538 0
5538 0
5538 0
5538 0
5538 0
5538 0
5538 0
5538 0
5538 0
5538 0
5538 0
5538 0
5538 0
5538 0
5538 0
5538 0
5538 0
5538 0
5549 0
5549 1
5549 0
5549 0
5549 0
5549 0
5549 0
5549 0
5549 0
5549 0
5549 0
5549 0
5549 0
5549 0
5549 0
5549 0
5549 0
5549 0
5549 0
5549 0
5549 0
5549 0
5549 0
5549 0
5549 0
5549 0
5549 0
5549 0
5549 0
5549 0
5549 0
5552 0
5552 2
5552 0
5552 0
5552 0
5552 0
5552 0
5552 0
5552 0
5552 0
5552 0
5552 0
5552 0
5552 0
5552 0
5552 0
5552 0
5552 0
5552 0
5552 0
5552 0
5552 0
5552 0
5552 0
5552 0
5552 0
5552 0
5552 0
5552 0
5552 0
5552 0
5554 0
5554 60
5554 0
5554 0
5554 0
5554 0
5554 0
5554 0
5554 0
5554 0
5554 0
5554 0
5554 0
5554 0
5554 0
5554 0
5554 0
5554 0
5554 0
5554 0
5554 0
5554 0
5554 0
5554 0
5554 0
5554 0
5554 0
5554 0
5554 0
5554 0
5554 0
5566 0
5566 46
5566 0
5566 0
5566 0
5566 0
5566 0
5566 0
5566 0
5566 0
5566 0
5566 0
5566 0
5566 0
5566 0
5566 0
5566 0
5566 0
5566 0
5566 0
5566 0
5566 0
5566 0
5566 0
5566 0
5566 0
5566 0
5566 0
5566 0
5566 0
5566 0
5583 0
5583 4
5583 0
5583 0
5583 0
5583 0
5583 0
5583 0
5583 0
5583 0
5583 0
5583 0
5583 0
5583 0
5583 0
5583 0
5583 0
5583 0
5583 0
5583 0
5583 0
5583 0
5583 0
5583 0
5583 0
5583 0
5583 0
5583 0
5583 0
5583 0
5583 0
5605 0
5605 26
5605 0
5605 0
5605 0
5605 0
5605 0
5605 0
5605 0
5605 0
5605 0
5605 0
5605 0
5605 0
5605 0
5605 0
5605 0
5605 0
5605 0
5605 0
5605 0
5605 0
5605 0
5605 0
5605 0
5605 0
5605 0
5605 0
5605 0
5605 0
5605 0
5610 0
5610 1
5610 0
5610 0
5610 0
5610 0
5610 0
5610 0
5610 0
5610 0
5610 0
5610 0
5610 0
5610 0
5610 0
5610 0
5610 0
5610 0
5610 0
5610 0
5610 0
5610 0
5610 0
5610 0
5610 0
5610 0
5610 0
5610 0
5610 0
5610 0
5610 0
5626 0
5626 9
5626 0
5626 0
5626 0
5626 0
5626 0
5626 0
5626 0
5626 0
5626 0
5626 0
5626 0
5626 0
5626 0
5626 0
5626 0
5626 0
5626 0
5626 0
5626 0
5626 0
5626 0
5626 0
5626 0
5626 0
5626 0
5626 0
5626 0
5626 0
5626 0
5636 0
5636 130
5636 0
5636 0
5636 0
5636 0
5636 0
5636 0
5636 0
5636 0
5636 0
5636 0
5636 0
5636 0
5636 0
5636 0
5636 0
5636 0
5636 0
5636 0
5636 0
5636 0
5636 0
5636 0
5636 0
5636 0
5636 0
5636 0
5636 0
5636 0
5636 0
5638 0
5638 1
5638 0
5638 0
5638 0
5638 0
5638 0
5638 0
5638 0
5638 0
5638 0
5638 0
5638 0
5638 0
5638 0
5638 0
5638 0
5638 0
5638 0
5638 0
5638 0
5638 0
5638 0
5638 0
5638 0
5638 0
5638 0
5638 0
5638 0
5638 0
5638 0
5647 0
5647 1
5647 0
5647 0
5647 0
5647 0
5647 0
5647 0
5647 0
5647 0
5647 0
5647 0
5647 0
5647 0
5647 0
5647 0
5647 0
5647 0
5647 0
5647 0
5647 0
5647 0
5647 0
5647 0
5647 0
5647 0
5647 0
5647 0
5647 0
5647 0
5647 0
5656 0
5656 0
5656 0
5656 0
5656 0
5656 0
5656 0
5656 0
5656 0
5656 0
5656 0
5656 0
5656 0
5656 0
5656 0
5656 0
5656 0
5656 0
5656 0
5656 0
5656 0
5656 0
5656 0
5656 0
5656 0
5656 0
5656 0
5656 0
5656 0
5656 0
5656 0
5696 0
5696 27
5696 0
5696 0
5696 0
5696 0
5696 0
5696 0
5696 0
5696 0
5696 0
5696 0
5696 0
5696 0
5696 0
5696 0
5696 0
5696 0
5696 0
5696 0
5696 0
5696 0
5696 0
5696 0
5696 0
5696 0
5696 0
5696 0
5696 0
5696 0
5696 0
5705 0
5705 3
5705 0
5705 0
5705 0
5705 0
5705 0
5705 0
5705 0
5705 0
5705 0
5705 0
5705 0
5705 0
5705 0
5705 0
5705 0
5705 0
5705 0
5705 0
5705 0
5705 0
5705 0
5705 0
5705 0
5705 0
5705 0
5705 0
5705 0
5705 0
5705 0
5717 0
5717 1
5717 0
5717 0
5717 0
5717 0
5717 0
5717 0
5717 0
5717 0
5717 0
5717 0
5717 0
5717 0
5717 0
5717 0
5717 0
5717 0
5717 0
5717 0
5717 0
5717 0
5717 0
5717 0
5717 0
5717 0
5717 0
5717 0
5717 0
5717 0
5717 0
5738 0
5738 1
5738 0
5738 0
5738 0
5738 0
5738 0
5738 0
5738 0
5738 0
5738 0
5738 0
5738 0
5738 0
5738 0
5738 0
5738 0
5738 0
5738 0
5738 0
5738 0
5738 0
5738 0
5738 0
5738 0
5738 0
5738 0
5738 0
5738 0
5738 0
5738 0
5768 0
5768 1
5768 0
5768 0
5768 0
5768 0
5768 0
5768 0
5768 0
5768 0
5768 0
5768 0
5768 0
5768 0
5768 0
5768 0
5768 0
5768 0
5768 0
5768 0
5768 0
5768 0
5768 0
5768 0
5768 0
5768 0
5768 0
5768 0
5768 0
5768 0
5768 0
5769 0
5769 80
5769 0
5769 0
5769 0
5769 0
5769 0
5769 0
5769 0
5769 0
5769 0
5769 0
5769 0
5769 0
5769 0
5769 0
5769 0
5769 0
5769 0
5769 0
5769 0
5769 0
5769 0
5769 0
5769 0
5769 0
5769 0
5769 0
5769 0
5769 0
5769 0
5779 0
5779 1
5779 0
5779 0
5779 0
5779 0
5779 0
5779 0
5779 0
5779 0
5779 0
5779 0
5779 0
5779 0
5779 0
5779 0
5779 0
5779 0
5779 0
5779 0
5779 0
5779 0
5779 0
5779 0
5779 0
5779 0
5779 0
5779 0
5779 0
5779 0
5779 0
5782 0
5782 0
5782 0
5782 0
5782 0
5782 0
5782 0
5782 0
5782 0
5782 0
5782 0
5782 0
5782 0
5782 0
5782 0
5782 0
5782 0
5782 0
5782 0
5782 0
5782 0
5782 0
5782 0
5782 0
5782 0
5782 0
5782 0
5782 0
5782 0
5782 0
5782 0
5783 0
5783 1
5783 0
5783 0
5783 0
5783 0
5783 0
5783 0
5783 0
5783 0
5783 0
5783 0
5783 0
5783 0
5783 0
5783 0
5783 0
5783 0
5783 0
5783 0
5783 0
5783 0
5783 0
5783 0
5783 0
5783 0
5783 0
5783 0
5783 0
5783 0
5783 0
5790 0
5790 116
5790 0
5790 0
5790 0
5790 0
5790 0
5790 0
5790 0
5790 0
5790 0
5790 0
5790 0
5790 0
5790 0
5790 0
5790 0
5790 0
5790 0
5790 0
5790 0
5790 0
5790 0
5790 0
5790 0
5790 0
5790 0
5790 0
5790 0
5790 0
5790 0
5794 0
5794 126
5794 0
5794 0
5794 0
5794 0
5794 0
5794 0
5794 0
5794 0
5794 0
5794 0
5794 0
5794 0
5794 0
5794 0
5794 0
5794 0
5794 0
5794 0
5794 0
5794 0
5794 0
5794 0
5794 0
5794 0
5794 0
5794 0
5794 0
5794 0
5794 0
5795 0
5795 1
5795 0
5795 0
5795 0
5795 0
5795 0
5795 0
5795 0
5795 0
5795 0
5795 0
5795 0
5795 0
5795 0
5795 0
5795 0
5795 0
5795 0
5795 0
5795 0
5795 0
5795 0
5795 0
5795 0
5795 0
5795 0
5795 0
5795 0
5795 0
5795 0
5821 0
5821 3
5821 0
5821 0
5821 0
5821 0
5821 0
5821 0
5821 0
5821 0
5821 0
5821 0
5821 0
5821 0
5821 0
5821 0
5821 0
5821 0
5821 0
5821 0
5821 0
5821 0
5821 0
5821 0
5821 0
5821 0
5821 0
5821 0
5821 0
5821 0
5821 0
5877 0
5877 0
5877 0
5877 0
5877 0
5877 0
5877 0
5877 0
5877 0
5877 0
5877 0
5877 0
5877 0
5877 0
5877 0
5877 0
5877 0
5877 0
5877 0
5877 0
5877 0
5877 0
5877 0
5877 0
5877 0
5877 0
5877 0
5877 0
5877 0
5877 0
5877 0
5920 0
5920 1
5920 0
5920 0
5920 0
5920 0
5920 0
5920 0
5920 0
5920 0
5920 0
5920 0
5920 0
5920 0
5920 0
5920 0
5920 0
5920 0
5920 0
5920 0
5920 0
5920 0
5920 0
5920 0
5920 0
5920 0
5920 0
5920 0
5920 0
5920 0
5920 0
6135 0
6135 63
6135 0
6135 0
6135 0
6135 0
6135 0
6135 0
6135 0
6135 0
6135 0
6135 0
6135 0
6135 0
6135 0
6135 0
6135 0
6135 0
6135 0
6135 0
6135 0
6135 0
6135 0
6135 1
6135 0
6135 0
6135 0
6135 0
6135 0
6135 0
6135 0
6233 0
6233 184
6233 0
6233 0
6233 0
6233 0
6233 0
6233 0
6233 0
6233 0
6233 0
6233 0
6233 0
6233 0
6233 0
6233 0
6233 0
6233 0
6233 0
6233 0
6233 0
6233 0
6233 0
6233 1
6233 0
6233 0
6233 0
6233 0
6233 0
6233 0
6233 0
6365 0
6365 402
6365 0
6365 0
6365 0
6365 0
6365 0
6365 0
6365 0
6365 0
6365 0
6365 0
6365 0
6365 0
6365 0
6365 0
6365 0
6365 0
6365 0
6365 0
6365 0
6365 0
6365 0
6365 0
6365 0
6365 0
6365 0
6365 0
6365 0
6365 0
6365 0
6437 0
6437 104
6437 0
6437 0
6437 0
6437 0
6437 0
6437 0
6437 0
6437 0
6437 0
6437 0
6437 0
6437 0
6437 0
6437 0
6437 0
6437 0
6437 0
6437 0
6437 0
6437 0
6437 0
6437 0
6437 0
6437 0
6437 0
6437 0
6437 0
6437 0
6437 0
