pt_graph shape
10418 0
10418 0
10418 0
10418 0
10418 0
10418 0
10418 0
10418 0
10418 0
10418 0
10418 1.48
10418 0
10418 0
10418 0
10418 0
10418 0
10418 0
10418 0
10418 0
10418 0
10418 0
10418 0
10418 0
10418 0
10418 0
10418 0
10418 0
10418 0
10418 0
10418 0
10418 0
10478 0
10478 0
10478 0
10478 0
10478 0
10478 0
10478 0
10478 0
10478 0
10478 0
10478 1.48
10478 0
10478 0
10478 0
10478 0
10478 0
10478 0
10478 0
10478 0
10478 0
10478 0
10478 0
10478 0
10478 0
10478 0
10478 0
10478 0
10478 0
10478 0
10478 0
10478 0
10528 0
10528 0
10528 0
10528 0
10528 0
10528 0
10528 0
10528 0
10528 0
10528 0
10528 1.48
10528 0
10528 0
10528 0
10528 0
10528 0
10528 0
10528 0
10528 0
10528 0
10528 0
10528 0
10528 0
10528 0
10528 0
10528 0
10528 0
10528 0
10528 0
10528 0
10528 0
10631 0
10631 0
10631 0
10631 0
10631 0
10631 0
10631 0
10631 0
10631 0
10631 0
10631 1.48
10631 0
10631 0
10631 0
10631 0
10631 0
10631 0
10631 0
10631 0
10631 0
10631 0
10631 0
10631 0
10631 0
10631 0
10631 0
10631 0
10631 0
10631 0
10631 0
10631 0
10695 0
10695 0
10695 0
10695 0
10695 0
10695 0
10695 0
10695 0
10695 0
10695 0
10695 1.48
10695 0
10695 0
10695 0
10695 0
10695 0
10695 0
10695 0
10695 0
10695 0
10695 0
10695 0
10695 0
10695 0
10695 0
10695 0
10695 0
10695 0
10695 0
10695 0
10695 0
10823 0
10823 0
10823 0
10823 0
10823 0
10823 0
10823 0
10823 0
10823 0
10823 0
10823 1.48
10823 0
10823 0
10823 0
10823 0
10823 0
10823 0
10823 0
10823 0
10823 0
10823 0
10823 0
10823 0
10823 0
10823 0
10823 0
10823 0
10823 0
10823 0
10823 0
10823 0
10842 0
10842 0
10842 0
10842 0
10842 0
10842 0
10842 0
10842 0
10842 0
10842 0
10842 1.47
10842 0
10842 0
10842 0
10842 0
10842 0
10842 0
10842 0
10842 0
10842 0
10842 0
10842 0
10842 0
10842 0
10842 0
10842 0
10842 0
10842 0
10842 0
10842 0
10842 0
10844 0
10844 0
10844 0
10844 0
10844 0
10844 0
10844 0
10844 0
10844 0
10844 0
10844 0.93
10844 0
10844 0
10844 0
10844 0
10844 0
10844 0
10844 0
10844 0
10844 0
10844 0
10844 0
10844 0
10844 0
10844 0
10844 0
10844 0
10844 0
10844 0
10844 0
10844 0
10861 0
10861 0
10861 0
10861 0
10861 0
10861 0
10861 0
10861 0
10861 0
10861 0
10861 1.48
10861 0
10861 0
10861 0
10861 0
10861 0
10861 0
10861 0
10861 0
10861 0
10861 0
10861 0
10861 0
10861 0
10861 0
10861 0
10861 0
10861 0
10861 0
10861 0
10861 0
10883 0
10883 0
10883 0
10883 0
10883 0
10883 0
10883 0
10883 0
10883 0
10883 0
10883 0
10883 0.64
10883 0
10883 0
10883 0
10883 0
10883 0
10883 0
10883 0
10883 0
10883 0
10883 0
10883 0
10883 0
10883 0
10883 0
10883 0
10883 0
10883 0
10883 0
10883 0
10887 0
10887 0
10887 0
10887 0
10887 0
10887 0
10887 0
10887 0
10887 0
10887 0
10887 0
10887 0.94
10887 0
10887 0
10887 0
10887 0
10887 0
10887 0
10887 0
10887 0
10887 0
10887 0
10887 0
10887 0
10887 0
10887 0
10887 0
10887 0
10887 0
10887 0
10887 0
10892 0
10892 0
10892 0
10892 0
10892 0
10892 0
10892 0
10892 0
10892 0
10892 0
10892 0
10892 0.73
10892 0
10892 0
10892 0
10892 0
10892 0
10892 0
10892 0
10892 0
10892 0
10892 0
10892 0
10892 0
10892 0
10892 0
10892 0
10892 0
10892 0
10892 0
10892 0
10897 0
10897 0
10897 0
10897 0
10897 0
10897 0
10897 0
10897 0
10897 0
10897 0
10897 0
10897 0.49
10897 0
10897 0
10897 0
10897 0
10897 0
10897 0
10897 0
10897 0
10897 0
10897 0
10897 0
10897 0
10897 0
10897 0
10897 0
10897 0
10897 0
10897 0
10897 0
10899 0
10899 0
10899 0
10899 0
10899 0
10899 0
10899 0
10899 0
10899 0
10899 0
10899 0
10899 0.62
10899 0
10899 0
10899 0
10899 0
10899 0
10899 0
10899 0
10899 0
10899 0
10899 0
10899 0
10899 0
10899 0
10899 0
10899 0
10899 0
10899 0
10899 0
10899 0
10901 0
10901 0
10901 0
10901 0
10901 0
10901 0
10901 0
10901 0
10901 0
10901 0
10901 0
10901 0.93
10901 0
10901 0
10901 0
10901 0
10901 0
10901 0
10901 0
10901 0
10901 0
10901 0
10901 0
10901 0
10901 0
10901 0
10901 0
10901 0
10901 0
10901 0
10901 0
10902 0
10902 0
10902 0
10902 0
10902 0
10902 0
10902 0
10902 0
10902 0
10902 0
10902 0
10902 1.47
10902 0
10902 0
10902 0
10902 0
10902 0
10902 0
10902 0
10902 0
10902 0
10902 0
10902 0
10902 0
10902 0
10902 0
10902 0
10902 0
10902 0
10902 0
10902 0
10904 0
10904 0
10904 0
10904 0
10904 0
10904 0
10904 0
10904 0
10904 0
10904 0
10904 0
10904 1.46
10904 0
10904 0
10904 0
10904 0
10904 0
10904 0
10904 0
10904 0
10904 0
10904 0
10904 0
10904 0
10904 0
10904 0
10904 0
10904 0
10904 0
10904 0
10904 0
10905 0
10905 0
10905 0
10905 0
10905 0
10905 0
10905 0
10905 0
10905 0
10905 0
10905 0
10905 0.89
10905 0
10905 0
10905 0
10905 0
10905 0
10905 0
10905 0
10905 0
10905 0
10905 0
10905 0
10905 0
10905 0
10905 0
10905 0
10905 0
10905 0
10905 0
10905 0
10909 0
10909 0
10909 0
10909 0
10909 0
10909 0
10909 0
10909 0
10909 0
10909 0
10909 0
10909 0.63
10909 0
10909 0
10909 0
10909 0
10909 0
10909 0
10909 0
10909 0
10909 0
10909 0
10909 0
10909 0
10909 0
10909 0
10909 0
10909 0
10909 0
10909 0
10909 0
10913 0
10913 0
10913 0
10913 0
10913 0
10913 0
10913 0
10913 0
10913 0
10913 0
10913 0
10913 0.57
10913 0
10913 0
10913 0
10913 0
10913 0
10913 0
10913 0
10913 0
10913 0
10913 0
10913 0
10913 0
10913 0
10913 0
10913 0
10913 0
10913 0
10913 0
10913 0
10914 0
10914 0
10914 0
10914 0
10914 0
10914 0
10914 0
10914 0
10914 0
10914 0
10914 0
10914 1.47
10914 0
10914 0
10914 0
10914 0
10914 0
10914 0
10914 0
10914 0
10914 0
10914 0
10914 0
10914 0
10914 0
10914 0
10914 0
10914 0
10914 0
10914 0
10914 0
10916 0
10916 0
10916 0
10916 0
10916 0
10916 0
10916 0
10916 0
10916 0
10916 0
10916 0
10916 0.74
10916 0
10916 0
10916 0
10916 0
10916 0
10916 0
10916 0
10916 0
10916 0
10916 0
10916 0
10916 0
10916 0
10916 0
10916 0
10916 0
10916 0
10916 0
10916 0
10918 0
10918 0
10918 0
10918 0
10918 0
10918 0
10918 0
10918 0
10918 0
10918 0
10918 0
10918 0.67
10918 0
10918 0
10918 0
10918 0
10918 0
10918 0
10918 0
10918 0
10918 0
10918 0
10918 0
10918 0
10918 0
10918 0
10918 0
10918 0
10918 0
10918 0
10918 0
10920 0
10920 0
10920 0
10920 0
10920 0
10920 0
10920 0
10920 0
10920 0
10920 0
10920 0
10920 0.5
10920 0
10920 0
10920 0
10920 0
10920 0
10920 0
10920 0
10920 0
10920 0
10920 0
10920 0
10920 0
10920 0
10920 0
10920 0
10920 0
10920 0
10920 0
10920 0
10924 0
10924 0
10924 0
10924 0
10924 0
10924 0
10924 0
10924 0
10924 0
10924 0
10924 0
10924 1.46
10924 0
10924 0
10924 0
10924 0
10924 0
10924 0
10924 0
10924 0
10924 0
10924 0
10924 0
10924 0
10924 0
10924 0
10924 0
10924 0
10924 0
10924 0
10924 0
10926 0
10926 0
10926 0
10926 0
10926 0
10926 0
10926 0
10926 0
10926 0
10926 0
10926 0
10926 0.8
10926 0
10926 0
10926 0
10926 0
10926 0
10926 0
10926 0
10926 0
10926 0
10926 0
10926 0
10926 0
10926 0
10926 0
10926 0
10926 0
10926 0
10926 0
10926 0
10930 0
10930 0
10930 0
10930 0
10930 0
10930 0
10930 0
10930 0
10930 0
10930 0
10930 0
10930 1.61
10930 0
10930 0
10930 0
10930 0
10930 0
10930 0
10930 0
10930 0
10930 0
10930 0
10930 0
10930 0
10930 0
10930 0
10930 0
10930 0
10930 0
10930 0
10930 0
10935 0
10935 0
10935 0
10935 0
10935 0
10935 0
10935 0
10935 0
10935 0
10935 0
10935 0
10935 1.47
10935 0
10935 0
10935 0
10935 0
10935 0
10935 0
10935 0
10935 0
10935 0
10935 0
10935 0
10935 0
10935 0
10935 0
10935 0
10935 0
10935 0
10935 0
10935 0
10936 0
10936 0
10936 0
10936 0
10936 0
10936 0
10936 0
10936 0
10936 0
10936 0
10936 0
10936 1.47
10936 0
10936 0
10936 0
10936 0
10936 0
10936 0
10936 0
10936 0
10936 0
10936 0
10936 0
10936 0
10936 0
10936 0
10936 0
10936 0
10936 0
10936 0
10936 0
10938 0
10938 0
10938 0
10938 0
10938 0
10938 0
10938 0
10938 0
10938 0
10938 0
10938 0
10938 1.47
10938 0
10938 0
10938 0
10938 0
10938 0
10938 0
10938 0
10938 0
10938 0
10938 0
10938 0
10938 0
10938 0
10938 0
10938 0
10938 0
10938 0
10938 0
10938 0
10939 0
10939 0
10939 0
10939 0
10939 0
10939 0
10939 0
10939 0
10939 0
10939 0
10939 0
10939 1.47
10939 0
10939 0
10939 0
10939 0
10939 0
10939 0
10939 0
10939 0
10939 0
10939 0
10939 0
10939 0
10939 0
10939 0
10939 0
10939 0
10939 0
10939 0
10939 0
10942 0
10942 0
10942 0
10942 0
10942 0
10942 0
10942 0
10942 0
10942 0
10942 0
10942 0
10942 0.54
10942 0
10942 0
10942 0
10942 0
10942 0
10942 0
10942 0
10942 0
10942 0
10942 0
10942 0
10942 0
10942 0
10942 0
10942 0
10942 0
10942 0
10942 0
10942 0
10943 0
10943 0
10943 0
10943 0
10943 0
10943 0
10943 0
10943 0
10943 0
10943 0
10943 0
10943 1.47
10943 0
10943 0
10943 0
10943 0
10943 0
10943 0
10943 0
10943 0
10943 0
10943 0
10943 0
10943 0
10943 0
10943 0
10943 0
10943 0
10943 0
10943 0
10943 0
10947 0
10947 0
10947 0
10947 0
10947 0
10947 0
10947 0
10947 0
10947 0
10947 0
10947 0
10947 0.92
10947 0
10947 0
10947 0
10947 0
10947 0
10947 0
10947 0
10947 0
10947 0
10947 0
10947 0
10947 0
10947 0
10947 0
10947 0
10947 0
10947 0
10947 0
10947 0
10951 0
10951 0
10951 0
10951 0
10951 0
10951 0
10951 0
10951 0
10951 0
10951 0
10951 0
10951 1.46
10951 0
10951 0
10951 0
10951 0
10951 0
10951 0
10951 0
10951 0
10951 0
10951 0
10951 0
10951 0
10951 0
10951 0
10951 0
10951 0
10951 0
10951 0
10951 0
10953 0
10953 0
10953 0
10953 0
10953 0
10953 0
10953 0
10953 0
10953 0
10953 0
10953 0
10953 0.63
10953 0
10953 0
10953 0
10953 0
10953 0
10953 0
10953 0
10953 0
10953 0
10953 0
10953 0
10953 0
10953 0
10953 0
10953 0
10953 0
10953 0
10953 0
10953 0
10955 0
10955 0
10955 0
10955 0
10955 0
10955 0
10955 0
10955 0
10955 0
10955 0
10955 0
10955 0.57
10955 0
10955 0
10955 0
10955 0
10955 0
10955 0
10955 0
10955 0
10955 0
10955 0
10955 0
10955 0
10955 0
10955 0
10955 0
10955 0
10955 0
10955 0
10955 0
10958 0
10958 0
10958 0
10958 0
10958 0
10958 0
10958 0
10958 0
10958 0
10958 0
10958 0
10958 1.46
10958 0
10958 0
10958 0
10958 0
10958 0
10958 0
10958 0
10958 0
10958 0
10958 0
10958 0
10958 0
10958 0
10958 0
10958 0
10958 0
10958 0
10958 0
10958 0
10959 0
10959 0
10959 0
10959 0
10959 0
10959 0
10959 0
10959 0
10959 0
10959 0
10959 0
10959 0.57
10959 0
10959 0
10959 0
10959 0
10959 0
10959 0
10959 0
10959 0
10959 0
10959 0
10959 0
10959 0
10959 0
10959 0
10959 0
10959 0
10959 0
10959 0
10959 0
10961 0
10961 0
10961 0
10961 0
10961 0
10961 0
10961 0
10961 0
10961 0
10961 0
10961 0
10961 0.73
10961 0
10961 0
10961 0
10961 0
10961 0
10961 0
10961 0
10961 0
10961 0
10961 0
10961 0
10961 0
10961 0
10961 0
10961 0
10961 0
10961 0
10961 0
10961 0
10962 0
10962 0
10962 0
10962 0
10962 0
10962 0
10962 0
10962 0
10962 0
10962 0
10962 0
10962 0.91
10962 0
10962 0
10962 0
10962 0
10962 0
10962 0
10962 0
10962 0
10962 0
10962 0
10962 0
10962 0
10962 0
10962 0
10962 0
10962 0
10962 0
10962 0
10962 0
10963 0
10963 0
10963 0
10963 0
10963 0
10963 0
10963 0
10963 0
10963 0
10963 0
10963 0
10963 0.91
10963 0
10963 0
10963 0
10963 0
10963 0
10963 0
10963 0
10963 0
10963 0
10963 0
10963 0
10963 0
10963 0
10963 0
10963 0
10963 0
10963 0
10963 0
10963 0
10968 0
10968 0
10968 0
10968 0
10968 0
10968 0
10968 0
10968 0
10968 0
10968 0
10968 0
10968 1.47
10968 0
10968 0
10968 0
10968 0
10968 0
10968 0
10968 0
10968 0
10968 0
10968 0
10968 0
10968 0
10968 0
10968 0
10968 0
10968 0
10968 0
10968 0
10968 0
10971 0
10971 0
10971 0
10971 0
10971 0
10971 0
10971 0
10971 0
10971 0
10971 0
10971 0
10971 1.56
10971 0
10971 0
10971 0
10971 0
10971 0
10971 0
10971 0
10971 0
10971 0
10971 0
10971 0
10971 0
10971 0
10971 0
10971 0
10971 0
10971 0
10971 0
10971 0
10976 0
10976 0
10976 0
10976 0
10976 0
10976 0
10976 0
10976 0
10976 0
10976 0
10976 0
10976 1.56
10976 0
10976 0
10976 0
10976 0
10976 0
10976 0
10976 0
10976 0
10976 0
10976 0
10976 0
10976 0
10976 0
10976 0
10976 0
10976 0
10976 0
10976 0
10976 0
10984 0
10984 0
10984 0
10984 0
10984 0
10984 0
10984 0
10984 0
10984 0
10984 0
10984 0
10984 0.55
10984 0
10984 0
10984 0
10984 0
10984 0
10984 0
10984 0
10984 0
10984 0
10984 0
10984 0
10984 0
10984 0
10984 0
10984 0
10984 0
10984 0
10984 0
10984 0
10986 0
10986 0
10986 0
10986 0
10986 0
10986 0
10986 0
10986 0
10986 0
10986 0
10986 0
10986 0.45
10986 0
10986 0
10986 0
10986 0
10986 0
10986 0
10986 0
10986 0
10986 0
10986 0
10986 0
10986 0
10986 0
10986 0
10986 0
10986 0
10986 0
10986 0
10986 0
10988 0
10988 0
10988 0
10988 0
10988 0
10988 0
10988 0
10988 0
10988 0
10988 0
10988 0
10988 0.47
10988 0
10988 0
10988 0
10988 0
10988 0
10988 0
10988 0
10988 0
10988 0
10988 0
10988 0
10988 0
10988 0
10988 0
10988 0
10988 0
10988 0
10988 0
10988 0
10989 0
10989 0
10989 0
10989 0
10989 0
10989 0
10989 0
10989 0
10989 0
10989 0
10989 0
10989 0.93
10989 0
10989 0
10989 0
10989 0
10989 0
10989 0
10989 0
10989 0
10989 0
10989 0
10989 0
10989 0
10989 0
10989 0
10989 0
10989 0
10989 0
10989 0
10989 0
10990 0
10990 0
10990 0
10990 0
10990 0
10990 0
10990 0
10990 0
10990 0
10990 0
10990 0
10990 1.46
10990 0
10990 0
10990 0
10990 0
10990 0
10990 0
10990 0
10990 0
10990 0
10990 0
10990 0
10990 0
10990 0
10990 0
10990 0
10990 0
10990 0
10990 0
10990 0
10993 0
10993 0
10993 0
10993 0
10993 0
10993 0
10993 0
10993 0
10993 0
10993 0
10993 0
10993 0.44
10993 0
10993 0
10993 0
10993 0
10993 0
10993 0
10993 0
10993 0
10993 0
10993 0
10993 0
10993 0
10993 0
10993 0
10993 0
10993 0
10993 0
10993 0
10993 0
10994 0
10994 0
10994 0
10994 0
10994 0
10994 0
10994 0
10994 0
10994 0
10994 0
10994 0
10994 0.78
10994 0
10994 0
10994 0
10994 0
10994 0
10994 0
10994 0
10994 0
10994 0
10994 0
10994 0
10994 0
10994 0
10994 0
10994 0
10994 0
10994 0
10994 0
10994 0
10996 0
10996 0
10996 0
10996 0
10996 0
10996 0
10996 0
10996 0
10996 0
10996 0
10996 0
10996 1.46
10996 0
10996 0
10996 0
10996 0
10996 0
10996 0
10996 0
10996 0
10996 0
10996 0
10996 0
10996 0
10996 0
10996 0
10996 0
10996 0
10996 0
10996 0
10996 0
10999 0
10999 0
10999 0
10999 0
10999 0
10999 0
10999 0
10999 0
10999 0
10999 0
10999 0
10999 0.67
10999 0
10999 0
10999 0
10999 0
10999 0
10999 0
10999 0
10999 0
10999 0
10999 0
10999 0
10999 0
10999 0
10999 0
10999 0
10999 0
10999 0
10999 0
10999 0
11001 0
11001 0
11001 0
11001 0
11001 0
11001 0
11001 0
11001 0
11001 0
11001 0
11001 0
11001 1.48
11001 0
11001 0
11001 0
11001 0
11001 0
11001 0
11001 0
11001 0
11001 0
11001 0
11001 0
11001 0
11001 0
11001 0
11001 0
11001 0
11001 0
11001 0
11001 0
11005 0
11005 0
11005 0
11005 0
11005 0
11005 0
11005 0
11005 0
11005 0
11005 0
11005 0
11005 1.48
11005 0
11005 0
11005 0
11005 0
11005 0
11005 0
11005 0
11005 0
11005 0
11005 0
11005 0
11005 0
11005 0
11005 0
11005 0
11005 0
11005 0
11005 0
11005 0
11008 0
11008 0
11008 0
11008 0
11008 0
11008 0
11008 0
11008 0
11008 0
11008 0
11008 0
11008 0.55
11008 0
11008 0
11008 0
11008 0
11008 0
11008 0
11008 0
11008 0
11008 0
11008 0
11008 0
11008 0
11008 0
11008 0
11008 0
11008 0
11008 0
11008 0
11008 0
11010 0
11010 0
11010 0
11010 0
11010 0
11010 0
11010 0
11010 0
11010 0
11010 0
11010 0
11010 0.74
11010 0
11010 0
11010 0
11010 0
11010 0
11010 0
11010 0
11010 0
11010 0
11010 0
11010 0
11010 0
11010 0
11010 0
11010 0
11010 0
11010 0
11010 0
11010 0
11018 0
11018 0
11018 0
11018 0
11018 0
11018 0
11018 0
11018 0
11018 0
11018 0
11018 0
11018 1.47
11018 0
11018 0
11018 0
11018 0
11018 0
11018 0
11018 0
11018 0
11018 0
11018 0
11018 0
11018 0
11018 0
11018 0
11018 0
11018 0
11018 0
11018 0
11018 0
