pt_graph cpue_kghour
9265 0
9265 0
9265 0
9265 0
9265 0
9265 0
9265 0
9265 0
9265 0
9265 0
9265 11
9265 0
9265 0
9265 0
9265 0
9265 0
9265 0
9265 0
9265 0
9265 0
9265 0
9265 2
9265 0
9265 0
9265 0
9265 0
9265 0
9265 0
9265 0
9265 0
9265 0
9354 0
9354 0
9354 0
9354 0
9354 0
9354 0
9354 0
9354 0
9354 0
9354 0
9354 11
9354 0
9354 0
9354 0
9354 0
9354 0
9354 0
9354 0
9354 0
9354 0
9354 0
9354 2
9354 0
9354 0
9354 0
9354 0
9354 0
9354 0
9354 0
9354 0
9354 0
9412 0
9412 0
9412 0
9412 0
9412 0
9412 0
9412 0
9412 0
9412 0
9412 0
9412 11
9412 0
9412 0
9412 0
9412 0
9412 0
9412 0
9412 0
9412 0
9412 0
9412 0
9412 2
9412 0
9412 0
9412 0
9412 0
9412 0
9412 0
9412 0
9412 0
9412 0
9435 0
9435 0
9435 0
9435 0
9435 0
9435 0
9435 0
9435 0
9435 0
9435 0
9435 11
9435 0
9435 0
9435 0
9435 0
9435 0
9435 0
9435 0
9435 0
9435 0
9435 0
9435 2
9435 0
9435 0
9435 0
9435 0
9435 0
9435 0
9435 0
9435 0
9435 0
9439 0
9439 0
9439 0
9439 0
9439 0
9439 0
9439 0
9439 0
9439 0
9439 0
9439 11
9439 0
9439 0
9439 0
9439 0
9439 0
9439 0
9439 0
9439 0
9439 0
9439 0
9439 2
9439 0
9439 0
9439 0
9439 0
9439 0
9439 0
9439 0
9439 0
9439 0
9482 0
9482 0
9482 0
9482 0
9482 0
9482 0
9482 0
9482 0
9482 0
9482 0
9482 11
9482 0
9482 0
9482 0
9482 0
9482 0
9482 0
9482 0
9482 0
9482 0
9482 0
9482 2
9482 0
9482 0
9482 0
9482 0
9482 0
9482 0
9482 0
9482 0
9482 0
9496 0
9496 0
9496 0
9496 0
9496 0
9496 0
9496 0
9496 0
9496 0
9496 0
9496 11
9496 0
9496 0
9496 0
9496 0
9496 0
9496 0
9496 0
9496 0
9496 0
9496 0
9496 2
9496 0
9496 0
9496 0
9496 0
9496 0
9496 0
9496 0
9496 0
9496 0
9526 0
9526 0
9526 0
9526 0
9526 0
9526 0
9526 0
9526 0
9526 0
9526 0
9526 11
9526 0
9526 0
9526 0
9526 0
9526 0
9526 0
9526 0
9526 0
9526 0
9526 0
9526 2
9526 0
9526 0
9526 0
9526 0
9526 0
9526 0
9526 0
9526 0
9526 0
9541 0
9541 0
9541 0
9541 0
9541 0
9541 0
9541 0
9541 0
9541 0
9541 0
9541 31
9541 0
9541 0
9541 0
9541 0
9541 0
9541 0
9541 0
9541 0
9541 0
9541 0
9541 7
9541 0
9541 0
9541 2
9541 0
9541 0
9541 0
9541 0
9541 0
9541 0
9556 0
9556 0
9556 0
9556 0
9556 0
9556 0
9556 0
9556 0
9556 0
9556 0
9556 11
9556 0
9556 0
9556 0
9556 0
9556 0
9556 0
9556 0
9556 0
9556 0
9556 0
9556 2
9556 0
9556 0
9556 0
9556 0
9556 0
9556 0
9556 0
9556 0
9556 0
9570 0
9570 0
9570 0
9570 0
9570 0
9570 0
9570 0
9570 0
9570 0
9570 0
9570 11
9570 0
9570 0
9570 0
9570 0
9570 0
9570 0
9570 0
9570 0
9570 0
9570 0
9570 2
9570 0
9570 0
9570 0
9570 0
9570 0
9570 0
9570 0
9570 0
9570 0
9579 0
9579 0
9579 0
9579 0
9579 0
9579 0
9579 0
9579 0
9579 0
9579 0
9579 135
9579 0
9579 0
9579 0
9579 0
9579 0
9579 0
9579 0
9579 0
9579 0
9579 0
9579 11
9579 0
9579 0
9579 3
9579 0
9579 0
9579 0
9579 0
9579 0
9579 0
9580 0
9580 0
9580 0
9580 0
9580 0
9580 0
9580 0
9580 0
9580 0
9580 0
9580 135
9580 0
9580 0
9580 0
9580 0
9580 0
9580 0
9580 0
9580 0
9580 0
9580 0
9580 11
9580 0
9580 0
9580 3
9580 0
9580 0
9580 0
9580 0
9580 0
9580 0
9593 0
9593 0
9593 0
9593 0
9593 0
9593 0
9593 0
9593 0
9593 0
9593 0
9593 62
9593 0
9593 0
9593 0
9593 0
9593 0
9593 0
9593 0
9593 0
9593 0
9593 0
9593 4
9593 0
9593 0
9593 1
9593 0
9593 0
9593 0
9593 0
9593 0
9593 0
9614 0
9614 0
9614 0
9614 0
9614 0
9614 0
9614 0
9614 0
9614 0
9614 0
9614 36
9614 0
9614 0
9614 0
9614 0
9614 0
9614 0
9614 0
9614 0
9614 0
9614 0
9614 3
9614 0
9614 0
9614 1
9614 0
9614 0
9614 0
9614 0
9614 0
9614 0
9656 0
9656 0
9656 0
9656 0
9656 0
9656 0
9656 0
9656 0
9656 0
9656 0
9656 91
9656 0
9656 0
9656 0
9656 0
9656 0
9656 0
9656 0
9656 0
9656 0
9656 0
9656 14
9656 0
9656 0
9656 6
9656 0
9656 0
9656 0
9656 0
9656 0
9656 0
9666 0
9666 0
9666 0
9666 0
9666 0
9666 0
9666 0
9666 0
9666 0
9666 0
9666 11
9666 0
9666 0
9666 0
9666 0
9666 0
9666 0
9666 0
9666 0
9666 0
9666 0
9666 2
9666 0
9666 0
9666 0
9666 0
9666 0
9666 0
9666 0
9666 0
9666 0
9676 0
9676 0
9676 0
9676 0
9676 0
9676 0
9676 0
9676 0
9676 0
9676 0
9676 11
9676 0
9676 0
9676 0
9676 0
9676 0
9676 0
9676 0
9676 0
9676 0
9676 0
9676 2
9676 0
9676 0
9676 0
9676 0
9676 0
9676 0
9676 0
9676 0
9676 0
9693 0
9693 0
9693 0
9693 0
9693 0
9693 0
9693 0
9693 0
9693 0
9693 0
9693 11
9693 0
9693 0
9693 0
9693 0
9693 0
9693 0
9693 0
9693 0
9693 0
9693 0
9693 2
9693 0
9693 0
9693 0
9693 0
9693 0
9693 0
9693 0
9693 0
9693 0
9698 0
9698 0
9698 0
9698 0
9698 0
9698 0
9698 0
9698 0
9698 0
9698 0
9698 73
9698 0
9698 0
9698 0
9698 0
9698 0
9698 0
9698 0
9698 0
9698 0
9698 0
9698 6
9698 0
9698 0
9698 2
9698 0
9698 0
9698 0
9698 0
9698 0
9698 0
9717 0
9717 0
9717 0
9717 0
9717 0
9717 0
9717 0
9717 0
9717 0
9717 0
9717 11
9717 0
9717 0
9717 0
9717 0
9717 0
9717 0
9717 0
9717 0
9717 0
9717 0
9717 2
9717 0
9717 0
9717 0
9717 0
9717 0
9717 0
9717 0
9717 0
9717 0
9721 0
9721 0
9721 0
9721 0
9721 0
9721 0
9721 0
9721 0
9721 0
9721 0
9721 89
9721 0
9721 0
9721 0
9721 0
9721 0
9721 0
9721 0
9721 0
9721 0
9721 0
9721 21
9721 0
9721 0
9721 8
9721 0
9721 0
9721 0
9721 0
9721 0
9721 0
9723 0
9723 0
9723 0
9723 0
9723 0
9723 0
9723 0
9723 0
9723 0
9723 0
9723 69
9723 0
9723 0
9723 0
9723 0
9723 0
9723 0
9723 0
9723 0
9723 0
9723 0
9723 11
9723 0
9723 0
9723 3
9723 0
9723 0
9723 0
9723 0
9723 0
9723 0
9726 0
9726 0
9726 0
9726 0
9726 0
9726 0
9726 0
9726 0
9726 0
9726 0
9726 70
9726 0
9726 0
9726 0
9726 0
9726 0
9726 0
9726 0
9726 0
9726 0
9726 0
9726 14
9726 0
9726 0
9726 4
9726 0
9726 0
9726 0
9726 0
9726 0
9726 0
9741 0
9741 0
9741 0
9741 0
9741 0
9741 0
9741 0
9741 0
9741 0
9741 0
9741 11
9741 0
9741 0
9741 0
9741 0
9741 0
9741 0
9741 0
9741 0
9741 0
9741 0
9741 2
9741 0
9741 0
9741 0
9741 0
9741 0
9741 0
9741 0
9741 0
9741 0
9748 0
9748 0
9748 0
9748 0
9748 0
9748 0
9748 0
9748 0
9748 0
9748 0
9748 104
9748 0
9748 0
9748 0
9748 0
9748 0
9748 0
9748 0
9748 0
9748 0
9748 0
9748 14
9748 0
9748 0
9748 8
9748 0
9748 0
9748 0
9748 0
9748 0
9748 0
9749 0
9749 0
9749 0
9749 0
9749 0
9749 0
9749 0
9749 0
9749 0
9749 0
9749 92
9749 0
9749 0
9749 0
9749 0
9749 0
9749 0
9749 0
9749 0
9749 0
9749 0
9749 22
9749 0
9749 0
9749 8
9749 0
9749 0
9749 0
9749 0
9749 0
9749 0
9766 0
9766 0
9766 0
9766 0
9766 0
9766 0
9766 0
9766 0
9766 0
9766 0
9766 11
9766 0
9766 0
9766 0
9766 0
9766 0
9766 0
9766 0
9766 0
9766 0
9766 0
9766 2
9766 0
9766 0
9766 0
9766 0
9766 0
9766 0
9766 0
9766 0
9766 0
9799 0
9799 0
9799 0
9799 0
9799 0
9799 0
9799 0
9799 0
9799 0
9799 0
9799 89
9799 0
9799 0
9799 0
9799 0
9799 0
9799 0
9799 0
9799 0
9799 0
9799 0
9799 11
9799 0
9799 0
9799 3
9799 0
9799 0
9799 0
9799 0
9799 0
9799 0
9802 0
9802 0
9802 0
9802 0
9802 0
9802 0
9802 0
9802 0
9802 0
9802 0
9802 113
9802 0
9802 0
9802 0
9802 0
9802 0
9802 0
9802 0
9802 0
9802 0
9802 0
9802 16
9802 0
9802 0
9802 6
9802 0
9802 0
9802 0
9802 0
9802 0
9802 0
9808 0
9808 0
9808 0
9808 0
9808 0
9808 0
9808 0
9808 0
9808 0
9808 0
9808 79
9808 0
9808 0
9808 0
9808 0
9808 0
9808 0
9808 0
9808 0
9808 0
9808 0
9808 8
9808 0
9808 0
9808 1
9808 0
9808 0
9808 0
9808 0
9808 0
9808 0
9835 0
9835 0
9835 0
9835 0
9835 0
9835 0
9835 0
9835 0
9835 0
9835 0
9835 51
9835 0
9835 0
9835 0
9835 0
9835 0
9835 0
9835 0
9835 0
9835 0
9835 0
9835 12
9835 0
9835 0
9835 4
9835 0
9835 0
9835 0
9835 0
9835 0
9835 0
9844 0
9844 0
9844 0
9844 0
9844 0
9844 0
9844 0
9844 0
9844 0
9844 0
9844 99
9844 0
9844 0
9844 0
9844 0
9844 0
9844 0
9844 0
9844 0
9844 0
9844 0
9844 19
9844 0
9844 0
9844 6
9844 0
9844 0
9844 0
9844 0
9844 0
9844 0
9855 0
9855 0
9855 0
9855 0
9855 0
9855 0
9855 0
9855 0
9855 0
9855 0
9855 128
9855 0
9855 0
9855 0
9855 0
9855 0
9855 0
9855 0
9855 0
9855 0
9855 0
9855 20
9855 0
9855 0
9855 6
9855 0
9855 0
9855 0
9855 0
9855 0
9855 0
9858 0
9858 0
9858 0
9858 0
9858 0
9858 0
9858 0
9858 0
9858 0
9858 0
9858 85
9858 0
9858 0
9858 0
9858 0
9858 0
9858 0
9858 0
9858 0
9858 0
9858 0
9858 12
9858 0
9858 0
9858 6
9858 0
9858 0
9858 0
9858 0
9858 0
9858 0
9896 0
9896 0
9896 0
9896 0
9896 0
9896 0
9896 0
9896 0
9896 0
9896 0
9896 107
9896 0
9896 0
9896 0
9896 0
9896 0
9896 0
9896 0
9896 0
9896 0
9896 0
9896 17
9896 0
9896 0
9896 4
9896 0
9896 0
9896 0
9896 0
9896 0
9896 0
9914 0
9914 0
9914 0
9914 0
9914 0
9914 0
9914 0
9914 0
9914 0
9914 0
9914 78
9914 0
9914 0
9914 0
9914 0
9914 0
9914 0
9914 0
9914 0
9914 0
9914 0
9914 7
9914 0
9914 0
9914 0
9914 0
9914 0
9914 0
9914 0
9914 0
9914 0
9922 0
9922 0
9922 0
9922 0
9922 0
9922 0
9922 0
9922 0
9922 0
9922 0
9922 58
9922 0
9922 0
9922 0
9922 0
9922 0
9922 0
9922 0
9922 0
9922 0
9922 0
9922 7
9922 0
9922 0
9922 3
9922 0
9922 0
9922 0
9922 0
9922 0
9922 0
9971 0
9971 0
9971 0
9971 0
9971 0
9971 0
9971 0
9971 0
9971 0
9971 0
9971 194
9971 0
9971 0
9971 0
9971 0
9971 0
9971 0
9971 0
9971 0
9971 0
9971 0
9971 30
9971 0
9971 0
9971 6
9971 0
9971 0
9971 0
9971 0
9971 0
9971 0
9975 0
9975 0
9975 0
9975 0
9975 0
9975 0
9975 0
9975 0
9975 0
9975 0
9975 214
9975 0
9975 0
9975 0
9975 0
9975 0
9975 0
9975 0
9975 0
9975 0
9975 0
9975 18
9975 0
9975 0
9975 2
9975 0
9975 0
9975 0
9975 0
9975 0
9975 0
9979 0
9979 0
9979 0
9979 0
9979 0
9979 0
9979 0
9979 0
9979 0
9979 0
9979 91
9979 0
9979 0
9979 0
9979 0
9979 0
9979 0
9979 0
9979 0
9979 0
9979 0
9979 11
9979 0
9979 0
9979 3
9979 0
9979 0
9979 0
9979 0
9979 0
9979 0
9986 0
9986 0
9986 0
9986 0
9986 0
9986 0
9986 0
9986 0
9986 0
9986 0
9986 82
9986 0
9986 0
9986 0
9986 0
9986 0
9986 0
9986 0
9986 0
9986 0
9986 0
9986 13
9986 0
9986 0
9986 3
9986 0
9986 0
9986 0
9986 0
9986 0
9986 0
10033 0
10033 0
10033 0
10033 0
10033 0
10033 0
10033 0
10033 0
10033 0
10033 0
10033 118
10033 0
10033 0
10033 0
10033 0
10033 0
10033 0
10033 0
10033 0
10033 0
10033 0
10033 19
10033 0
10033 0
10033 5
10033 0
10033 0
10033 0
10033 0
10033 0
10033 0
10058 0
10058 0
10058 0
10058 0
10058 0
10058 0
10058 0
10058 0
10058 0
10058 0
10058 147
10058 0
10058 0
10058 0
10058 0
10058 0
10058 0
10058 0
10058 0
10058 0
10058 0
10058 25
10058 0
10058 0
10058 14
10058 0
10058 0
10058 0
10058 0
10058 0
10058 0
10060 0
10060 0
10060 0
10060 0
10060 0
10060 0
10060 0
10060 0
10060 0
10060 0
10060 11
10060 0
10060 0
10060 0
10060 0
10060 0
10060 0
10060 0
10060 0
10060 0
10060 0
10060 2
10060 0
10060 0
10060 0
10060 0
10060 0
10060 0
10060 0
10060 0
10060 0
10062 0
10062 0
10062 0
10062 0
10062 0
10062 0
10062 0
10062 0
10062 0
10062 0
10062 73
10062 0
10062 0
10062 0
10062 0
10062 0
10062 0
10062 0
10062 0
10062 0
10062 0
10062 10
10062 0
10062 0
10062 5
10062 0
10062 0
10062 0
10062 0
10062 0
10062 0
10093 0
10093 0
10093 0
10093 0
10093 0
10093 0
10093 0
10093 0
10093 0
10093 0
10093 105
10093 0
10093 0
10093 0
10093 0
10093 0
10093 0
10093 0
10093 0
10093 0
10093 0
10093 16
10093 0
10093 0
10093 3
10093 0
10093 0
10093 0
10093 0
10093 0
10093 0
10102 0
10102 0
10102 0
10102 0
10102 0
10102 0
10102 0
10102 0
10102 0
10102 0
10102 135
10102 0
10102 0
10102 0
10102 0
10102 0
10102 0
10102 0
10102 0
10102 0
10102 0
10102 11
10102 0
10102 0
10102 3
10102 0
10102 0
10102 0
10102 0
10102 0
10102 0
10112 0
10112 0
10112 0
10112 0
10112 0
10112 0
10112 0
10112 0
10112 0
10112 0
10112 11
10112 0
10112 0
10112 0
10112 0
10112 0
10112 0
10112 0
10112 0
10112 0
10112 0
10112 2
10112 0
10112 0
10112 0
10112 0
10112 0
10112 0
10112 0
10112 0
10112 0
10116 0
10116 0
10116 0
10116 0
10116 0
10116 0
10116 0
10116 0
10116 0
10116 0
10116 131
10116 0
10116 0
10116 0
10116 0
10116 0
10116 0
10116 0
10116 0
10116 0
10116 0
10116 11
10116 0
10116 0
10116 2
10116 0
10116 0
10116 0
10116 0
10116 0
10116 0
10151 0
10151 0
10151 0
10151 0
10151 0
10151 0
10151 0
10151 0
10151 0
10151 0
10151 128
10151 0
10151 0
10151 0
10151 0
10151 0
10151 0
10151 0
10151 0
10151 0
10151 0
10151 20
10151 0
10151 0
10151 6
10151 0
10151 0
10151 0
10151 0
10151 0
10151 0
10164 0
10164 0
10164 0
10164 0
10164 0
10164 0
10164 0
10164 0
10164 0
10164 0
10164 128
10164 0
10164 0
10164 0
10164 0
10164 0
10164 0
10164 0
10164 0
10164 0
10164 0
10164 20
10164 0
10164 0
10164 6
10164 0
10164 0
10164 0
10164 0
10164 0
10164 0
10167 0
10167 0
10167 0
10167 0
10167 0
10167 0
10167 0
10167 0
10167 0
10167 0
10167 199
10167 0
10167 0
10167 0
10167 0
10167 0
10167 0
10167 0
10167 0
10167 0
10167 0
10167 23
10167 0
10167 0
10167 5
10167 0
10167 0
10167 0
10167 0
10167 0
10167 0
10182 0
10182 0
10182 0
10182 0
10182 0
10182 0
10182 0
10182 0
10182 0
10182 0
10182 199
10182 0
10182 0
10182 0
10182 0
10182 0
10182 0
10182 0
10182 0
10182 0
10182 0
10182 20
10182 0
10182 0
10182 3
10182 0
10182 0
10182 0
10182 0
10182 0
10182 0
10198 0
10198 0
10198 0
10198 0
10198 0
10198 0
10198 0
10198 0
10198 0
10198 0
10198 11
10198 0
10198 0
10198 0
10198 0
10198 0
10198 0
10198 0
10198 0
10198 0
10198 0
10198 2
10198 0
10198 0
10198 0
10198 0
10198 0
10198 0
10198 0
10198 0
10198 0
10208 0
10208 0
10208 0
10208 0
10208 0
10208 0
10208 0
10208 0
10208 0
10208 0
10208 223
10208 0
10208 0
10208 0
10208 0
10208 0
10208 0
10208 0
10208 0
10208 0
10208 0
10208 36
10208 0
10208 0
10208 8
10208 0
10208 0
10208 0
10208 0
10208 0
10208 0
10217 0
10217 0
10217 0
10217 0
10217 0
10217 0
10217 0
10217 0
10217 0
10217 0
10217 296
10217 0
10217 0
10217 0
10217 0
10217 0
10217 0
10217 0
10217 0
10217 0
10217 0
10217 39
10217 0
10217 0
10217 9
10217 0
10217 0
10217 0
10217 0
10217 0
10217 0
10242 0
10242 0
10242 0
10242 0
10242 0
10242 0
10242 0
10242 0
10242 0
10242 0
10242 153
10242 0
10242 0
10242 0
10242 0
10242 0
10242 0
10242 0
10242 0
10242 0
10242 0
10242 18
10242 0
10242 0
10242 5
10242 0
10242 0
10242 0
10242 0
10242 0
10242 0
10254 0
10254 0
10254 0
10254 0
10254 0
10254 0
10254 0
10254 0
10254 0
10254 0
10254 104
10254 0
10254 0
10254 0
10254 0
10254 0
10254 0
10254 0
10254 0
10254 0
10254 0
10254 16
10254 0
10254 0
10254 3
10254 0
10254 0
10254 0
10254 0
10254 0
10254 0
10260 0
10260 0
10260 0
10260 0
10260 0
10260 0
10260 0
10260 0
10260 0
10260 0
10260 132
10260 0
10260 0
10260 0
10260 0
10260 0
10260 0
10260 0
10260 0
10260 0
10260 0
10260 50
10260 0
10260 0
10260 4
10260 0
10260 0
10260 0
10260 0
10260 0
10260 0
10276 0
10276 0
10276 0
10276 0
10276 0
10276 0
10276 0
10276 0
10276 0
10276 0
10276 278
10276 0
10276 0
10276 0
10276 0
10276 0
10276 0
10276 0
10276 0
10276 0
10276 0
10276 21
10276 0
10276 0
10276 2
10276 0
10276 0
10276 0
10276 0
10276 0
10276 0
10298 0
10298 0
10298 0
10298 0
10298 0
10298 0
10298 0
10298 0
10298 0
10298 0
10298 381
10298 0
10298 0
10298 0
10298 0
10298 0
10298 0
10298 0
10298 0
10298 0
10298 0
10298 150
10298 0
10298 0
10298 22
10298 0
10298 0
10298 0
10298 0
10298 0
10298 0
10307 0
10307 0
10307 0
10307 0
10307 0
10307 0
10307 0
10307 0
10307 0
10307 0
10307 59
10307 0
10307 0
10307 0
10307 0
10307 0
10307 0
10307 0
10307 0
10307 0
10307 0
10307 9
10307 0
10307 0
10307 2
10307 0
10307 0
10307 0
10307 0
10307 0
10307 0
10316 0
10316 0
10316 0
10316 0
10316 0
10316 0
10316 0
10316 0
10316 0
10316 0
10316 296
10316 0
10316 0
10316 0
10316 0
10316 0
10316 0
10316 0
10316 0
10316 0
10316 0
10316 39
10316 0
10316 0
10316 9
10316 0
10316 0
10316 0
10316 0
10316 0
10316 0
10327 0
10327 0
10327 0
10327 0
10327 0
10327 0
10327 0
10327 0
10327 0
10327 0
10327 0
10327 132
10327 0
10327 0
10327 0
10327 0
10327 0
10327 0
10327 0
10327 0
10327 0
10327 83
10327 0
10327 0
10327 0
10327 0
10327 0
10327 0
10327 0
10327 0
10327 0
10328 0
10328 0
10328 0
10328 0
10328 0
10328 0
10328 0
10328 0
10328 0
10328 0
10328 0
10328 124
10328 0
10328 0
10328 0
10328 0
10328 0
10328 0
10328 0
10328 0
10328 0
10328 78
10328 0
10328 0
10328 0
10328 0
10328 0
10328 0
10328 0
10328 0
10328 0
10344 0
10344 0
10344 0
10344 0
10344 0
10344 0
10344 0
10344 0
10344 0
10344 0
10344 223
10344 0
10344 0
10344 0
10344 0
10344 0
10344 0
10344 0
10344 0
10344 0
10344 0
10344 36
10344 0
10344 0
10344 8
10344 0
10344 0
10344 0
10344 0
10344 0
10344 0
10346 0
10346 0
10346 0
10346 0
10346 0
10346 0
10346 0
10346 0
10346 0
10346 0
10346 1157
10346 0
10346 0
10346 0
10346 0
10346 0
10346 0
10346 0
10346 0
10346 0
10346 0
10346 192
10346 0
10346 0
10346 14
10346 0
10346 0
10346 0
10346 0
10346 0
10346 0
10353 0
10353 0
10353 0
10353 0
10353 0
10353 0
10353 0
10353 0
10353 0
10353 0
10353 512
10353 0
10353 0
10353 0
10353 0
10353 0
10353 0
10353 0
10353 0
10353 0
10353 0
10353 62
10353 0
10353 0
10353 16
10353 0
10353 0
10353 0
10353 0
10353 0
10353 0
10358 0
10358 0
10358 0
10358 0
10358 0
10358 0
10358 0
10358 0
10358 0
10358 0
10358 890
10358 0
10358 0
10358 0
10358 0
10358 0
10358 0
10358 0
10358 0
10358 0
10358 0
10358 94
10358 0
10358 0
10358 14
10358 0
10358 0
10358 0
10358 0
10358 0
10358 0
10377 0
10377 0
10377 0
10377 0
10377 0
10377 0
10377 0
10377 0
10377 0
10377 0
10377 128
10377 0
10377 0
10377 0
10377 0
10377 0
10377 0
10377 0
10377 0
10377 0
10377 0
10377 35
10377 0
10377 0
10377 13
10377 0
10377 0
10377 0
10377 0
10377 0
10377 0
10388 0
10388 0
10388 0
10388 0
10388 0
10388 0
10388 0
10388 0
10388 0
10388 0
10388 113
10388 0
10388 0
10388 0
10388 0
10388 0
10388 0
10388 0
10388 0
10388 0
10388 0
10388 5
10388 0
10388 0
10388 3
10388 0
10388 0
10388 0
10388 0
10388 0
10388 0
10400 0
10400 0
10400 0
10400 0
10400 0
10400 0
10400 0
10400 0
10400 0
10400 0
10400 119
10400 0
10400 0
10400 0
10400 0
10400 0
10400 0
10400 0
10400 0
10400 0
10400 0
10400 75
10400 0
10400 0
10400 0
10400 0
10400 0
10400 0
10400 0
10400 0
10400 0
10439 0
10439 0
10439 0
10439 0
10439 0
10439 0
10439 0
10439 0
10439 0
10439 0
10439 531
10439 0
10439 0
10439 0
10439 0
10439 0
10439 0
10439 0
10439 0
10439 0
10439 0
10439 70
10439 0
10439 0
10439 11
10439 0
10439 0
10439 0
10439 0
10439 0
10439 0
10460 0
10460 0
10460 0
10460 0
10460 0
10460 0
10460 0
10460 0
10460 0
10460 0
10460 381
10460 0
10460 0
10460 0
10460 0
10460 0
10460 0
10460 0
10460 0
10460 0
10460 0
10460 150
10460 0
10460 0
10460 22
10460 0
10460 0
10460 0
10460 0
10460 0
10460 0
10488 0
10488 0
10488 0
10488 0
10488 0
10488 0
10488 0
10488 0
10488 0
10488 0
10488 107
10488 0
10488 0
10488 0
10488 0
10488 0
10488 0
10488 0
10488 0
10488 0
10488 0
10488 16
10488 0
10488 0
10488 4
10488 0
10488 0
10488 0
10488 0
10488 0
10488 0
10603 0
10603 0
10603 0
10603 0
10603 0
10603 0
10603 0
10603 0
10603 0
10603 0
10603 0
10603 119
10603 0
10603 0
10603 0
10603 0
10603 0
10603 0
10603 0
10603 0
10603 0
10603 75
10603 0
10603 0
10603 0
10603 0
10603 0
10603 0
10603 0
10603 0
10603 0
10607 0
10607 0
10607 0
10607 0
10607 0
10607 0
10607 0
10607 0
10607 0
10607 0
10607 0
10607 125
10607 0
10607 0
10607 0
10607 0
10607 0
10607 0
10607 0
10607 0
10607 0
10607 79
10607 0
10607 0
10607 0
10607 0
10607 0
10607 0
10607 0
10607 0
10607 0
10873 0
10873 0
10873 0
10873 0
10873 0
10873 0
10873 0
10873 0
10873 0
10873 0
10873 0
10873 153
10873 0
10873 0
10873 0
10873 0
10873 0
10873 0
10873 0
10873 0
10873 0
10873 295
10873 0
10873 0
10873 0
10873 0
10873 0
10873 0
10873 0
10873 0
10873 0
10881 0
10881 0
10881 0
10881 0
10881 0
10881 0
10881 0
10881 0
10881 0
10881 0
10881 0
10881 152
10881 0
10881 0
10881 0
10881 0
10881 0
10881 0
10881 0
10881 0
10881 0
10881 293
10881 0
10881 0
10881 0
10881 0
10881 0
10881 0
10881 0
10881 0
10881 0
10899 0
10899 0
10899 0
10899 0
10899 0
10899 0
10899 0
10899 0
10899 0
10899 0
10899 0
10899 231
10899 0
10899 0
10899 0
10899 0
10899 0
10899 0
10899 0
10899 0
10899 0
10899 111
10899 0
10899 0
10899 0
10899 0
10899 0
10899 0
10899 0
10899 0
10899 0
10918 0
10918 0
10918 0
10918 0
10918 0
10918 0
10918 0
10918 0
10918 0
10918 0
10918 0
10918 218
10918 0
10918 0
10918 0
10918 0
10918 0
10918 0
10918 0
10918 0
10918 0
10918 84
10918 0
10918 0
10918 0
10918 0
10918 0
10918 0
10918 0
10918 0
10918 0
10930 0
10930 0
10930 0
10930 0
10930 0
10930 0
10930 0
10930 0
10930 0
10930 0
10930 0
10930 299
10930 0
10930 0
10930 0
10930 0
10930 0
10930 0
10930 0
10930 0
10930 0
10930 138
10930 0
10930 0
10930 0
10930 0
10930 0
10930 0
10930 0
10930 0
10930 0
10935 0
10935 0
10935 0
10935 0
10935 0
10935 0
10935 0
10935 0
10935 0
10935 0
10935 0
10935 280
10935 0
10935 0
10935 0
10935 0
10935 0
10935 0
10935 0
10935 0
10935 0
10935 100
10935 0
10935 0
10935 0
10935 0
10935 0
10935 0
10935 0
10935 0
10935 0
10942 0
10942 0
10942 0
10942 0
10942 0
10942 0
10942 0
10942 0
10942 0
10942 0
10942 0
10942 280
10942 0
10942 0
10942 0
10942 0
10942 0
10942 0
10942 0
10942 0
10942 0
10942 100
10942 0
10942 0
10942 0
10942 0
10942 0
10942 0
10942 0
10942 0
10942 0
10953 0
10953 0
10953 0
10953 0
10953 0
10953 0
10953 0
10953 0
10953 0
10953 0
10953 0
10953 237
10953 0
10953 0
10953 0
10953 0
10953 0
10953 0
10953 0
10953 0
10953 0
10953 67
10953 0
10953 0
10953 0
10953 0
10953 0
10953 0
10953 0
10953 0
10953 0
10959 0
10959 0
10959 0
10959 0
10959 0
10959 0
10959 0
10959 0
10959 0
10959 0
10959 0
10959 353
10959 0
10959 0
10959 0
10959 0
10959 0
10959 0
10959 0
10959 0
10959 0
10959 106
10959 0
10959 0
10959 0
10959 0
10959 0
10959 0
10959 0
10959 0
10959 0
10986 0
10986 0
10986 0
10986 0
10986 0
10986 0
10986 0
10986 0
10986 0
10986 0
10986 0
10986 626
10986 0
10986 0
10986 0
10986 0
10986 0
10986 0
10986 0
10986 0
10986 0
10986 23
10986 0
10986 0
10986 0
10986 0
10986 0
10986 0
10986 0
10986 0
10986 0
10988 0
10988 0
10988 0
10988 0
10988 0
10988 0
10988 0
10988 0
10988 0
10988 0
10988 0
10988 218
10988 0
10988 0
10988 0
10988 0
10988 0
10988 0
10988 0
10988 0
10988 0
10988 59
10988 0
10988 0
10988 0
10988 0
10988 0
10988 0
10988 0
10988 0
10988 0
11010 0
11010 0
11010 0
11010 0
11010 0
11010 0
11010 0
11010 0
11010 0
11010 0
11010 0
11010 709
11010 0
11010 0
11010 0
11010 0
11010 0
11010 0
11010 0
11010 0
11010 0
11010 0
11010 0
11010 0
11010 0
11010 0
11010 0
11010 0
11010 0
11010 0
11010 0
11018 0
11018 0
11018 0
11018 0
11018 0
11018 0
11018 0
11018 0
11018 0
11018 0
11018 0
11018 843
11018 0
11018 0
11018 0
11018 0
11018 0
11018 0
11018 0
11018 0
11018 0
11018 0
11018 0
11018 0
11018 0
11018 0
11018 0
11018 0
11018 0
11018 0
11018 0
