pt_graph scale
280 0
280 0
280 0
280 0
280 0
280 0
280 0
280 0
280 1
280 0
280 0
280 0
280 0
280 0
280 0
280 0
280 0
280 0
280 24
280 0
280 0
280 0
280 1180
280 0
280 0
280 0
280 0
280 0
280 0
280 0
280 0
826 0
826 0
826 0
826 1719
826 0
826 0
826 0
826 6140
826 0
826 0
826 0
826 0
826 0
826 0
826 0
826 0
826 0
826 0
826 0
826 0
826 0
826 0
826 0
826 0
826 0
826 0
826 0
826 0
826 0
826 0
826 0
830 0
830 0
830 0
830 1719
830 0
830 0
830 0
830 6140
830 0
830 0
830 0
830 0
830 0
830 0
830 0
830 0
830 0
830 0
830 0
830 0
830 0
830 0
830 0
830 0
830 0
830 0
830 0
830 0
830 0
830 0
830 0
860 0
860 0
860 0
860 0
860 0
860 0
860 0
860 1750
860 0
860 0
860 0
860 0
860 0
860 0
860 0
860 0
860 0
860 0
860 0
860 0
860 0
860 0
860 0
860 0
860 0
860 0
860 0
860 0
860 0
860 0
860 0
876 0
876 0
876 0
876 2204
876 0
876 0
876 0
876 7874
876 0
876 0
876 0
876 0
876 0
876 0
876 0
876 0
876 0
876 0
876 0
876 5
876 0
876 0
876 0
876 0
876 0
876 0
876 0
876 0
876 0
876 0
876 0
889 0
889 0
889 0
889 0
889 0
889 0
889 0
889 865
889 0
889 0
889 0
889 0
889 0
889 0
889 0
889 0
889 0
889 0
889 0
889 0
889 0
889 0
889 0
889 0
889 0
889 0
889 0
889 0
889 0
889 0
889 0
891 0
891 0
891 0
891 0
891 0
891 0
891 0
891 865
891 0
891 0
891 0
891 0
891 0
891 0
891 0
891 0
891 0
891 0
891 0
891 0
891 0
891 0
891 0
891 0
891 0
891 0
891 0
891 0
891 0
891 0
891 0
929 0
929 0
929 0
929 0
929 0
929 0
929 0
929 2624
929 0
929 0
929 0
929 0
929 0
929 0
929 0
929 0
929 0
929 0
929 0
929 0
929 0
929 0
929 0
929 0
929 0
929 0
929 0
929 0
929 0
929 0
929 0
947 0
947 0
947 0
947 0
947 0
947 0
947 0
947 1750
947 0
947 0
947 0
947 0
947 0
947 0
947 0
947 0
947 0
947 0
947 0
947 0
947 0
947 0
947 0
947 0
947 0
947 0
947 0
947 0
947 0
947 0
947 0
966 0
966 0
966 0
966 0
966 0
966 0
966 0
966 865
966 0
966 0
966 0
966 0
966 0
966 0
966 0
966 0
966 0
966 0
966 0
966 0
966 0
966 0
966 0
966 0
966 0
966 0
966 0
966 0
966 0
966 0
966 0
984 0
984 0
984 0
984 480
984 0
984 0
984 0
984 5401
984 0
984 0
984 0
984 0
984 0
984 0
984 0
984 0
984 0
984 0
984 0
984 0
984 0
984 0
984 0
984 0
984 0
984 0
984 0
984 0
984 0
984 0
984 0
996 0
996 0
996 0
996 0
996 0
996 0
996 0
996 2596
996 0
996 0
996 0
996 0
996 0
996 0
996 0
996 0
996 0
996 0
996 0
996 0
996 0
996 0
996 0
996 0
996 0
996 0
996 0
996 0
996 0
996 0
996 0
1038 0
1038 0
1038 0
1038 0
1038 0
1038 0
1038 0
1038 865
1038 0
1038 0
1038 0
1038 0
1038 0
1038 0
1038 0
1038 0
1038 0
1038 0
1038 0
1038 0
1038 0
1038 0
1038 0
1038 0
1038 0
1038 0
1038 0
1038 0
1038 0
1038 0
1038 0
1052 0
1052 0
1052 0
1052 0
1052 0
1052 0
1052 0
1052 2624
1052 0
1052 0
1052 0
1052 0
1052 0
1052 0
1052 0
1052 0
1052 0
1052 0
1052 0
1052 0
1052 0
1052 0
1052 0
1052 0
1052 0
1052 0
1052 0
1052 0
1052 0
1052 0
1052 0
1071 0
1071 0
1071 0
1071 480
1071 0
1071 0
1071 0
1071 1735
1071 0
1071 0
1071 0
1071 0
1071 0
1071 0
1071 0
1071 0
1071 0
1071 0
1071 0
1071 0
1071 0
1071 0
1071 0
1071 0
1071 0
1071 0
1071 0
1071 0
1071 0
1071 0
1071 0
1079 0
1079 0
1079 0
1079 480
1079 0
1079 0
1079 0
1079 5401
1079 0
1079 0
1079 0
1079 0
1079 0
1079 0
1079 0
1079 0
1079 0
1079 0
1079 0
1079 0
1079 0
1079 0
1079 0
1079 0
1079 0
1079 0
1079 0
1079 0
1079 0
1079 0
1079 0
1099 0
1099 0
1099 0
1099 480
1099 0
1099 0
1099 0
1099 3484
1099 0
1099 0
1099 0
1099 0
1099 0
1099 0
1099 0
1099 0
1099 0
1099 0
1099 0
1099 0
1099 0
1099 0
1099 0
1099 0
1099 0
1099 0
1099 0
1099 0
1099 0
1099 0
1099 0
1104 0
1104 0
1104 0
1104 0
1104 0
1104 0
1104 0
1104 865
1104 0
1104 0
1104 0
1104 0
1104 0
1104 0
1104 0
1104 0
1104 0
1104 0
1104 0
1104 0
1104 0
1104 0
1104 0
1104 0
1104 0
1104 0
1104 0
1104 0
1104 0
1104 0
1104 0
1166 0
1166 0
1166 0
1166 480
1166 0
1166 0
1166 0
1166 1735
1166 0
1166 0
1166 0
1166 0
1166 0
1166 0
1166 0
1166 0
1166 0
1166 0
1166 0
1166 0
1166 0
1166 0
1166 0
1166 0
1166 0
1166 0
1166 0
1166 0
1166 0
1166 0
1166 0
1177 0
1177 0
1177 0
1177 0
1177 0
1177 0
1177 0
1177 3667
1177 0
1177 0
1177 0
1177 0
1177 0
1177 0
1177 0
1177 0
1177 0
1177 0
1177 0
1177 0
1177 0
1177 0
1177 0
1177 0
1177 0
1177 0
1177 0
1177 0
1177 0
1177 0
1177 0
1219 0
1219 0
1219 0
1219 480
1219 0
1219 0
1219 0
1219 1735
1219 0
1219 0
1219 0
1219 0
1219 0
1219 0
1219 0
1219 0
1219 0
1219 0
1219 0
1219 0
1219 0
1219 0
1219 0
1219 0
1219 0
1219 0
1219 0
1219 0
1219 0
1219 0
1219 0
1251 0
1251 0
1251 0
1251 480
1251 0
1251 0
1251 0
1251 3484
1251 0
1251 0
1251 0
1251 0
1251 0
1251 0
1251 0
1251 0
1251 0
1251 0
1251 0
1251 0
1251 0
1251 0
1251 0
1251 0
1251 0
1251 0
1251 0
1251 0
1251 0
1251 0
1251 0
1389 0
1389 0
1389 0
1389 480
1389 0
1389 0
1389 0
1389 3484
1389 0
1389 0
1389 0
1389 0
1389 0
1389 0
1389 0
1389 0
1389 0
1389 0
1389 0
1389 0
1389 0
1389 0
1389 0
1389 0
1389 0
1389 0
1389 0
1389 0
1389 0
1389 0
1389 0
1427 0
1427 0
1427 0
1427 3876
1427 0
1427 0
1427 0
1427 7582
1427 0
1427 0
1427 0
1427 0
1427 0
1427 0
1427 1
1427 0
1427 0
1427 0
1427 0
1427 34
1427 0
1427 0
1427 0
1427 0
1427 0
1427 0
1427 0
1427 0
1427 0
1427 0
1427 0
1476 0
1476 0
1476 0
1476 3876
1476 0
1476 0
1476 0
1476 7582
1476 0
1476 0
1476 0
1476 0
1476 0
1476 0
1476 1
1476 0
1476 0
1476 0
1476 0
1476 34
1476 0
1476 0
1476 0
1476 0
1476 0
1476 0
1476 0
1476 0
1476 0
1476 0
1476 0
1630 0
1630 0
1630 0
1630 0
1630 0
1630 0
1630 0
1630 6001
1630 0
1630 0
1630 0
1630 0
1630 0
1630 0
1630 0
1630 0
1630 0
1630 0
1630 0
1630 0
1630 0
1630 0
1630 0
1630 0
1630 0
1630 0
1630 0
1630 0
1630 0
1630 0
1630 0
1799 0
1799 0
1799 0
1799 3876
1799 0
1799 0
1799 0
1799 7582
1799 0
1799 0
1799 0
1799 0
1799 0
1799 0
1799 1
1799 0
1799 0
1799 0
1799 0
1799 34
1799 0
1799 0
1799 0
1799 0
1799 0
1799 0
1799 0
1799 0
1799 0
1799 0
1799 0
2073 0
2073 0
2073 0
2073 115
2073 0
2073 0
2073 0
2073 1411
2073 0
2073 0
2073 0
2073 0
2073 0
2073 0
2073 0
2073 0
2073 0
2073 0
2073 0
2073 0
2073 0
2073 0
2073 0
2073 0
2073 0
2073 0
2073 0
2073 0
2073 0
2073 0
2073 0
2162 0
2162 0
2162 0
2162 115
2162 0
2162 0
2162 0
2162 1411
2162 0
2162 0
2162 0
2162 0
2162 0
2162 0
2162 0
2162 0
2162 0
2162 0
2162 0
2162 0
2162 0
2162 0
2162 0
2162 0
2162 0
2162 0
2162 0
2162 0
2162 0
2162 0
2162 0
2169 0
2169 0
2169 0
2169 8057
2169 0
2169 0
2169 3153
2169 0
2169 0
2169 0
2169 0
2169 0
2169 0
2169 8
2169 0
2169 0
2169 0
2169 0
2169 0
2169 0
2169 0
2169 0
2169 0
2169 0
2169 0
2169 0
2169 0
2169 0
2169 0
2169 0
2169 0
2316 0
2316 0
2316 0
2316 115
2316 0
2316 0
2316 0
2316 1411
2316 0
2316 0
2316 0
2316 0
2316 0
2316 0
2316 0
2316 0
2316 0
2316 0
2316 0
2316 0
2316 0
2316 0
2316 0
2316 0
2316 0
2316 0
2316 0
2316 0
2316 0
2316 0
2316 0
2663 0
2663 0
2663 0
2663 2177
2663 0
2663 0
2663 4257
2663 0
2663 0
2663 0
2663 0
2663 0
2663 0
2663 0
2663 0
2663 0
2663 0
2663 0
2663 0
2663 0
2663 0
2663 0
2663 0
2663 0
2663 0
2663 0
2663 0
2663 0
2663 0
2663 0
2663 0
2719 0
2719 0
2719 0
2719 2641
2719 0
2719 0
2719 5166
2719 0
2719 0
2719 0
2719 0
2719 0
2719 0
2719 0
2719 0
2719 0
2719 0
2719 0
2719 0
2719 0
2719 0
2719 0
2719 0
2719 0
2719 0
2719 0
2719 0
2719 0
2719 0
2719 0
2719 0
2937 0
2937 0
2937 0
2937 2641
2937 0
2937 0
2937 5166
2937 0
2937 0
2937 0
2937 0
2937 0
2937 0
2937 0
2937 0
2937 0
2937 0
2937 0
2937 0
2937 0
2937 0
2937 0
2937 0
2937 0
2937 0
2937 0
2937 0
2937 0
2937 0
2937 0
2937 0
3050 0
3050 0
3050 0
3050 2177
3050 0
3050 0
3050 4257
3050 0
3050 0
3050 0
3050 0
3050 0
3050 0
3050 0
3050 0
3050 0
3050 0
3050 0
3050 0
3050 0
3050 0
3050 0
3050 0
3050 0
3050 0
3050 0
3050 0
3050 0
3050 0
3050 0
3050 0
3054 0
3054 0
3054 0
3054 2641
3054 0
3054 0
3054 5166
3054 0
3054 0
3054 0
3054 0
3054 0
3054 0
3054 0
3054 0
3054 0
3054 0
3054 0
3054 0
3054 0
3054 0
3054 0
3054 0
3054 0
3054 0
3054 0
3054 0
3054 0
3054 0
3054 0
3054 0
3076 0
3076 0
3076 0
3076 2177
3076 0
3076 0
3076 7160
3076 0
3076 0
3076 0
3076 0
3076 0
3076 0
3076 0
3076 0
3076 0
3076 0
3076 0
3076 0
3076 0
3076 0
3076 0
3076 0
3076 0
3076 0
3076 0
3076 0
3076 0
3076 0
3076 0
3076 0
5393 0
5393 0
5393 0
5393 220
5393 0
5393 0
5393 475
5393 0
5393 0
5393 0
5393 0
5393 0
5393 0
5393 0
5393 0
5393 0
5393 0
5393 0
5393 0
5393 0
5393 0
5393 0
5393 0
5393 0
5393 0
5393 0
5393 0
5393 0
5393 0
5393 0
5393 0
5476 0
5476 0
5476 0
5476 489
5476 0
5476 0
5476 960
5476 0
5476 0
5476 0
5476 0
5476 0
5476 0
5476 0
5476 0
5476 0
5476 0
5476 0
5476 0
5476 0
5476 0
5476 0
5476 0
5476 0
5476 0
5476 0
5476 0
5476 0
5476 0
5476 0
5476 0
5537 0
5537 0
5537 0
5537 220
5537 0
5537 0
5537 475
5537 0
5537 0
5537 0
5537 0
5537 0
5537 0
5537 0
5537 0
5537 0
5537 0
5537 0
5537 0
5537 0
5537 0
5537 0
5537 0
5537 0
5537 0
5537 0
5537 0
5537 0
5537 0
5537 0
5537 0
5619 0
5619 0
5619 0
5619 220
5619 0
5619 0
5619 475
5619 0
5619 0
5619 0
5619 0
5619 0
5619 0
5619 0
5619 0
5619 0
5619 0
5619 0
5619 0
5619 0
5619 0
5619 0
5619 0
5619 0
5619 0
5619 0
5619 0
5619 0
5619 0
5619 0
5619 0
5673 0
5673 0
5673 0
5673 208
5673 0
5673 0
5673 460
5673 0
5673 0
5673 0
5673 0
5673 0
5673 0
5673 0
5673 0
5673 0
5673 0
5673 0
5673 0
5673 0
5673 0
5673 0
5673 0
5673 0
5673 0
5673 0
5673 0
5673 0
5673 0
5673 0
5673 0
