pt_graph shape
8543 0
8543 0
8543 0
8543 0
8543 0
8543 0
8543 0
8543 0
8543 0
8543 0
8543 1.6
8543 0
8543 0
8543 0
8543 0
8543 0
8543 0
8543 0
8543 0
8543 0
8543 0
8543 48.35
8543 0
8543 0
8543 0
8543 0
8543 0
8543 0
8543 0
8543 0
8543 0
8587 0
8587 0
8587 0
8587 0
8587 0
8587 0
8587 0
8587 0
8587 0
8587 0
8587 1.6
8587 0
8587 0
8587 0
8587 0
8587 0
8587 0
8587 0
8587 0
8587 0
8587 0
8587 48.35
8587 0
8587 0
8587 0
8587 0
8587 0
8587 0
8587 0
8587 0
8587 0
8612 0
8612 0
8612 0
8612 0
8612 0
8612 0
8612 0
8612 0
8612 0
8612 0
8612 1.55
8612 0
8612 0
8612 0
8612 0
8612 0
8612 0
8612 0
8612 0
8612 0
8612 0
8612 39.37
8612 0
8612 0
8612 39.37
8612 0
8612 0
8612 0
8612 0
8612 0
8612 0
8615 0
8615 0
8615 0
8615 0
8615 0
8615 0
8615 0
8615 0
8615 0
8615 0
8615 1.67
8615 0
8615 0
8615 0
8615 0
8615 0
8615 0
8615 0
8615 0
8615 0
8615 0
8615 0
8615 0
8615 0
8615 0
8615 0
8615 0
8615 0
8615 0
8615 0
8615 0
8655 0
8655 0
8655 0
8655 0
8655 0
8655 0
8655 0
8655 0
8655 0
8655 0
8655 1.68
8655 0
8655 0
8655 0
8655 0
8655 0
8655 0
8655 0
8655 0
8655 0
8655 0
8655 0
8655 0
8655 0
8655 0
8655 0
8655 0
8655 0
8655 0
8655 0
8655 0
8666 0
8666 0
8666 0
8666 0
8666 0
8666 0
8666 0
8666 0
8666 0
8666 0
8666 3.66
8666 0
8666 0
8666 0
8666 0
8666 0
8666 0
8666 0
8666 0
8666 0
8666 0
8666 0
8666 0
8666 0
8666 0
8666 0
8666 0
8666 0
8666 0
8666 0
8666 0
8674 0
8674 0
8674 0
8674 0
8674 0
8674 0
8674 0
8674 0
8674 0
8674 0
8674 1.56
8674 0
8674 0
8674 0
8674 0
8674 0
8674 0
8674 0
8674 0
8674 0
8674 0
8674 35.36
8674 0
8674 0
8674 35.36
8674 0
8674 0
8674 0
8674 0
8674 0
8674 0
8677 0
8677 0
8677 0
8677 0
8677 0
8677 0
8677 0
8677 0
8677 0
8677 0
8677 1.62
8677 0
8677 0
8677 0
8677 0
8677 0
8677 0
8677 0
8677 0
8677 0
8677 0
8677 31.91
8677 0
8677 0
8677 31.91
8677 0
8677 0
8677 0
8677 0
8677 0
8677 0
8690 0
8690 0
8690 0
8690 0
8690 0
8690 0
8690 0
8690 0
8690 0
8690 0
8690 3.66
8690 0
8690 0
8690 0
8690 0
8690 0
8690 0
8690 0
8690 0
8690 0
8690 0
8690 0
8690 0
8690 0
8690 0
8690 0
8690 0
8690 0
8690 0
8690 0
8690 0
8699 0
8699 0
8699 0
8699 0
8699 0
8699 0
8699 0
8699 0
8699 0
8699 0
8699 1.56
8699 0
8699 0
8699 0
8699 0
8699 0
8699 0
8699 0
8699 0
8699 0
8699 0
8699 33.26
8699 0
8699 0
8699 33.26
8699 0
8699 0
8699 0
8699 0
8699 0
8699 0
8729 0
8729 0
8729 0
8729 0
8729 0
8729 0
8729 0
8729 0
8729 0
8729 0
8729 1.6
8729 0
8729 0
8729 0
8729 0
8729 0
8729 0
8729 0
8729 0
8729 0
8729 0
8729 29.72
8729 0
8729 0
8729 0
8729 0
8729 0
8729 0
8729 0
8729 0
8729 0
8764 0
8764 0
8764 0
8764 0
8764 0
8764 0
8764 0
8764 0
8764 0
8764 0
8764 1.56
8764 0
8764 0
8764 0
8764 0
8764 0
8764 0
8764 0
8764 0
8764 0
8764 0
8764 35.36
8764 0
8764 0
8764 35.36
8764 0
8764 0
8764 0
8764 0
8764 0
8764 0
8771 0
8771 0
8771 0
8771 0
8771 0
8771 0
8771 0
8771 0
8771 0
8771 0
8771 1.47
8771 0
8771 0
8771 0
8771 0
8771 0
8771 0
8771 0
8771 0
8771 0
8771 0
8771 0
8771 0
8771 0
8771 0
8771 0
8771 0
8771 0
8771 0
8771 0
8771 0
8796 0
8796 0
8796 0
8796 0
8796 0
8796 0
8796 0
8796 0
8796 0
8796 0
8796 1.58
8796 0
8796 0
8796 0
8796 0
8796 0
8796 0
8796 0
8796 0
8796 0
8796 0
8796 0
8796 0
8796 0
8796 0
8796 0
8796 0
8796 0
8796 0
8796 0
8796 0
8818 0
8818 0
8818 0
8818 0
8818 0
8818 0
8818 0
8818 0
8818 0
8818 0
8818 1.68
8818 0
8818 0
8818 0
8818 0
8818 0
8818 0
8818 0
8818 0
8818 0
8818 0
8818 0
8818 0
8818 0
8818 0
8818 0
8818 0
8818 0
8818 0
8818 0
8818 0
8841 0
8841 0
8841 0
8841 0
8841 0
8841 0
8841 0
8841 0
8841 0
8841 0
8841 1.6
8841 0
8841 0
8841 0
8841 0
8841 0
8841 0
8841 0
8841 0
8841 0
8841 0
8841 48.35
8841 0
8841 0
8841 0
8841 0
8841 0
8841 0
8841 0
8841 0
8841 0
8842 0
8842 0
8842 0
8842 0
8842 0
8842 0
8842 0
8842 0
8842 0
8842 0
8842 1.6
8842 0
8842 0
8842 0
8842 0
8842 0
8842 0
8842 0
8842 0
8842 0
8842 0
8842 36.51
8842 0
8842 0
8842 29.62
8842 0
8842 0
8842 0
8842 0
8842 0
8842 0
8853 0
8853 0
8853 0
8853 0
8853 0
8853 0
8853 0
8853 0
8853 0
8853 0
8853 1.47
8853 0
8853 0
8853 0
8853 0
8853 0
8853 0
8853 0
8853 0
8853 0
8853 0
8853 45.73
8853 0
8853 0
8853 34.49
8853 0
8853 0
8853 0
8853 0
8853 0
8853 0
8876 0
8876 0
8876 0
8876 0
8876 0
8876 0
8876 0
8876 0
8876 0
8876 0
8876 0.52
8876 0
8876 0
8876 0
8876 0
8876 0
8876 0
8876 0
8876 0
8876 0
8876 0
8876 23.89
8876 0
8876 0
8876 23.89
8876 0
8876 0
8876 0
8876 0
8876 0
8876 0
8894 0
8894 0
8894 0
8894 0
8894 0
8894 0
8894 0
8894 0
8894 0
8894 0
8894 0.92
8894 0
8894 0
8894 0
8894 0
8894 0
8894 0
8894 0
8894 0
8894 0
8894 0
8894 43.21
8894 0
8894 0
8894 43.21
8894 0
8894 0
8894 0
8894 0
8894 0
8894 0
8917 0
8917 0
8917 0
8917 0
8917 0
8917 0
8917 0
8917 0
8917 0
8917 0
8917 1.6
8917 0
8917 0
8917 0
8917 0
8917 0
8917 0
8917 0
8917 0
8917 0
8917 0
8917 48.35
8917 0
8917 0
8917 0
8917 0
8917 0
8917 0
8917 0
8917 0
8917 0
8927 0
8927 0
8927 0
8927 0
8927 0
8927 0
8927 0
8927 0
8927 0
8927 0
8927 8.83
8927 0
8927 0
8927 0
8927 32.87
8927 0
8927 0
8927 0
8927 0
8927 0
8927 0
8927 0
8927 0
8927 0
8927 0
8927 0
8927 0
8927 0
8927 0
8927 0
8927 0
8936 0
8936 0
8936 0
8936 0
8936 0
8936 0
8936 0
8936 0
8936 0
8936 0
8936 3.02
8936 0
8936 0
8936 0
8936 0
8936 0
8936 0
8936 0
8936 0
8936 0
8936 0
8936 0
8936 0
8936 0
8936 0
8936 0
8936 0
8936 0
8936 0
8936 0
8936 0
8976 0
8976 0
8976 0
8976 0
8976 0
8976 0
8976 0
8976 0
8976 0
8976 0
8976 1.09
8976 0
8976 0
8976 0
8976 54.52
8976 0
8976 0
8976 0
8976 0
8976 0
8976 0
8976 0
8976 0
8976 0
8976 0
8976 0
8976 0
8976 0
8976 0
8976 0
8976 0
8987 0
8987 0
8987 0
8987 0
8987 0
8987 0
8987 0
8987 0
8987 0
8987 0
8987 2.55
8987 0
8987 0
8987 0
8987 0
8987 0
8987 0
8987 0
8987 0
8987 0
8987 0
8987 48.35
8987 0
8987 0
8987 39.01
8987 0
8987 0
8987 0
8987 0
8987 0
8987 0
9001 0
9001 0
9001 0
9001 0
9001 0
9001 0
9001 0
9001 0
9001 0
9001 0
9001 1.67
9001 0
9001 0
9001 0
9001 0
9001 0
9001 0
9001 0
9001 0
9001 0
9001 0
9001 0
9001 0
9001 0
9001 0
9001 0
9001 0
9001 0
9001 0
9001 0
9001 0
9032 0
9032 0
9032 0
9032 0
9032 0
9032 0
9032 0
9032 0
9032 0
9032 0
9032 2.55
9032 0
9032 0
9032 0
9032 0
9032 0
9032 0
9032 0
9032 0
9032 0
9032 0
9032 48.35
9032 0
9032 0
9032 39.01
9032 0
9032 0
9032 0
9032 0
9032 0
9032 0
9111 0
9111 0
9111 0
9111 0
9111 0
9111 0
9111 0
9111 0
9111 0
9111 0
9111 3.66
9111 0
9111 0
9111 0
9111 0
9111 0
9111 0
9111 0
9111 0
9111 0
9111 0
9111 0
9111 0
9111 0
9111 0
9111 0
9111 0
9111 0
9111 0
9111 0
9111 0
9120 0
9120 0
9120 0
9120 0
9120 0
9120 0
9120 0
9120 0
9120 0
9120 0
9120 1.67
9120 0
9120 0
9120 0
9120 0
9120 0
9120 0
9120 0
9120 0
9120 0
9120 0
9120 0
9120 0
9120 0
9120 0
9120 0
9120 0
9120 0
9120 0
9120 0
9120 0
9128 0
9128 0
9128 0
9128 0
9128 0
9128 0
9128 0
9128 0
9128 0
9128 0
9128 1.47
9128 0
9128 0
9128 0
9128 0
9128 0
9128 0
9128 0
9128 0
9128 0
9128 0
9128 31.04
9128 0
9128 0
9128 35.08
9128 0
9128 0
9128 0
9128 0
9128 0
9128 0
9142 0
9142 0
9142 0
9142 0
9142 0
9142 0
9142 0
9142 0
9142 0
9142 0
9142 1.89
9142 0
9142 0
9142 0
9142 29.51
9142 0
9142 0
9142 0
9142 0
9142 0
9142 0
9142 0
9142 0
9142 0
9142 0
9142 0
9142 0
9142 0
9142 0
9142 0
9142 0
9158 0
9158 0
9158 0
9158 0
9158 0
9158 0
9158 0
9158 0
9158 0
9158 0
9158 0.95
9158 0
9158 0
9158 0
9158 0
9158 0
9158 0
9158 0
9158 0
9158 0
9158 0
9158 13.06
9158 0
9158 0
9158 35.36
9158 0
9158 0
9158 0
9158 0
9158 0
9158 0
9179 0
9179 0
9179 0
9179 0
9179 0
9179 0
9179 0
9179 0
9179 0
9179 0
9179 1.47
9179 0
9179 0
9179 0
9179 0
9179 0
9179 0
9179 0
9179 0
9179 0
9179 0
9179 31.04
9179 0
9179 0
9179 35.08
9179 0
9179 0
9179 0
9179 0
9179 0
9179 0
9205 0
9205 0
9205 0
9205 0
9205 0
9205 0
9205 0
9205 0
9205 0
9205 0
9205 9.31
9205 0
9205 0
9205 0
9205 35.02
9205 0
9205 0
9205 0
9205 0
9205 0
9205 0
9205 0
9205 0
9205 0
9205 0
9205 0
9205 0
9205 0
9205 0
9205 0
9205 0
9233 0
9233 0
9233 0
9233 0
9233 0
9233 0
9233 0
9233 0
9233 0
9233 0
9233 1.67
9233 0
9233 0
9233 0
9233 0
9233 0
9233 0
9233 0
9233 0
9233 0
9233 0
9233 0
9233 0
9233 0
9233 0
9233 0
9233 0
9233 0
9233 0
9233 0
9233 0
9235 0
9235 0
9235 0
9235 0
9235 0
9235 0
9235 0
9235 0
9235 0
9235 0
9235 0.73
9235 0
9235 0
9235 0
9235 15.27
9235 0
9235 0
9235 0
9235 0
9235 0
9235 0
9235 34.4
9235 0
9235 0
9235 36.5
9235 0
9235 0
9235 0
9235 0
9235 0
9235 0
9239 0
9239 0
9239 0
9239 0
9239 0
9239 0
9239 0
9239 0
9239 0
9239 0
9239 1.74
9239 0
9239 0
9239 0
9239 0
9239 0
9239 0
9239 0
9239 0
9239 0
9239 0
9239 29.72
9239 0
9239 0
9239 36.66
9239 0
9239 0
9239 0
9239 0
9239 0
9239 0
9274 0
9274 0
9274 0
9274 0
9274 0
9274 0
9274 0
9274 0
9274 0
9274 0
9274 1.74
9274 0
9274 0
9274 0
9274 0
9274 0
9274 0
9274 0
9274 0
9274 0
9274 0
9274 29.72
9274 0
9274 0
9274 36.66
9274 0
9274 0
9274 0
9274 0
9274 0
9274 0
9371 0
9371 0
9371 0
9371 0
9371 0
9371 0
9371 0
9371 0
9371 0
9371 0
9371 1.47
9371 0
9371 0
9371 0
9371 0
9371 0
9371 0
9371 0
9371 0
9371 0
9371 0
9371 0
9371 0
9371 0
9371 0
9371 0
9371 0
9371 0
9371 0
9371 0
9371 0
9441 0
9441 0
9441 0
9441 0
9441 0
9441 0
9441 0
9441 0
9441 0
9441 0
9441 1.59
9441 0
9441 0
9441 0
9441 0
9441 0
9441 0
9441 0
9441 0
9441 0
9441 0
9441 0
9441 0
9441 0
9441 39.01
9441 0
9441 0
9441 0
9441 0
9441 0
9441 0
9520 0
9520 0
9520 0
9520 0
9520 0
9520 0
9520 0
9520 0
9520 0
9520 0
9520 1.47
9520 0
9520 0
9520 0
9520 0
9520 0
9520 0
9520 0
9520 0
9520 0
9520 0
9520 0
9520 0
9520 0
9520 0
9520 0
9520 0
9520 0
9520 0
9520 0
9520 0
9673 0
9673 0
9673 0
9673 0
9673 0
9673 0
9673 0
9673 0
9673 0
9673 0
9673 1.47
9673 0
9673 0
9673 0
9673 0
9673 0
9673 0
9673 0
9673 0
9673 0
9673 0
9673 0
9673 0
9673 0
9673 0
9673 0
9673 0
9673 0
9673 0
9673 0
9673 0
9693 0
9693 0
9693 0
9693 0
9693 0
9693 0
9693 0
9693 0
9693 0
9693 0
9693 1.59
9693 0
9693 0
9693 0
9693 0
9693 0
9693 0
9693 0
9693 0
9693 0
9693 0
9693 0
9693 0
9693 0
9693 39.01
9693 0
9693 0
9693 0
9693 0
9693 0
9693 0
9737 0
9737 0
9737 0
9737 0
9737 0
9737 0
9737 0
9737 0
9737 0
9737 0
9737 1.59
9737 0
9737 0
9737 0
9737 0
9737 0
9737 0
9737 0
9737 0
9737 0
9737 0
9737 0
9737 0
9737 0
9737 39.01
9737 0
9737 0
9737 0
9737 0
9737 0
9737 0
9852 0
9852 0
9852 0
9852 0
9852 0
9852 0
9852 0
9852 0
9852 0
9852 0
9852 1.6
9852 0
9852 0
9852 0
9852 0
9852 0
9852 0
9852 0
9852 0
9852 0
9852 0
9852 0
9852 0
9852 0
9852 36.66
9852 0
9852 0
9852 0
9852 0
9852 0
9852 0
9989 0
9989 0
9989 0
9989 0
9989 0
9989 0
9989 0
9989 0
9989 0
9989 0
9989 1.59
9989 0
9989 0
9989 0
9989 0
9989 0
9989 0
9989 0
9989 0
9989 0
9989 0
9989 0
9989 0
9989 0
9989 39.01
9989 0
9989 0
9989 0
9989 0
9989 0
9989 0
10058 0
10058 0
10058 0
10058 0
10058 0
10058 0
10058 0
10058 0
10058 0
10058 0
10058 1.59
10058 0
10058 0
10058 0
10058 0
10058 0
10058 0
10058 0
10058 0
10058 0
10058 0
10058 0
10058 0
10058 0
10058 39.01
10058 0
10058 0
10058 0
10058 0
10058 0
10058 0
10324 0
10324 0
10324 0
10324 0
10324 0
10324 0
10324 0
10324 0
10324 0
10324 0
10324 3.17
10324 0
10324 0
10324 0
10324 0
10324 0
10324 0
10324 0
10324 0
10324 0
10324 0
10324 0
10324 0
10324 0
10324 0
10324 0
10324 0
10324 0
10324 0
10324 0
10324 0
10456 0
10456 0
10456 0
10456 0
10456 0
10456 0
10456 0
10456 0
10456 0
10456 0
10456 2.76
10456 0
10456 0
10456 0
10456 0
10456 0
10456 0
10456 0
10456 0
10456 0
10456 0
10456 0
10456 0
10456 0
10456 0
10456 0
10456 0
10456 0
10456 0
10456 0
10456 0
10631 0
10631 0
10631 0
10631 0
10631 0
10631 0
10631 0
10631 0
10631 0
10631 0
10631 3.17
10631 0
10631 0
10631 0
10631 0
10631 0
10631 0
10631 0
10631 0
10631 0
10631 0
10631 0
10631 0
10631 0
10631 0
10631 0
10631 0
10631 0
10631 0
10631 0
10631 0
10766 0
10766 0
10766 0
10766 0
10766 0
10766 0
10766 0
10766 0
10766 0
10766 0
10766 1.93
10766 0
10766 0
10766 0
10766 0
10766 0
10766 0
10766 0
10766 0
10766 0
10766 0
10766 0
10766 0
10766 0
10766 0
10766 0
10766 0
10766 0
10766 0
10766 0
10766 0
10806 0
10806 0
10806 0
10806 0
10806 0
10806 0
10806 0
10806 0
10806 0
10806 0
10806 3.17
10806 0
10806 0
10806 0
10806 0
10806 0
10806 0
10806 0
10806 0
10806 0
10806 0
10806 0
10806 0
10806 0
10806 0
10806 0
10806 0
10806 0
10806 0
10806 0
10806 0
10816 0
10816 0
10816 0
10816 0
10816 0
10816 0
10816 0
10816 0
10816 0
10816 0
10816 0.53
10816 0
10816 0
10816 0
10816 0
10816 0
10816 0
10816 0
10816 0
10816 0
10816 0
10816 0
10816 0
10816 0
10816 0
10816 0
10816 0
10816 0
10816 0
10816 0
10816 0
10850 0
10850 0
10850 0
10850 0
10850 0
10850 0
10850 0
10850 0
10850 0
10850 0
10850 1.55
10850 0
10850 0
10850 0
10850 0
10850 0
10850 0
10850 0
10850 0
10850 0
10850 0
10850 0
10850 0
10850 0
10850 0
10850 0
10850 0
10850 0
10850 0
10850 0
10850 0
10880 0
10880 0
10880 0
10880 0
10880 0
10880 0
10880 0
10880 0
10880 0
10880 0
10880 0
10880 1.54
10880 0
10880 0
10880 0
10880 0
10880 0
10880 0
10880 0
10880 0
10880 0
10880 0
10880 0
10880 0
10880 0
10880 0
10880 0
10880 0
10880 0
10880 0
10880 0
10891 0
10891 0
10891 0
10891 0
10891 0
10891 0
10891 0
10891 0
10891 0
10891 0
10891 0
10891 0.56
10891 0
10891 0
10891 0
10891 0
10891 0
10891 0
10891 0
10891 0
10891 0
10891 0
10891 0
10891 0
10891 0
10891 0
10891 0
10891 0
10891 0
10891 0
10891 0
10893 0
10893 0
10893 0
10893 0
10893 0
10893 0
10893 0
10893 0
10893 0
10893 0
10893 0
10893 1.84
10893 0
10893 0
10893 0
10893 0
10893 0
10893 0
10893 0
10893 0
10893 0
10893 0
10893 0
10893 0
10893 0
10893 0
10893 0
10893 0
10893 0
10893 0
10893 0
10897 0
10897 0
10897 0
10897 0
10897 0
10897 0
10897 0
10897 0
10897 0
10897 0
10897 0
10897 1.03
10897 0
10897 0
10897 0
10897 0
10897 0
10897 0
10897 0
10897 0
10897 0
10897 0
10897 0
10897 0
10897 0
10897 0
10897 0
10897 0
10897 0
10897 0
10897 0
10899 0
10899 0
10899 0
10899 0
10899 0
10899 0
10899 0
10899 0
10899 0
10899 0
10899 0
10899 0.58
10899 0
10899 0
10899 0
10899 0
10899 0
10899 0
10899 0
10899 0
10899 0
10899 0
10899 0
10899 0
10899 0
10899 0
10899 0
10899 0
10899 0
10899 0
10899 0
10902 0
10902 0
10902 0
10902 0
10902 0
10902 0
10902 0
10902 0
10902 0
10902 0
10902 0
10902 1.62
10902 0
10902 0
10902 0
10902 0
10902 0
10902 0
10902 0
10902 0
10902 0
10902 0
10902 0
10902 0
10902 0
10902 0
10902 0
10902 0
10902 0
10902 0
10902 0
10909 0
10909 0
10909 0
10909 0
10909 0
10909 0
10909 0
10909 0
10909 0
10909 0
10909 0
10909 0.51
10909 0
10909 0
10909 0
10909 0
10909 0
10909 0
10909 0
10909 0
10909 0
10909 0
10909 0
10909 0
10909 0
10909 0
10909 0
10909 0
10909 0
10909 0
10909 0
10913 0
10913 0
10913 0
10913 0
10913 0
10913 0
10913 0
10913 0
10913 0
10913 0
10913 0
10913 0.63
10913 0
10913 0
10913 0
10913 0
10913 0
10913 0
10913 0
10913 0
10913 0
10913 0
10913 0
10913 0
10913 0
10913 0
10913 0
10913 0
10913 0
10913 0
10913 0
10918 0
10918 0
10918 0
10918 0
10918 0
10918 0
10918 0
10918 0
10918 0
10918 0
10918 0
10918 0.49
10918 0
10918 0
10918 0
10918 0
10918 0
10918 0
10918 0
10918 0
10918 0
10918 0
10918 0
10918 0
10918 0
10918 0
10918 0
10918 0
10918 0
10918 0
10918 0
10920 0
10920 0
10920 0
10920 0
10920 0
10920 0
10920 0
10920 0
10920 0
10920 0
10920 0
10920 0.45
10920 0
10920 0
10920 0
10920 0
10920 0
10920 0
10920 0
10920 0
10920 0
10920 0
10920 0
10920 0
10920 0
10920 0
10920 0
10920 0
10920 0
10920 0
10920 0
10926 0
10926 0
10926 0
10926 0
10926 0
10926 0
10926 0
10926 0
10926 0
10926 0
10926 0
10926 0.47
10926 0
10926 0
10926 0
10926 0
10926 0
10926 0
10926 0
10926 0
10926 0
10926 0
10926 0
10926 0
10926 0
10926 0
10926 0
10926 0
10926 0
10926 0
10926 0
10929 0
10929 0
10929 0
10929 0
10929 0
10929 0
10929 0
10929 0
10929 0
10929 0
10929 0
10929 1.02
10929 0
10929 0
10929 0
10929 0
10929 0
10929 0
10929 0
10929 0
10929 0
10929 0
10929 0
10929 0
10929 0
10929 0
10929 0
10929 0
10929 0
10929 0
10929 0
10930 0
10930 0
10930 0
10930 0
10930 0
10930 0
10930 0
10930 0
10930 0
10930 0
10930 0
10930 0.52
10930 0
10930 0
10930 0
10930 0
10930 0
10930 0
10930 0
10930 0
10930 0
10930 0
10930 0
10930 0
10930 0
10930 0
10930 0
10930 0
10930 0
10930 0
10930 0
10945 0
10945 0
10945 0
10945 0
10945 0
10945 0
10945 0
10945 0
10945 0
10945 0
10945 0
10945 2.45
10945 0
10945 0
10945 0
10945 0
10945 0
10945 0
10945 0
10945 0
10945 0
10945 0
10945 0
10945 0
10945 0
10945 0
10945 0
10945 0
10945 0
10945 0
10945 0
10947 0
10947 0
10947 0
10947 0
10947 0
10947 0
10947 0
10947 0
10947 0
10947 0
10947 0
10947 1.67
10947 0
10947 0
10947 0
10947 0
10947 0
10947 0
10947 0
10947 0
10947 0
10947 0
10947 0
10947 0
10947 0
10947 0
10947 0
10947 0
10947 0
10947 0
10947 0
10948 0
10948 0
10948 0
10948 0
10948 0
10948 0
10948 0
10948 0
10948 0
10948 0
10948 0
10948 1.82
10948 0
10948 0
10948 0
10948 0
10948 0
10948 0
10948 0
10948 0
10948 0
10948 0
10948 0
10948 0
10948 0
10948 0
10948 0
10948 0
10948 0
10948 0
10948 0
10953 0
10953 0
10953 0
10953 0
10953 0
10953 0
10953 0
10953 0
10953 0
10953 0
10953 0
10953 0.75
10953 0
10953 0
10953 0
10953 0
10953 0
10953 0
10953 0
10953 0
10953 0
10953 0
10953 0
10953 0
10953 0
10953 0
10953 0
10953 0
10953 0
10953 0
10953 0
10955 0
10955 0
10955 0
10955 0
10955 0
10955 0
10955 0
10955 0
10955 0
10955 0
10955 0
10955 43.39
10955 0
10955 0
10955 0
10955 0
10955 0
10955 0
10955 0
10955 0
10955 0
10955 0
10955 0
10955 0
10955 0
10955 0
10955 0
10955 0
10955 0
10955 0
10955 0
10959 0
10959 0
10959 0
10959 0
10959 0
10959 0
10959 0
10959 0
10959 0
10959 0
10959 0
10959 0.59
10959 0
10959 0
10959 0
10959 0
10959 0
10959 0
10959 0
10959 0
10959 0
10959 0
10959 0
10959 0
10959 0
10959 0
10959 0
10959 0
10959 0
10959 0
10959 0
10961 0
10961 0
10961 0
10961 0
10961 0
10961 0
10961 0
10961 0
10961 0
10961 0
10961 0
10961 1.47
10961 0
10961 0
10961 0
10961 0
10961 0
10961 0
10961 0
10961 0
10961 0
10961 0
10961 0
10961 0
10961 0
10961 0
10961 0
10961 0
10961 0
10961 0
10961 0
10962 0
10962 0
10962 0
10962 0
10962 0
10962 0
10962 0
10962 0
10962 0
10962 0
10962 0
10962 0.86
10962 0
10962 0
10962 0
10962 0
10962 0
10962 0
10962 0
10962 0
10962 0
10962 0
10962 0
10962 0
10962 0
10962 0
10962 0
10962 0
10962 0
10962 0
10962 0
10963 0
10963 0
10963 0
10963 0
10963 0
10963 0
10963 0
10963 0
10963 0
10963 0
10963 0
10963 0.51
10963 0
10963 0
10963 0
10963 0
10963 0
10963 0
10963 0
10963 0
10963 0
10963 0
10963 0
10963 0
10963 0
10963 0
10963 0
10963 0
10963 0
10963 0
10963 0
10968 0
10968 0
10968 0
10968 0
10968 0
10968 0
10968 0
10968 0
10968 0
10968 0
10968 0
10968 0.92
10968 0
10968 0
10968 0
10968 0
10968 0
10968 0
10968 0
10968 0
10968 0
10968 0
10968 0
10968 0
10968 0
10968 0
10968 0
10968 0
10968 0
10968 0
10968 0
10971 0
10971 0
10971 0
10971 0
10971 0
10971 0
10971 0
10971 0
10971 0
10971 0
10971 0
10971 1.64
10971 0
10971 0
10971 0
10971 0
10971 0
10971 0
10971 0
10971 0
10971 0
10971 0
10971 0
10971 0
10971 0
10971 0
10971 0
10971 0
10971 0
10971 0
10971 0
10972 0
10972 0
10972 0
10972 0
10972 0
10972 0
10972 0
10972 0
10972 0
10972 0
10972 0
10972 0.9
10972 0
10972 0
10972 0
10972 0
10972 0
10972 0
10972 0
10972 0
10972 0
10972 0
10972 0
10972 0
10972 0
10972 0
10972 0
10972 0
10972 0
10972 0
10972 0
10975 0
10975 0
10975 0
10975 0
10975 0
10975 0
10975 0
10975 0
10975 0
10975 0
10975 0
10975 1.48
10975 0
10975 0
10975 0
10975 0
10975 0
10975 0
10975 0
10975 0
10975 0
10975 0
10975 0
10975 0
10975 0
10975 0
10975 0
10975 0
10975 0
10975 0
10975 0
10976 0
10976 0
10976 0
10976 0
10976 0
10976 0
10976 0
10976 0
10976 0
10976 0
10976 0
10976 0.85
10976 0
10976 0
10976 0
10976 0
10976 0
10976 0
10976 0
10976 0
10976 0
10976 0
10976 0
10976 0
10976 0
10976 0
10976 0
10976 0
10976 0
10976 0
10976 0
10984 0
10984 0
10984 0
10984 0
10984 0
10984 0
10984 0
10984 0
10984 0
10984 0
10984 0
10984 0.96
10984 0
10984 0
10984 0
10984 0
10984 0
10984 0
10984 0
10984 0
10984 0
10984 0
10984 0
10984 0
10984 0
10984 0
10984 0
10984 0
10984 0
10984 0
10984 0
10986 0
10986 0
10986 0
10986 0
10986 0
10986 0
10986 0
10986 0
10986 0
10986 0
10986 0
10986 0.56
10986 0
10986 0
10986 0
10986 0
10986 0
10986 0
10986 0
10986 0
10986 0
10986 0
10986 0
10986 0
10986 0
10986 0
10986 0
10986 0
10986 0
10986 0
10986 0
10988 0
10988 0
10988 0
10988 0
10988 0
10988 0
10988 0
10988 0
10988 0
10988 0
10988 0
10988 0.45
10988 0
10988 0
10988 0
10988 0
10988 0
10988 0
10988 0
10988 0
10988 0
10988 0
10988 0
10988 0
10988 0
10988 0
10988 0
10988 0
10988 0
10988 0
10988 0
10993 0
10993 0
10993 0
10993 0
10993 0
10993 0
10993 0
10993 0
10993 0
10993 0
10993 0
10993 0.43
10993 0
10993 0
10993 0
10993 0
10993 0
10993 0
10993 0
10993 0
10993 0
10993 0
10993 0
10993 0
10993 0
10993 0
10993 0
10993 0
10993 0
10993 0
10993 0
10994 0
10994 0
10994 0
10994 0
10994 0
10994 0
10994 0
10994 0
10994 0
10994 0
10994 0
10994 0.8
10994 0
10994 0
10994 0
10994 0
10994 0
10994 0
10994 0
10994 0
10994 0
10994 0
10994 0
10994 0
10994 0
10994 0
10994 0
10994 0
10994 0
10994 0
10994 0
11008 0
11008 0
11008 0
11008 0
11008 0
11008 0
11008 0
11008 0
11008 0
11008 0
11008 0
11008 0.73
11008 0
11008 0
11008 0
11008 0
11008 0
11008 0
11008 0
11008 0
11008 0
11008 0
11008 0
11008 0
11008 0
11008 0
11008 0
11008 0
11008 0
11008 0
11008 0
11010 0
11010 0
11010 0
11010 0
11010 0
11010 0
11010 0
11010 0
11010 0
11010 0
11010 0
11010 0.79
11010 0
11010 0
11010 0
11010 0
11010 0
11010 0
11010 0
11010 0
11010 0
11010 0
11010 0
11010 0
11010 0
11010 0
11010 0
11010 0
11010 0
11010 0
11010 0
11018 0
11018 0
11018 0
11018 0
11018 0
11018 0
11018 0
11018 0
11018 0
11018 0
11018 0
11018 0.86
11018 0
11018 0
11018 0
11018 0
11018 0
11018 0
11018 0
11018 0
11018 0
11018 0
11018 0
11018 0
11018 0
11018 0
11018 0
11018 0
11018 0
11018 0
11018 0
11023 0
11023 0
11023 0
11023 0
11023 0
11023 0
11023 0
11023 0
11023 0
11023 0
11023 0
11023 1.56
11023 0
11023 0
11023 0
11023 0
11023 0
11023 0
11023 0
11023 0
11023 0
11023 0
11023 0
11023 0
11023 0
11023 0
11023 0
11023 0
11023 0
11023 0
11023 0
