pt_graph scale
8572 0
8572 0
8572 0
8572 2194
8572 0
8572 0
8572 0
8572 190
8572 0
8572 0
8572 0
8572 0
8572 0
8572 0
8572 0
8572 0
8572 0
8572 0
8572 0
8572 0
8572 0
8572 0
8572 0
8572 0
8572 0
8572 0
8572 0
8572 0
8572 0
8572 0
8572 0
8626 0
8626 0
8626 0
8626 7057
8626 0
8626 0
8626 0
8626 0
8626 0
8626 0
8626 0
8626 0
8626 0
8626 0
8626 0
8626 0
8626 0
8626 0
8626 0
8626 0
8626 0
8626 0
8626 0
8626 0
8626 0
8626 0
8626 0
8626 0
8626 0
8626 0
8626 0
8653 0
8653 0
8653 0
8653 2316
8653 0
8653 0
8653 0
8653 524
8653 0
8653 0
8653 0
8653 0
8653 0
8653 0
8653 0
8653 0
8653 0
8653 0
8653 0
8653 0
8653 0
8653 0
8653 0
8653 0
8653 0
8653 0
8653 0
8653 0
8653 0
8653 0
8653 0
8709 0
8709 0
8709 0
8709 2785
8709 0
8709 0
8709 0
8709 0
8709 0
8709 0
8709 0
8709 0
8709 0
8709 0
8709 0
8709 0
8709 0
8709 0
8709 0
8709 0
8709 0
8709 0
8709 0
8709 0
8709 0
8709 0
8709 0
8709 0
8709 0
8709 0
8709 0
8751 0
8751 0
8751 0
8751 4591
8751 0
8751 0
8751 0
8751 0
8751 0
8751 0
8751 0
8751 0
8751 0
8751 0
8751 0
8751 0
8751 0
8751 0
8751 0
8751 0
8751 0
8751 0
8751 0
8751 0
8751 0
8751 0
8751 0
8751 0
8751 0
8751 0
8751 0
8775 0
8775 0
8775 0
8775 2618
8775 0
8775 0
8775 0
8775 131
8775 0
8775 0
8775 0
8775 0
8775 0
8775 0
8775 0
8775 0
8775 0
8775 0
8775 0
8775 0
8775 0
8775 0
8775 0
8775 0
8775 0
8775 0
8775 0
8775 0
8775 0
8775 0
8775 0
8796 0
8796 0
8796 0
8796 6148
8796 0
8796 0
8796 0
8796 0
8796 0
8796 0
8796 0
8796 0
8796 0
8796 0
8796 0
8796 0
8796 0
8796 0
8796 0
8796 0
8796 0
8796 0
8796 0
8796 0
8796 0
8796 0
8796 0
8796 0
8796 0
8796 0
8796 0
8802 0
8802 0
8802 0
8802 4658
8802 0
8802 0
8802 0
8802 133
8802 0
8802 0
8802 0
8802 0
8802 0
8802 0
8802 0
8802 0
8802 0
8802 0
8802 0
8802 0
8802 0
8802 0
8802 0
8802 0
8802 0
8802 0
8802 0
8802 0
8802 0
8802 0
8802 0
8803 0
8803 0
8803 0
8803 8579
8803 0
8803 0
8803 0
8803 0
8803 0
8803 0
8803 0
8803 0
8803 0
8803 0
8803 0
8803 0
8803 0
8803 0
8803 0
8803 0
8803 0
8803 0
8803 0
8803 0
8803 0
8803 0
8803 0
8803 0
8803 0
8803 0
8803 0
8814 0
8814 0
8814 0
8814 2623
8814 0
8814 0
8814 0
8814 227
8814 0
8814 0
8814 0
8814 0
8814 0
8814 0
8814 0
8814 0
8814 0
8814 0
8814 0
8814 0
8814 0
8814 0
8814 0
8814 0
8814 0
8814 0
8814 0
8814 0
8814 0
8814 0
8814 0
8815 0
8815 0
8815 0
8815 4671
8815 0
8815 0
8815 0
8815 0
8815 0
8815 0
8815 0
8815 0
8815 0
8815 0
8815 0
8815 0
8815 0
8815 0
8815 0
8815 0
8815 0
8815 0
8815 0
8815 0
8815 0
8815 0
8815 0
8815 0
8815 0
8815 0
8815 0
8816 0
8816 0
8816 0
8816 3606
8816 0
8816 0
8816 0
8816 682
8816 0
8816 0
8816 0
8816 0
8816 0
8816 0
8816 0
8816 0
8816 0
8816 0
8816 0
8816 0
8816 0
8816 0
8816 0
8816 0
8816 0
8816 0
8816 0
8816 0
8816 0
8816 0
8816 0
8819 0
8819 0
8819 0
8819 2512
8819 0
8819 0
8819 0
8819 169
8819 0
8819 0
8819 0
8819 0
8819 0
8819 0
8819 0
8819 0
8819 0
8819 0
8819 0
8819 0
8819 0
8819 0
8819 0
8819 0
8819 0
8819 0
8819 0
8819 0
8819 0
8819 0
8819 0
8840 0
8840 0
8840 0
8840 1001
8840 0
8840 0
8840 0
8840 3
8840 0
8840 0
8840 0
8840 0
8840 0
8840 0
8840 0
8840 0
8840 0
8840 0
8840 0
8840 0
8840 0
8840 0
8840 0
8840 0
8840 0
8840 0
8840 0
8840 0
8840 0
8840 0
8840 0
8855 0
8855 0
8855 0
8855 5827
8855 0
8855 0
8855 0
8855 305
8855 0
8855 0
8855 0
8855 0
8855 0
8855 0
8855 0
8855 0
8855 0
8855 0
8855 0
8855 0
8855 0
8855 1
8855 0
8855 0
8855 0
8855 0
8855 0
8855 0
8855 0
8855 0
8855 0
8860 0
8860 0
8860 0
8860 4167
8860 0
8860 0
8860 0
8860 0
8860 0
8860 0
8860 0
8860 0
8860 0
8860 0
8860 0
8860 0
8860 0
8860 0
8860 0
8860 0
8860 0
8860 0
8860 0
8860 0
8860 0
8860 0
8860 0
8860 0
8860 0
8860 0
8860 0
8871 0
8871 0
8871 0
8871 5598
8871 0
8871 0
8871 0
8871 507
8871 0
8871 0
8871 0
8871 0
8871 0
8871 0
8871 0
8871 0
8871 0
8871 0
8871 0
8871 0
8871 0
8871 0
8871 0
8871 0
8871 0
8871 0
8871 0
8871 0
8871 0
8871 0
8871 0
8880 0
8880 0
8880 0
8880 8163
8880 0
8880 0
8880 0
8880 0
8880 0
8880 0
8880 0
8880 0
8880 0
8880 0
8880 0
8880 0
8880 0
8880 0
8880 0
8880 0
8880 0
8880 0
8880 0
8880 0
8880 0
8880 0
8880 0
8880 0
8880 0
8880 0
8880 0
8893 0
8893 0
8893 0
8893 7777
8893 0
8893 0
8893 0
8893 0
8893 0
8893 0
8893 0
8893 0
8893 0
8893 0
8893 0
8893 0
8893 0
8893 0
8893 0
8893 0
8893 0
8893 0
8893 0
8893 0
8893 0
8893 0
8893 0
8893 0
8893 0
8893 0
8893 0
8895 0
8895 0
8895 0
8895 9488
8895 0
8895 0
8895 0
8895 158
8895 0
8895 0
8895 0
8895 0
8895 0
8895 0
8895 0
8895 0
8895 0
8895 0
8895 0
8895 0
8895 0
8895 0
8895 0
8895 0
8895 0
8895 0
8895 0
8895 0
8895 0
8895 0
8895 0
8897 0
8897 0
8897 0
8897 7002
8897 0
8897 0
8897 0
8897 0
8897 0
8897 0
8897 0
8897 0
8897 0
8897 0
8897 0
8897 0
8897 0
8897 0
8897 0
8897 0
8897 0
8897 0
8897 0
8897 0
8897 0
8897 0
8897 0
8897 0
8897 0
8897 0
8897 0
8899 0
8899 0
8899 0
8899 5365
8899 0
8899 0
8899 0
8899 0
8899 0
8899 0
8899 0
8899 0
8899 0
8899 0
8899 0
8899 0
8899 0
8899 0
8899 0
8899 0
8899 0
8899 0
8899 0
8899 0
8899 0
8899 0
8899 0
8899 0
8899 0
8899 0
8899 0
8902 0
8902 0
8902 0
8902 4581
8902 0
8902 0
8902 0
8902 0
8902 0
8902 0
8902 0
8902 0
8902 0
8902 0
8902 0
8902 0
8902 0
8902 0
8902 0
8902 0
8902 0
8902 0
8902 0
8902 0
8902 0
8902 0
8902 0
8902 0
8902 0
8902 0
8902 0
8926 0
8926 0
8926 0
8926 1582
8926 0
8926 0
8926 0
8926 1
8926 0
8926 0
8926 0
8926 0
8926 0
8926 0
8926 0
8926 0
8926 0
8926 0
8926 0
8926 0
8926 0
8926 0
8926 0
8926 0
8926 0
8926 0
8926 0
8926 0
8926 0
8926 0
8926 0
8931 0
8931 0
8931 0
8931 5472
8931 0
8931 0
8931 0
8931 0
8931 0
8931 0
8931 0
8931 0
8931 0
8931 0
8931 0
8931 0
8931 0
8931 0
8931 0
8931 0
8931 0
8931 0
8931 0
8931 0
8931 0
8931 0
8931 0
8931 0
8931 0
8931 0
8931 0
8941 0
8941 0
8941 0
8941 4514
8941 0
8941 0
8941 0
8941 1
8941 0
8941 0
8941 0
8941 0
8941 0
8941 0
8941 0
8941 0
8941 0
8941 0
8941 0
8941 0
8941 0
8941 0
8941 0
8941 0
8941 0
8941 0
8941 0
8941 0
8941 0
8941 0
8941 0
8949 0
8949 0
8949 0
8949 6224
8949 0
8949 0
8949 0
8949 106
8949 0
8949 0
8949 0
8949 0
8949 0
8949 0
8949 0
8949 0
8949 0
8949 0
8949 0
8949 0
8949 0
8949 0
8949 0
8949 0
8949 0
8949 0
8949 0
8949 0
8949 0
8949 0
8949 0
8963 0
8963 0
8963 0
8963 1001
8963 0
8963 0
8963 0
8963 3
8963 0
8963 0
8963 0
8963 0
8963 0
8963 0
8963 0
8963 0
8963 0
8963 0
8963 0
8963 0
8963 0
8963 0
8963 0
8963 0
8963 0
8963 0
8963 0
8963 0
8963 0
8963 0
8963 0
8992 0
8992 0
8992 0
8992 2781
8992 0
8992 0
8992 0
8992 229
8992 0
8992 0
8992 0
8992 0
8992 0
8992 0
8992 0
8992 0
8992 0
8992 0
8992 0
8992 0
8992 0
8992 0
8992 0
8992 0
8992 0
8992 0
8992 0
8992 0
8992 0
8992 0
8992 0
9031 0
9031 0
9031 0
9031 8114
9031 0
9031 0
9031 0
9031 332
9031 0
9031 0
9031 0
9031 0
9031 0
9031 0
9031 0
9031 0
9031 0
9031 0
9031 0
9031 0
9031 0
9031 0
9031 0
9031 0
9031 0
9031 0
9031 0
9031 0
9031 0
9031 0
9031 0
9056 0
9056 0
9056 0
9056 4892
9056 0
9056 0
9056 0
9056 152
9056 0
9056 0
9056 0
9056 0
9056 0
9056 0
9056 0
9056 0
9056 0
9056 0
9056 0
9056 0
9056 0
9056 0
9056 0
9056 0
9056 0
9056 0
9056 0
9056 0
9056 0
9056 0
9056 0
9103 0
9103 0
9103 0
9103 2220
9103 0
9103 0
9103 0
9103 0
9103 0
9103 0
9103 0
9103 0
9103 0
9103 0
9103 0
9103 0
9103 0
9103 0
9103 0
9103 0
9103 0
9103 0
9103 0
9103 0
9103 0
9103 0
9103 0
9103 0
9103 0
9103 0
9103 0
9104 0
9104 0
9104 0
9104 1018
9104 0
9104 0
9104 0
9104 6
9104 0
9104 0
9104 0
9104 0
9104 0
9104 0
9104 0
9104 0
9104 0
9104 0
9104 0
9104 0
9104 0
9104 0
9104 0
9104 0
9104 0
9104 0
9104 0
9104 0
9104 0
9104 0
9104 0
9118 0
9118 0
9118 0
9118 4184
9118 0
9118 0
9118 0
9118 99
9118 0
9118 0
9118 0
9118 0
9118 0
9118 0
9118 0
9118 0
9118 0
9118 0
9118 0
9118 0
9118 0
9118 0
9118 0
9118 0
9118 0
9118 0
9118 0
9118 0
9118 0
9118 0
9118 0
9210 0
9210 0
9210 0
9210 5997
9210 0
9210 0
9210 0
9210 0
9210 0
9210 0
9210 0
9210 0
9210 0
9210 0
9210 0
9210 0
9210 0
9210 0
9210 0
9210 0
9210 0
9210 0
9210 0
9210 0
9210 0
9210 0
9210 0
9210 0
9210 0
9210 0
9210 0
9243 0
9243 0
9243 0
9243 4204
9243 0
9243 0
9243 0
9243 0
9243 0
9243 0
9243 0
9243 0
9243 0
9243 0
9243 0
9243 0
9243 0
9243 0
9243 0
9243 0
9243 0
9243 0
9243 0
9243 0
9243 0
9243 0
9243 0
9243 0
9243 0
9243 0
9243 0
9257 0
9257 0
9257 0
9257 5955
9257 0
9257 0
9257 0
9257 0
9257 0
9257 0
9257 0
9257 0
9257 0
9257 0
9257 0
9257 0
9257 0
9257 0
9257 0
9257 0
9257 0
9257 0
9257 0
9257 0
9257 0
9257 0
9257 0
9257 0
9257 0
9257 0
9257 0
