pt_graph cpue_kghour
8080 0
8080 0
8080 0
8080 0
8080 0
8080 0
8080 0
8080 0
8080 0
8080 0
8080 342
8080 0
8080 0
8080 0
8080 0
8080 0
8080 0
8080 0
8080 0
8080 0
8080 0
8080 342
8080 0
8080 0
8080 121
8080 0
8080 0
8080 0
8080 0
8080 0
8080 0
8139 0
8139 0
8139 0
8139 0
8139 0
8139 0
8139 0
8139 0
8139 0
8139 0
8139 78
8139 0
8139 0
8139 0
8139 2
8139 0
8139 0
8139 0
8139 0
8139 0
8139 0
8139 25
8139 0
8139 0
8139 12
8139 0
8139 0
8139 0
8139 0
8139 0
8139 0
8182 0
8182 0
8182 0
8182 0
8182 0
8182 0
8182 0
8182 0
8182 0
8182 0
8182 39
8182 0
8182 0
8182 0
8182 0
8182 0
8182 0
8182 0
8182 0
8182 0
8182 0
8182 29
8182 0
8182 0
8182 3
8182 0
8182 0
8182 0
8182 0
8182 0
8182 0
8211 0
8211 0
8211 0
8211 0
8211 0
8211 0
8211 0
8211 0
8211 0
8211 0
8211 39
8211 0
8211 0
8211 0
8211 0
8211 0
8211 0
8211 0
8211 0
8211 0
8211 0
8211 29
8211 0
8211 0
8211 3
8211 0
8211 0
8211 0
8211 0
8211 0
8211 0
8239 0
8239 0
8239 0
8239 0
8239 0
8239 0
8239 0
8239 0
8239 0
8239 0
8239 139
8239 0
8239 0
8239 0
8239 3
8239 0
8239 0
8239 0
8239 0
8239 0
8239 0
8239 35
8239 0
8239 0
8239 10
8239 0
8239 0
8239 0
8239 0
8239 0
8239 0
8267 0
8267 0
8267 0
8267 0
8267 0
8267 0
8267 0
8267 0
8267 0
8267 0
8267 41
8267 0
8267 0
8267 0
8267 2
8267 0
8267 0
8267 0
8267 0
8267 0
8267 0
8267 33
8267 0
8267 0
8267 2
8267 0
8267 0
8267 0
8267 0
8267 0
8267 0
8272 0
8272 0
8272 0
8272 0
8272 0
8272 0
8272 0
8272 0
8272 0
8272 0
8272 80
8272 0
8272 0
8272 0
8272 2
8272 0
8272 0
8272 0
8272 0
8272 0
8272 0
8272 25
8272 0
8272 0
8272 12
8272 0
8272 0
8272 0
8272 0
8272 0
8272 0
8299 0
8299 0
8299 0
8299 0
8299 0
8299 0
8299 0
8299 0
8299 0
8299 0
8299 78
8299 0
8299 0
8299 0
8299 2
8299 0
8299 0
8299 0
8299 0
8299 0
8299 0
8299 25
8299 0
8299 0
8299 12
8299 0
8299 0
8299 0
8299 0
8299 0
8299 0
8312 0
8312 0
8312 0
8312 0
8312 0
8312 0
8312 0
8312 0
8312 0
8312 0
8312 96
8312 0
8312 0
8312 0
8312 6
8312 0
8312 0
8312 0
8312 0
8312 0
8312 0
8312 152
8312 0
8312 0
8312 13
8312 0
8312 0
8312 0
8312 0
8312 0
8312 0
8313 0
8313 0
8313 0
8313 0
8313 0
8313 0
8313 0
8313 0
8313 0
8313 0
8313 45
8313 0
8313 0
8313 0
8313 0
8313 0
8313 0
8313 0
8313 0
8313 0
8313 0
8313 0
8313 0
8313 0
8313 0
8313 0
8313 0
8313 0
8313 0
8313 0
8313 0
8320 0
8320 0
8320 0
8320 0
8320 0
8320 0
8320 0
8320 0
8320 0
8320 0
8320 78
8320 0
8320 0
8320 0
8320 2
8320 0
8320 0
8320 0
8320 0
8320 0
8320 0
8320 25
8320 0
8320 0
8320 12
8320 0
8320 0
8320 0
8320 0
8320 0
8320 0
8369 0
8369 0
8369 0
8369 0
8369 0
8369 0
8369 0
8369 0
8369 0
8369 0
8369 92
8369 0
8369 0
8369 0
8369 1
8369 0
8369 0
8369 0
8369 0
8369 0
8369 0
8369 17
8369 0
8369 0
8369 5
8369 0
8369 0
8369 0
8369 0
8369 0
8369 0
8398 0
8398 0
8398 0
8398 0
8398 0
8398 0
8398 0
8398 0
8398 0
8398 0
8398 146
8398 0
8398 0
8398 0
8398 17
8398 0
8398 0
8398 0
8398 0
8398 0
8398 0
8398 34
8398 0
8398 0
8398 16
8398 0
8398 0
8398 0
8398 0
8398 0
8398 0
8425 0
8425 0
8425 0
8425 0
8425 0
8425 0
8425 0
8425 0
8425 0
8425 0
8425 45
8425 0
8425 0
8425 0
8425 0
8425 0
8425 0
8425 0
8425 0
8425 0
8425 0
8425 0
8425 0
8425 0
8425 0
8425 0
8425 0
8425 0
8425 0
8425 0
8425 0
8428 0
8428 0
8428 0
8428 0
8428 0
8428 0
8428 0
8428 0
8428 0
8428 0
8428 45
8428 0
8428 0
8428 0
8428 3
8428 0
8428 0
8428 0
8428 0
8428 0
8428 0
8428 35
8428 0
8428 0
8428 6
8428 0
8428 0
8428 0
8428 0
8428 0
8428 0
8438 0
8438 0
8438 0
8438 0
8438 0
8438 0
8438 0
8438 0
8438 0
8438 0
8438 46
8438 0
8438 0
8438 0
8438 0
8438 0
8438 0
8438 0
8438 0
8438 0
8438 0
8438 0
8438 0
8438 0
8438 0
8438 0
8438 0
8438 0
8438 0
8438 0
8438 0
8441 0
8441 0
8441 0
8441 0
8441 0
8441 0
8441 0
8441 0
8441 0
8441 0
8441 25
8441 0
8441 0
8441 0
8441 4
8441 0
8441 0
8441 0
8441 0
8441 0
8441 0
8441 18
8441 0
8441 0
8441 5
8441 0
8441 0
8441 0
8441 0
8441 0
8441 0
8482 0
8482 0
8482 0
8482 0
8482 0
8482 0
8482 0
8482 0
8482 0
8482 0
8482 97
8482 0
8482 0
8482 0
8482 6
8482 0
8482 0
8482 0
8482 0
8482 0
8482 0
8482 153
8482 0
8482 0
8482 13
8482 0
8482 0
8482 0
8482 0
8482 0
8482 0
8487 0
8487 0
8487 0
8487 0
8487 0
8487 0
8487 0
8487 0
8487 0
8487 0
8487 119
8487 0
8487 0
8487 0
8487 3
8487 0
8487 0
8487 0
8487 0
8487 0
8487 0
8487 38
8487 0
8487 0
8487 18
8487 0
8487 0
8487 0
8487 0
8487 0
8487 0
8502 0
8502 0
8502 0
8502 0
8502 0
8502 0
8502 0
8502 0
8502 0
8502 0
8502 12
8502 0
8502 0
8502 0
8502 0
8502 0
8502 0
8502 0
8502 0
8502 0
8502 0
8502 2
8502 0
8502 0
8502 0
8502 0
8502 0
8502 0
8502 0
8502 0
8502 0
8507 0
8507 0
8507 0
8507 0
8507 0
8507 0
8507 0
8507 0
8507 0
8507 0
8507 45
8507 0
8507 0
8507 0
8507 0
8507 0
8507 0
8507 0
8507 0
8507 0
8507 0
8507 0
8507 0
8507 0
8507 0
8507 0
8507 0
8507 0
8507 0
8507 0
8507 0
8509 0
8509 0
8509 0
8509 0
8509 0
8509 0
8509 0
8509 0
8509 0
8509 0
8509 109
8509 0
8509 0
8509 0
8509 0
8509 0
8509 0
8509 0
8509 0
8509 0
8509 0
8509 0
8509 0
8509 0
8509 0
8509 0
8509 0
8509 0
8509 0
8509 0
8509 0
8516 0
8516 0
8516 0
8516 0
8516 0
8516 0
8516 0
8516 0
8516 0
8516 0
8516 89
8516 0
8516 0
8516 0
8516 4
8516 0
8516 0
8516 0
8516 0
8516 0
8516 0
8516 52
8516 0
8516 0
8516 7
8516 0
8516 0
8516 0
8516 0
8516 0
8516 0
8552 0
8552 0
8552 0
8552 0
8552 0
8552 0
8552 0
8552 0
8552 0
8552 0
8552 137
8552 0
8552 0
8552 0
8552 3
8552 0
8552 0
8552 0
8552 0
8552 0
8552 0
8552 34
8552 0
8552 0
8552 10
8552 0
8552 0
8552 0
8552 0
8552 0
8552 0
8572 0
8572 0
8572 0
8572 0
8572 0
8572 0
8572 0
8572 0
8572 0
8572 0
8572 81
8572 0
8572 0
8572 0
8572 3
8572 0
8572 0
8572 0
8572 0
8572 0
8572 0
8572 26
8572 0
8572 0
8572 7
8572 0
8572 0
8572 0
8572 0
8572 0
8572 0
8575 0
8575 0
8575 0
8575 0
8575 0
8575 0
8575 0
8575 0
8575 0
8575 0
8575 46
8575 0
8575 0
8575 0
8575 0
8575 0
8575 0
8575 0
8575 0
8575 0
8575 0
8575 0
8575 0
8575 0
8575 0
8575 0
8575 0
8575 0
8575 0
8575 0
8575 0
8583 0
8583 0
8583 0
8583 0
8583 0
8583 0
8583 0
8583 0
8583 0
8583 0
8583 15
8583 0
8583 0
8583 0
8583 0
8583 0
8583 0
8583 0
8583 0
8583 0
8583 0
8583 3
8583 0
8583 0
8583 0
8583 0
8583 0
8583 0
8583 0
8583 0
8583 0
8594 0
8594 0
8594 0
8594 0
8594 0
8594 0
8594 0
8594 0
8594 0
8594 0
8594 62
8594 0
8594 0
8594 0
8594 13
8594 0
8594 0
8594 0
8594 0
8594 0
8594 0
8594 22
8594 0
8594 0
8594 7
8594 0
8594 0
8594 0
8594 0
8594 0
8594 0
8622 0
8622 0
8622 0
8622 0
8622 0
8622 0
8622 0
8622 0
8622 0
8622 0
8622 98
8622 0
8622 0
8622 0
8622 6
8622 0
8622 0
8622 0
8622 0
8622 0
8622 0
8622 155
8622 0
8622 0
8622 13
8622 0
8622 0
8622 0
8622 0
8622 0
8622 0
8630 0
8630 0
8630 0
8630 0
8630 0
8630 0
8630 0
8630 0
8630 0
8630 0
8630 51
8630 0
8630 0
8630 0
8630 3
8630 0
8630 0
8630 0
8630 0
8630 0
8630 0
8630 21
8630 0
8630 0
8630 9
8630 0
8630 0
8630 0
8630 0
8630 0
8630 0
8640 0
8640 0
8640 0
8640 0
8640 0
8640 0
8640 0
8640 0
8640 0
8640 0
8640 78
8640 0
8640 0
8640 0
8640 2
8640 0
8640 0
8640 0
8640 0
8640 0
8640 0
8640 25
8640 0
8640 0
8640 12
8640 0
8640 0
8640 0
8640 0
8640 0
8640 0
8693 0
8693 0
8693 0
8693 0
8693 0
8693 0
8693 0
8693 0
8693 0
8693 0
8693 25
8693 0
8693 0
8693 0
8693 4
8693 0
8693 0
8693 0
8693 0
8693 0
8693 0
8693 18
8693 0
8693 0
8693 5
8693 0
8693 0
8693 0
8693 0
8693 0
8693 0
8715 0
8715 0
8715 0
8715 0
8715 0
8715 0
8715 0
8715 0
8715 0
8715 0
8715 137
8715 0
8715 0
8715 0
8715 3
8715 0
8715 0
8715 0
8715 0
8715 0
8715 0
8715 34
8715 0
8715 0
8715 10
8715 0
8715 0
8715 0
8715 0
8715 0
8715 0
8751 0
8751 0
8751 0
8751 0
8751 0
8751 0
8751 0
8751 0
8751 0
8751 0
8751 45
8751 0
8751 0
8751 0
8751 0
8751 0
8751 0
8751 0
8751 0
8751 0
8751 0
8751 0
8751 0
8751 0
8751 0
8751 0
8751 0
8751 0
8751 0
8751 0
8751 0
8787 0
8787 0
8787 0
8787 0
8787 0
8787 0
8787 0
8787 0
8787 0
8787 0
8787 25
8787 0
8787 0
8787 0
8787 4
8787 0
8787 0
8787 0
8787 0
8787 0
8787 0
8787 18
8787 0
8787 0
8787 5
8787 0
8787 0
8787 0
8787 0
8787 0
8787 0
8804 0
8804 0
8804 0
8804 0
8804 0
8804 0
8804 0
8804 0
8804 0
8804 0
8804 80
8804 0
8804 0
8804 0
8804 2
8804 0
8804 0
8804 0
8804 0
8804 0
8804 0
8804 25
8804 0
8804 0
8804 12
8804 0
8804 0
8804 0
8804 0
8804 0
8804 0
8831 0
8831 0
8831 0
8831 0
8831 0
8831 0
8831 0
8831 0
8831 0
8831 0
8831 124
8831 0
8831 0
8831 0
8831 36
8831 0
8831 0
8831 0
8831 0
8831 0
8831 0
8831 19
8831 0
8831 0
8831 14
8831 0
8831 0
8831 0
8831 0
8831 0
8831 0
8840 0
8840 0
8840 0
8840 0
8840 0
8840 0
8840 0
8840 0
8840 0
8840 0
8840 88
8840 0
8840 0
8840 0
8840 1
8840 0
8840 0
8840 0
8840 0
8840 0
8840 0
8840 32
8840 0
8840 0
8840 6
8840 0
8840 0
8840 0
8840 0
8840 0
8840 0
8896 0
8896 0
8896 0
8896 0
8896 0
8896 0
8896 0
8896 0
8896 0
8896 0
8896 29
8896 0
8896 0
8896 0
8896 0
8896 0
8896 0
8896 0
8896 0
8896 0
8896 0
8896 1
8896 0
8896 0
8896 0
8896 0
8896 0
8896 0
8896 0
8896 0
8896 0
9027 0
9027 0
9027 0
9027 0
9027 0
9027 0
9027 0
9027 0
9027 0
9027 0
9027 39
9027 0
9027 0
9027 0
9027 0
9027 0
9027 0
9027 0
9027 0
9027 0
9027 0
9027 29
9027 0
9027 0
9027 3
9027 0
9027 0
9027 0
9027 0
9027 0
9027 0
9035 0
9035 0
9035 0
9035 0
9035 0
9035 0
9035 0
9035 0
9035 0
9035 0
9035 45
9035 0
9035 0
9035 0
9035 0
9035 0
9035 0
9035 0
9035 0
9035 0
9035 0
9035 0
9035 0
9035 0
9035 0
9035 0
9035 0
9035 0
9035 0
9035 0
9035 0
9104 0
9104 0
9104 0
9104 0
9104 0
9104 0
9104 0
9104 0
9104 0
9104 0
9104 12
9104 0
9104 0
9104 0
9104 0
9104 0
9104 0
9104 0
9104 0
9104 0
9104 0
9104 3
9104 0
9104 0
9104 0
9104 0
9104 0
9104 0
9104 0
9104 0
9104 0
9133 0
9133 0
9133 0
9133 0
9133 0
9133 0
9133 0
9133 0
9133 0
9133 0
9133 12
9133 0
9133 0
9133 0
9133 0
9133 0
9133 0
9133 0
9133 0
9133 0
9133 0
9133 2
9133 0
9133 0
9133 0
9133 0
9133 0
9133 0
9133 0
9133 0
9133 0
9196 0
9196 0
9196 0
9196 0
9196 0
9196 0
9196 0
9196 0
9196 0
9196 0
9196 8342
9196 0
9196 0
9196 0
9196 203
9196 0
9196 0
9196 0
9196 0
9196 0
9196 0
9196 5089
9196 0
9196 0
9196 256
9196 0
9196 0
9196 0
9196 0
9196 0
9196 0
9369 0
9369 0
9369 0
9369 0
9369 0
9369 0
9369 0
9369 0
9369 0
9369 0
9369 62
9369 0
9369 0
9369 0
9369 0
9369 0
9369 0
9369 0
9369 0
9369 0
9369 0
9369 64
9369 0
9369 0
9369 3
9369 0
9369 0
9369 0
9369 0
9369 0
9369 0
9374 0
9374 0
9374 0
9374 0
9374 0
9374 0
9374 0
9374 0
9374 0
9374 0
9374 63
9374 0
9374 0
9374 0
9374 0
9374 0
9374 0
9374 0
9374 0
9374 0
9374 0
9374 65
9374 0
9374 0
9374 3
9374 0
9374 0
9374 0
9374 0
9374 0
9374 0
9416 0
9416 0
9416 0
9416 0
9416 0
9416 0
9416 0
9416 0
9416 0
9416 0
9416 53
9416 0
9416 0
9416 0
9416 0
9416 0
9416 0
9416 0
9416 0
9416 0
9416 0
9416 9
9416 0
9416 0
9416 2
9416 0
9416 0
9416 0
9416 0
9416 0
9416 0
9498 0
9498 0
9498 0
9498 0
9498 0
9498 0
9498 0
9498 0
9498 0
9498 0
9498 63
9498 0
9498 0
9498 0
9498 0
9498 0
9498 0
9498 0
9498 0
9498 0
9498 0
9498 65
9498 0
9498 0
9498 3
9498 0
9498 0
9498 0
9498 0
9498 0
9498 0
9549 0
9549 0
9549 0
9549 0
9549 0
9549 0
9549 0
9549 0
9549 0
9549 0
9549 63
9549 0
9549 0
9549 0
9549 0
9549 0
9549 0
9549 0
9549 0
9549 0
9549 0
9549 65
9549 0
9549 0
9549 3
9549 0
9549 0
9549 0
9549 0
9549 0
9549 0
9636 0
9636 0
9636 0
9636 0
9636 0
9636 0
9636 0
9636 0
9636 0
9636 0
9636 54
9636 0
9636 0
9636 0
9636 0
9636 0
9636 0
9636 0
9636 0
9636 0
9636 0
9636 9
9636 0
9636 0
9636 2
9636 0
9636 0
9636 0
9636 0
9636 0
9636 0
9707 0
9707 0
9707 0
9707 0
9707 0
9707 0
9707 0
9707 0
9707 0
9707 0
9707 62
9707 0
9707 0
9707 0
9707 0
9707 0
9707 0
9707 0
9707 0
9707 0
9707 0
9707 64
9707 0
9707 0
9707 3
9707 0
9707 0
9707 0
9707 0
9707 0
9707 0
9768 0
9768 0
9768 0
9768 0
9768 0
9768 0
9768 0
9768 0
9768 0
9768 0
9768 54
9768 0
9768 0
9768 0
9768 0
9768 0
9768 0
9768 0
9768 0
9768 0
9768 0
9768 9
9768 0
9768 0
9768 2
9768 0
9768 0
9768 0
9768 0
9768 0
9768 0
9772 0
9772 0
9772 0
9772 0
9772 0
9772 0
9772 0
9772 0
9772 0
9772 0
9772 53
9772 0
9772 0
9772 0
9772 0
9772 0
9772 0
9772 0
9772 0
9772 0
9772 0
9772 9
9772 0
9772 0
9772 2
9772 0
9772 0
9772 0
9772 0
9772 0
9772 0
9788 0
9788 0
9788 0
9788 0
9788 0
9788 0
9788 0
9788 0
9788 0
9788 0
9788 85
9788 0
9788 0
9788 0
9788 0
9788 0
9788 0
9788 0
9788 0
9788 0
9788 0
9788 1
9788 0
9788 0
9788 0
9788 0
9788 0
9788 0
9788 0
9788 0
9788 0
9805 0
9805 0
9805 0
9805 0
9805 0
9805 0
9805 0
9805 0
9805 0
9805 0
9805 99
9805 0
9805 0
9805 0
9805 2
9805 0
9805 0
9805 0
9805 0
9805 0
9805 0
9805 103
9805 0
9805 0
9805 18
9805 0
9805 0
9805 0
9805 0
9805 0
9805 0
9943 0
9943 0
9943 0
9943 0
9943 0
9943 0
9943 0
9943 0
9943 0
9943 0
9943 53
9943 0
9943 0
9943 0
9943 0
9943 0
9943 0
9943 0
9943 0
9943 0
9943 0
9943 9
9943 0
9943 0
9943 2
9943 0
9943 0
9943 0
9943 0
9943 0
9943 0
10106 0
10106 0
10106 0
10106 0
10106 0
10106 0
10106 0
10106 0
10106 0
10106 0
10106 87
10106 0
10106 0
10106 0
10106 0
10106 0
10106 0
10106 0
10106 0
10106 0
10106 0
10106 1
10106 0
10106 0
10106 0
10106 0
10106 0
10106 0
10106 0
10106 0
10106 0
10111 0
10111 0
10111 0
10111 0
10111 0
10111 0
10111 0
10111 0
10111 0
10111 0
10111 98
10111 0
10111 0
10111 0
10111 2
10111 0
10111 0
10111 0
10111 0
10111 0
10111 0
10111 102
10111 0
10111 0
10111 18
10111 0
10111 0
10111 0
10111 0
10111 0
10111 0
10197 0
10197 0
10197 0
10197 0
10197 0
10197 0
10197 0
10197 0
10197 0
10197 0
10197 54
10197 0
10197 0
10197 0
10197 0
10197 0
10197 0
10197 0
10197 0
10197 0
10197 0
10197 9
10197 0
10197 0
10197 2
10197 0
10197 0
10197 0
10197 0
10197 0
10197 0
10342 0
10342 0
10342 0
10342 0
10342 0
10342 0
10342 0
10342 0
10342 0
10342 0
10342 53
10342 0
10342 0
10342 0
10342 0
10342 0
10342 0
10342 0
10342 0
10342 0
10342 0
10342 9
10342 0
10342 0
10342 2
10342 0
10342 0
10342 0
10342 0
10342 0
10342 0
10409 0
10409 0
10409 0
10409 0
10409 0
10409 0
10409 0
10409 0
10409 0
10409 0
10409 53
10409 0
10409 0
10409 0
10409 0
10409 0
10409 0
10409 0
10409 0
10409 0
10409 0
10409 9
10409 0
10409 0
10409 2
10409 0
10409 0
10409 0
10409 0
10409 0
10409 0
10445 0
10445 0
10445 0
10445 0
10445 0
10445 0
10445 0
10445 0
10445 0
10445 0
10445 99
10445 0
10445 0
10445 0
10445 2
10445 0
10445 0
10445 0
10445 0
10445 0
10445 0
10445 103
10445 0
10445 0
10445 18
10445 0
10445 0
10445 0
10445 0
10445 0
10445 0
10500 0
10500 0
10500 0
10500 0
10500 0
10500 0
10500 0
10500 0
10500 0
10500 0
10500 85
10500 0
10500 0
10500 0
10500 0
10500 0
10500 0
10500 0
10500 0
10500 0
10500 0
10500 1
10500 0
10500 0
10500 0
10500 0
10500 0
10500 0
10500 0
10500 0
10500 0
