pt_graph cpue_kghour
809 0
809 0
809 0
809 0
809 0
809 0
809 0
809 0
809 0
809 0
809 35
809 0
809 0
809 0
809 0
809 0
809 0
809 0
809 0
809 0
809 0
809 0
809 0
809 0
809 0
809 0
809 0
809 0
809 0
809 0
809 0
827 0
827 0
827 0
827 0
827 0
827 0
827 0
827 0
827 0
827 0
827 101
827 0
827 0
827 0
827 0
827 0
827 0
827 0
827 0
827 0
827 0
827 0
827 0
827 0
827 0
827 0
827 0
827 0
827 0
827 0
827 0
952 0
952 0
952 0
952 0
952 0
952 0
952 0
952 0
952 0
952 0
952 2
952 0
952 0
952 0
952 0
952 0
952 0
952 0
952 0
952 0
952 0
952 0
952 0
952 0
952 0
952 0
952 0
952 0
952 0
952 0
952 0
3901 0
3901 0
3901 0
3901 0
3901 0
3901 0
3901 0
3901 0
3901 0
3901 0
3901 31
3901 0
3901 0
3901 0
3901 1
3901 0
3901 0
3901 0
3901 0
3901 0
3901 0
3901 0
3901 0
3901 0
3901 0
3901 0
3901 0
3901 0
3901 0
3901 0
3901 0
4213 0
4213 0
4213 0
4213 0
4213 0
4213 0
4213 0
4213 0
4213 0
4213 0
4213 161
4213 0
4213 0
4213 0
4213 0
4213 0
4213 0
4213 0
4213 0
4213 0
4213 0
4213 0
4213 0
4213 0
4213 0
4213 0
4213 0
4213 0
4213 0
4213 0
4213 0
4756 0
4756 0
4756 0
4756 0
4756 0
4756 0
4756 0
4756 0
4756 0
4756 0
4756 97
4756 0
4756 0
4756 0
4756 0
4756 0
4756 0
4756 0
4756 0
4756 0
4756 0
4756 0
4756 0
4756 0
4756 0
4756 0
4756 0
4756 0
4756 0
4756 0
4756 0
4813 0
4813 0
4813 0
4813 0
4813 0
4813 0
4813 0
4813 0
4813 0
4813 0
4813 149
4813 0
4813 0
4813 0
4813 0
4813 0
4813 0
4813 0
4813 0
4813 0
4813 0
4813 0
4813 0
4813 0
4813 0
4813 0
4813 0
4813 0
4813 0
4813 0
4813 0
4911 0
4911 0
4911 0
4911 0
4911 0
4911 0
4911 0
4911 0
4911 0
4911 0
4911 1560
4911 0
4911 0
4911 0
4911 0
4911 0
4911 0
4911 0
4911 0
4911 0
4911 0
4911 0
4911 0
4911 0
4911 0
4911 0
4911 0
4911 0
4911 0
4911 0
4911 0
5064 0
5064 0
5064 0
5064 0
5064 0
5064 0
5064 0
5064 0
5064 0
5064 0
5064 221
5064 0
5064 0
5064 0
5064 0
5064 0
5064 0
5064 0
5064 0
5064 0
5064 0
5064 0
5064 0
5064 0
5064 0
5064 0
5064 0
5064 0
5064 0
5064 0
5064 0
5516 0
5516 0
5516 0
5516 0
5516 0
5516 0
5516 0
5516 0
5516 0
5516 0
5516 8
5516 0
5516 0
5516 0
5516 0
5516 0
5516 0
5516 0
5516 0
5516 0
5516 0
5516 0
5516 0
5516 0
5516 0
5516 0
5516 0
5516 0
5516 0
5516 0
5516 0
6029 0
6029 0
6029 0
6029 0
6029 0
6029 0
6029 0
6029 0
6029 0
6029 0
6029 104
6029 0
6029 0
6029 0
6029 3
6029 0
6029 0
6029 0
6029 0
6029 0
6029 0
6029 10
6029 0
6029 0
6029 3
6029 0
6029 0
6029 0
6029 0
6029 0
6029 0
6301 0
6301 0
6301 0
6301 0
6301 0
6301 0
6301 0
6301 0
6301 0
6301 0
6301 3260
6301 0
6301 0
6301 0
6301 0
6301 0
6301 0
6301 0
6301 0
6301 0
6301 0
6301 0
6301 0
6301 0
6301 0
6301 0
6301 0
6301 0
6301 0
6301 0
6301 0
9149 0
9149 0
9149 0
9149 0
9149 0
9149 0
9149 0
9149 0
9149 0
9149 0
9149 622
9149 0
9149 0
9149 0
9149 25
9149 0
9149 0
9149 0
9149 0
9149 0
9149 0
9149 10
9149 0
9149 0
9149 11
9149 0
9149 0
9149 0
9149 0
9149 0
9149 0
9176 0
9176 0
9176 0
9176 0
9176 0
9176 0
9176 0
9176 0
9176 0
9176 0
9176 808
9176 0
9176 0
9176 0
9176 33
9176 0
9176 0
9176 0
9176 0
9176 0
9176 0
9176 13
9176 0
9176 0
9176 14
9176 0
9176 0
9176 0
9176 0
9176 0
9176 0
9269 0
9269 0
9269 0
9269 0
9269 0
9269 0
9269 0
9269 0
9269 0
9269 0
9269 231
9269 0
9269 0
9269 0
9269 9
9269 0
9269 0
9269 0
9269 0
9269 0
9269 0
9269 4
9269 0
9269 0
9269 4
9269 0
9269 0
9269 0
9269 0
9269 0
9269 0
9321 0
9321 0
9321 0
9321 0
9321 0
9321 0
9321 0
9321 0
9321 0
9321 0
9321 1346
9321 0
9321 0
9321 0
9321 24
9321 0
9321 0
9321 0
9321 0
9321 0
9321 0
9321 4
9321 0
9321 0
9321 0
9321 0
9321 0
9321 0
9321 0
9321 0
9321 0
9379 0
9379 0
9379 0
9379 0
9379 0
9379 0
9379 0
9379 0
9379 0
9379 0
9379 612
9379 0
9379 0
9379 0
9379 11
9379 0
9379 0
9379 0
9379 0
9379 0
9379 0
9379 2
9379 0
9379 0
9379 0
9379 0
9379 0
9379 0
9379 0
9379 0
9379 0
9390 0
9390 0
9390 0
9390 0
9390 0
9390 0
9390 0
9390 0
9390 0
9390 0
9390 39
9390 0
9390 0
9390 0
9390 1
9390 0
9390 0
9390 0
9390 0
9390 0
9390 0
9390 4
9390 0
9390 0
9390 1
9390 0
9390 0
9390 0
9390 0
9390 0
9390 0
9976 0
9976 0
9976 0
9976 0
9976 0
9976 0
9976 0
9976 0
9976 0
9976 0
9976 15
9976 0
9976 0
9976 0
9976 0
9976 0
9976 0
9976 0
9976 0
9976 0
9976 0
9976 0
9976 0
9976 0
9976 0
9976 0
9976 0
9976 0
9976 0
9976 0
9976 0
10071 0
10071 0
10071 0
10071 0
10071 0
10071 0
10071 0
10071 0
10071 0
10071 0
10071 309
10071 0
10071 0
10071 0
10071 0
10071 0
10071 0
10071 0
10071 0
10071 0
10071 0
10071 0
10071 0
10071 0
10071 2
10071 0
10071 0
10071 0
10071 0
10071 0
10071 0
10073 0
10073 0
10073 0
10073 0
10073 0
10073 0
10073 0
10073 0
10073 0
10073 0
10073 10770
10073 0
10073 0
10073 0
10073 0
10073 0
10073 0
10073 0
10073 0
10073 0
10073 0
10073 0
10073 0
10073 0
10073 0
10073 0
10073 0
10073 0
10073 0
10073 0
10073 0
10209 0
10209 0
10209 0
10209 0
10209 0
10209 0
10209 0
10209 0
10209 0
10209 0
10209 1799
10209 0
10209 0
10209 0
10209 0
10209 0
10209 0
10209 0
10209 0
10209 0
10209 0
10209 0
10209 0
10209 0
10209 1
10209 0
10209 0
10209 0
10209 0
10209 0
10209 0
10252 0
10252 0
10252 0
10252 0
10252 0
10252 0
10252 0
10252 0
10252 0
10252 0
10252 131
10252 0
10252 0
10252 0
10252 0
10252 0
10252 0
10252 0
10252 0
10252 0
10252 0
10252 25
10252 0
10252 0
10252 22
10252 0
10252 0
10252 0
10252 0
10252 0
10252 0
10255 0
10255 0
10255 0
10255 0
10255 0
10255 0
10255 0
10255 0
10255 0
10255 0
10255 1601
10255 0
10255 0
10255 0
10255 0
10255 0
10255 0
10255 0
10255 0
10255 0
10255 0
10255 0
10255 0
10255 0
10255 11
10255 0
10255 0
10255 0
10255 0
10255 0
10255 0
10322 0
10322 0
10322 0
10322 0
10322 0
10322 0
10322 0
10322 0
10322 0
10322 0
10322 169
10322 0
10322 0
10322 0
10322 0
10322 0
10322 0
10322 0
10322 0
10322 0
10322 0
10322 39
10322 0
10322 0
10322 24
10322 0
10322 0
10322 0
10322 0
10322 0
10322 0
10324 0
10324 0
10324 0
10324 0
10324 0
10324 0
10324 0
10324 0
10324 0
10324 0
10324 533
10324 0
10324 0
10324 0
10324 1
10324 0
10324 0
10324 0
10324 0
10324 0
10324 0
10324 61
10324 0
10324 0
10324 56
10324 0
10324 0
10324 0
10324 0
10324 0
10324 0
10427 0
10427 0
10427 0
10427 0
10427 0
10427 0
10427 0
10427 0
10427 0
10427 0
10427 2190
10427 0
10427 0
10427 0
10427 0
10427 0
10427 0
10427 0
10427 0
10427 0
10427 0
10427 8
10427 0
10427 0
10427 2
10427 0
10427 0
10427 0
10427 0
10427 0
10427 0
10433 0
10433 0
10433 0
10433 0
10433 0
10433 0
10433 0
10433 0
10433 0
10433 0
10433 129
10433 0
10433 0
10433 0
10433 0
10433 0
10433 0
10433 0
10433 0
10433 0
10433 0
10433 25
10433 0
10433 0
10433 22
10433 0
10433 0
10433 0
10433 0
10433 0
10433 0
10516 0
10516 0
10516 0
10516 0
10516 0
10516 0
10516 0
10516 0
10516 0
10516 0
10516 349
10516 0
10516 0
10516 0
10516 1
10516 0
10516 0
10516 0
10516 0
10516 0
10516 0
10516 40
10516 0
10516 0
10516 36
10516 0
10516 0
10516 0
10516 0
10516 0
10516 0
10531 0
10531 0
10531 0
10531 0
10531 0
10531 0
10531 0
10531 0
10531 0
10531 0
10531 169
10531 0
10531 0
10531 0
10531 0
10531 0
10531 0
10531 0
10531 0
10531 0
10531 0
10531 39
10531 0
10531 0
10531 24
10531 0
10531 0
10531 0
10531 0
10531 0
10531 0
