pt_graph cpue_kghour
8923 0
8923 0
8923 0
8923 0
8923 0
8923 0
8923 0
8923 0
8923 0
8923 0
8923 31
8923 0
8923 0
8923 0
8923 0
8923 0
8923 0
8923 0
8923 0
8923 0
8923 0
8923 21
8923 0
8923 0
8923 2
8923 0
8923 0
8923 0
8923 0
8923 0
8923 0
9144 0
9144 0
9144 0
9144 0
9144 0
9144 0
9144 0
9144 0
9144 0
9144 0
9144 31
9144 0
9144 0
9144 0
9144 0
9144 0
9144 0
9144 0
9144 0
9144 0
9144 0
9144 21
9144 0
9144 0
9144 2
9144 0
9144 0
9144 0
9144 0
9144 0
9144 0
9225 0
9225 0
9225 0
9225 0
9225 0
9225 0
9225 0
9225 0
9225 0
9225 0
9225 2
9225 0
9225 0
9225 0
9225 0
9225 0
9225 0
9225 0
9225 0
9225 0
9225 0
9225 1
9225 0
9225 0
9225 13
9225 0
9225 0
9225 0
9225 0
9225 0
9225 0
9243 0
9243 0
9243 0
9243 0
9243 0
9243 0
9243 0
9243 0
9243 0
9243 0
9243 169
9243 0
9243 0
9243 0
9243 0
9243 0
9243 0
9243 0
9243 0
9243 0
9243 0
9243 4
9243 0
9243 0
9243 0
9243 0
9243 0
9243 0
9243 0
9243 0
9243 0
9253 0
9253 0
9253 0
9253 0
9253 0
9253 0
9253 0
9253 0
9253 0
9253 0
9253 31
9253 0
9253 0
9253 0
9253 0
9253 0
9253 0
9253 0
9253 0
9253 0
9253 0
9253 21
9253 0
9253 0
9253 2
9253 0
9253 0
9253 0
9253 0
9253 0
9253 0
9269 0
9269 0
9269 0
9269 0
9269 0
9269 0
9269 0
9269 0
9269 0
9269 0
9269 72
9269 0
9269 0
9269 0
9269 0
9269 0
9269 0
9269 0
9269 0
9269 0
9269 0
9269 3
9269 0
9269 0
9269 0
9269 0
9269 0
9269 0
9269 0
9269 0
9269 0
9271 0
9271 0
9271 0
9271 0
9271 0
9271 0
9271 0
9271 0
9271 0
9271 0
9271 259
9271 0
9271 0
9271 0
9271 0
9271 0
9271 0
9271 0
9271 0
9271 0
9271 0
9271 0
9271 0
9271 0
9271 33
9271 0
9271 0
9271 0
9271 0
9271 0
9271 0
9319 0
9319 0
9319 0
9319 0
9319 0
9319 0
9319 0
9319 0
9319 0
9319 0
9319 1994
9319 0
9319 0
9319 0
9319 0
9319 0
9319 0
9319 0
9319 0
9319 0
9319 0
9319 1
9319 0
9319 0
9319 0
9319 0
9319 0
9319 0
9319 0
9319 0
9319 0
9321 0
9321 0
9321 0
9321 0
9321 0
9321 0
9321 0
9321 0
9321 0
9321 0
9321 3
9321 0
9321 0
9321 0
9321 0
9321 0
9321 0
9321 0
9321 0
9321 0
9321 0
9321 2
9321 0
9321 0
9321 3
9321 0
9321 0
9321 0
9321 0
9321 0
9321 0
9346 0
9346 0
9346 0
9346 0
9346 0
9346 0
9346 0
9346 0
9346 0
9346 0
9346 188
9346 0
9346 0
9346 0
9346 0
9346 0
9346 0
9346 0
9346 0
9346 0
9346 0
9346 0
9346 0
9346 0
9346 4
9346 0
9346 0
9346 0
9346 0
9346 0
9346 0
9353 0
9353 0
9353 0
9353 0
9353 0
9353 0
9353 0
9353 0
9353 0
9353 0
9353 247
9353 0
9353 0
9353 0
9353 0
9353 0
9353 0
9353 0
9353 0
9353 0
9353 0
9353 1
9353 0
9353 0
9353 0
9353 0
9353 0
9353 0
9353 0
9353 0
9353 0
9377 0
9377 0
9377 0
9377 0
9377 0
9377 0
9377 0
9377 0
9377 0
9377 0
9377 191
9377 0
9377 0
9377 0
9377 0
9377 0
9377 0
9377 0
9377 0
9377 0
9377 0
9377 0
9377 0
9377 0
9377 4
9377 0
9377 0
9377 0
9377 0
9377 0
9377 0
9390 0
9390 0
9390 0
9390 0
9390 0
9390 0
9390 0
9390 0
9390 0
9390 0
9390 140
9390 0
9390 0
9390 0
9390 0
9390 0
9390 0
9390 0
9390 0
9390 0
9390 0
9390 1
9390 0
9390 0
9390 1
9390 0
9390 0
9390 0
9390 0
9390 0
9390 0
9399 0
9399 0
9399 0
9399 0
9399 0
9399 0
9399 0
9399 0
9399 0
9399 0
9399 158
9399 0
9399 0
9399 0
9399 0
9399 0
9399 0
9399 0
9399 0
9399 0
9399 0
9399 0
9399 0
9399 0
9399 0
9399 0
9399 0
9399 0
9399 0
9399 0
9399 0
9419 0
9419 0
9419 0
9419 0
9419 0
9419 0
9419 0
9419 0
9419 0
9419 0
9419 881
9419 0
9419 0
9419 0
9419 0
9419 0
9419 0
9419 0
9419 0
9419 0
9419 0
9419 4
9419 0
9419 0
9419 0
9419 0
9419 0
9419 0
9419 0
9419 0
9419 0
9430 0
9430 0
9430 0
9430 0
9430 0
9430 0
9430 0
9430 0
9430 0
9430 0
9430 66
9430 0
9430 0
9430 0
9430 0
9430 0
9430 0
9430 0
9430 0
9430 0
9430 0
9430 0
9430 0
9430 0
9430 2
9430 0
9430 0
9430 0
9430 0
9430 0
9430 0
9451 0
9451 0
9451 0
9451 0
9451 0
9451 0
9451 0
9451 0
9451 0
9451 0
9451 66
9451 0
9451 0
9451 0
9451 0
9451 0
9451 0
9451 0
9451 0
9451 0
9451 0
9451 0
9451 0
9451 0
9451 2
9451 0
9451 0
9451 0
9451 0
9451 0
9451 0
9460 0
9460 0
9460 0
9460 0
9460 0
9460 0
9460 0
9460 0
9460 0
9460 0
9460 69
9460 0
9460 0
9460 0
9460 0
9460 0
9460 0
9460 0
9460 0
9460 0
9460 0
9460 0
9460 0
9460 0
9460 1
9460 0
9460 0
9460 0
9460 0
9460 0
9460 0
9484 0
9484 0
9484 0
9484 0
9484 0
9484 0
9484 0
9484 0
9484 0
9484 0
9484 113
9484 0
9484 0
9484 0
9484 0
9484 0
9484 0
9484 0
9484 0
9484 0
9484 0
9484 2
9484 0
9484 0
9484 1
9484 0
9484 0
9484 0
9484 0
9484 0
9484 0
9525 0
9525 0
9525 0
9525 0
9525 0
9525 0
9525 0
9525 0
9525 0
9525 0
9525 96
9525 0
9525 0
9525 0
9525 0
9525 0
9525 0
9525 0
9525 0
9525 0
9525 0
9525 0
9525 0
9525 0
9525 0
9525 0
9525 0
9525 0
9525 0
9525 0
9525 0
9591 0
9591 0
9591 0
9591 0
9591 0
9591 0
9591 0
9591 0
9591 0
9591 0
9591 267
9591 0
9591 0
9591 0
9591 0
9591 0
9591 0
9591 0
9591 0
9591 0
9591 0
9591 0
9591 0
9591 0
9591 4
9591 0
9591 0
9591 0
9591 0
9591 0
9591 0
9594 0
9594 0
9594 0
9594 0
9594 0
9594 0
9594 0
9594 0
9594 0
9594 0
9594 191
9594 0
9594 0
9594 0
9594 0
9594 0
9594 0
9594 0
9594 0
9594 0
9594 0
9594 0
9594 0
9594 0
9594 4
9594 0
9594 0
9594 0
9594 0
9594 0
9594 0
9671 0
9671 0
9671 0
9671 0
9671 0
9671 0
9671 0
9671 0
9671 0
9671 0
9671 593
9671 0
9671 0
9671 0
9671 0
9671 0
9671 0
9671 0
9671 0
9671 0
9671 0
9671 0
9671 0
9671 0
9671 2
9671 0
9671 0
9671 0
9671 0
9671 0
9671 0
9679 0
9679 0
9679 0
9679 0
9679 0
9679 0
9679 0
9679 0
9679 0
9679 0
9679 81
9679 0
9679 0
9679 0
9679 0
9679 0
9679 0
9679 0
9679 0
9679 0
9679 0
9679 0
9679 0
9679 0
9679 1
9679 0
9679 0
9679 0
9679 0
9679 0
9679 0
9734 0
9734 0
9734 0
9734 0
9734 0
9734 0
9734 0
9734 0
9734 0
9734 0
9734 16
9734 0
9734 0
9734 0
9734 0
9734 0
9734 0
9734 0
9734 0
9734 0
9734 0
9734 0
9734 0
9734 0
9734 0
9734 0
9734 0
9734 0
9734 0
9734 0
9734 0
9772 0
9772 0
9772 0
9772 0
9772 0
9772 0
9772 0
9772 0
9772 0
9772 0
9772 384
9772 0
9772 0
9772 0
9772 0
9772 0
9772 0
9772 0
9772 0
9772 0
9772 0
9772 0
9772 0
9772 0
9772 2
9772 0
9772 0
9772 0
9772 0
9772 0
9772 0
9807 0
9807 0
9807 0
9807 0
9807 0
9807 0
9807 0
9807 0
9807 0
9807 0
9807 100
9807 0
9807 0
9807 0
9807 0
9807 0
9807 0
9807 0
9807 0
9807 0
9807 0
9807 1
9807 0
9807 0
9807 0
9807 0
9807 0
9807 0
9807 0
9807 0
9807 0
9861 0
9861 0
9861 0
9861 0
9861 0
9861 0
9861 0
9861 0
9861 0
9861 0
9861 3
9861 0
9861 0
9861 0
9861 0
9861 0
9861 0
9861 0
9861 0
9861 0
9861 0
9861 2
9861 0
9861 0
9861 3
9861 0
9861 0
9861 0
9861 0
9861 0
9861 0
9868 0
9868 0
9868 0
9868 0
9868 0
9868 0
9868 0
9868 0
9868 0
9868 0
9868 440
9868 0
9868 0
9868 0
9868 0
9868 0
9868 0
9868 0
9868 0
9868 0
9868 0
9868 0
9868 0
9868 0
9868 3
9868 0
9868 0
9868 0
9868 0
9868 0
9868 0
9880 0
9880 0
9880 0
9880 0
9880 0
9880 0
9880 0
9880 0
9880 0
9880 0
9880 111
9880 0
9880 0
9880 0
9880 0
9880 0
9880 0
9880 0
9880 0
9880 0
9880 0
9880 2
9880 0
9880 0
9880 1
9880 0
9880 0
9880 0
9880 0
9880 0
9880 0
9923 0
9923 0
9923 0
9923 0
9923 0
9923 0
9923 0
9923 0
9923 0
9923 0
9923 8593
9923 0
9923 0
9923 0
9923 0
9923 0
9923 0
9923 0
9923 0
9923 0
9923 0
9923 0
9923 0
9923 0
9923 26
9923 0
9923 0
9923 0
9923 0
9923 0
9923 0
9983 0
9983 0
9983 0
9983 0
9983 0
9983 0
9983 0
9983 0
9983 0
9983 0
9983 65
9983 0
9983 0
9983 0
9983 0
9983 0
9983 0
9983 0
9983 0
9983 0
9983 0
9983 14
9983 0
9983 0
9983 0
9983 0
9983 0
9983 0
9983 0
9983 0
9983 0
10034 0
10034 0
10034 0
10034 0
10034 0
10034 0
10034 0
10034 0
10034 0
10034 0
10034 1719
10034 0
10034 0
10034 0
10034 0
10034 0
10034 0
10034 0
10034 0
10034 0
10034 0
10034 0
10034 0
10034 0
10034 1
10034 0
10034 0
10034 0
10034 0
10034 0
10034 0
10038 0
10038 0
10038 0
10038 0
10038 0
10038 0
10038 0
10038 0
10038 0
10038 0
10038 113
10038 0
10038 0
10038 0
10038 0
10038 0
10038 0
10038 0
10038 0
10038 0
10038 0
10038 2
10038 0
10038 0
10038 1
10038 0
10038 0
10038 0
10038 0
10038 0
10038 0
10106 0
10106 0
10106 0
10106 0
10106 0
10106 0
10106 0
10106 0
10106 0
10106 0
10106 34
10106 0
10106 0
10106 0
10106 0
10106 0
10106 0
10106 0
10106 0
10106 0
10106 0
10106 4
10106 0
10106 0
10106 4
10106 0
10106 0
10106 0
10106 0
10106 0
10106 0
10121 0
10121 0
10121 0
10121 0
10121 0
10121 0
10121 0
10121 0
10121 0
10121 0
10121 4153
10121 0
10121 0
10121 0
10121 0
10121 0
10121 0
10121 0
10121 0
10121 0
10121 0
10121 0
10121 0
10121 0
10121 3
10121 0
10121 0
10121 0
10121 0
10121 0
10121 0
10150 0
10150 0
10150 0
10150 0
10150 0
10150 0
10150 0
10150 0
10150 0
10150 0
10150 1108
10150 0
10150 0
10150 0
10150 0
10150 0
10150 0
10150 0
10150 0
10150 0
10150 0
10150 0
10150 0
10150 0
10150 1
10150 0
10150 0
10150 0
10150 0
10150 0
10150 0
10158 0
10158 0
10158 0
10158 0
10158 0
10158 0
10158 0
10158 0
10158 0
10158 0
10158 63
10158 0
10158 0
10158 0
10158 0
10158 0
10158 0
10158 0
10158 0
10158 0
10158 0
10158 14
10158 0
10158 0
10158 0
10158 0
10158 0
10158 0
10158 0
10158 0
10158 0
10165 0
10165 0
10165 0
10165 0
10165 0
10165 0
10165 0
10165 0
10165 0
10165 0
10165 63
10165 0
10165 0
10165 0
10165 0
10165 0
10165 0
10165 0
10165 0
10165 0
10165 0
10165 14
10165 0
10165 0
10165 0
10165 0
10165 0
10165 0
10165 0
10165 0
10165 0
10191 0
10191 0
10191 0
10191 0
10191 0
10191 0
10191 0
10191 0
10191 0
10191 0
10191 3
10191 0
10191 0
10191 0
10191 0
10191 0
10191 0
10191 0
10191 0
10191 0
10191 0
10191 2
10191 0
10191 0
10191 3
10191 0
10191 0
10191 0
10191 0
10191 0
10191 0
10197 0
10197 0
10197 0
10197 0
10197 0
10197 0
10197 0
10197 0
10197 0
10197 0
10197 113
10197 0
10197 0
10197 0
10197 0
10197 0
10197 0
10197 0
10197 0
10197 0
10197 0
10197 2
10197 0
10197 0
10197 1
10197 0
10197 0
10197 0
10197 0
10197 0
10197 0
10324 0
10324 0
10324 0
10324 0
10324 0
10324 0
10324 0
10324 0
10324 0
10324 0
10324 35
10324 0
10324 0
10324 0
10324 0
10324 0
10324 0
10324 0
10324 0
10324 0
10324 0
10324 4
10324 0
10324 0
10324 4
10324 0
10324 0
10324 0
10324 0
10324 0
10324 0
10427 0
10427 0
10427 0
10427 0
10427 0
10427 0
10427 0
10427 0
10427 0
10427 0
10427 266
10427 0
10427 0
10427 0
10427 0
10427 0
10427 0
10427 0
10427 0
10427 0
10427 0
10427 0
10427 0
10427 0
10427 0
10427 0
10427 0
10427 0
10427 0
10427 0
10427 0
10516 0
10516 0
10516 0
10516 0
10516 0
10516 0
10516 0
10516 0
10516 0
10516 0
10516 34
10516 0
10516 0
10516 0
10516 0
10516 0
10516 0
10516 0
10516 0
10516 0
10516 0
10516 4
10516 0
10516 0
10516 4
10516 0
10516 0
10516 0
10516 0
10516 0
10516 0
