pt_graph cpue_kghour
8150 0
8150 0
8150 0
8150 0
8150 0
8150 0
8150 0
8150 0
8150 0
8150 0
8150 204
8150 0
8150 0
8150 0
8150 16
8150 0
8150 0
8150 0
8150 0
8150 0
8150 0
8150 98
8150 0
8150 0
8150 7
8150 0
8150 0
8150 0
8150 0
8150 0
8150 0
8322 0
8322 0
8322 0
8322 0
8322 0
8322 0
8322 0
8322 0
8322 0
8322 0
8322 201
8322 0
8322 0
8322 0
8322 16
8322 0
8322 0
8322 0
8322 0
8322 0
8322 0
8322 96
8322 0
8322 0
8322 7
8322 0
8322 0
8322 0
8322 0
8322 0
8322 0
8353 0
8353 0
8353 0
8353 0
8353 0
8353 0
8353 0
8353 0
8353 0
8353 0
8353 727
8353 0
8353 0
8353 0
8353 59
8353 0
8353 0
8353 0
8353 0
8353 0
8353 0
8353 349
8353 0
8353 0
8353 24
8353 0
8353 0
8353 0
8353 0
8353 0
8353 0
8376 0
8376 0
8376 0
8376 0
8376 0
8376 0
8376 0
8376 0
8376 0
8376 0
8376 122
8376 0
8376 0
8376 0
8376 21
8376 0
8376 0
8376 0
8376 0
8376 0
8376 0
8376 178
8376 0
8376 0
8376 4
8376 0
8376 0
8376 0
8376 0
8376 0
8376 0
8431 0
8431 0
8431 0
8431 350980
8431 0
8431 0
8431 0
8431 8040
8431 0
8431 0
8431 30
8431 0
8431 0
8431 0
8431 0
8431 0
8431 0
8431 0
8431 0
8431 0
8431 0
8431 30
8431 0
8431 0
8431 0
8431 0
8431 0
8431 0
8431 0
8431 0
8431 0
8442 0
8442 0
8442 0
8442 0
8442 0
8442 0
8442 0
8442 0
8442 0
8442 0
8442 201
8442 0
8442 0
8442 0
8442 16
8442 0
8442 0
8442 0
8442 0
8442 0
8442 0
8442 96
8442 0
8442 0
8442 7
8442 0
8442 0
8442 0
8442 0
8442 0
8442 0
8448 0
8448 0
8448 0
8448 0
8448 0
8448 0
8448 0
8448 0
8448 0
8448 0
8448 97
8448 0
8448 0
8448 0
8448 4
8448 0
8448 0
8448 0
8448 0
8448 0
8448 0
8448 113
8448 0
8448 0
8448 4
8448 0
8448 0
8448 0
8448 0
8448 0
8448 0
8467 0
8467 0
8467 0
8467 0
8467 0
8467 0
8467 0
8467 0
8467 0
8467 0
8467 194
8467 0
8467 0
8467 0
8467 34
8467 0
8467 0
8467 0
8467 0
8467 0
8467 0
8467 284
8467 0
8467 0
8467 6
8467 0
8467 0
8467 0
8467 0
8467 0
8467 0
8474 0
8474 0
8474 0
8474 0
8474 0
8474 0
8474 0
8474 0
8474 0
8474 0
8474 296
8474 0
8474 0
8474 0
8474 51
8474 0
8474 0
8474 0
8474 0
8474 0
8474 0
8474 432
8474 0
8474 0
8474 9
8474 0
8474 0
8474 0
8474 0
8474 0
8474 0
8480 0
8480 0
8480 0
8480 0
8480 0
8480 0
8480 0
8480 0
8480 0
8480 0
8480 177
8480 0
8480 0
8480 0
8480 35
8480 0
8480 0
8480 0
8480 0
8480 0
8480 0
8480 166
8480 0
8480 0
8480 0
8480 0
8480 0
8480 0
8480 0
8480 0
8480 0
8482 0
8482 0
8482 0
8482 0
8482 0
8482 0
8482 0
8482 0
8482 0
8482 0
8482 180
8482 0
8482 0
8482 0
8482 36
8482 0
8482 0
8482 0
8482 0
8482 0
8482 0
8482 169
8482 0
8482 0
8482 0
8482 0
8482 0
8482 0
8482 0
8482 0
8482 0
8517 0
8517 0
8517 0
8517 0
8517 0
8517 0
8517 0
8517 0
8517 0
8517 0
8517 201
8517 0
8517 0
8517 0
8517 16
8517 0
8517 0
8517 0
8517 0
8517 0
8517 0
8517 96
8517 0
8517 0
8517 7
8517 0
8517 0
8517 0
8517 0
8517 0
8517 0
8547 0
8547 0
8547 0
8547 0
8547 0
8547 0
8547 0
8547 0
8547 0
8547 0
8547 107
8547 0
8547 0
8547 0
8547 19
8547 0
8547 0
8547 0
8547 0
8547 0
8547 0
8547 156
8547 0
8547 0
8547 3
8547 0
8547 0
8547 0
8547 0
8547 0
8547 0
8567 0
8567 0
8567 0
8567 0
8567 0
8567 0
8567 0
8567 0
8567 0
8567 0
8567 148
8567 0
8567 0
8567 0
8567 9
8567 0
8567 0
8567 0
8567 0
8567 0
8567 0
8567 162
8567 0
8567 0
8567 1
8567 0
8567 0
8567 0
8567 0
8567 0
8567 0
8575 0
8575 0
8575 0
8575 0
8575 0
8575 0
8575 0
8575 0
8575 0
8575 0
8575 642
8575 0
8575 0
8575 0
8575 126
8575 0
8575 0
8575 0
8575 0
8575 0
8575 0
8575 602
8575 0
8575 0
8575 0
8575 0
8575 0
8575 0
8575 0
8575 0
8575 0
8589 0
8589 0
8589 0
8589 0
8589 0
8589 0
8589 0
8589 0
8589 0
8589 0
8589 350
8589 0
8589 0
8589 0
8589 23
8589 0
8589 0
8589 0
8589 0
8589 0
8589 0
8589 674
8589 0
8589 0
8589 0
8589 0
8589 0
8589 0
8589 0
8589 0
8589 0
8594 0
8594 0
8594 0
8594 1497
8594 0
8594 0
8594 0
8594 0
8594 0
8594 0
8594 0
8594 0
8594 0
8594 0
8594 0
8594 0
8594 0
8594 0
8594 0
8594 0
8594 0
8594 0
8594 0
8594 0
8594 0
8594 0
8594 0
8594 0
8594 0
8594 0
8594 0
8604 0
8604 0
8604 0
8604 0
8604 0
8604 0
8604 0
8604 0
8604 0
8604 0
8604 58
8604 0
8604 0
8604 0
8604 0
8604 0
8604 0
8604 0
8604 0
8604 0
8604 0
8604 62
8604 0
8604 0
8604 0
8604 0
8604 0
8604 0
8604 0
8604 0
8604 0
8615 0
8615 0
8615 0
8615 0
8615 0
8615 0
8615 0
8615 0
8615 0
8615 0
8615 123
8615 0
8615 0
8615 0
8615 17
8615 0
8615 0
8615 0
8615 0
8615 0
8615 0
8615 144
8615 0
8615 0
8615 0
8615 0
8615 0
8615 0
8615 0
8615 0
8615 0
8617 0
8617 0
8617 0
8617 0
8617 0
8617 0
8617 0
8617 0
8617 0
8617 0
8617 204
8617 0
8617 0
8617 0
8617 16
8617 0
8617 0
8617 0
8617 0
8617 0
8617 0
8617 98
8617 0
8617 0
8617 7
8617 0
8617 0
8617 0
8617 0
8617 0
8617 0
8622 0
8622 0
8622 0
8622 0
8622 0
8622 0
8622 0
8622 0
8622 0
8622 0
8622 177
8622 0
8622 0
8622 0
8622 35
8622 0
8622 0
8622 0
8622 0
8622 0
8622 0
8622 166
8622 0
8622 0
8622 0
8622 0
8622 0
8622 0
8622 0
8622 0
8622 0
8627 0
8627 0
8627 0
8627 0
8627 0
8627 0
8627 0
8627 0
8627 0
8627 0
8627 180
8627 0
8627 0
8627 0
8627 36
8627 0
8627 0
8627 0
8627 0
8627 0
8627 0
8627 169
8627 0
8627 0
8627 0
8627 0
8627 0
8627 0
8627 0
8627 0
8627 0
8631 0
8631 0
8631 0
8631 0
8631 0
8631 0
8631 0
8631 0
8631 0
8631 0
8631 107
8631 0
8631 0
8631 0
8631 19
8631 0
8631 0
8631 0
8631 0
8631 0
8631 0
8631 156
8631 0
8631 0
8631 3
8631 0
8631 0
8631 0
8631 0
8631 0
8631 0
8644 0
8644 0
8644 0
8644 0
8644 0
8644 0
8644 0
8644 0
8644 0
8644 0
8644 138
8644 0
8644 0
8644 0
8644 7
8644 0
8644 0
8644 0
8644 0
8644 0
8644 0
8644 207
8644 0
8644 0
8644 3
8644 0
8644 0
8644 0
8644 0
8644 0
8644 0
8666 0
8666 0
8666 0
8666 0
8666 0
8666 0
8666 0
8666 0
8666 0
8666 0
8666 78
8666 0
8666 0
8666 0
8666 5
8666 0
8666 0
8666 0
8666 0
8666 0
8666 0
8666 151
8666 0
8666 0
8666 0
8666 0
8666 0
8666 0
8666 0
8666 0
8666 0
8668 0
8668 0
8668 0
8668 2647
8668 0
8668 0
8668 0
8668 0
8668 0
8668 0
8668 0
8668 0
8668 0
8668 0
8668 0
8668 0
8668 0
8668 0
8668 0
8668 0
8668 0
8668 0
8668 0
8668 0
8668 0
8668 0
8668 0
8668 0
8668 0
8668 0
8668 0
8677 0
8677 0
8677 0
8677 0
8677 0
8677 0
8677 0
8677 0
8677 0
8677 0
8677 149
8677 0
8677 0
8677 0
8677 9
8677 0
8677 0
8677 0
8677 0
8677 0
8677 0
8677 96
8677 0
8677 0
8677 2
8677 0
8677 0
8677 0
8677 0
8677 0
8677 0
8678 0
8678 0
8678 0
8678 5655
8678 0
8678 0
8678 0
8678 0
8678 0
8678 0
8678 0
8678 0
8678 0
8678 0
8678 0
8678 0
8678 0
8678 0
8678 0
8678 0
8678 0
8678 0
8678 0
8678 0
8678 0
8678 0
8678 0
8678 0
8678 0
8678 0
8678 0
8681 0
8681 0
8681 0
8681 0
8681 0
8681 0
8681 0
8681 0
8681 0
8681 0
8681 107
8681 0
8681 0
8681 0
8681 19
8681 0
8681 0
8681 0
8681 0
8681 0
8681 0
8681 156
8681 0
8681 0
8681 3
8681 0
8681 0
8681 0
8681 0
8681 0
8681 0
8686 0
8686 0
8686 0
8686 0
8686 0
8686 0
8686 0
8686 0
8686 0
8686 0
8686 107
8686 0
8686 0
8686 0
8686 19
8686 0
8686 0
8686 0
8686 0
8686 0
8686 0
8686 156
8686 0
8686 0
8686 3
8686 0
8686 0
8686 0
8686 0
8686 0
8686 0
8704 0
8704 0
8704 0
8704 0
8704 0
8704 0
8704 0
8704 0
8704 0
8704 0
8704 107
8704 0
8704 0
8704 0
8704 19
8704 0
8704 0
8704 0
8704 0
8704 0
8704 0
8704 156
8704 0
8704 0
8704 3
8704 0
8704 0
8704 0
8704 0
8704 0
8704 0
8709 0
8709 0
8709 0
8709 0
8709 0
8709 0
8709 0
8709 0
8709 0
8709 0
8709 177
8709 0
8709 0
8709 0
8709 35
8709 0
8709 0
8709 0
8709 0
8709 0
8709 0
8709 166
8709 0
8709 0
8709 0
8709 0
8709 0
8709 0
8709 0
8709 0
8709 0
8715 0
8715 0
8715 0
8715 0
8715 0
8715 0
8715 0
8715 0
8715 0
8715 0
8715 58
8715 0
8715 0
8715 0
8715 0
8715 0
8715 0
8715 0
8715 0
8715 0
8715 0
8715 62
8715 0
8715 0
8715 0
8715 0
8715 0
8715 0
8715 0
8715 0
8715 0
8726 0
8726 0
8726 0
8726 0
8726 0
8726 0
8726 0
8726 0
8726 0
8726 0
8726 342
8726 0
8726 0
8726 0
8726 67
8726 0
8726 0
8726 0
8726 0
8726 0
8726 0
8726 321
8726 0
8726 0
8726 0
8726 0
8726 0
8726 0
8726 0
8726 0
8726 0
8727 0
8727 0
8727 0
8727 5655
8727 0
8727 0
8727 0
8727 0
8727 0
8727 0
8727 0
8727 0
8727 0
8727 0
8727 0
8727 0
8727 0
8727 0
8727 0
8727 0
8727 0
8727 0
8727 0
8727 0
8727 0
8727 0
8727 0
8727 0
8727 0
8727 0
8727 0
8736 0
8736 0
8736 0
8736 0
8736 0
8736 0
8736 0
8736 0
8736 0
8736 0
8736 149
8736 0
8736 0
8736 0
8736 9
8736 0
8736 0
8736 0
8736 0
8736 0
8736 0
8736 96
8736 0
8736 0
8736 2
8736 0
8736 0
8736 0
8736 0
8736 0
8736 0
8753 0
8753 0
8753 0
8753 995
8753 0
8753 0
8753 0
8753 0
8753 0
8753 0
8753 40
8753 0
8753 0
8753 0
8753 3
8753 0
8753 0
8753 0
8753 0
8753 0
8753 0
8753 76
8753 0
8753 0
8753 0
8753 0
8753 0
8753 0
8753 0
8753 0
8753 0
8758 0
8758 0
8758 0
8758 0
8758 0
8758 0
8758 0
8758 0
8758 0
8758 0
8758 128
8758 0
8758 0
8758 0
8758 20
8758 0
8758 0
8758 0
8758 0
8758 0
8758 0
8758 159
8758 0
8758 0
8758 0
8758 0
8758 0
8758 0
8758 0
8758 0
8758 0
8773 0
8773 0
8773 0
8773 0
8773 0
8773 0
8773 0
8773 0
8773 0
8773 0
8773 57
8773 0
8773 0
8773 0
8773 0
8773 0
8773 0
8773 0
8773 0
8773 0
8773 0
8773 61
8773 0
8773 0
8773 0
8773 0
8773 0
8773 0
8773 0
8773 0
8773 0
8775 0
8775 0
8775 0
8775 36675
8775 0
8775 0
8775 0
8775 0
8775 0
8775 0
8775 0
8775 0
8775 0
8775 0
8775 0
8775 0
8775 0
8775 0
8775 0
8775 0
8775 0
8775 0
8775 0
8775 0
8775 0
8775 0
8775 0
8775 0
8775 0
8775 0
8775 0
8780 0
8780 0
8780 0
8780 7326
8780 0
8780 0
8780 0
8780 0
8780 0
8780 0
8780 0
8780 0
8780 0
8780 0
8780 0
8780 0
8780 0
8780 0
8780 0
8780 0
8780 0
8780 0
8780 0
8780 0
8780 0
8780 0
8780 0
8780 0
8780 0
8780 0
8780 0
8783 0
8783 0
8783 0
8783 0
8783 0
8783 0
8783 0
8783 0
8783 0
8783 0
8783 76
8783 0
8783 0
8783 0
8783 0
8783 0
8783 0
8783 0
8783 0
8783 0
8783 0
8783 134
8783 0
8783 0
8783 0
8783 0
8783 0
8783 0
8783 0
8783 0
8783 0
8788 0
8788 0
8788 0
8788 498
8788 0
8788 0
8788 0
8788 0
8788 0
8788 0
8788 62
8788 0
8788 0
8788 0
8788 3
8788 0
8788 0
8788 0
8788 0
8788 0
8788 0
8788 63
8788 0
8788 0
8788 0
8788 0
8788 0
8788 0
8788 0
8788 0
8788 0
8791 0
8791 0
8791 0
8791 2442
8791 0
8791 0
8791 0
8791 0
8791 0
8791 0
8791 0
8791 0
8791 0
8791 0
8791 0
8791 0
8791 0
8791 0
8791 0
8791 0
8791 0
8791 0
8791 0
8791 0
8791 0
8791 0
8791 0
8791 0
8791 0
8791 0
8791 0
8799 0
8799 0
8799 0
8799 3449
8799 0
8799 0
8799 0
8799 52
8799 0
8799 0
8799 0
8799 0
8799 0
8799 0
8799 0
8799 0
8799 0
8799 0
8799 0
8799 0
8799 0
8799 0
8799 0
8799 0
8799 0
8799 0
8799 0
8799 0
8799 0
8799 0
8799 0
8805 0
8805 0
8805 0
8805 13267
8805 0
8805 0
8805 0
8805 241
8805 0
8805 0
8805 11
8805 0
8805 0
8805 0
8805 0
8805 0
8805 0
8805 0
8805 0
8805 0
8805 0
8805 0
8805 0
8805 0
8805 0
8805 0
8805 0
8805 0
8805 0
8805 0
8805 0
8814 0
8814 0
8814 0
8814 1893
8814 0
8814 0
8814 0
8814 0
8814 0
8814 0
8814 0
8814 0
8814 0
8814 0
8814 0
8814 0
8814 0
8814 0
8814 0
8814 0
8814 0
8814 0
8814 0
8814 0
8814 0
8814 0
8814 0
8814 0
8814 0
8814 0
8814 0
8816 0
8816 0
8816 0
8816 2779
8816 0
8816 0
8816 0
8816 0
8816 0
8816 0
8816 0
8816 0
8816 0
8816 0
8816 0
8816 0
8816 0
8816 0
8816 0
8816 0
8816 0
8816 0
8816 0
8816 0
8816 0
8816 0
8816 0
8816 0
8816 0
8816 0
8816 0
8831 0
8831 0
8831 0
8831 0
8831 0
8831 0
8831 0
8831 0
8831 0
8831 0
8831 106
8831 0
8831 0
8831 0
8831 0
8831 0
8831 0
8831 0
8831 0
8831 0
8831 0
8831 115
8831 0
8831 0
8831 0
8831 0
8831 0
8831 0
8831 0
8831 0
8831 0
8836 0
8836 0
8836 0
8836 16008
8836 0
8836 0
8836 0
8836 0
8836 0
8836 0
8836 2
8836 0
8836 0
8836 0
8836 0
8836 0
8836 0
8836 0
8836 0
8836 0
8836 0
8836 0
8836 0
8836 0
8836 0
8836 0
8836 0
8836 0
8836 0
8836 0
8836 0
8840 0
8840 0
8840 0
8840 9302
8840 0
8840 0
8840 0
8840 0
8840 0
8840 0
8840 40
8840 0
8840 0
8840 0
8840 3
8840 0
8840 0
8840 0
8840 0
8840 0
8840 0
8840 76
8840 0
8840 0
8840 0
8840 0
8840 0
8840 0
8840 0
8840 0
8840 0
8844 0
8844 0
8844 0
8844 0
8844 0
8844 0
8844 0
8844 0
8844 0
8844 0
8844 117
8844 0
8844 0
8844 0
8844 17
8844 0
8844 0
8844 0
8844 0
8844 0
8844 0
8844 114
8844 0
8844 0
8844 0
8844 0
8844 0
8844 0
8844 0
8844 0
8844 0
8855 0
8855 0
8855 0
8855 17983
8855 0
8855 0
8855 0
8855 416
8855 0
8855 0
8855 0
8855 0
8855 0
8855 0
8855 0
8855 0
8855 0
8855 0
8855 0
8855 0
8855 0
8855 1
8855 0
8855 0
8855 0
8855 0
8855 0
8855 0
8855 0
8855 0
8855 0
8856 0
8856 0
8856 0
8856 0
8856 0
8856 0
8856 0
8856 0
8856 0
8856 0
8856 107
8856 0
8856 0
8856 0
8856 19
8856 0
8856 0
8856 0
8856 0
8856 0
8856 0
8856 156
8856 0
8856 0
8856 3
8856 0
8856 0
8856 0
8856 0
8856 0
8856 0
8857 0
8857 0
8857 0
8857 6013
8857 0
8857 0
8857 0
8857 0
8857 0
8857 0
8857 0
8857 0
8857 0
8857 0
8857 0
8857 0
8857 0
8857 0
8857 0
8857 0
8857 0
8857 0
8857 0
8857 0
8857 0
8857 0
8857 0
8857 0
8857 0
8857 0
8857 0
8871 0
8871 0
8871 0
8871 2043
8871 0
8871 0
8871 0
8871 0
8871 0
8871 0
8871 0
8871 0
8871 0
8871 0
8871 0
8871 0
8871 0
8871 0
8871 0
8871 0
8871 0
8871 0
8871 0
8871 0
8871 0
8871 0
8871 0
8871 0
8871 0
8871 0
8871 0
8873 0
8873 0
8873 0
8873 880
8873 0
8873 0
8873 0
8873 0
8873 0
8873 0
8873 29
8873 0
8873 0
8873 0
8873 0
8873 0
8873 0
8873 0
8873 0
8873 0
8873 0
8873 31
8873 0
8873 0
8873 0
8873 0
8873 0
8873 0
8873 0
8873 0
8873 0
8876 0
8876 0
8876 0
8876 0
8876 0
8876 0
8876 0
8876 0
8876 0
8876 0
8876 97
8876 0
8876 0
8876 0
8876 4
8876 0
8876 0
8876 0
8876 0
8876 0
8876 0
8876 113
8876 0
8876 0
8876 4
8876 0
8876 0
8876 0
8876 0
8876 0
8876 0
8880 0
8880 0
8880 0
8880 1712
8880 0
8880 0
8880 0
8880 0
8880 0
8880 0
8880 0
8880 0
8880 0
8880 0
8880 0
8880 0
8880 0
8880 0
8880 0
8880 0
8880 0
8880 0
8880 0
8880 0
8880 0
8880 0
8880 0
8880 0
8880 0
8880 0
8880 0
8883 0
8883 0
8883 0
8883 0
8883 0
8883 0
8883 0
8883 0
8883 0
8883 0
8883 146
8883 0
8883 0
8883 0
8883 9
8883 0
8883 0
8883 0
8883 0
8883 0
8883 0
8883 95
8883 0
8883 0
8883 2
8883 0
8883 0
8883 0
8883 0
8883 0
8883 0
8893 0
8893 0
8893 0
8893 3891
8893 0
8893 0
8893 0
8893 50
8893 0
8893 0
8893 1
8893 0
8893 0
8893 0
8893 0
8893 0
8893 0
8893 0
8893 0
8893 0
8893 0
8893 0
8893 0
8893 0
8893 0
8893 0
8893 0
8893 0
8893 0
8893 0
8893 0
8898 0
8898 0
8898 0
8898 0
8898 0
8898 0
8898 0
8898 0
8898 0
8898 0
8898 117
8898 0
8898 0
8898 0
8898 20
8898 0
8898 0
8898 0
8898 0
8898 0
8898 0
8898 171
8898 0
8898 0
8898 4
8898 0
8898 0
8898 0
8898 0
8898 0
8898 0
8899 0
8899 0
8899 0
8899 2529
8899 0
8899 0
8899 0
8899 0
8899 0
8899 0
8899 0
8899 0
8899 0
8899 0
8899 0
8899 0
8899 0
8899 0
8899 0
8899 0
8899 0
8899 0
8899 0
8899 0
8899 0
8899 0
8899 0
8899 0
8899 0
8899 0
8899 0
8904 0
8904 0
8904 0
8904 13728
8904 0
8904 0
8904 0
8904 0
8904 0
8904 0
8904 10
8904 0
8904 0
8904 0
8904 0
8904 0
8904 0
8904 0
8904 0
8904 0
8904 0
8904 0
8904 0
8904 0
8904 0
8904 0
8904 0
8904 0
8904 0
8904 0
8904 0
8929 0
8929 0
8929 0
8929 0
8929 0
8929 0
8929 0
8929 0
8929 0
8929 0
8929 67
8929 0
8929 0
8929 0
8929 0
8929 0
8929 0
8929 0
8929 0
8929 0
8929 0
8929 73
8929 0
8929 0
8929 0
8929 0
8929 0
8929 0
8929 0
8929 0
8929 0
8932 0
8932 0
8932 0
8932 0
8932 0
8932 0
8932 0
8932 0
8932 0
8932 0
8932 146
8932 0
8932 0
8932 0
8932 9
8932 0
8932 0
8932 0
8932 0
8932 0
8932 0
8932 95
8932 0
8932 0
8932 2
8932 0
8932 0
8932 0
8932 0
8932 0
8932 0
8940 0
8940 0
8940 0
8940 892
8940 0
8940 0
8940 0
8940 0
8940 0
8940 0
8940 0
8940 0
8940 0
8940 0
8940 0
8940 0
8940 0
8940 0
8940 0
8940 0
8940 0
8940 0
8940 0
8940 0
8940 0
8940 0
8940 0
8940 0
8940 0
8940 0
8940 0
8941 0
8941 0
8941 0
8941 1111
8941 0
8941 0
8941 0
8941 0
8941 0
8941 0
8941 44
8941 0
8941 0
8941 0
8941 9
8941 0
8941 0
8941 0
8941 0
8941 0
8941 0
8941 42
8941 0
8941 0
8941 0
8941 0
8941 0
8941 0
8941 0
8941 0
8941 0
8944 0
8944 0
8944 0
8944 0
8944 0
8944 0
8944 0
8944 0
8944 0
8944 0
8944 313
8944 0
8944 0
8944 0
8944 104
8944 0
8944 0
8944 0
8944 0
8944 0
8944 0
8944 504
8944 0
8944 0
8944 61
8944 0
8944 0
8944 0
8944 0
8944 0
8944 0
8962 0
8962 0
8962 0
8962 1188
8962 0
8962 0
8962 0
8962 0
8962 0
8962 0
8962 0
8962 0
8962 0
8962 0
8962 0
8962 0
8962 0
8962 0
8962 0
8962 0
8962 0
8962 0
8962 0
8962 0
8962 0
8962 0
8962 0
8962 0
8962 0
8962 0
8962 0
8963 0
8963 0
8963 0
8963 17605
8963 0
8963 0
8963 0
8963 0
8963 0
8963 0
8963 0
8963 0
8963 0
8963 0
8963 0
8963 0
8963 0
8963 0
8963 0
8963 0
8963 0
8963 0
8963 0
8963 0
8963 0
8963 0
8963 0
8963 0
8963 0
8963 0
8963 0
8964 0
8964 0
8964 0
8964 0
8964 0
8964 0
8964 0
8964 0
8964 0
8964 0
8964 123
8964 0
8964 0
8964 0
8964 5
8964 0
8964 0
8964 0
8964 0
8964 0
8964 0
8964 125
8964 0
8964 0
8964 0
8964 0
8964 0
8964 0
8964 0
8964 0
8964 0
8983 0
8983 0
8983 0
8983 3526
8983 0
8983 0
8983 0
8983 0
8983 0
8983 0
8983 40
8983 0
8983 0
8983 0
8983 3
8983 0
8983 0
8983 0
8983 0
8983 0
8983 0
8983 76
8983 0
8983 0
8983 0
8983 0
8983 0
8983 0
8983 0
8983 0
8983 0
8992 0
8992 0
8992 0
8992 6493
8992 0
8992 0
8992 0
8992 1670
8992 0
8992 0
8992 1
8992 0
8992 0
8992 0
8992 0
8992 0
8992 0
8992 0
8992 0
8992 0
8992 0
8992 0
8992 0
8992 0
8992 0
8992 0
8992 0
8992 0
8992 0
8992 0
8992 0
8998 0
8998 0
8998 0
8998 0
8998 0
8998 0
8998 0
8998 0
8998 0
8998 0
8998 70
8998 0
8998 0
8998 0
8998 0
8998 0
8998 0
8998 0
8998 0
8998 0
8998 0
8998 123
8998 0
8998 0
8998 0
8998 0
8998 0
8998 0
8998 0
8998 0
8998 0
9010 0
9010 0
9010 0
9010 1014
9010 0
9010 0
9010 0
9010 0
9010 0
9010 0
9010 62
9010 0
9010 0
9010 0
9010 3
9010 0
9010 0
9010 0
9010 0
9010 0
9010 0
9010 63
9010 0
9010 0
9010 0
9010 0
9010 0
9010 0
9010 0
9010 0
9010 0
9013 0
9013 0
9013 0
9013 790
9013 0
9013 0
9013 0
9013 0
9013 0
9013 0
9013 0
9013 0
9013 0
9013 0
9013 0
9013 0
9013 0
9013 0
9013 0
9013 0
9013 0
9013 0
9013 0
9013 0
9013 0
9013 0
9013 0
9013 0
9013 0
9013 0
9013 0
9027 0
9027 0
9027 0
9027 0
9027 0
9027 0
9027 0
9027 0
9027 0
9027 0
9027 82
9027 0
9027 0
9027 0
9027 0
9027 0
9027 0
9027 0
9027 0
9027 0
9027 0
9027 89
9027 0
9027 0
9027 0
9027 0
9027 0
9027 0
9027 0
9027 0
9027 0
9028 0
9028 0
9028 0
9028 0
9028 0
9028 0
9028 0
9028 0
9028 0
9028 0
9028 197
9028 0
9028 0
9028 0
9028 8
9028 0
9028 0
9028 0
9028 0
9028 0
9028 0
9028 281
9028 0
9028 0
9028 8
9028 0
9028 0
9028 0
9028 0
9028 0
9028 0
9031 0
9031 0
9031 0
9031 11008
9031 0
9031 0
9031 0
9031 95
9031 0
9031 0
9031 0
9031 0
9031 0
9031 0
9031 0
9031 0
9031 0
9031 0
9031 0
9031 0
9031 0
9031 0
9031 0
9031 0
9031 0
9031 0
9031 0
9031 0
9031 0
9031 0
9031 0
9049 0
9049 0
9049 0
9049 0
9049 0
9049 0
9049 0
9049 0
9049 0
9049 0
9049 114
9049 0
9049 0
9049 0
9049 2
9049 0
9049 0
9049 0
9049 0
9049 0
9049 0
9049 120
9049 0
9049 0
9049 0
9049 0
9049 0
9049 0
9049 0
9049 0
9049 0
9111 0
9111 0
9111 0
9111 0
9111 0
9111 0
9111 0
9111 0
9111 0
9111 0
9111 268
9111 0
9111 0
9111 0
9111 10
9111 0
9111 0
9111 0
9111 0
9111 0
9111 0
9111 311
9111 0
9111 0
9111 10
9111 0
9111 0
9111 0
9111 0
9111 0
9111 0
9114 0
9114 0
9114 0
9114 0
9114 0
9114 0
9114 0
9114 0
9114 0
9114 0
9114 58
9114 0
9114 0
9114 0
9114 0
9114 0
9114 0
9114 0
9114 0
9114 0
9114 0
9114 62
9114 0
9114 0
9114 0
9114 0
9114 0
9114 0
9114 0
9114 0
9114 0
9118 0
9118 0
9118 0
9118 0
9118 0
9118 0
9118 0
9118 0
9118 0
9118 0
9118 299
9118 0
9118 0
9118 0
9118 12
9118 0
9118 0
9118 0
9118 0
9118 0
9118 0
9118 452
9118 0
9118 0
9118 12
9118 0
9118 0
9118 0
9118 0
9118 0
9118 0
9136 0
9136 0
9136 0
9136 0
9136 0
9136 0
9136 0
9136 0
9136 0
9136 0
9136 294
9136 0
9136 0
9136 0
9136 11
9136 0
9136 0
9136 0
9136 0
9136 0
9136 0
9136 444
9136 0
9136 0
9136 12
9136 0
9136 0
9136 0
9136 0
9136 0
9136 0
9144 0
9144 0
9144 0
9144 2011
9144 0
9144 0
9144 0
9144 0
9144 0
9144 0
9144 0
9144 0
9144 0
9144 0
9144 0
9144 0
9144 0
9144 0
9144 0
9144 0
9144 0
9144 0
9144 0
9144 0
9144 0
9144 0
9144 0
9144 0
9144 0
9144 0
9144 0
9158 0
9158 0
9158 0
9158 0
9158 0
9158 0
9158 0
9158 0
9158 0
9158 0
9158 171
9158 0
9158 0
9158 0
9158 6
9158 0
9158 0
9158 0
9158 0
9158 0
9158 0
9158 198
9158 0
9158 0
9158 7
9158 0
9158 0
9158 0
9158 0
9158 0
9158 0
9206 0
9206 0
9206 0
9206 587
9206 0
9206 0
9206 0
9206 0
9206 0
9206 0
9206 0
9206 0
9206 0
9206 0
9206 0
9206 0
9206 0
9206 0
9206 0
9206 0
9206 0
9206 0
9206 0
9206 0
9206 0
9206 0
9206 0
9206 0
9206 0
9206 0
9206 0
9210 0
9210 0
9210 0
9210 0
9210 0
9210 0
9210 0
9210 0
9210 0
9210 0
9210 294
9210 0
9210 0
9210 0
9210 11
9210 0
9210 0
9210 0
9210 0
9210 0
9210 0
9210 444
9210 0
9210 0
9210 12
9210 0
9210 0
9210 0
9210 0
9210 0
9210 0
9257 0
9257 0
9257 0
9257 0
9257 0
9257 0
9257 0
9257 0
9257 0
9257 0
9257 123
9257 0
9257 0
9257 0
9257 5
9257 0
9257 0
9257 0
9257 0
9257 0
9257 0
9257 125
9257 0
9257 0
9257 0
9257 0
9257 0
9257 0
9257 0
9257 0
9257 0
9278 0
9278 0
9278 0
9278 0
9278 0
9278 0
9278 0
9278 0
9278 0
9278 0
9278 97
9278 0
9278 0
9278 0
9278 4
9278 0
9278 0
9278 0
9278 0
9278 0
9278 0
9278 113
9278 0
9278 0
9278 4
9278 0
9278 0
9278 0
9278 0
9278 0
9278 0
9371 0
9371 0
9371 0
9371 0
9371 0
9371 0
9371 0
9371 0
9371 0
9371 0
9371 3179
9371 0
9371 0
9371 0
9371 45
9371 0
9371 0
9371 0
9371 0
9371 0
9371 0
9371 1970
9371 0
9371 0
9371 47
9371 0
9371 0
9371 0
9371 0
9371 0
9371 0
9382 0
9382 0
9382 0
9382 0
9382 0
9382 0
9382 0
9382 0
9382 0
9382 0
9382 723
9382 0
9382 0
9382 0
9382 10
9382 0
9382 0
9382 0
9382 0
9382 0
9382 0
9382 768
9382 0
9382 0
9382 10
9382 0
9382 0
9382 0
9382 0
9382 0
9382 0
9401 0
9401 0
9401 0
9401 0
9401 0
9401 0
9401 0
9401 0
9401 0
9401 0
9401 1181
9401 0
9401 0
9401 0
9401 17
9401 0
9401 0
9401 0
9401 0
9401 0
9401 0
9401 732
9401 0
9401 0
9401 17
9401 0
9401 0
9401 0
9401 0
9401 0
9401 0
9429 0
9429 0
9429 0
9429 0
9429 0
9429 0
9429 0
9429 0
9429 0
9429 0
9429 713
9429 0
9429 0
9429 0
9429 10
9429 0
9429 0
9429 0
9429 0
9429 0
9429 0
9429 442
9429 0
9429 0
9429 11
9429 0
9429 0
9429 0
9429 0
9429 0
9429 0
10959 0
10959 0
10959 0
10959 0
10959 0
10959 0
10959 0
10959 0
10959 0
10959 0
10959 0
10959 268
10959 0
10959 0
10959 0
10959 0
10959 0
10959 0
10959 0
10959 0
10959 0
10959 2
10959 0
10959 0
10959 0
10959 0
10959 0
10959 0
10959 0
10959 0
10959 0
10993 0
10993 0
10993 0
10993 0
10993 0
10993 0
10993 0
10993 0
10993 0
10993 0
10993 0
10993 273
10993 0
10993 0
10993 0
10993 0
10993 0
10993 0
10993 0
10993 0
10993 0
10993 0
10993 0
10993 0
10993 0
10993 0
10993 0
10993 0
10993 0
10993 0
10993 0
