pt_graph scale
8346 0
8346 0
8346 0
8346 0
8346 0
8346 0
8346 0
8346 0
8346 0
8346 0
8346 75
8346 0
8346 0
8346 0
8346 0
8346 0
8346 0
8346 0
8346 0
8346 0
8346 0
8346 0
8346 0
8346 0
8346 1
8346 0
8346 0
8346 0
8346 0
8346 0
8346 0
8398 0
8398 0
8398 0
8398 1290
8398 0
8398 0
8398 0
8398 0
8398 0
8398 0
8398 0
8398 0
8398 0
8398 0
8398 0
8398 0
8398 0
8398 0
8398 0
8398 0
8398 0
8398 0
8398 0
8398 0
8398 0
8398 0
8398 0
8398 0
8398 0
8398 0
8398 0
8429 0
8429 0
8429 0
8429 0
8429 0
8429 0
8429 0
8429 0
8429 0
8429 0
8429 77
8429 0
8429 0
8429 0
8429 0
8429 0
8429 0
8429 0
8429 0
8429 0
8429 0
8429 0
8429 0
8429 0
8429 1
8429 0
8429 0
8429 0
8429 0
8429 0
8429 0
8441 0
8441 0
8441 0
8441 0
8441 0
8441 0
8441 0
8441 0
8441 0
8441 0
8441 111
8441 0
8441 0
8441 0
8441 0
8441 0
8441 0
8441 0
8441 0
8441 0
8441 0
8441 0
8441 0
8441 0
8441 1
8441 0
8441 0
8441 0
8441 0
8441 0
8441 0
8467 0
8467 0
8467 0
8467 0
8467 0
8467 0
8467 0
8467 0
8467 0
8467 0
8467 77
8467 0
8467 0
8467 0
8467 0
8467 0
8467 0
8467 0
8467 0
8467 0
8467 0
8467 0
8467 0
8467 0
8467 1
8467 0
8467 0
8467 0
8467 0
8467 0
8467 0
8486 0
8486 0
8486 0
8486 663
8486 0
8486 0
8486 0
8486 0
8486 0
8486 0
8486 0
8486 0
8486 0
8486 0
8486 0
8486 0
8486 0
8486 0
8486 0
8486 0
8486 0
8486 0
8486 0
8486 0
8486 0
8486 0
8486 0
8486 0
8486 0
8486 0
8486 0
8487 0
8487 0
8487 0
8487 2561
8487 0
8487 0
8487 0
8487 0
8487 0
8487 0
8487 0
8487 0
8487 0
8487 0
8487 0
8487 0
8487 0
8487 0
8487 0
8487 0
8487 0
8487 0
8487 0
8487 0
8487 0
8487 0
8487 0
8487 0
8487 0
8487 0
8487 0
8507 0
8507 0
8507 0
8507 0
8507 0
8507 0
8507 0
8507 0
8507 0
8507 0
8507 86
8507 0
8507 0
8507 0
8507 0
8507 0
8507 0
8507 0
8507 0
8507 0
8507 0
8507 0
8507 0
8507 0
8507 0
8507 0
8507 0
8507 0
8507 0
8507 0
8507 0
8509 0
8509 0
8509 0
8509 0
8509 0
8509 0
8509 0
8509 0
8509 0
8509 0
8509 88
8509 0
8509 0
8509 0
8509 0
8509 0
8509 0
8509 0
8509 0
8509 0
8509 0
8509 0
8509 0
8509 0
8509 0
8509 0
8509 0
8509 0
8509 0
8509 0
8509 0
8516 0
8516 0
8516 0
8516 0
8516 0
8516 0
8516 0
8516 0
8516 0
8516 0
8516 186
8516 0
8516 0
8516 0
8516 0
8516 0
8516 0
8516 0
8516 0
8516 0
8516 0
8516 0
8516 0
8516 0
8516 41
8516 0
8516 0
8516 0
8516 0
8516 0
8516 0
8522 0
8522 0
8522 0
8522 0
8522 0
8522 0
8522 0
8522 0
8522 0
8522 0
8522 581
8522 0
8522 0
8522 0
8522 0
8522 0
8522 0
8522 0
8522 0
8522 0
8522 0
8522 0
8522 0
8522 0
8522 4
8522 0
8522 0
8522 0
8522 0
8522 0
8522 0
8552 0
8552 0
8552 0
8552 0
8552 0
8552 0
8552 0
8552 0
8552 0
8552 0
8552 177
8552 0
8552 0
8552 0
8552 0
8552 0
8552 0
8552 0
8552 0
8552 0
8552 0
8552 0
8552 0
8552 0
8552 0
8552 0
8552 0
8552 0
8552 0
8552 0
8552 0
8602 0
8602 0
8602 0
8602 678
8602 0
8602 0
8602 0
8602 0
8602 0
8602 0
8602 0
8602 0
8602 0
8602 0
8602 0
8602 0
8602 0
8602 0
8602 0
8602 0
8602 0
8602 0
8602 0
8602 0
8602 0
8602 0
8602 0
8602 0
8602 0
8602 0
8602 0
8630 0
8630 0
8630 0
8630 678
8630 0
8630 0
8630 0
8630 0
8630 0
8630 0
8630 0
8630 0
8630 0
8630 0
8630 0
8630 0
8630 0
8630 0
8630 0
8630 0
8630 0
8630 0
8630 0
8630 0
8630 0
8630 0
8630 0
8630 0
8630 0
8630 0
8630 0
8653 0
8653 0
8653 0
8653 1290
8653 0
8653 0
8653 0
8653 0
8653 0
8653 0
8653 0
8653 0
8653 0
8653 0
8653 0
8653 0
8653 0
8653 0
8653 0
8653 0
8653 0
8653 0
8653 0
8653 0
8653 0
8653 0
8653 0
8653 0
8653 0
8653 0
8653 0
8655 0
8655 0
8655 0
8655 0
8655 0
8655 0
8655 0
8655 0
8655 0
8655 0
8655 88
8655 0
8655 0
8655 0
8655 0
8655 0
8655 0
8655 0
8655 0
8655 0
8655 0
8655 0
8655 0
8655 0
8655 0
8655 0
8655 0
8655 0
8655 0
8655 0
8655 0
8671 0
8671 0
8671 0
8671 3716
8671 0
8671 0
8671 0
8671 146
8671 0
8671 0
8671 0
8671 0
8671 0
8671 0
8671 0
8671 0
8671 0
8671 0
8671 0
8671 0
8671 0
8671 0
8671 0
8671 0
8671 0
8671 0
8671 0
8671 0
8671 0
8671 0
8671 0
8690 0
8690 0
8690 0
8690 389
8690 0
8690 0
8690 0
8690 285
8690 0
8690 0
8690 0
8690 0
8690 0
8690 0
8690 0
8690 0
8690 0
8690 0
8690 0
8690 0
8690 0
8690 0
8690 0
8690 0
8690 0
8690 0
8690 0
8690 0
8690 0
8690 0
8690 0
8699 0
8699 0
8699 0
8699 0
8699 0
8699 0
8699 0
8699 0
8699 0
8699 0
8699 257
8699 0
8699 0
8699 0
8699 0
8699 0
8699 0
8699 0
8699 0
8699 0
8699 0
8699 0
8699 0
8699 0
8699 1
8699 0
8699 0
8699 0
8699 0
8699 0
8699 0
8709 0
8709 0
8709 0
8709 1065
8709 0
8709 0
8709 0
8709 0
8709 0
8709 0
8709 0
8709 0
8709 0
8709 0
8709 0
8709 0
8709 0
8709 0
8709 0
8709 0
8709 0
8709 0
8709 0
8709 0
8709 0
8709 0
8709 0
8709 0
8709 0
8709 0
8709 0
8715 0
8715 0
8715 0
8715 171
8715 0
8715 0
8715 0
8715 0
8715 0
8715 0
8715 0
8715 0
8715 0
8715 0
8715 0
8715 0
8715 0
8715 0
8715 0
8715 0
8715 0
8715 0
8715 0
8715 0
8715 0
8715 0
8715 0
8715 0
8715 0
8715 0
8715 0
8727 0
8727 0
8727 0
8727 2100
8727 0
8727 0
8727 0
8727 83
8727 0
8727 0
8727 0
8727 0
8727 0
8727 0
8727 0
8727 0
8727 0
8727 0
8727 0
8727 0
8727 0
8727 0
8727 0
8727 0
8727 0
8727 0
8727 0
8727 0
8727 0
8727 0
8727 0
8738 0
8738 0
8738 0
8738 838
8738 0
8738 0
8738 0
8738 8
8738 0
8738 0
8738 0
8738 0
8738 0
8738 0
8738 0
8738 0
8738 0
8738 0
8738 0
8738 0
8738 0
8738 0
8738 0
8738 0
8738 0
8738 0
8738 0
8738 0
8738 0
8738 0
8738 0
8773 0
8773 0
8773 0
8773 0
8773 0
8773 0
8773 0
8773 0
8773 0
8773 0
8773 174
8773 0
8773 0
8773 0
8773 0
8773 0
8773 0
8773 0
8773 0
8773 0
8773 0
8773 0
8773 0
8773 0
8773 0
8773 0
8773 0
8773 0
8773 0
8773 0
8773 0
8775 0
8775 0
8775 0
8775 5149
8775 0
8775 0
8775 0
8775 8
8775 0
8775 0
8775 0
8775 0
8775 0
8775 0
8775 0
8775 0
8775 0
8775 0
8775 0
8775 0
8775 0
8775 0
8775 0
8775 0
8775 0
8775 0
8775 0
8775 0
8775 0
8775 0
8775 0
8780 0
8780 0
8780 0
8780 3410
8780 0
8780 0
8780 0
8780 869
8780 0
8780 0
8780 0
8780 0
8780 0
8780 0
8780 0
8780 0
8780 0
8780 0
8780 0
8780 0
8780 0
8780 0
8780 0
8780 0
8780 0
8780 0
8780 0
8780 0
8780 0
8780 0
8780 0
8786 0
8786 0
8786 0
8786 5201
8786 0
8786 0
8786 0
8786 0
8786 0
8786 0
8786 0
8786 0
8786 0
8786 0
8786 0
8786 0
8786 0
8786 0
8786 0
8786 0
8786 0
8786 0
8786 0
8786 0
8786 0
8786 0
8786 0
8786 0
8786 0
8786 0
8786 0
8787 0
8787 0
8787 0
8787 785
8787 0
8787 0
8787 0
8787 0
8787 0
8787 0
8787 1
8787 0
8787 0
8787 0
8787 0
8787 0
8787 0
8787 0
8787 0
8787 0
8787 0
8787 0
8787 0
8787 0
8787 0
8787 0
8787 0
8787 0
8787 0
8787 0
8787 0
8788 0
8788 0
8788 0
8788 663
8788 0
8788 0
8788 0
8788 0
8788 0
8788 0
8788 181
8788 0
8788 0
8788 0
8788 0
8788 0
8788 0
8788 0
8788 0
8788 0
8788 0
8788 0
8788 0
8788 0
8788 0
8788 0
8788 0
8788 0
8788 0
8788 0
8788 0
8796 0
8796 0
8796 0
8796 2244
8796 0
8796 0
8796 0
8796 0
8796 0
8796 0
8796 0
8796 0
8796 0
8796 0
8796 0
8796 0
8796 0
8796 0
8796 0
8796 0
8796 0
8796 0
8796 0
8796 0
8796 0
8796 0
8796 0
8796 0
8796 0
8796 0
8796 0
8805 0
8805 0
8805 0
8805 0
8805 0
8805 0
8805 0
8805 0
8805 0
8805 0
8805 191
8805 0
8805 0
8805 0
8805 0
8805 0
8805 0
8805 0
8805 0
8805 0
8805 0
8805 0
8805 0
8805 0
8805 0
8805 0
8805 0
8805 0
8805 0
8805 0
8805 0
8806 0
8806 0
8806 0
8806 4467
8806 0
8806 0
8806 0
8806 460
8806 0
8806 0
8806 0
8806 0
8806 0
8806 0
8806 0
8806 0
8806 0
8806 0
8806 0
8806 0
8806 0
8806 0
8806 0
8806 0
8806 0
8806 0
8806 0
8806 0
8806 0
8806 0
8806 0
8819 0
8819 0
8819 0
8819 4947
8819 0
8819 0
8819 0
8819 88
8819 0
8819 0
8819 0
8819 0
8819 0
8819 0
8819 0
8819 0
8819 0
8819 0
8819 0
8819 0
8819 0
8819 0
8819 0
8819 0
8819 0
8819 0
8819 0
8819 0
8819 0
8819 0
8819 0
8826 0
8826 0
8826 0
8826 0
8826 0
8826 0
8826 0
8826 0
8826 0
8826 0
8826 250
8826 0
8826 0
8826 0
8826 0
8826 0
8826 0
8826 0
8826 0
8826 0
8826 0
8826 0
8826 0
8826 0
8826 1
8826 0
8826 0
8826 0
8826 0
8826 0
8826 0
8831 0
8831 0
8831 0
8831 0
8831 0
8831 0
8831 0
8831 0
8831 0
8831 0
8831 1017
8831 0
8831 0
8831 0
8831 0
8831 0
8831 0
8831 0
8831 0
8831 0
8831 0
8831 0
8831 0
8831 0
8831 71
8831 0
8831 0
8831 0
8831 0
8831 0
8831 0
8836 0
8836 0
8836 0
8836 0
8836 0
8836 0
8836 0
8836 0
8836 0
8836 0
8836 347
8836 0
8836 0
8836 0
8836 0
8836 0
8836 0
8836 0
8836 0
8836 0
8836 0
8836 0
8836 0
8836 0
8836 1
8836 0
8836 0
8836 0
8836 0
8836 0
8836 0
8840 0
8840 0
8840 0
8840 2221
8840 0
8840 0
8840 0
8840 380
8840 0
8840 0
8840 0
8840 0
8840 0
8840 0
8840 0
8840 0
8840 0
8840 0
8840 0
8840 0
8840 0
8840 0
8840 0
8840 0
8840 0
8840 0
8840 0
8840 0
8840 0
8840 0
8840 0
8855 0
8855 0
8855 0
8855 3299
8855 0
8855 0
8855 0
8855 0
8855 0
8855 0
8855 0
8855 0
8855 0
8855 0
8855 0
8855 0
8855 0
8855 0
8855 0
8855 0
8855 0
8855 0
8855 0
8855 0
8855 0
8855 0
8855 0
8855 0
8855 0
8855 0
8855 0
8857 0
8857 0
8857 0
8857 147
8857 0
8857 0
8857 0
8857 0
8857 0
8857 0
8857 0
8857 0
8857 0
8857 0
8857 0
8857 0
8857 0
8857 0
8857 0
8857 0
8857 0
8857 0
8857 0
8857 0
8857 0
8857 0
8857 0
8857 0
8857 0
8857 0
8857 0
8868 0
8868 0
8868 0
8868 608
8868 0
8868 0
8868 0
8868 1
8868 0
8868 0
8868 0
8868 0
8868 0
8868 0
8868 0
8868 0
8868 0
8868 0
8868 0
8868 0
8868 0
8868 0
8868 0
8868 0
8868 0
8868 0
8868 0
8868 0
8868 0
8868 0
8868 0
8871 0
8871 0
8871 0
8871 7719
8871 0
8871 0
8871 0
8871 4
8871 0
8871 0
8871 0
8871 0
8871 0
8871 0
8871 0
8871 0
8871 0
8871 0
8871 0
8871 0
8871 0
8871 0
8871 0
8871 0
8871 0
8871 0
8871 0
8871 0
8871 0
8871 0
8871 0
8872 0
8872 0
8872 0
8872 645
8872 0
8872 0
8872 0
8872 0
8872 0
8872 0
8872 0
8872 0
8872 0
8872 0
8872 0
8872 0
8872 0
8872 0
8872 0
8872 0
8872 0
8872 0
8872 0
8872 0
8872 0
8872 0
8872 0
8872 0
8872 0
8872 0
8872 0
8896 0
8896 0
8896 0
8896 380
8896 0
8896 0
8896 0
8896 0
8896 0
8896 0
8896 0
8896 0
8896 0
8896 0
8896 0
8896 0
8896 0
8896 0
8896 0
8896 0
8896 0
8896 0
8896 0
8896 0
8896 0
8896 0
8896 0
8896 0
8896 0
8896 0
8896 0
8897 0
8897 0
8897 0
8897 470
8897 0
8897 0
8897 0
8897 1
8897 0
8897 0
8897 0
8897 0
8897 0
8897 0
8897 0
8897 0
8897 0
8897 0
8897 0
8897 0
8897 0
8897 0
8897 0
8897 0
8897 0
8897 0
8897 0
8897 0
8897 0
8897 0
8897 0
8898 0
8898 0
8898 0
8898 0
8898 0
8898 0
8898 0
8898 0
8898 0
8898 0
8898 257
8898 0
8898 0
8898 0
8898 0
8898 0
8898 0
8898 0
8898 0
8898 0
8898 0
8898 0
8898 0
8898 0
8898 1
8898 0
8898 0
8898 0
8898 0
8898 0
8898 0
8899 0
8899 0
8899 0
8899 9754
8899 0
8899 0
8899 0
8899 0
8899 0
8899 0
8899 0
8899 0
8899 0
8899 0
8899 0
8899 0
8899 0
8899 0
8899 0
8899 0
8899 0
8899 0
8899 0
8899 0
8899 0
8899 0
8899 0
8899 0
8899 0
8899 0
8899 0
8902 0
8902 0
8902 0
8902 4334
8902 0
8902 0
8902 0
8902 0
8902 0
8902 0
8902 0
8902 0
8902 0
8902 0
8902 0
8902 0
8902 0
8902 0
8902 0
8902 0
8902 0
8902 0
8902 0
8902 0
8902 0
8902 0
8902 0
8902 0
8902 0
8902 0
8902 0
8904 0
8904 0
8904 0
8904 4450
8904 0
8904 0
8904 0
8904 3
8904 0
8904 0
8904 0
8904 0
8904 0
8904 0
8904 0
8904 0
8904 0
8904 0
8904 0
8904 0
8904 0
8904 0
8904 0
8904 0
8904 0
8904 0
8904 0
8904 0
8904 0
8904 0
8904 0
8909 0
8909 0
8909 0
8909 4450
8909 0
8909 0
8909 0
8909 3
8909 0
8909 0
8909 0
8909 0
8909 0
8909 0
8909 0
8909 0
8909 0
8909 0
8909 0
8909 0
8909 0
8909 0
8909 0
8909 0
8909 0
8909 0
8909 0
8909 0
8909 0
8909 0
8909 0
8917 0
8917 0
8917 0
8917 0
8917 0
8917 0
8917 0
8917 0
8917 0
8917 0
8917 120
8917 0
8917 0
8917 0
8917 0
8917 0
8917 0
8917 0
8917 0
8917 0
8917 0
8917 0
8917 0
8917 0
8917 1
8917 0
8917 0
8917 0
8917 0
8917 0
8917 0
8921 0
8921 0
8921 0
8921 2064
8921 0
8921 0
8921 0
8921 0
8921 0
8921 0
8921 0
8921 0
8921 0
8921 0
8921 0
8921 0
8921 0
8921 0
8921 0
8921 0
8921 0
8921 0
8921 0
8921 0
8921 0
8921 0
8921 0
8921 0
8921 0
8921 0
8921 0
8926 0
8926 0
8926 0
8926 4947
8926 0
8926 0
8926 0
8926 88
8926 0
8926 0
8926 0
8926 0
8926 0
8926 0
8926 0
8926 0
8926 0
8926 0
8926 0
8926 0
8926 0
8926 0
8926 0
8926 0
8926 0
8926 0
8926 0
8926 0
8926 0
8926 0
8926 0
8944 0
8944 0
8944 0
8944 2539
8944 0
8944 0
8944 0
8944 279
8944 0
8944 0
8944 41
8944 0
8944 0
8944 0
8944 0
8944 0
8944 0
8944 0
8944 0
8944 0
8944 0
8944 0
8944 0
8944 0
8944 0
8944 0
8944 0
8944 0
8944 0
8944 0
8944 0
8948 0
8948 0
8948 0
8948 5293
8948 0
8948 0
8948 0
8948 0
8948 0
8948 0
8948 0
8948 0
8948 0
8948 0
8948 0
8948 0
8948 0
8948 0
8948 0
8948 0
8948 0
8948 0
8948 0
8948 0
8948 0
8948 0
8948 0
8948 0
8948 0
8948 0
8948 0
8954 0
8954 0
8954 0
8954 2501
8954 0
8954 0
8954 0
8954 0
8954 0
8954 0
8954 0
8954 0
8954 0
8954 0
8954 0
8954 0
8954 0
8954 0
8954 0
8954 0
8954 0
8954 0
8954 0
8954 0
8954 0
8954 0
8954 0
8954 0
8954 0
8954 0
8954 0
8962 0
8962 0
8962 0
8962 1065
8962 0
8962 0
8962 0
8962 0
8962 0
8962 0
8962 0
8962 0
8962 0
8962 0
8962 0
8962 0
8962 0
8962 0
8962 0
8962 0
8962 0
8962 0
8962 0
8962 0
8962 0
8962 0
8962 0
8962 0
8962 0
8962 0
8962 0
8963 0
8963 0
8963 0
8963 1789
8963 0
8963 0
8963 0
8963 69
8963 0
8963 0
8963 0
8963 0
8963 0
8963 0
8963 0
8963 0
8963 0
8963 0
8963 0
8963 0
8963 0
8963 0
8963 0
8963 0
8963 0
8963 0
8963 0
8963 0
8963 0
8963 0
8963 0
8977 0
8977 0
8977 0
8977 470
8977 0
8977 0
8977 0
8977 1
8977 0
8977 0
8977 0
8977 0
8977 0
8977 0
8977 0
8977 0
8977 0
8977 0
8977 0
8977 0
8977 0
8977 0
8977 0
8977 0
8977 0
8977 0
8977 0
8977 0
8977 0
8977 0
8977 0
8983 0
8983 0
8983 0
8983 2447
8983 0
8983 0
8983 0
8983 0
8983 0
8983 0
8983 0
8983 0
8983 0
8983 0
8983 0
8983 0
8983 0
8983 0
8983 0
8983 0
8983 0
8983 0
8983 0
8983 0
8983 0
8983 0
8983 0
8983 0
8983 0
8983 0
8983 0
8985 0
8985 0
8985 0
8985 0
8985 0
8985 0
8985 0
8985 0
8985 0
8985 0
8985 86
8985 0
8985 0
8985 0
8985 0
8985 0
8985 0
8985 0
8985 0
8985 0
8985 0
8985 0
8985 0
8985 0
8985 0
8985 0
8985 0
8985 0
8985 0
8985 0
8985 0
8991 0
8991 0
8991 0
8991 0
8991 0
8991 0
8991 0
8991 0
8991 0
8991 0
8991 177
8991 0
8991 0
8991 0
8991 0
8991 0
8991 0
8991 0
8991 0
8991 0
8991 0
8991 0
8991 0
8991 0
8991 0
8991 0
8991 0
8991 0
8991 0
8991 0
8991 0
8992 0
8992 0
8992 0
8992 148
8992 0
8992 0
8992 0
8992 0
8992 0
8992 0
8992 0
8992 0
8992 0
8992 0
8992 0
8992 0
8992 0
8992 0
8992 0
8992 0
8992 0
8992 0
8992 0
8992 0
8992 0
8992 0
8992 0
8992 0
8992 0
8992 0
8992 0
8999 0
8999 0
8999 0
8999 1065
8999 0
8999 0
8999 0
8999 0
8999 0
8999 0
8999 0
8999 0
8999 0
8999 0
8999 0
8999 0
8999 0
8999 0
8999 0
8999 0
8999 0
8999 0
8999 0
8999 0
8999 0
8999 0
8999 0
8999 0
8999 0
8999 0
8999 0
9009 0
9009 0
9009 0
9009 0
9009 0
9009 0
9009 0
9009 0
9009 0
9009 0
9009 766
9009 0
9009 0
9009 0
9009 0
9009 0
9009 0
9009 0
9009 0
9009 0
9009 0
9009 0
9009 0
9009 0
9009 60
9009 0
9009 0
9009 0
9009 0
9009 0
9009 0
9010 0
9010 0
9010 0
9010 9038
9010 0
9010 0
9010 0
9010 0
9010 0
9010 0
9010 0
9010 0
9010 0
9010 0
9010 0
9010 0
9010 0
9010 0
9010 0
9010 0
9010 0
9010 0
9010 0
9010 0
9010 0
9010 0
9010 0
9010 0
9010 0
9010 0
9010 0
9020 0
9020 0
9020 0
9020 382
9020 0
9020 0
9020 0
9020 279
9020 0
9020 0
9020 0
9020 0
9020 0
9020 0
9020 0
9020 0
9020 0
9020 0
9020 0
9020 0
9020 0
9020 0
9020 0
9020 0
9020 0
9020 0
9020 0
9020 0
9020 0
9020 0
9020 0
9033 0
9033 0
9033 0
9033 4128
9033 0
9033 0
9033 0
9033 0
9033 0
9033 0
9033 0
9033 0
9033 0
9033 0
9033 0
9033 0
9033 0
9033 0
9033 0
9033 0
9033 0
9033 0
9033 0
9033 0
9033 0
9033 0
9033 0
9033 0
9033 0
9033 0
9033 0
9055 0
9055 0
9055 0
9055 1352
9055 0
9055 0
9055 0
9055 0
9055 0
9055 0
9055 0
9055 0
9055 0
9055 0
9055 0
9055 0
9055 0
9055 0
9055 0
9055 0
9055 0
9055 0
9055 0
9055 0
9055 0
9055 0
9055 0
9055 0
9055 0
9055 0
9055 0
9056 0
9056 0
9056 0
9056 6772
9056 0
9056 0
9056 0
9056 0
9056 0
9056 0
9056 0
9056 0
9056 0
9056 0
9056 0
9056 0
9056 0
9056 0
9056 0
9056 0
9056 0
9056 0
9056 0
9056 0
9056 0
9056 0
9056 0
9056 0
9056 0
9056 0
9056 0
9061 0
9061 0
9061 0
9061 0
9061 0
9061 0
9061 0
9061 0
9061 0
9061 0
9061 587
9061 0
9061 0
9061 0
9061 0
9061 0
9061 0
9061 0
9061 0
9061 0
9061 0
9061 0
9061 0
9061 0
9061 72
9061 0
9061 0
9061 0
9061 0
9061 0
9061 0
9118 0
9118 0
9118 0
9118 1376
9118 0
9118 0
9118 0
9118 0
9118 0
9118 0
9118 0
9118 0
9118 0
9118 0
9118 0
9118 0
9118 0
9118 0
9118 0
9118 0
9118 0
9118 0
9118 0
9118 0
9118 0
9118 0
9118 0
9118 0
9118 0
9118 0
9118 0
9126 0
9126 0
9126 0
9126 0
9126 0
9126 0
9126 0
9126 0
9126 0
9126 0
9126 85
9126 0
9126 0
9126 0
9126 0
9126 0
9126 0
9126 0
9126 0
9126 0
9126 0
9126 0
9126 0
9126 0
9126 0
9126 0
9126 0
9126 0
9126 0
9126 0
9126 0
9153 0
9153 0
9153 0
9153 2542
9153 0
9153 0
9153 0
9153 0
9153 0
9153 0
9153 0
9153 0
9153 0
9153 0
9153 0
9153 0
9153 0
9153 0
9153 0
9153 0
9153 0
9153 0
9153 0
9153 0
9153 0
9153 0
9153 0
9153 0
9153 0
9153 0
9153 0
9159 0
9159 0
9159 0
9159 0
9159 0
9159 0
9159 0
9159 0
9159 0
9159 0
9159 100
9159 0
9159 0
9159 0
9159 0
9159 0
9159 0
9159 0
9159 0
9159 0
9159 0
9159 0
9159 0
9159 0
9159 0
9159 0
9159 0
9159 0
9159 0
9159 0
9159 0
9430 0
9430 0
9430 0
9430 3104
9430 0
9430 0
9430 0
9430 0
9430 0
9430 0
9430 0
9430 0
9430 0
9430 0
9430 0
9430 0
9430 0
9430 0
9430 0
9430 0
9430 0
9430 0
9430 0
9430 0
9430 0
9430 0
9430 0
9430 0
9430 0
9430 0
9430 0
9460 0
9460 0
9460 0
9460 3051
9460 0
9460 0
9460 0
9460 0
9460 0
9460 0
9460 0
9460 0
9460 0
9460 0
9460 0
9460 0
9460 0
9460 0
9460 0
9460 0
9460 0
9460 0
9460 0
9460 0
9460 0
9460 0
9460 0
9460 0
9460 0
9460 0
9460 0
9636 0
9636 0
9636 0
9636 3051
9636 0
9636 0
9636 0
9636 0
9636 0
9636 0
9636 0
9636 0
9636 0
9636 0
9636 0
9636 0
9636 0
9636 0
9636 0
9636 0
9636 0
9636 0
9636 0
9636 0
9636 0
9636 0
9636 0
9636 0
9636 0
9636 0
9636 0
9788 0
9788 0
9788 0
9788 1964
9788 0
9788 0
9788 0
9788 0
9788 0
9788 0
9788 0
9788 0
9788 0
9788 0
9788 0
9788 0
9788 0
9788 0
9788 0
9788 0
9788 0
9788 0
9788 0
9788 0
9788 0
9788 0
9788 0
9788 0
9788 0
9788 0
9788 0
9983 0
9983 0
9983 0
9983 1930
9983 0
9983 0
9983 0
9983 0
9983 0
9983 0
9983 0
9983 0
9983 0
9983 0
9983 0
9983 0
9983 0
9983 0
9983 0
9983 0
9983 0
9983 0
9983 0
9983 0
9983 0
9983 0
9983 0
9983 0
9983 0
9983 0
9983 0
10955 0
10955 0
10955 0
10955 0
10955 0
10955 0
10955 0
10955 0
10955 0
10955 0
10955 0
10955 3097
10955 0
10955 0
10955 0
10955 0
10955 0
10955 0
10955 0
10955 0
10955 0
10955 0
10955 0
10955 0
10955 0
10955 0
10955 0
10955 0
10955 0
10955 0
10955 0
10961 0
10961 0
10961 0
10961 0
10961 0
10961 0
10961 0
10961 0
10961 0
10961 0
10961 0
10961 416
10961 0
10961 0
10961 0
10961 0
10961 0
10961 0
10961 0
10961 0
10961 0
10961 0
10961 0
10961 0
10961 0
10961 0
10961 0
10961 0
10961 0
10961 0
10961 0
10967 0
10967 0
10967 0
10967 0
10967 0
10967 0
10967 0
10967 0
10967 0
10967 0
10967 0
10967 159
10967 0
10967 0
10967 0
10967 0
10967 0
10967 0
10967 0
10967 0
10967 0
10967 0
10967 0
10967 0
10967 0
10967 0
10967 0
10967 0
10967 0
10967 0
10967 0
10968 0
10968 0
10968 0
10968 0
10968 0
10968 0
10968 0
10968 0
10968 0
10968 0
10968 0
10968 339
10968 0
10968 0
10968 0
10968 0
10968 0
10968 0
10968 0
10968 0
10968 0
10968 0
10968 0
10968 0
10968 0
10968 0
10968 0
10968 0
10968 0
10968 0
10968 0
10976 0
10976 0
10976 0
10976 0
10976 0
10976 0
10976 0
10976 0
10976 0
10976 0
10976 0
10976 161
10976 0
10976 0
10976 0
10976 0
10976 0
10976 0
10976 0
10976 0
10976 0
10976 0
10976 0
10976 0
10976 0
10976 0
10976 0
10976 0
10976 0
10976 0
10976 0
10978 0
10978 0
10978 0
10978 0
10978 0
10978 0
10978 0
10978 0
10978 0
10978 0
10978 0
10978 1795
10978 0
10978 0
10978 0
10978 0
10978 0
10978 0
10978 0
10978 0
10978 0
10978 0
10978 0
10978 0
10978 0
10978 0
10978 0
10978 0
10978 0
10978 0
10978 0
10994 0
10994 0
10994 0
10994 0
10994 0
10994 0
10994 0
10994 0
10994 0
10994 0
10994 0
10994 1022
10994 0
10994 0
10994 0
10994 0
10994 0
10994 0
10994 0
10994 0
10994 0
10994 0
10994 0
10994 0
10994 0
10994 0
10994 0
10994 0
10994 0
10994 0
10994 0
10999 0
10999 0
10999 0
10999 0
10999 0
10999 0
10999 0
10999 0
10999 0
10999 0
10999 0
10999 109
10999 0
10999 0
10999 0
10999 0
10999 0
10999 0
10999 0
10999 0
10999 0
10999 0
10999 0
10999 0
10999 0
10999 0
10999 0
10999 0
10999 0
10999 0
10999 0
11000 0
11000 0
11000 0
11000 0
11000 0
11000 0
11000 0
11000 0
11000 0
11000 0
11000 0
11000 3494
11000 0
11000 0
11000 0
11000 0
11000 0
11000 0
11000 0
11000 0
11000 0
11000 0
11000 0
11000 0
11000 0
11000 0
11000 0
11000 0
11000 0
11000 0
11000 0
11003 0
11003 0
11003 0
11003 0
11003 0
11003 0
11003 0
11003 0
11003 0
11003 0
11003 0
11003 524
11003 0
11003 0
11003 0
11003 0
11003 0
11003 0
11003 0
11003 0
11003 0
11003 0
11003 0
11003 0
11003 0
11003 0
11003 0
11003 0
11003 0
11003 0
11003 0
11005 0
11005 0
11005 0
11005 0
11005 0
11005 0
11005 0
11005 0
11005 0
11005 0
11005 0
11005 524
11005 0
11005 0
11005 0
11005 0
11005 0
11005 0
11005 0
11005 0
11005 0
11005 0
11005 0
11005 0
11005 0
11005 0
11005 0
11005 0
11005 0
11005 0
11005 0
11008 0
11008 0
11008 0
11008 0
11008 0
11008 0
11008 0
11008 0
11008 0
11008 0
11008 0
11008 412
11008 0
11008 0
11008 0
11008 0
11008 0
11008 0
11008 0
11008 0
11008 0
11008 0
11008 0
11008 0
11008 0
11008 0
11008 0
11008 0
11008 0
11008 0
11008 0
11018 0
11018 0
11018 0
11018 0
11018 0
11018 0
11018 0
11018 0
11018 0
11018 0
11018 0
11018 380
11018 0
11018 0
11018 0
11018 0
11018 0
11018 0
11018 0
11018 0
11018 0
11018 0
11018 0
11018 0
11018 0
11018 0
11018 0
11018 0
11018 0
11018 0
11018 0
11021 0
11021 0
11021 0
11021 0
11021 0
11021 0
11021 0
11021 0
11021 0
11021 0
11021 0
11021 1539
11021 0
11021 0
11021 0
11021 0
11021 0
11021 0
11021 0
11021 0
11021 0
11021 0
11021 0
11021 0
11021 42
11021 0
11021 0
11021 0
11021 0
11021 0
11021 0
