pt_graph cpue_kghour
3667 0
3667 0
3667 0
3667 0
3667 0
3667 0
3667 0
3667 0
3667 0
3667 0
3667 2
3667 0
3667 0
3667 0
3667 0
3667 0
3667 0
3667 0
3667 0
3667 0
3667 0
3667 5
3667 0
3667 0
3667 3
3667 0
3667 0
3667 0
3667 0
3667 0
3667 0
3673 0
3673 0
3673 0
3673 0
3673 0
3673 0
3673 0
3673 0
3673 0
3673 0
3673 3
3673 0
3673 0
3673 0
3673 0
3673 0
3673 0
3673 0
3673 0
3673 0
3673 0
3673 0
3673 0
3673 0
3673 0
3673 0
3673 0
3673 0
3673 0
3673 0
3673 0
3732 0
3732 0
3732 0
3732 0
3732 0
3732 0
3732 0
3732 0
3732 0
3732 0
3732 1
3732 0
3732 0
3732 0
3732 0
3732 0
3732 0
3732 0
3732 0
3732 0
3732 0
3732 6
3732 0
3732 0
3732 3
3732 0
3732 0
3732 0
3732 0
3732 0
3732 0
3822 0
3822 0
3822 0
3822 0
3822 0
3822 0
3822 0
3822 0
3822 0
3822 0
3822 0
3822 0
3822 0
3822 0
3822 0
3822 0
3822 0
3822 0
3822 0
3822 0
3822 0
3822 0
3822 0
3822 0
3822 0
3822 0
3822 0
3822 0
3822 0
3822 0
3822 0
3881 0
3881 0
3881 0
3881 0
3881 0
3881 0
3881 0
3881 0
3881 0
3881 0
3881 6
3881 0
3881 0
3881 0
3881 0
3881 0
3881 0
3881 0
3881 0
3881 0
3881 0
3881 64
3881 0
3881 0
3881 45
3881 0
3881 0
3881 0
3881 0
3881 0
3881 0
3903 0
3903 0
3903 0
3903 0
3903 0
3903 0
3903 0
3903 0
3903 0
3903 0
3903 3
3903 0
3903 0
3903 0
3903 0
3903 0
3903 0
3903 0
3903 0
3903 0
3903 0
3903 0
3903 0
3903 0
3903 0
3903 0
3903 0
3903 0
3903 0
3903 0
3903 0
3909 0
3909 0
3909 0
3909 0
3909 0
3909 0
3909 0
3909 0
3909 0
3909 0
3909 105
3909 0
3909 0
3909 0
3909 0
3909 0
3909 0
3909 0
3909 0
3909 0
3909 0
3909 0
3909 0
3909 0
3909 0
3909 0
3909 0
3909 0
3909 0
3909 0
3909 0
4011 0
4011 0
4011 0
4011 0
4011 0
4011 0
4011 0
4011 0
4011 0
4011 0
4011 54
4011 0
4011 0
4011 0
4011 0
4011 0
4011 0
4011 0
4011 0
4011 0
4011 0
4011 0
4011 0
4011 0
4011 0
4011 0
4011 0
4011 0
4011 0
4011 0
4011 0
4066 0
4066 0
4066 0
4066 0
4066 0
4066 0
4066 0
4066 0
4066 0
4066 0
4066 4
4066 0
4066 0
4066 0
4066 0
4066 0
4066 0
4066 0
4066 0
4066 0
4066 0
4066 29
4066 0
4066 0
4066 6
4066 0
4066 0
4066 0
4066 0
4066 0
4066 0
4206 0
4206 0
4206 0
4206 0
4206 0
4206 0
4206 0
4206 0
4206 0
4206 0
4206 2
4206 0
4206 0
4206 0
4206 0
4206 0
4206 0
4206 0
4206 0
4206 0
4206 0
4206 9
4206 0
4206 0
4206 4
4206 0
4206 0
4206 0
4206 0
4206 0
4206 0
4213 0
4213 0
4213 0
4213 0
4213 0
4213 0
4213 0
4213 0
4213 0
4213 0
4213 3
4213 0
4213 0
4213 0
4213 0
4213 0
4213 0
4213 0
4213 0
4213 0
4213 0
4213 0
4213 0
4213 0
4213 0
4213 0
4213 0
4213 0
4213 0
4213 0
4213 0
4214 0
4214 0
4214 0
4214 0
4214 0
4214 0
4214 0
4214 0
4214 0
4214 0
4214 21
4214 0
4214 0
4214 0
4214 0
4214 0
4214 0
4214 0
4214 0
4214 0
4214 0
4214 0
4214 0
4214 0
4214 0
4214 0
4214 0
4214 0
4214 0
4214 0
4214 0
4260 0
4260 0
4260 0
4260 0
4260 0
4260 0
4260 0
4260 0
4260 0
4260 0
4260 358
4260 0
4260 0
4260 0
4260 0
4260 0
4260 0
4260 0
4260 0
4260 0
4260 0
4260 0
4260 0
4260 0
4260 0
4260 0
4260 0
4260 0
4260 0
4260 0
4260 0
4316 0
4316 0
4316 0
4316 0
4316 0
4316 0
4316 0
4316 0
4316 0
4316 0
4316 1
4316 0
4316 0
4316 0
4316 0
4316 0
4316 0
4316 0
4316 0
4316 0
4316 0
4316 20
4316 0
4316 0
4316 7
4316 0
4316 0
4316 0
4316 0
4316 0
4316 0
4331 0
4331 0
4331 0
4331 0
4331 0
4331 0
4331 0
4331 0
4331 0
4331 0
4331 65
4331 0
4331 0
4331 0
4331 0
4331 0
4331 0
4331 0
4331 0
4331 0
4331 0
4331 0
4331 0
4331 0
4331 0
4331 0
4331 0
4331 0
4331 0
4331 0
4331 0
4338 0
4338 0
4338 0
4338 0
4338 0
4338 0
4338 0
4338 0
4338 0
4338 0
4338 8
4338 0
4338 0
4338 0
4338 0
4338 0
4338 0
4338 0
4338 0
4338 0
4338 0
4338 0
4338 0
4338 0
4338 0
4338 0
4338 0
4338 0
4338 0
4338 0
4338 0
4353 0
4353 0
4353 0
4353 0
4353 0
4353 0
4353 0
4353 0
4353 0
4353 0
4353 2
4353 0
4353 0
4353 0
4353 0
4353 0
4353 0
4353 0
4353 0
4353 0
4353 0
4353 20
4353 0
4353 0
4353 9
4353 0
4353 0
4353 0
4353 0
4353 0
4353 0
4368 0
4368 0
4368 0
4368 0
4368 0
4368 0
4368 0
4368 0
4368 0
4368 0
4368 9
4368 0
4368 0
4368 0
4368 0
4368 0
4368 0
4368 0
4368 0
4368 0
4368 0
4368 0
4368 0
4368 0
4368 0
4368 0
4368 0
4368 0
4368 0
4368 0
4368 0
4375 0
4375 0
4375 0
4375 0
4375 0
4375 0
4375 0
4375 0
4375 0
4375 0
4375 1
4375 0
4375 0
4375 0
4375 0
4375 0
4375 0
4375 0
4375 0
4375 0
4375 0
4375 6
4375 0
4375 0
4375 4
4375 0
4375 0
4375 0
4375 0
4375 0
4375 0
4492 0
4492 0
4492 0
4492 0
4492 0
4492 0
4492 0
4492 0
4492 0
4492 0
4492 1
4492 0
4492 0
4492 0
4492 0
4492 0
4492 0
4492 0
4492 0
4492 0
4492 0
4492 11
4492 0
4492 0
4492 2
4492 0
4492 0
4492 0
4492 0
4492 0
4492 0
4508 0
4508 0
4508 0
4508 0
4508 0
4508 0
4508 0
4508 0
4508 0
4508 0
4508 8
4508 0
4508 0
4508 0
4508 0
4508 0
4508 0
4508 0
4508 0
4508 0
4508 0
4508 42
4508 0
4508 0
4508 20
4508 0
4508 0
4508 0
4508 0
4508 0
4508 0
4598 0
4598 0
4598 0
4598 0
4598 0
4598 0
4598 0
4598 0
4598 0
4598 0
4598 6
4598 0
4598 0
4598 0
4598 1
4598 0
4598 0
4598 0
4598 0
4598 0
4598 0
4598 0
4598 0
4598 0
4598 0
4598 0
4598 0
4598 0
4598 0
4598 0
4598 0
4664 0
4664 0
4664 0
4664 0
4664 0
4664 0
4664 0
4664 0
4664 0
4664 0
4664 1
4664 0
4664 0
4664 0
4664 0
4664 0
4664 0
4664 0
4664 0
4664 0
4664 0
4664 7
4664 0
4664 0
4664 3
4664 0
4664 0
4664 0
4664 0
4664 0
4664 0
4843 0
4843 0
4843 0
4843 0
4843 0
4843 0
4843 0
4843 0
4843 0
4843 0
4843 176
4843 0
4843 0
4843 0
4843 0
4843 0
4843 0
4843 0
4843 0
4843 0
4843 0
4843 0
4843 0
4843 0
4843 0
4843 0
4843 0
4843 0
4843 0
4843 0
4843 0
5132 0
5132 0
5132 0
5132 0
5132 0
5132 0
5132 0
5132 0
5132 0
5132 0
5132 78
5132 0
5132 0
5132 0
5132 0
5132 0
5132 0
5132 0
5132 0
5132 0
5132 0
5132 0
5132 0
5132 0
5132 0
5132 0
5132 0
5132 0
5132 0
5132 0
5132 0
5161 0
5161 0
5161 0
5161 0
5161 0
5161 0
5161 0
5161 0
5161 0
5161 0
5161 86
5161 0
5161 0
5161 0
5161 0
5161 0
5161 0
5161 0
5161 0
5161 0
5161 0
5161 0
5161 0
5161 0
5161 0
5161 0
5161 0
5161 0
5161 0
5161 0
5161 0
5872 0
5872 0
5872 0
5872 0
5872 0
5872 0
5872 0
5872 0
5872 0
5872 0
5872 49
5872 0
5872 0
5872 0
5872 0
5872 0
5872 0
5872 0
5872 0
5872 0
5872 0
5872 0
5872 0
5872 0
5872 0
5872 0
5872 0
5872 0
5872 0
5872 0
5872 0
6318 0
6318 0
6318 0
6318 0
6318 0
6318 0
6318 0
6318 0
6318 0
6318 0
6318 624
6318 0
6318 0
6318 0
6318 0
6318 0
6318 0
6318 0
6318 0
6318 0
6318 0
6318 0
6318 0
6318 0
6318 0
6318 0
6318 0
6318 0
6318 0
6318 0
6318 0
6640 0
6640 0
6640 0
6640 0
6640 0
6640 0
6640 0
6640 0
6640 0
6640 0
6640 49
6640 0
6640 0
6640 0
6640 0
6640 0
6640 0
6640 0
6640 0
6640 0
6640 0
6640 0
6640 0
6640 0
6640 0
6640 0
6640 0
6640 0
6640 0
6640 0
6640 0
6844 0
6844 0
6844 0
6844 0
6844 0
6844 0
6844 0
6844 0
6844 0
6844 0
6844 145
6844 0
6844 0
6844 0
6844 0
6844 0
6844 0
6844 0
6844 0
6844 0
6844 0
6844 0
6844 0
6844 0
6844 0
6844 0
6844 0
6844 0
6844 0
6844 0
6844 0
6974 0
6974 0
6974 0
6974 0
6974 0
6974 0
6974 0
6974 0
6974 0
6974 0
6974 5
6974 0
6974 0
6974 0
6974 0
6974 0
6974 0
6974 0
6974 0
6974 0
6974 0
6974 0
6974 0
6974 0
6974 0
6974 0
6974 0
6974 0
6974 0
6974 0
6974 0
10034 0
10034 0
10034 0
10034 0
10034 0
10034 0
10034 0
10034 0
10034 0
10034 0
10034 570
10034 0
10034 0
10034 0
10034 0
10034 0
10034 0
10034 0
10034 0
10034 0
10034 0
10034 0
10034 0
10034 0
10034 0
10034 0
10034 0
10034 0
10034 0
10034 0
10034 0
10073 0
10073 0
10073 0
10073 0
10073 0
10073 0
10073 0
10073 0
10073 0
10073 0
10073 1059
10073 0
10073 0
10073 0
10073 0
10073 0
10073 0
10073 0
10073 0
10073 0
10073 0
10073 0
10073 0
10073 0
10073 0
10073 0
10073 0
10073 0
10073 0
10073 0
10073 0
10200 0
10200 0
10200 0
10200 0
10200 0
10200 0
10200 0
10200 0
10200 0
10200 0
10200 206
10200 0
10200 0
10200 0
10200 0
10200 0
10200 0
10200 0
10200 0
10200 0
10200 0
10200 0
10200 0
10200 0
10200 0
10200 0
10200 0
10200 0
10200 0
10200 0
10200 0
10275 0
10275 0
10275 0
10275 0
10275 0
10275 0
10275 0
10275 0
10275 0
10275 0
10275 611
10275 0
10275 0
10275 0
10275 0
10275 0
10275 0
10275 0
10275 0
10275 0
10275 0
10275 0
10275 0
10275 0
10275 0
10275 0
10275 0
10275 0
10275 0
10275 0
10275 0
10372 0
10372 0
10372 0
10372 0
10372 0
10372 0
10372 0
10372 0
10372 0
10372 0
10372 1329
10372 0
10372 0
10372 0
10372 0
10372 0
10372 0
10372 0
10372 0
10372 0
10372 0
10372 0
10372 0
10372 0
10372 0
10372 0
10372 0
10372 0
10372 0
10372 0
10372 0
10492 0
10492 0
10492 0
10492 0
10492 0
10492 0
10492 0
10492 0
10492 0
10492 0
10492 116
10492 0
10492 0
10492 0
10492 0
10492 0
10492 0
10492 0
10492 0
10492 0
10492 0
10492 0
10492 0
10492 0
10492 0
10492 0
10492 0
10492 0
10492 0
10492 0
10492 0
