pt_graph shape
3097 0
3097 0
3097 0
3097 0
3097 0
3097 0
3097 0
3097 0
3097 0
3097 0
3097 1.66
3097 0
3097 0
3097 0
3097 0
3097 0
3097 0
3097 0
3097 0
3097 0
3097 0
3097 37.77
3097 0
3097 0
3097 34.02
3097 0
3097 0
3097 0
3097 0
3097 0
3097 0
3169 0
3169 0
3169 0
3169 0
3169 0
3169 0
3169 0
3169 0
3169 0
3169 0
3169 0.71
3169 0
3169 0
3169 0
3169 5.17
3169 0
3169 0
3169 0
3169 0
3169 0
3169 0
3169 13.88
3169 0
3169 0
3169 0.97
3169 0
3169 0
3169 0
3169 0
3169 0
3169 0
3239 0
3239 0
3239 0
3239 0
3239 0
3239 0
3239 0
3239 0
3239 0
3239 0
3239 0.95
3239 0
3239 0
3239 0
3239 53.05
3239 0
3239 0
3239 0
3239 0
3239 0
3239 0
3239 1.38
3239 0
3239 0
3239 1.08
3239 0
3239 0
3239 0
3239 0
3239 0
3239 0
3343 0
3343 0
3343 0
3343 0
3343 0
3343 0
3343 0
3343 0
3343 0
3343 0
3343 1.55
3343 0
3343 0
3343 0
3343 0
3343 0
3343 0
3343 0
3343 0
3343 0
3343 0
3343 30.35
3343 0
3343 0
3343 25.75
3343 0
3343 0
3343 0
3343 0
3343 0
3343 0
3385 0
3385 0
3385 0
3385 0
3385 0
3385 0
3385 0
3385 0
3385 0
3385 0
3385 1.67
3385 0
3385 0
3385 0
3385 0
3385 0
3385 0
3385 0
3385 0
3385 0
3385 0
3385 33.13
3385 0
3385 0
3385 34.17
3385 0
3385 0
3385 0
3385 0
3385 0
3385 0
3396 0
3396 0
3396 0
3396 0
3396 0
3396 0
3396 0
3396 0
3396 0
3396 0
3396 0.96
3396 0
3396 0
3396 0
3396 29.42
3396 0
3396 0
3396 0
3396 0
3396 0
3396 0
3396 6.19
3396 0
3396 0
3396 5.34
3396 0
3396 0
3396 0
3396 0
3396 0
3396 0
3399 0
3399 0
3399 0
3399 0
3399 0
3399 0
3399 0
3399 0
3399 0
3399 0
3399 0.75
3399 0
3399 0
3399 0
3399 29.42
3399 0
3399 0
3399 0
3399 0
3399 0
3399 0
3399 3.01
3399 0
3399 0
3399 2.42
3399 0
3399 0
3399 0
3399 0
3399 0
3399 0
3431 0
3431 0
3431 0
3431 0
3431 0
3431 0
3431 0
3431 0
3431 0
3431 0
3431 0.74
3431 0
3431 0
3431 0
3431 35.7
3431 0
3431 0
3431 0
3431 0
3431 0
3431 0
3431 44.73
3431 0
3431 0
3431 2.2
3431 0
3431 0
3431 0
3431 0
3431 0
3431 0
3519 0
3519 0
3519 0
3519 0
3519 0
3519 0
3519 0
3519 0
3519 0
3519 0
3519 1.61
3519 0
3519 0
3519 0
3519 42.62
3519 0
3519 0
3519 0
3519 0
3519 0
3519 0
3519 2.72
3519 0
3519 0
3519 23.87
3519 0
3519 0
3519 0
3519 0
3519 0
3519 0
3532 0
3532 0
3532 0
3532 0
3532 0
3532 0
3532 0
3532 0
3532 0
3532 0
3532 0.95
3532 0
3532 0
3532 0
3532 44.44
3532 0
3532 0
3532 0
3532 0
3532 0
3532 0
3532 1.41
3532 0
3532 0
3532 1.08
3532 0
3532 0
3532 0
3532 0
3532 0
3532 0
3566 0
3566 0
3566 0
3566 0
3566 0
3566 0
3566 0
3566 0
3566 0
3566 0
3566 1.69
3566 0
3566 0
3566 0
3566 0
3566 0
3566 0
3566 0
3566 0
3566 0
3566 0
3566 31.04
3566 0
3566 0
3566 37.5
3566 0
3566 0
3566 0
3566 0
3566 0
3566 0
3616 0
3616 0
3616 0
3616 0
3616 0
3616 0
3616 0
3616 0
3616 0
3616 0
3616 17.3
3616 0
3616 0
3616 0
3616 2.77
3616 0
3616 0
3616 0
3616 0
3616 0
3616 0
3616 4.81
3616 0
3616 0
3616 2.06
3616 0
3616 0
3616 0
3616 0
3616 0
3616 0
3619 0
3619 0
3619 0
3619 0
3619 0
3619 0
3619 0
3619 0
3619 0
3619 0
3619 1.65
3619 0
3619 0
3619 0
3619 0
3619 0
3619 0
3619 0
3619 0
3619 0
3619 0
3619 32.54
3619 0
3619 0
3619 38.7
3619 0
3619 0
3619 0
3619 0
3619 0
3619 0
3622 0
3622 0
3622 0
3622 0
3622 0
3622 0
3622 0
3622 0
3622 0
3622 0
3622 0.97
3622 0
3622 0
3622 0
3622 0
3622 0
3622 0
3622 0
3622 0
3622 0
3622 0
3622 3.16
3622 0
3622 0
3622 23.2
3622 0
3622 0
3622 0
3622 0
3622 0
3622 0
3624 0
3624 0
3624 0
3624 0
3624 0
3624 0
3624 0
3624 0
3624 0
3624 0
3624 1.68
3624 0
3624 0
3624 0
3624 44.43
3624 0
3624 0
3624 0
3624 0
3624 0
3624 0
3624 19.96
3624 0
3624 0
3624 43.98
3624 0
3624 0
3624 0
3624 0
3624 0
3624 0
3634 0
3634 0
3634 0
3634 0
3634 0
3634 0
3634 0
3634 0
3634 0
3634 0
3634 0.75
3634 0
3634 0
3634 0
3634 2.65
3634 0
3634 0
3634 0
3634 0
3634 0
3634 0
3634 13.3
3634 0
3634 0
3634 1.88
3634 0
3634 0
3634 0
3634 0
3634 0
3634 0
3641 0
3641 0
3641 0
3641 0
3641 0
3641 0
3641 0
3641 0
3641 0
3641 0
3641 1.66
3641 0
3641 0
3641 0
3641 0
3641 0
3641 0
3641 0
3641 0
3641 0
3641 0
3641 29.12
3641 0
3641 0
3641 47.77
3641 0
3641 0
3641 0
3641 0
3641 0
3641 0
3696 0
3696 0
3696 0
3696 0
3696 0
3696 0
3696 0
3696 0
3696 0
3696 0
3696 27.08
3696 0
3696 0
3696 0
3696 0
3696 0
3696 0
3696 0
3696 0
3696 0
3696 0
3696 19.5
3696 0
3696 0
3696 40.56
3696 0
3696 0
3696 0
3696 0
3696 0
3696 0
3725 0
3725 0
3725 0
3725 0
3725 0
3725 0
3725 0
3725 0
3725 0
3725 0
3725 1.65
3725 0
3725 0
3725 0
3725 0
3725 0
3725 0
3725 0
3725 0
3725 0
3725 0
3725 26.82
3725 0
3725 0
3725 32.38
3725 0
3725 0
3725 0
3725 0
3725 0
3725 0
3758 0
3758 0
3758 0
3758 0
3758 0
3758 0
3758 0
3758 0
3758 0
3758 0
3758 1.68
3758 0
3758 0
3758 0
3758 0
3758 0
3758 0
3758 0
3758 0
3758 0
3758 0
3758 31.04
3758 0
3758 0
3758 0
3758 0
3758 0
3758 0
3758 0
3758 0
3758 0
3845 0
3845 0
3845 0
3845 0
3845 0
3845 0
3845 0
3845 0
3845 0
3845 0
3845 0.57
3845 0
3845 0
3845 0
3845 0.93
3845 0
3845 0
3845 0
3845 0
3845 0
3845 0
3845 0.47
3845 0
3845 0
3845 0.4
3845 0
3845 0
3845 0
3845 0
3845 0
3845 0
3846 0
3846 0
3846 0
3846 0
3846 0
3846 0
3846 0
3846 0
3846 0
3846 0
3846 0.66
3846 0
3846 0
3846 0
3846 30.07
3846 0
3846 0
3846 0
3846 0
3846 0
3846 0
3846 10.48
3846 0
3846 0
3846 2.84
3846 0
3846 0
3846 0
3846 0
3846 0
3846 0
3891 0
3891 0
3891 0
3891 0
3891 0
3891 0
3891 0
3891 0
3891 0
3891 0
3891 1.24
3891 0
3891 0
3891 0
3891 1.18
3891 0
3891 0
3891 0
3891 0
3891 0
3891 0
3891 1.73
3891 0
3891 0
3891 0.74
3891 0
3891 0
3891 0
3891 0
3891 0
3891 0
3910 0
3910 0
3910 0
3910 0
3910 0
3910 0
3910 0
3910 0
3910 0
3910 0
3910 0.68
3910 0
3910 0
3910 0
3910 29.8
3910 0
3910 0
3910 0
3910 0
3910 0
3910 0
3910 1.05
3910 0
3910 0
3910 0.89
3910 0
3910 0
3910 0
3910 0
3910 0
3910 0
3920 0
3920 0
3920 0
3920 0
3920 0
3920 0
3920 0
3920 0
3920 0
3920 0
3920 0.95
3920 0
3920 0
3920 0
3920 29.42
3920 0
3920 0
3920 0
3920 0
3920 0
3920 0
3920 22.67
3920 0
3920 0
3920 4.34
3920 0
3920 0
3920 0
3920 0
3920 0
3920 0
3969 0
3969 0
3969 0
3969 0
3969 0
3969 0
3969 0
3969 0
3969 0
3969 0
3969 0.75
3969 0
3969 0
3969 0
3969 30.8
3969 0
3969 0
3969 0
3969 0
3969 0
3969 0
3969 2.93
3969 0
3969 0
3969 1.3
3969 0
3969 0
3969 0
3969 0
3969 0
3969 0
4020 0
4020 0
4020 0
4020 0
4020 0
4020 0
4020 0
4020 0
4020 0
4020 0
4020 1.64
4020 0
4020 0
4020 0
4020 43.46
4020 0
4020 0
4020 0
4020 0
4020 0
4020 0
4020 16.27
4020 0
4020 0
4020 21.6
4020 0
4020 0
4020 0
4020 0
4020 0
4020 0
4038 0
4038 0
4038 0
4038 0
4038 0
4038 0
4038 0
4038 0
4038 0
4038 0
4038 10.44
4038 0
4038 0
4038 0
4038 4.13
4038 0
4038 0
4038 0
4038 0
4038 0
4038 0
4038 18.08
4038 0
4038 0
4038 1.28
4038 0
4038 0
4038 0
4038 0
4038 0
4038 0
4081 0
4081 0
4081 0
4081 0
4081 0
4081 0
4081 0
4081 0
4081 0
4081 0
4081 0.62
4081 0
4081 0
4081 0
4081 1.92
4081 0
4081 0
4081 0
4081 0
4081 0
4081 0
4081 4.21
4081 0
4081 0
4081 1.64
4081 0
4081 0
4081 0
4081 0
4081 0
4081 0
4097 0
4097 0
4097 0
4097 0
4097 0
4097 0
4097 0
4097 0
4097 0
4097 0
4097 12.18
4097 0
4097 0
4097 0
4097 40.37
4097 0
4097 0
4097 0
4097 0
4097 0
4097 0
4097 2.51
4097 0
4097 0
4097 1.5
4097 0
4097 0
4097 0
4097 0
4097 0
4097 0
4102 0
4102 0
4102 0
4102 0
4102 0
4102 0
4102 0
4102 0
4102 0
4102 0
4102 0.55
4102 0
4102 0
4102 0
4102 8.84
4102 0
4102 0
4102 0
4102 0
4102 0
4102 0
4102 22.91
4102 0
4102 0
4102 2.59
4102 0
4102 0
4102 0
4102 0
4102 0
4102 0
4110 0
4110 0
4110 0
4110 0
4110 0
4110 0
4110 0
4110 0
4110 0
4110 0
4110 1.57
4110 0
4110 0
4110 0
4110 31.54
4110 0
4110 0
4110 0
4110 0
4110 0
4110 0
4110 30.5
4110 0
4110 0
4110 47.53
4110 0
4110 0
4110 0
4110 0
4110 0
4110 0
4126 0
4126 0
4126 0
4126 0
4126 0
4126 0
4126 0
4126 0
4126 0
4126 0
4126 6.58
4126 0
4126 0
4126 0
4126 35.7
4126 0
4126 0
4126 0
4126 0
4126 0
4126 0
4126 2.1
4126 0
4126 0
4126 2.35
4126 0
4126 0
4126 0
4126 0
4126 0
4126 0
4147 0
4147 0
4147 0
4147 0
4147 0
4147 0
4147 0
4147 0
4147 0
4147 0
4147 0.89
4147 0
4147 0
4147 0
4147 1.22
4147 0
4147 0
4147 0
4147 0
4147 0
4147 0
4147 4
4147 0
4147 0
4147 1.01
4147 0
4147 0
4147 0
4147 0
4147 0
4147 0
4161 0
4161 0
4161 0
4161 0
4161 0
4161 0
4161 0
4161 0
4161 0
4161 0
4161 1.65
4161 0
4161 0
4161 0
4161 0
4161 0
4161 0
4161 0
4161 0
4161 0
4161 0
4161 32.54
4161 0
4161 0
4161 38.7
4161 0
4161 0
4161 0
4161 0
4161 0
4161 0
4193 0
4193 0
4193 0
4193 0
4193 0
4193 0
4193 0
4193 0
4193 0
4193 0
4193 0.92
4193 0
4193 0
4193 0
4193 0
4193 0
4193 0
4193 0
4193 0
4193 0
4193 0
4193 3.45
4193 0
4193 0
4193 5.12
4193 0
4193 0
4193 0
4193 0
4193 0
4193 0
4229 0
4229 0
4229 0
4229 0
4229 0
4229 0
4229 0
4229 0
4229 0
4229 0
4229 1.21
4229 0
4229 0
4229 0
4229 5.56
4229 0
4229 0
4229 0
4229 0
4229 0
4229 0
4229 2.47
4229 0
4229 0
4229 4.23
4229 0
4229 0
4229 0
4229 0
4229 0
4229 0
4251 0
4251 0
4251 0
4251 0
4251 0
4251 0
4251 0
4251 0
4251 0
4251 0
4251 0.71
4251 0
4251 0
4251 0
4251 2.08
4251 0
4251 0
4251 0
4251 0
4251 0
4251 0
4251 26.03
4251 0
4251 0
4251 8.81
4251 0
4251 0
4251 0
4251 0
4251 0
4251 0
4260 0
4260 0
4260 0
4260 0
4260 0
4260 0
4260 0
4260 0
4260 0
4260 0
4260 1.65
4260 0
4260 0
4260 0
4260 33.15
4260 0
4260 0
4260 0
4260 0
4260 0
4260 0
4260 31.22
4260 0
4260 0
4260 0
4260 0
4260 0
4260 0
4260 0
4260 0
4260 0
4278 0
4278 0
4278 0
4278 0
4278 0
4278 0
4278 0
4278 0
4278 0
4278 0
4278 0.69
4278 0
4278 0
4278 0
4278 23.5
4278 0
4278 0
4278 0
4278 0
4278 0
4278 0
4278 4.34
4278 0
4278 0
4278 1.41
4278 0
4278 0
4278 0
4278 0
4278 0
4278 0
4280 0
4280 0
4280 0
4280 0
4280 0
4280 0
4280 0
4280 0
4280 0
4280 0
4280 1.65
4280 0
4280 0
4280 0
4280 0
4280 0
4280 0
4280 0
4280 0
4280 0
4280 0
4280 32.54
4280 0
4280 0
4280 38.7
4280 0
4280 0
4280 0
4280 0
4280 0
4280 0
4375 0
4375 0
4375 0
4375 0
4375 0
4375 0
4375 0
4375 0
4375 0
4375 0
4375 2.76
4375 0
4375 0
4375 0
4375 0
4375 0
4375 0
4375 0
4375 0
4375 0
4375 0
4375 2.06
4375 0
4375 0
4375 29.52
4375 0
4375 0
4375 0
4375 0
4375 0
4375 0
4393 0
4393 0
4393 0
4393 0
4393 0
4393 0
4393 0
4393 0
4393 0
4393 0
4393 4.18
4393 0
4393 0
4393 0
4393 35.7
4393 0
4393 0
4393 0
4393 0
4393 0
4393 0
4393 1.23
4393 0
4393 0
4393 2.2
4393 0
4393 0
4393 0
4393 0
4393 0
4393 0
4394 0
4394 0
4394 0
4394 0
4394 0
4394 0
4394 0
4394 0
4394 0
4394 0
4394 1.65
4394 0
4394 0
4394 0
4394 29.91
4394 0
4394 0
4394 0
4394 0
4394 0
4394 0
4394 27.7
4394 0
4394 0
4394 25.36
4394 0
4394 0
4394 0
4394 0
4394 0
4394 0
4402 0
4402 0
4402 0
4402 0
4402 0
4402 0
4402 0
4402 0
4402 0
4402 0
4402 0.7
4402 0
4402 0
4402 0
4402 2.17
4402 0
4402 0
4402 0
4402 0
4402 0
4402 0
4402 2.94
4402 0
4402 0
4402 1.61
4402 0
4402 0
4402 0
4402 0
4402 0
4402 0
4406 0
4406 0
4406 0
4406 0
4406 0
4406 0
4406 0
4406 0
4406 0
4406 0
4406 1.24
4406 0
4406 0
4406 0
4406 15.57
4406 0
4406 0
4406 0
4406 0
4406 0
4406 0
4406 3.13
4406 0
4406 0
4406 1.76
4406 0
4406 0
4406 0
4406 0
4406 0
4406 0
4424 0
4424 0
4424 0
4424 0
4424 0
4424 0
4424 0
4424 0
4424 0
4424 0
4424 0.59
4424 0
4424 0
4424 0
4424 15.61
4424 0
4424 0
4424 0
4424 0
4424 0
4424 0
4424 9.36
4424 0
4424 0
4424 2.81
4424 0
4424 0
4424 0
4424 0
4424 0
4424 0
4454 0
4454 0
4454 0
4454 0
4454 0
4454 0
4454 0
4454 0
4454 0
4454 0
4454 1.63
4454 0
4454 0
4454 0
4454 34.51
4454 0
4454 0
4454 0
4454 0
4454 0
4454 0
4454 10.39
4454 0
4454 0
4454 3.33
4454 0
4454 0
4454 0
4454 0
4454 0
4454 0
4461 0
4461 0
4461 0
4461 0
4461 0
4461 0
4461 0
4461 0
4461 0
4461 0
4461 2.76
4461 0
4461 0
4461 0
4461 0
4461 0
4461 0
4461 0
4461 0
4461 0
4461 0
4461 2.06
4461 0
4461 0
4461 29.52
4461 0
4461 0
4461 0
4461 0
4461 0
4461 0
4462 0
4462 0
4462 0
4462 0
4462 0
4462 0
4462 0
4462 0
4462 0
4462 0
4462 0.9
4462 0
4462 0
4462 0
4462 0
4462 0
4462 0
4462 0
4462 0
4462 0
4462 0
4462 3.79
4462 0
4462 0
4462 39.16
4462 0
4462 0
4462 0
4462 0
4462 0
4462 0
4470 0
4470 0
4470 0
4470 0
4470 0
4470 0
4470 0
4470 0
4470 0
4470 0
4470 0.79
4470 0
4470 0
4470 0
4470 0
4470 0
4470 0
4470 0
4470 0
4470 0
4470 0
4470 0.88
4470 0
4470 0
4470 3.16
4470 0
4470 0
4470 0
4470 0
4470 0
4470 0
4492 0
4492 0
4492 0
4492 0
4492 0
4492 0
4492 0
4492 0
4492 0
4492 0
4492 1.64
4492 0
4492 0
4492 0
4492 43.46
4492 0
4492 0
4492 0
4492 0
4492 0
4492 0
4492 16.27
4492 0
4492 0
4492 21.6
4492 0
4492 0
4492 0
4492 0
4492 0
4492 0
4501 0
4501 0
4501 0
4501 0
4501 0
4501 0
4501 0
4501 0
4501 0
4501 0
4501 0.75
4501 0
4501 0
4501 0
4501 6.58
4501 0
4501 0
4501 0
4501 0
4501 0
4501 0
4501 2.28
4501 0
4501 0
4501 2.62
4501 0
4501 0
4501 0
4501 0
4501 0
4501 0
4508 0
4508 0
4508 0
4508 0
4508 0
4508 0
4508 0
4508 0
4508 0
4508 0
4508 1.58
4508 0
4508 0
4508 0
4508 0
4508 0
4508 0
4508 0
4508 0
4508 0
4508 0
4508 0
4508 0
4508 0
4508 0
4508 0
4508 0
4508 0
4508 0
4508 0
4508 0
4525 0
4525 0
4525 0
4525 0
4525 0
4525 0
4525 0
4525 0
4525 0
4525 0
4525 1.64
4525 0
4525 0
4525 0
4525 43.46
4525 0
4525 0
4525 0
4525 0
4525 0
4525 0
4525 16.27
4525 0
4525 0
4525 21.6
4525 0
4525 0
4525 0
4525 0
4525 0
4525 0
4530 0
4530 0
4530 0
4530 0
4530 0
4530 0
4530 0
4530 0
4530 0
4530 0
4530 0.62
4530 0
4530 0
4530 0
4530 3.36
4530 0
4530 0
4530 0
4530 0
4530 0
4530 0
4530 1.84
4530 0
4530 0
4530 2.17
4530 0
4530 0
4530 0
4530 0
4530 0
4530 0
4532 0
4532 0
4532 0
4532 0
4532 0
4532 0
4532 0
4532 0
4532 0
4532 0
4532 0.71
4532 0
4532 0
4532 0
4532 2.34
4532 0
4532 0
4532 0
4532 0
4532 0
4532 0
4532 4.61
4532 0
4532 0
4532 1.64
4532 0
4532 0
4532 0
4532 0
4532 0
4532 0
4559 0
4559 0
4559 0
4559 0
4559 0
4559 0
4559 0
4559 0
4559 0
4559 0
4559 0.91
4559 0
4559 0
4559 0
4559 30.44
4559 0
4559 0
4559 0
4559 0
4559 0
4559 0
4559 1.21
4559 0
4559 0
4559 3.8
4559 0
4559 0
4559 0
4559 0
4559 0
4559 0
4576 0
4576 0
4576 0
4576 0
4576 0
4576 0
4576 0
4576 0
4576 0
4576 0
4576 0.65
4576 0
4576 0
4576 0
4576 1.52
4576 0
4576 0
4576 0
4576 0
4576 0
4576 0
4576 4.6
4576 0
4576 0
4576 2.32
4576 0
4576 0
4576 0
4576 0
4576 0
4576 0
4586 0
4586 0
4586 0
4586 0
4586 0
4586 0
4586 0
4586 0
4586 0
4586 0
4586 0.73
4586 0
4586 0
4586 0
4586 30.44
4586 0
4586 0
4586 0
4586 0
4586 0
4586 0
4586 6.07
4586 0
4586 0
4586 3.85
4586 0
4586 0
4586 0
4586 0
4586 0
4586 0
4593 0
4593 0
4593 0
4593 0
4593 0
4593 0
4593 0
4593 0
4593 0
4593 0
4593 0.65
4593 0
4593 0
4593 0
4593 4.08
4593 0
4593 0
4593 0
4593 0
4593 0
4593 0
4593 1.33
4593 0
4593 0
4593 43.42
4593 0
4593 0
4593 0
4593 0
4593 0
4593 0
4598 0
4598 0
4598 0
4598 0
4598 0
4598 0
4598 0
4598 0
4598 0
4598 0
4598 1.38
4598 0
4598 0
4598 0
4598 26.96
4598 0
4598 0
4598 0
4598 0
4598 0
4598 0
4598 1.35
4598 0
4598 0
4598 2.36
4598 0
4598 0
4598 0
4598 0
4598 0
4598 0
4605 0
4605 0
4605 0
4605 0
4605 0
4605 0
4605 0
4605 0
4605 0
4605 0
4605 2.7
4605 0
4605 0
4605 0
4605 12.89
4605 0
4605 0
4605 0
4605 0
4605 0
4605 0
4605 8.57
4605 0
4605 0
4605 2.62
4605 0
4605 0
4605 0
4605 0
4605 0
4605 0
4606 0
4606 0
4606 0
4606 0
4606 0
4606 0
4606 0
4606 0
4606 0
4606 0
4606 0.89
4606 0
4606 0
4606 0
4606 0
4606 0
4606 0
4606 0
4606 0
4606 0
4606 0
4606 1.85
4606 0
4606 0
4606 6.31
4606 0
4606 0
4606 0
4606 0
4606 0
4606 0
4634 0
4634 0
4634 0
4634 0
4634 0
4634 0
4634 0
4634 0
4634 0
4634 0
4634 0.63
4634 0
4634 0
4634 0
4634 30.44
4634 0
4634 0
4634 0
4634 0
4634 0
4634 0
4634 7.58
4634 0
4634 0
4634 5.04
4634 0
4634 0
4634 0
4634 0
4634 0
4634 0
4636 0
4636 0
4636 0
4636 0
4636 0
4636 0
4636 0
4636 0
4636 0
4636 0
4636 0.94
4636 0
4636 0
4636 0
4636 45
4636 0
4636 0
4636 0
4636 0
4636 0
4636 0
4636 1.45
4636 0
4636 0
4636 42.82
4636 0
4636 0
4636 0
4636 0
4636 0
4636 0
4650 0
4650 0
4650 0
4650 0
4650 0
4650 0
4650 0
4650 0
4650 0
4650 0
4650 0.95
4650 0
4650 0
4650 0
4650 0
4650 0
4650 0
4650 0
4650 0
4650 0
4650 0
4650 19.2
4650 0
4650 0
4650 44.88
4650 0
4650 0
4650 0
4650 0
4650 0
4650 0
4663 0
4663 0
4663 0
4663 0
4663 0
4663 0
4663 0
4663 0
4663 0
4663 0
4663 1.57
4663 0
4663 0
4663 0
4663 0
4663 0
4663 0
4663 0
4663 0
4663 0
4663 0
4663 55.01
4663 0
4663 0
4663 34.33
4663 0
4663 0
4663 0
4663 0
4663 0
4663 0
4685 0
4685 0
4685 0
4685 0
4685 0
4685 0
4685 0
4685 0
4685 0
4685 0
4685 0.9
4685 0
4685 0
4685 0
4685 0
4685 0
4685 0
4685 0
4685 0
4685 0
4685 0
4685 3.13
4685 0
4685 0
4685 56.68
4685 0
4685 0
4685 0
4685 0
4685 0
4685 0
4691 0
4691 0
4691 0
4691 0
4691 0
4691 0
4691 0
4691 0
4691 0
4691 0
4691 0.94
4691 0
4691 0
4691 0
4691 27.77
4691 0
4691 0
4691 0
4691 0
4691 0
4691 0
4691 5.23
4691 0
4691 0
4691 7.69
4691 0
4691 0
4691 0
4691 0
4691 0
4691 0
4702 0
4702 0
4702 0
4702 0
4702 0
4702 0
4702 0
4702 0
4702 0
4702 0
4702 1.69
4702 0
4702 0
4702 0
4702 0
4702 0
4702 0
4702 0
4702 0
4702 0
4702 0
4702 24.47
4702 0
4702 0
4702 32.85
4702 0
4702 0
4702 0
4702 0
4702 0
4702 0
4706 0
4706 0
4706 0
4706 0
4706 0
4706 0
4706 0
4706 0
4706 0
4706 0
4706 0.72
4706 0
4706 0
4706 0
4706 0
4706 0
4706 0
4706 0
4706 0
4706 0
4706 0
4706 9.2
4706 0
4706 0
4706 9.72
4706 0
4706 0
4706 0
4706 0
4706 0
4706 0
4708 0
4708 0
4708 0
4708 0
4708 0
4708 0
4708 0
4708 0
4708 0
4708 0
4708 0.56
4708 0
4708 0
4708 0
4708 1.16
4708 0
4708 0
4708 0
4708 0
4708 0
4708 0
4708 1.09
4708 0
4708 0
4708 1.13
4708 0
4708 0
4708 0
4708 0
4708 0
4708 0
4724 0
4724 0
4724 0
4724 0
4724 0
4724 0
4724 0
4724 0
4724 0
4724 0
4724 0.58
4724 0
4724 0
4724 0
4724 2.61
4724 0
4724 0
4724 0
4724 0
4724 0
4724 0
4724 2.33
4724 0
4724 0
4724 2.32
4724 0
4724 0
4724 0
4724 0
4724 0
4724 0
4731 0
4731 0
4731 0
4731 0
4731 0
4731 0
4731 0
4731 0
4731 0
4731 0
4731 0.94
4731 0
4731 0
4731 0
4731 30.44
4731 0
4731 0
4731 0
4731 0
4731 0
4731 0
4731 1.12
4731 0
4731 0
4731 4.43
4731 0
4731 0
4731 0
4731 0
4731 0
4731 0
4735 0
4735 0
4735 0
4735 0
4735 0
4735 0
4735 0
4735 0
4735 0
4735 0
4735 1.58
4735 0
4735 0
4735 0
4735 0
4735 0
4735 0
4735 0
4735 0
4735 0
4735 0
4735 26.11
4735 0
4735 0
4735 37.08
4735 0
4735 0
4735 0
4735 0
4735 0
4735 0
4757 0
4757 0
4757 0
4757 0
4757 0
4757 0
4757 0
4757 0
4757 0
4757 0
4757 0.87
4757 0
4757 0
4757 0
4757 44.43
4757 0
4757 0
4757 0
4757 0
4757 0
4757 0
4757 1.28
4757 0
4757 0
4757 6.73
4757 0
4757 0
4757 0
4757 0
4757 0
4757 0
4766 0
4766 0
4766 0
4766 0
4766 0
4766 0
4766 0
4766 0
4766 0
4766 0
4766 1.58
4766 0
4766 0
4766 0
4766 0
4766 0
4766 0
4766 0
4766 0
4766 0
4766 0
4766 26.11
4766 0
4766 0
4766 37.08
4766 0
4766 0
4766 0
4766 0
4766 0
4766 0
4767 0
4767 0
4767 0
4767 0
4767 0
4767 0
4767 0
4767 0
4767 0
4767 0
4767 0.63
4767 0
4767 0
4767 0
4767 0
4767 0
4767 0
4767 0
4767 0
4767 0
4767 0
4767 3.68
4767 0
4767 0
4767 2.97
4767 0
4767 0
4767 0
4767 0
4767 0
4767 0
4778 0
4778 0
4778 0
4778 0
4778 0
4778 0
4778 0
4778 0
4778 0
4778 0
4778 0.79
4778 0
4778 0
4778 0
4778 1.4
4778 0
4778 0
4778 0
4778 0
4778 0
4778 0
4778 10.28
4778 0
4778 0
4778 2.81
4778 0
4778 0
4778 0
4778 0
4778 0
4778 0
4790 0
4790 0
4790 0
4790 0
4790 0
4790 0
4790 0
4790 0
4790 0
4790 0
4790 1.32
4790 0
4790 0
4790 0
4790 5.09
4790 0
4790 0
4790 0
4790 0
4790 0
4790 0
4790 1.96
4790 0
4790 0
4790 4.28
4790 0
4790 0
4790 0
4790 0
4790 0
4790 0
4791 0
4791 0
4791 0
4791 0
4791 0
4791 0
4791 0
4791 0
4791 0
4791 0
4791 1.58
4791 0
4791 0
4791 0
4791 0
4791 0
4791 0
4791 0
4791 0
4791 0
4791 0
4791 26.11
4791 0
4791 0
4791 37.08
4791 0
4791 0
4791 0
4791 0
4791 0
4791 0
4795 0
4795 0
4795 0
4795 0
4795 0
4795 0
4795 0
4795 0
4795 0
4795 0
4795 1.69
4795 0
4795 0
4795 0
4795 0
4795 0
4795 0
4795 0
4795 0
4795 0
4795 0
4795 22.6
4795 0
4795 0
4795 45.13
4795 0
4795 0
4795 0
4795 0
4795 0
4795 0
4806 0
4806 0
4806 0
4806 0
4806 0
4806 0
4806 0
4806 0
4806 0
4806 0
4806 0.9
4806 0
4806 0
4806 0
4806 0
4806 0
4806 0
4806 0
4806 0
4806 0
4806 0
4806 1.5
4806 0
4806 0
4806 47.16
4806 0
4806 0
4806 0
4806 0
4806 0
4806 0
4813 0
4813 0
4813 0
4813 0
4813 0
4813 0
4813 0
4813 0
4813 0
4813 0
4813 0.93
4813 0
4813 0
4813 0
4813 45
4813 0
4813 0
4813 0
4813 0
4813 0
4813 0
4813 1.72
4813 0
4813 0
4813 4.87
4813 0
4813 0
4813 0
4813 0
4813 0
4813 0
4841 0
4841 0
4841 0
4841 0
4841 0
4841 0
4841 0
4841 0
4841 0
4841 0
4841 0.94
4841 0
4841 0
4841 0
4841 0
4841 0
4841 0
4841 0
4841 0
4841 0
4841 0
4841 40.32
4841 0
4841 0
4841 35.2
4841 0
4841 0
4841 0
4841 0
4841 0
4841 0
4846 0
4846 0
4846 0
4846 0
4846 0
4846 0
4846 0
4846 0
4846 0
4846 0
4846 1.01
4846 0
4846 0
4846 0
4846 0
4846 0
4846 0
4846 0
4846 0
4846 0
4846 0
4846 3.69
4846 0
4846 0
4846 8.86
4846 0
4846 0
4846 0
4846 0
4846 0
4846 0
4855 0
4855 0
4855 0
4855 0
4855 0
4855 0
4855 0
4855 0
4855 0
4855 0
4855 1.64
4855 0
4855 0
4855 0
4855 0
4855 0
4855 0
4855 0
4855 0
4855 0
4855 0
4855 24.94
4855 0
4855 0
4855 33.57
4855 0
4855 0
4855 0
4855 0
4855 0
4855 0
4861 0
4861 0
4861 0
4861 0
4861 0
4861 0
4861 0
4861 0
4861 0
4861 0
4861 1.48
4861 0
4861 0
4861 0
4861 10.67
4861 0
4861 0
4861 0
4861 0
4861 0
4861 0
4861 1.66
4861 0
4861 0
4861 2.55
4861 0
4861 0
4861 0
4861 0
4861 0
4861 0
4865 0
4865 0
4865 0
4865 0
4865 0
4865 0
4865 0
4865 0
4865 0
4865 0
4865 0.95
4865 0
4865 0
4865 0
4865 0
4865 0
4865 0
4865 0
4865 0
4865 0
4865 0
4865 26.46
4865 0
4865 0
4865 57.33
4865 0
4865 0
4865 0
4865 0
4865 0
4865 0
4868 0
4868 0
4868 0
4868 0
4868 0
4868 0
4868 0
4868 0
4868 0
4868 0
4868 0.91
4868 0
4868 0
4868 0
4868 0
4868 0
4868 0
4868 0
4868 0
4868 0
4868 0
4868 6.45
4868 0
4868 0
4868 43.4
4868 0
4868 0
4868 0
4868 0
4868 0
4868 0
4879 0
4879 0
4879 0
4879 0
4879 0
4879 0
4879 0
4879 0
4879 0
4879 0
4879 0.59
4879 0
4879 0
4879 0
4879 4.7
4879 0
4879 0
4879 0
4879 0
4879 0
4879 0
4879 3.15
4879 0
4879 0
4879 5.46
4879 0
4879 0
4879 0
4879 0
4879 0
4879 0
4882 0
4882 0
4882 0
4882 0
4882 0
4882 0
4882 0
4882 0
4882 0
4882 0
4882 0.61
4882 0
4882 0
4882 0
4882 7.51
4882 0
4882 0
4882 0
4882 0
4882 0
4882 0
4882 0.93
4882 0
4882 0
4882 0.94
4882 0
4882 0
4882 0
4882 0
4882 0
4882 0
4892 0
4892 0
4892 0
4892 0
4892 0
4892 0
4892 0
4892 0
4892 0
4892 0
4892 0.91
4892 0
4892 0
4892 0
4892 30.44
4892 0
4892 0
4892 0
4892 0
4892 0
4892 0
4892 1.21
4892 0
4892 0
4892 3.8
4892 0
4892 0
4892 0
4892 0
4892 0
4892 0
4903 0
4903 0
4903 0
4903 0
4903 0
4903 0
4903 0
4903 0
4903 0
4903 0
4903 1.69
4903 0
4903 0
4903 0
4903 0
4903 0
4903 0
4903 0
4903 0
4903 0
4903 0
4903 24.47
4903 0
4903 0
4903 32.85
4903 0
4903 0
4903 0
4903 0
4903 0
4903 0
4907 0
4907 0
4907 0
4907 0
4907 0
4907 0
4907 0
4907 0
4907 0
4907 0
4907 0.92
4907 0
4907 0
4907 0
4907 31.74
4907 0
4907 0
4907 0
4907 0
4907 0
4907 0
4907 5.76
4907 0
4907 0
4907 37.5
4907 0
4907 0
4907 0
4907 0
4907 0
4907 0
4911 0
4911 0
4911 0
4911 0
4911 0
4911 0
4911 0
4911 0
4911 0
4911 0
4911 1.91
4911 0
4911 0
4911 0
4911 0
4911 0
4911 0
4911 0
4911 0
4911 0
4911 0
4911 50.78
4911 0
4911 0
4911 40.55
4911 0
4911 0
4911 0
4911 0
4911 0
4911 0
4923 0
4923 0
4923 0
4923 0
4923 0
4923 0
4923 0
4923 0
4923 0
4923 0
4923 0.93
4923 0
4923 0
4923 0
4923 9.9
4923 0
4923 0
4923 0
4923 0
4923 0
4923 0
4923 3.56
4923 0
4923 0
4923 16.15
4923 0
4923 0
4923 0
4923 0
4923 0
4923 0
4936 0
4936 0
4936 0
4936 0
4936 0
4936 0
4936 0
4936 0
4936 0
4936 0
4936 1.6
4936 0
4936 0
4936 0
4936 0
4936 0
4936 0
4936 0
4936 0
4936 0
4936 0
4936 28.48
4936 0
4936 0
4936 33.81
4936 0
4936 0
4936 0
4936 0
4936 0
4936 0
4940 0
4940 0
4940 0
4940 0
4940 0
4940 0
4940 0
4940 0
4940 0
4940 0
4940 1.68
4940 0
4940 0
4940 0
4940 0
4940 0
4940 0
4940 0
4940 0
4940 0
4940 0
4940 31.04
4940 0
4940 0
4940 0
4940 0
4940 0
4940 0
4940 0
4940 0
4940 0
4951 0
4951 0
4951 0
4951 0
4951 0
4951 0
4951 0
4951 0
4951 0
4951 0
4951 1.69
4951 0
4951 0
4951 0
4951 30.44
4951 0
4951 0
4951 0
4951 0
4951 0
4951 0
4951 8.69
4951 0
4951 0
4951 34.49
4951 0
4951 0
4951 0
4951 0
4951 0
4951 0
4954 0
4954 0
4954 0
4954 0
4954 0
4954 0
4954 0
4954 0
4954 0
4954 0
4954 0.71
4954 0
4954 0
4954 0
4954 29.66
4954 0
4954 0
4954 0
4954 0
4954 0
4954 0
4954 21
4954 0
4954 0
4954 3.27
4954 0
4954 0
4954 0
4954 0
4954 0
4954 0
4956 0
4956 0
4956 0
4956 0
4956 0
4956 0
4956 0
4956 0
4956 0
4956 0
4956 1.69
4956 0
4956 0
4956 0
4956 0
4956 0
4956 0
4956 0
4956 0
4956 0
4956 0
4956 22.6
4956 0
4956 0
4956 45.13
4956 0
4956 0
4956 0
4956 0
4956 0
4956 0
4968 0
4968 0
4968 0
4968 0
4968 0
4968 0
4968 0
4968 0
4968 0
4968 0
4968 9.36
4968 0
4968 0
4968 0
4968 0
4968 0
4968 0
4968 0
4968 0
4968 0
4968 0
4968 3.64
4968 0
4968 0
4968 5.34
4968 0
4968 0
4968 0
4968 0
4968 0
4968 0
4980 0
4980 0
4980 0
4980 0
4980 0
4980 0
4980 0
4980 0
4980 0
4980 0
4980 2.44
4980 0
4980 0
4980 0
4980 5.81
4980 0
4980 0
4980 0
4980 0
4980 0
4980 0
4980 3.41
4980 0
4980 0
4980 4.13
4980 0
4980 0
4980 0
4980 0
4980 0
4980 0
4992 0
4992 0
4992 0
4992 0
4992 0
4992 0
4992 0
4992 0
4992 0
4992 0
4992 1.58
4992 0
4992 0
4992 0
4992 0
4992 0
4992 0
4992 0
4992 0
4992 0
4992 0
4992 40.32
4992 0
4992 0
4992 56.85
4992 0
4992 0
4992 0
4992 0
4992 0
4992 0
5005 0
5005 0
5005 0
5005 0
5005 0
5005 0
5005 0
5005 0
5005 0
5005 0
5005 1.57
5005 0
5005 0
5005 0
5005 0
5005 0
5005 0
5005 0
5005 0
5005 0
5005 0
5005 55.01
5005 0
5005 0
5005 34.33
5005 0
5005 0
5005 0
5005 0
5005 0
5005 0
5024 0
5024 0
5024 0
5024 0
5024 0
5024 0
5024 0
5024 0
5024 0
5024 0
5024 0.57
5024 0
5024 0
5024 0
5024 22.74
5024 0
5024 0
5024 0
5024 0
5024 0
5024 0
5024 0.61
5024 0
5024 0
5024 0.5
5024 0
5024 0
5024 0
5024 0
5024 0
5024 0
5037 0
5037 0
5037 0
5037 0
5037 0
5037 0
5037 0
5037 0
5037 0
5037 0
5037 1.65
5037 0
5037 0
5037 0
5037 0
5037 0
5037 0
5037 0
5037 0
5037 0
5037 0
5037 34.7
5037 0
5037 0
5037 34.39
5037 0
5037 0
5037 0
5037 0
5037 0
5037 0
5046 0
5046 0
5046 0
5046 0
5046 0
5046 0
5046 0
5046 0
5046 0
5046 0
5046 0.88
5046 0
5046 0
5046 0
5046 0
5046 0
5046 0
5046 0
5046 0
5046 0
5046 0
5046 37.13
5046 0
5046 0
5046 22.7
5046 0
5046 0
5046 0
5046 0
5046 0
5046 0
5058 0
5058 0
5058 0
5058 0
5058 0
5058 0
5058 0
5058 0
5058 0
5058 0
5058 1.68
5058 0
5058 0
5058 0
5058 0
5058 0
5058 0
5058 0
5058 0
5058 0
5058 0
5058 31.04
5058 0
5058 0
5058 0
5058 0
5058 0
5058 0
5058 0
5058 0
5058 0
5082 0
5082 0
5082 0
5082 0
5082 0
5082 0
5082 0
5082 0
5082 0
5082 0
5082 1.58
5082 0
5082 0
5082 0
5082 0
5082 0
5082 0
5082 0
5082 0
5082 0
5082 0
5082 26.11
5082 0
5082 0
5082 37.08
5082 0
5082 0
5082 0
5082 0
5082 0
5082 0
5161 0
5161 0
5161 0
5161 0
5161 0
5161 0
5161 0
5161 0
5161 0
5161 0
5161 0.89
5161 0
5161 0
5161 0
5161 0
5161 0
5161 0
5161 0
5161 0
5161 0
5161 0
5161 35.13
5161 0
5161 0
5161 43.31
5161 0
5161 0
5161 0
5161 0
5161 0
5161 0
5188 0
5188 0
5188 0
5188 0
5188 0
5188 0
5188 0
5188 0
5188 0
5188 0
5188 0.9
5188 0
5188 0
5188 0
5188 8.01
5188 0
5188 0
5188 0
5188 0
5188 0
5188 0
5188 3.67
5188 0
5188 0
5188 8.71
5188 0
5188 0
5188 0
5188 0
5188 0
5188 0
5195 0
5195 0
5195 0
5195 0
5195 0
5195 0
5195 0
5195 0
5195 0
5195 0
5195 1.56
5195 0
5195 0
5195 0
5195 35.7
5195 0
5195 0
5195 0
5195 0
5195 0
5195 0
5195 41.36
5195 0
5195 0
5195 39.37
5195 0
5195 0
5195 0
5195 0
5195 0
5195 0
5215 0
5215 0
5215 0
5215 0
5215 0
5215 0
5215 0
5215 0
5215 0
5215 0
5215 0.61
5215 0
5215 0
5215 0
5215 28.98
5215 0
5215 0
5215 0
5215 0
5215 0
5215 0
5215 0.86
5215 0
5215 0
5215 3.99
5215 0
5215 0
5215 0
5215 0
5215 0
5215 0
5251 0
5251 0
5251 0
5251 0
5251 0
5251 0
5251 0
5251 0
5251 0
5251 0
5251 0.63
5251 0
5251 0
5251 0
5251 0
5251 0
5251 0
5251 0
5251 0
5251 0
5251 0
5251 6.69
5251 0
5251 0
5251 8.38
5251 0
5251 0
5251 0
5251 0
5251 0
5251 0
5260 0
5260 0
5260 0
5260 0
5260 0
5260 0
5260 0
5260 0
5260 0
5260 0
5260 1.56
5260 0
5260 0
5260 0
5260 0
5260 0
5260 0
5260 0
5260 0
5260 0
5260 0
5260 34.58
5260 0
5260 0
5260 37.04
5260 0
5260 0
5260 0
5260 0
5260 0
5260 0
5290 0
5290 0
5290 0
5290 0
5290 0
5290 0
5290 0
5290 0
5290 0
5290 0
5290 1.55
5290 0
5290 0
5290 0
5290 34.57
5290 0
5290 0
5290 0
5290 0
5290 0
5290 0
5290 4.11
5290 0
5290 0
5290 31.02
5290 0
5290 0
5290 0
5290 0
5290 0
5290 0
5349 0
5349 0
5349 0
5349 0
5349 0
5349 0
5349 0
5349 0
5349 0
5349 0
5349 0.92
5349 0
5349 0
5349 0
5349 33.39
5349 0
5349 0
5349 0
5349 0
5349 0
5349 0
5349 11.19
5349 0
5349 0
5349 40.69
5349 0
5349 0
5349 0
5349 0
5349 0
5349 0
5391 0
5391 0
5391 0
5391 0
5391 0
5391 0
5391 0
5391 0
5391 0
5391 0
5391 0.96
5391 0
5391 0
5391 0
5391 0
5391 0
5391 0
5391 0
5391 0
5391 0
5391 0
5391 1.6
5391 0
5391 0
5391 2.11
5391 0
5391 0
5391 0
5391 0
5391 0
5391 0
5450 0
5450 0
5450 0
5450 0
5450 0
5450 0
5450 0
5450 0
5450 0
5450 0
5450 36.25
5450 0
5450 0
5450 0
5450 0
5450 0
5450 0
5450 0
5450 0
5450 0
5450 0
5450 21.83
5450 0
5450 0
5450 41.65
5450 0
5450 0
5450 0
5450 0
5450 0
5450 0
5500 0
5500 0
5500 0
5500 0
5500 0
5500 0
5500 0
5500 0
5500 0
5500 0
5500 36.25
5500 0
5500 0
5500 0
5500 0
5500 0
5500 0
5500 0
5500 0
5500 0
5500 0
5500 21.83
5500 0
5500 0
5500 41.65
5500 0
5500 0
5500 0
5500 0
5500 0
5500 0
5516 0
5516 0
5516 0
5516 0
5516 0
5516 0
5516 0
5516 0
5516 0
5516 0
5516 1.6
5516 0
5516 0
5516 0
5516 0
5516 0
5516 0
5516 0
5516 0
5516 0
5516 0
5516 31.92
5516 0
5516 0
5516 21.5
5516 0
5516 0
5516 0
5516 0
5516 0
5516 0
5531 0
5531 0
5531 0
5531 0
5531 0
5531 0
5531 0
5531 0
5531 0
5531 0
5531 27.08
5531 0
5531 0
5531 0
5531 0
5531 0
5531 0
5531 0
5531 0
5531 0
5531 0
5531 19.5
5531 0
5531 0
5531 40.56
5531 0
5531 0
5531 0
5531 0
5531 0
5531 0
5613 0
5613 0
5613 0
5613 0
5613 0
5613 0
5613 0
5613 0
5613 0
5613 0
5613 36.25
5613 0
5613 0
5613 0
5613 0
5613 0
5613 0
5613 0
5613 0
5613 0
5613 0
5613 21.83
5613 0
5613 0
5613 41.65
5613 0
5613 0
5613 0
5613 0
5613 0
5613 0
5670 0
5670 0
5670 0
5670 0
5670 0
5670 0
5670 0
5670 0
5670 0
5670 0
5670 36.25
5670 0
5670 0
5670 0
5670 0
5670 0
5670 0
5670 0
5670 0
5670 0
5670 0
5670 21.83
5670 0
5670 0
5670 41.65
5670 0
5670 0
5670 0
5670 0
5670 0
5670 0
5778 0
5778 0
5778 0
5778 0
5778 0
5778 0
5778 0
5778 0
5778 0
5778 0
5778 1.6
5778 0
5778 0
5778 0
5778 0
5778 0
5778 0
5778 0
5778 0
5778 0
5778 0
5778 31.92
5778 0
5778 0
5778 21.5
5778 0
5778 0
5778 0
5778 0
5778 0
5778 0
5828 0
5828 0
5828 0
5828 0
5828 0
5828 0
5828 0
5828 0
5828 0
5828 0
5828 36.25
5828 0
5828 0
5828 0
5828 0
5828 0
5828 0
5828 0
5828 0
5828 0
5828 0
5828 21.83
5828 0
5828 0
5828 41.65
5828 0
5828 0
5828 0
5828 0
5828 0
5828 0
8351 0
8351 0
8351 0
8351 0
8351 0
8351 0
8351 0
8351 0
8351 0
8351 0
8351 1.61
8351 0
8351 0
8351 0
8351 40.58
8351 0
8351 0
8351 0
8351 0
8351 0
8351 0
8351 1.55
8351 0
8351 0
8351 35.77
8351 0
8351 0
8351 0
8351 0
8351 0
8351 0
8367 0
8367 0
8367 0
8367 0
8367 0
8367 0
8367 0
8367 0
8367 0
8367 0
8367 1.67
8367 0
8367 0
8367 0
8367 45.71
8367 0
8367 0
8367 0
8367 0
8367 0
8367 0
8367 1.56
8367 0
8367 0
8367 0
8367 0
8367 0
8367 0
8367 0
8367 0
8367 0
8402 0
8402 0
8402 0
8402 0
8402 0
8402 0
8402 0
8402 0
8402 0
8402 0
8402 1.61
8402 0
8402 0
8402 0
8402 40.58
8402 0
8402 0
8402 0
8402 0
8402 0
8402 0
8402 1.55
8402 0
8402 0
8402 35.77
8402 0
8402 0
8402 0
8402 0
8402 0
8402 0
8404 0
8404 0
8404 0
8404 0
8404 0
8404 0
8404 0
8404 0
8404 0
8404 0
8404 1.66
8404 0
8404 0
8404 0
8404 36.02
8404 0
8404 0
8404 0
8404 0
8404 0
8404 0
8404 1.56
8404 0
8404 0
8404 0
8404 0
8404 0
8404 0
8404 0
8404 0
8404 0
8428 0
8428 0
8428 0
8428 0
8428 0
8428 0
8428 0
8428 0
8428 0
8428 0
8428 1.69
8428 0
8428 0
8428 0
8428 40.58
8428 0
8428 0
8428 0
8428 0
8428 0
8428 0
8428 1.56
8428 0
8428 0
8428 32.67
8428 0
8428 0
8428 0
8428 0
8428 0
8428 0
8429 0
8429 0
8429 0
8429 0
8429 0
8429 0
8429 0
8429 0
8429 0
8429 0
8429 0.85
8429 0
8429 0
8429 0
8429 8.77
8429 0
8429 0
8429 0
8429 0
8429 0
8429 0
8429 0.87
8429 0
8429 0
8429 29.68
8429 0
8429 0
8429 0
8429 0
8429 0
8429 0
8438 0
8438 0
8438 0
8438 0
8438 0
8438 0
8438 0
8438 0
8438 0
8438 0
8438 1.69
8438 0
8438 0
8438 0
8438 40.58
8438 0
8438 0
8438 0
8438 0
8438 0
8438 0
8438 1.56
8438 0
8438 0
8438 32.67
8438 0
8438 0
8438 0
8438 0
8438 0
8438 0
8444 0
8444 0
8444 0
8444 0
8444 0
8444 0
8444 0
8444 0
8444 0
8444 0
8444 1.61
8444 0
8444 0
8444 0
8444 40.58
8444 0
8444 0
8444 0
8444 0
8444 0
8444 0
8444 1.55
8444 0
8444 0
8444 35.77
8444 0
8444 0
8444 0
8444 0
8444 0
8444 0
8448 0
8448 0
8448 0
8448 0
8448 0
8448 0
8448 0
8448 0
8448 0
8448 0
8448 1.69
8448 0
8448 0
8448 0
8448 40.58
8448 0
8448 0
8448 0
8448 0
8448 0
8448 0
8448 1.56
8448 0
8448 0
8448 32.67
8448 0
8448 0
8448 0
8448 0
8448 0
8448 0
8455 0
8455 0
8455 0
8455 0
8455 0
8455 0
8455 0
8455 0
8455 0
8455 0
8455 2.99
8455 0
8455 0
8455 0
8455 22.22
8455 0
8455 0
8455 0
8455 0
8455 0
8455 0
8455 1.62
8455 0
8455 0
8455 0
8455 0
8455 0
8455 0
8455 0
8455 0
8455 0
8466 0
8466 0
8466 0
8466 0
8466 0
8466 0
8466 0
8466 0
8466 0
8466 0
8466 1.67
8466 0
8466 0
8466 0
8466 27.9
8466 0
8466 0
8466 0
8466 0
8466 0
8466 0
8466 1.5
8466 0
8466 0
8466 38.37
8466 0
8466 0
8466 0
8466 0
8466 0
8466 0
8467 0
8467 0
8467 0
8467 0
8467 0
8467 0
8467 0
8467 0
8467 0
8467 0
8467 0.97
8467 0
8467 0
8467 0
8467 2.85
8467 0
8467 0
8467 0
8467 0
8467 0
8467 0
8467 0.94
8467 0
8467 0
8467 32.67
8467 0
8467 0
8467 0
8467 0
8467 0
8467 0
8473 0
8473 0
8473 0
8473 0
8473 0
8473 0
8473 0
8473 0
8473 0
8473 0
8473 1.69
8473 0
8473 0
8473 0
8473 40.58
8473 0
8473 0
8473 0
8473 0
8473 0
8473 0
8473 1.56
8473 0
8473 0
8473 32.67
8473 0
8473 0
8473 0
8473 0
8473 0
8473 0
8479 0
8479 0
8479 0
8479 0
8479 0
8479 0
8479 0
8479 0
8479 0
8479 0
8479 4.23
8479 0
8479 0
8479 0
8479 28.52
8479 0
8479 0
8479 0
8479 0
8479 0
8479 0
8479 1.64
8479 0
8479 0
8479 0
8479 0
8479 0
8479 0
8479 0
8479 0
8479 0
8491 0
8491 0
8491 0
8491 0
8491 0
8491 0
8491 0
8491 0
8491 0
8491 0
8491 1.69
8491 0
8491 0
8491 0
8491 28.89
8491 0
8491 0
8491 0
8491 0
8491 0
8491 0
8491 1.56
8491 0
8491 0
8491 41.41
8491 0
8491 0
8491 0
8491 0
8491 0
8491 0
8509 0
8509 0
8509 0
8509 0
8509 0
8509 0
8509 0
8509 0
8509 0
8509 0
8509 0.96
8509 0
8509 0
8509 0
8509 41.94
8509 0
8509 0
8509 0
8509 0
8509 0
8509 0
8509 0.95
8509 0
8509 0
8509 35.79
8509 0
8509 0
8509 0
8509 0
8509 0
8509 0
8520 0
8520 0
8520 0
8520 0
8520 0
8520 0
8520 0
8520 0
8520 0
8520 0
8520 1.64
8520 0
8520 0
8520 0
8520 41.57
8520 0
8520 0
8520 0
8520 0
8520 0
8520 0
8520 35.86
8520 0
8520 0
8520 30.42
8520 0
8520 0
8520 0
8520 0
8520 0
8520 0
8540 0
8540 0
8540 0
8540 0
8540 0
8540 0
8540 0
8540 0
8540 0
8540 0
8540 1.69
8540 0
8540 0
8540 0
8540 40.58
8540 0
8540 0
8540 0
8540 0
8540 0
8540 0
8540 1.56
8540 0
8540 0
8540 32.67
8540 0
8540 0
8540 0
8540 0
8540 0
8540 0
8564 0
8564 0
8564 0
8564 0
8564 0
8564 0
8564 0
8564 0
8564 0
8564 0
8564 1.53
8564 0
8564 0
8564 0
8564 31.68
8564 0
8564 0
8564 0
8564 0
8564 0
8564 0
8564 1.62
8564 0
8564 0
8564 27.56
8564 0
8564 0
8564 0
8564 0
8564 0
8564 0
8571 0
8571 0
8571 0
8571 0
8571 0
8571 0
8571 0
8571 0
8571 0
8571 0
8571 0.91
8571 0
8571 0
8571 0
8571 15.6
8571 0
8571 0
8571 0
8571 0
8571 0
8571 0
8571 0.92
8571 0
8571 0
8571 40.28
8571 0
8571 0
8571 0
8571 0
8571 0
8571 0
8604 0
8604 0
8604 0
8604 0
8604 0
8604 0
8604 0
8604 0
8604 0
8604 0
8604 0.6
8604 0
8604 0
8604 0
8604 9.52
8604 0
8604 0
8604 0
8604 0
8604 0
8604 0
8604 0.78
8604 0
8604 0
8604 2.72
8604 0
8604 0
8604 0
8604 0
8604 0
8604 0
8644 0
8644 0
8644 0
8644 0
8644 0
8644 0
8644 0
8644 0
8644 0
8644 0
8644 0.96
8644 0
8644 0
8644 0
8644 67.01
8644 0
8644 0
8644 0
8644 0
8644 0
8644 0
8644 0.95
8644 0
8644 0
8644 9.36
8644 0
8644 0
8644 0
8644 0
8644 0
8644 0
8645 0
8645 0
8645 0
8645 0
8645 0
8645 0
8645 0
8645 0
8645 0
8645 0
8645 1.09
8645 0
8645 0
8645 0
8645 2.8
8645 0
8645 0
8645 0
8645 0
8645 0
8645 0
8645 0.97
8645 0
8645 0
8645 35.77
8645 0
8645 0
8645 0
8645 0
8645 0
8645 0
8655 0
8655 0
8655 0
8655 0
8655 0
8655 0
8655 0
8655 0
8655 0
8655 0
8655 1.53
8655 0
8655 0
8655 0
8655 31.68
8655 0
8655 0
8655 0
8655 0
8655 0
8655 0
8655 1.62
8655 0
8655 0
8655 27.56
8655 0
8655 0
8655 0
8655 0
8655 0
8655 0
8666 0
8666 0
8666 0
8666 0
8666 0
8666 0
8666 0
8666 0
8666 0
8666 0
8666 1.61
8666 0
8666 0
8666 0
8666 40.58
8666 0
8666 0
8666 0
8666 0
8666 0
8666 0
8666 1.55
8666 0
8666 0
8666 35.77
8666 0
8666 0
8666 0
8666 0
8666 0
8666 0
8681 0
8681 0
8681 0
8681 0
8681 0
8681 0
8681 0
8681 0
8681 0
8681 0
8681 0.96
8681 0
8681 0
8681 0
8681 7.03
8681 0
8681 0
8681 0
8681 0
8681 0
8681 0
8681 0.94
8681 0
8681 0
8681 0
8681 0
8681 0
8681 0
8681 0
8681 0
8681 0
8708 0
8708 0
8708 0
8708 0
8708 0
8708 0
8708 0
8708 0
8708 0
8708 0
8708 1.53
8708 0
8708 0
8708 0
8708 31.68
8708 0
8708 0
8708 0
8708 0
8708 0
8708 0
8708 1.62
8708 0
8708 0
8708 27.56
8708 0
8708 0
8708 0
8708 0
8708 0
8708 0
8729 0
8729 0
8729 0
8729 0
8729 0
8729 0
8729 0
8729 0
8729 0
8729 0
8729 1.62
8729 0
8729 0
8729 0
8729 32.92
8729 0
8729 0
8729 0
8729 0
8729 0
8729 0
8729 25.48
8729 0
8729 0
8729 29.68
8729 0
8729 0
8729 0
8729 0
8729 0
8729 0
8735 0
8735 0
8735 0
8735 0
8735 0
8735 0
8735 0
8735 0
8735 0
8735 0
8735 1.61
8735 0
8735 0
8735 0
8735 40.58
8735 0
8735 0
8735 0
8735 0
8735 0
8735 0
8735 1.55
8735 0
8735 0
8735 35.77
8735 0
8735 0
8735 0
8735 0
8735 0
8735 0
8736 0
8736 0
8736 0
8736 0
8736 0
8736 0
8736 0
8736 0
8736 0
8736 0
8736 1.62
8736 0
8736 0
8736 0
8736 32.92
8736 0
8736 0
8736 0
8736 0
8736 0
8736 0
8736 25.48
8736 0
8736 0
8736 29.68
8736 0
8736 0
8736 0
8736 0
8736 0
8736 0
8749 0
8749 0
8749 0
8749 0
8749 0
8749 0
8749 0
8749 0
8749 0
8749 0
8749 0.61
8749 0
8749 0
8749 0
8749 17.55
8749 0
8749 0
8749 0
8749 0
8749 0
8749 0
8749 3.69
8749 0
8749 0
8749 12.85
8749 0
8749 0
8749 0
8749 0
8749 0
8749 0
8760 0
8760 0
8760 0
8760 0
8760 0
8760 0
8760 0
8760 0
8760 0
8760 0
8760 1.62
8760 0
8760 0
8760 0
8760 28.89
8760 0
8760 0
8760 0
8760 0
8760 0
8760 0
8760 1.56
8760 0
8760 0
8760 35.79
8760 0
8760 0
8760 0
8760 0
8760 0
8760 0
8773 0
8773 0
8773 0
8773 0
8773 0
8773 0
8773 0
8773 0
8773 0
8773 0
8773 2.99
8773 0
8773 0
8773 0
8773 22.22
8773 0
8773 0
8773 0
8773 0
8773 0
8773 0
8773 1.62
8773 0
8773 0
8773 0
8773 0
8773 0
8773 0
8773 0
8773 0
8773 0
8808 0
8808 0
8808 0
8808 0
8808 0
8808 0
8808 0
8808 0
8808 0
8808 0
8808 1.55
8808 0
8808 0
8808 0
8808 31.18
8808 0
8808 0
8808 0
8808 0
8808 0
8808 0
8808 1.62
8808 0
8808 0
8808 43.68
8808 0
8808 0
8808 0
8808 0
8808 0
8808 0
8824 0
8824 0
8824 0
8824 0
8824 0
8824 0
8824 0
8824 0
8824 0
8824 0
8824 1.48
8824 0
8824 0
8824 0
8824 1.85
8824 0
8824 0
8824 0
8824 0
8824 0
8824 0
8824 1.57
8824 0
8824 0
8824 49.53
8824 0
8824 0
8824 0
8824 0
8824 0
8824 0
8826 0
8826 0
8826 0
8826 0
8826 0
8826 0
8826 0
8826 0
8826 0
8826 0
8826 0.6
8826 0
8826 0
8826 0
8826 13.48
8826 0
8826 0
8826 0
8826 0
8826 0
8826 0
8826 0.74
8826 0
8826 0
8826 3.93
8826 0
8826 0
8826 0
8826 0
8826 0
8826 0
8831 0
8831 0
8831 0
8831 0
8831 0
8831 0
8831 0
8831 0
8831 0
8831 0
8831 1.67
8831 0
8831 0
8831 0
8831 45.71
8831 0
8831 0
8831 0
8831 0
8831 0
8831 0
8831 1.56
8831 0
8831 0
8831 0
8831 0
8831 0
8831 0
8831 0
8831 0
8831 0
8844 0
8844 0
8844 0
8844 0
8844 0
8844 0
8844 0
8844 0
8844 0
8844 0
8844 0.94
8844 0
8844 0
8844 0
8844 43.95
8844 0
8844 0
8844 0
8844 0
8844 0
8844 0
8844 1.1
8844 0
8844 0
8844 45.78
8844 0
8844 0
8844 0
8844 0
8844 0
8844 0
8858 0
8858 0
8858 0
8858 0
8858 0
8858 0
8858 0
8858 0
8858 0
8858 0
8858 1.48
8858 0
8858 0
8858 0
8858 2.57
8858 0
8858 0
8858 0
8858 0
8858 0
8858 0
8858 1.56
8858 0
8858 0
8858 40.78
8858 0
8858 0
8858 0
8858 0
8858 0
8858 0
8862 0
8862 0
8862 0
8862 0
8862 0
8862 0
8862 0
8862 0
8862 0
8862 0
8862 1.62
8862 0
8862 0
8862 0
8862 32.92
8862 0
8862 0
8862 0
8862 0
8862 0
8862 0
8862 25.48
8862 0
8862 0
8862 29.68
8862 0
8862 0
8862 0
8862 0
8862 0
8862 0
8876 0
8876 0
8876 0
8876 0
8876 0
8876 0
8876 0
8876 0
8876 0
8876 0
8876 1.48
8876 0
8876 0
8876 0
8876 2.57
8876 0
8876 0
8876 0
8876 0
8876 0
8876 0
8876 1.56
8876 0
8876 0
8876 40.78
8876 0
8876 0
8876 0
8876 0
8876 0
8876 0
8883 0
8883 0
8883 0
8883 0
8883 0
8883 0
8883 0
8883 0
8883 0
8883 0
8883 2.99
8883 0
8883 0
8883 0
8883 22.22
8883 0
8883 0
8883 0
8883 0
8883 0
8883 0
8883 1.62
8883 0
8883 0
8883 0
8883 0
8883 0
8883 0
8883 0
8883 0
8883 0
8917 0
8917 0
8917 0
8917 0
8917 0
8917 0
8917 0
8917 0
8917 0
8917 0
8917 1.53
8917 0
8917 0
8917 0
8917 31.68
8917 0
8917 0
8917 0
8917 0
8917 0
8917 0
8917 1.62
8917 0
8917 0
8917 27.56
8917 0
8917 0
8917 0
8917 0
8917 0
8917 0
8925 0
8925 0
8925 0
8925 0
8925 0
8925 0
8925 0
8925 0
8925 0
8925 0
8925 1.48
8925 0
8925 0
8925 0
8925 2.57
8925 0
8925 0
8925 0
8925 0
8925 0
8925 0
8925 1.56
8925 0
8925 0
8925 40.78
8925 0
8925 0
8925 0
8925 0
8925 0
8925 0
8932 0
8932 0
8932 0
8932 0
8932 0
8932 0
8932 0
8932 0
8932 0
8932 0
8932 0.47
8932 0
8932 0
8932 0
8932 1.08
8932 0
8932 0
8932 0
8932 0
8932 0
8932 0
8932 0.49
8932 0
8932 0
8932 0.94
8932 0
8932 0
8932 0
8932 0
8932 0
8932 0
8955 0
8955 0
8955 0
8955 0
8955 0
8955 0
8955 0
8955 0
8955 0
8955 0
8955 1.48
8955 0
8955 0
8955 0
8955 2.57
8955 0
8955 0
8955 0
8955 0
8955 0
8955 0
8955 1.56
8955 0
8955 0
8955 40.78
8955 0
8955 0
8955 0
8955 0
8955 0
8955 0
8991 0
8991 0
8991 0
8991 0
8991 0
8991 0
8991 0
8991 0
8991 0
8991 0
8991 0.69
8991 0
8991 0
8991 0
8991 23.11
8991 0
8991 0
8991 0
8991 0
8991 0
8991 0
8991 0.96
8991 0
8991 0
8991 28.33
8991 0
8991 0
8991 0
8991 0
8991 0
8991 0
9009 0
9009 0
9009 0
9009 0
9009 0
9009 0
9009 0
9009 0
9009 0
9009 0
9009 0.59
9009 0
9009 0
9009 0
9009 1.11
9009 0
9009 0
9009 0
9009 0
9009 0
9009 0
9009 0.94
9009 0
9009 0
9009 40.78
9009 0
9009 0
9009 0
9009 0
9009 0
9009 0
9061 0
9061 0
9061 0
9061 0
9061 0
9061 0
9061 0
9061 0
9061 0
9061 0
9061 1.48
9061 0
9061 0
9061 0
9061 3.27
9061 0
9061 0
9061 0
9061 0
9061 0
9061 0
9061 1.56
9061 0
9061 0
9061 42.53
9061 0
9061 0
9061 0
9061 0
9061 0
9061 0
