pt_graph cpue_kghour
1654 0
1654 0
1654 0
1654 0
1654 0
1654 0
1654 0
1654 0
1654 0
1654 0
1654 2
1654 0
1654 0
1654 0
1654 0
1654 0
1654 0
1654 0
1654 0
1654 0
1654 0
1654 3
1654 0
1654 0
1654 11
1654 0
1654 0
1654 0
1654 0
1654 0
1654 0
1742 0
1742 0
1742 0
1742 0
1742 0
1742 0
1742 0
1742 0
1742 0
1742 0
1742 0
1742 0
1742 0
1742 0
1742 0
1742 0
1742 0
1742 0
1742 0
1742 0
1742 0
1742 11
1742 0
1742 0
1742 14
1742 0
1742 0
1742 0
1742 0
1742 0
1742 0
1839 0
1839 0
1839 0
1839 0
1839 0
1839 0
1839 0
1839 0
1839 0
1839 0
1839 2
1839 0
1839 0
1839 0
1839 0
1839 0
1839 0
1839 0
1839 0
1839 0
1839 0
1839 4
1839 0
1839 0
1839 11
1839 0
1839 0
1839 0
1839 0
1839 0
1839 0
1948 0
1948 0
1948 0
1948 0
1948 0
1948 0
1948 0
1948 0
1948 0
1948 0
1948 5
1948 0
1948 0
1948 0
1948 0
1948 0
1948 0
1948 0
1948 0
1948 0
1948 0
1948 14
1948 0
1948 0
1948 28
1948 0
1948 0
1948 0
1948 0
1948 0
1948 0
1967 0
1967 0
1967 0
1967 0
1967 0
1967 0
1967 0
1967 0
1967 0
1967 0
1967 2
1967 0
1967 0
1967 0
1967 0
1967 0
1967 0
1967 0
1967 0
1967 0
1967 0
1967 4
1967 0
1967 0
1967 11
1967 0
1967 0
1967 0
1967 0
1967 0
1967 0
2158 0
2158 0
2158 0
2158 0
2158 0
2158 0
2158 0
2158 0
2158 0
2158 0
2158 2
2158 0
2158 0
2158 0
2158 0
2158 0
2158 0
2158 0
2158 0
2158 0
2158 0
2158 3
2158 0
2158 0
2158 11
2158 0
2158 0
2158 0
2158 0
2158 0
2158 0
6952 0
6952 0
6952 0
6952 0
6952 0
6952 0
6952 0
6952 0
6952 0
6952 0
6952 73
6952 0
6952 0
6952 0
6952 0
6952 0
6952 0
6952 0
6952 0
6952 0
6952 0
6952 0
6952 0
6952 0
6952 0
6952 0
6952 0
6952 0
6952 0
6952 0
6952 0
7398 0
7398 0
7398 0
7398 0
7398 0
7398 0
7398 0
7398 0
7398 0
7398 0
7398 72
7398 0
7398 0
7398 0
7398 0
7398 0
7398 0
7398 0
7398 0
7398 0
7398 0
7398 0
7398 0
7398 0
7398 0
7398 0
7398 0
7398 0
7398 0
7398 0
7398 0
8533 0
8533 0
8533 0
8533 0
8533 0
8533 0
8533 0
8533 0
8533 0
8533 0
8533 172
8533 0
8533 0
8533 0
8533 0
8533 0
8533 0
8533 0
8533 0
8533 0
8533 0
8533 0
8533 0
8533 0
8533 0
8533 0
8533 0
8533 0
8533 0
8533 0
8533 0
8564 0
8564 0
8564 0
8564 0
8564 0
8564 0
8564 0
8564 0
8564 0
8564 0
8564 156
8564 0
8564 0
8564 0
8564 3
8564 0
8564 0
8564 0
8564 0
8564 0
8564 0
8564 6
8564 0
8564 0
8564 6
8564 0
8564 0
8564 0
8564 0
8564 0
8564 0
8625 0
8625 0
8625 0
8625 0
8625 0
8625 0
8625 0
8625 0
8625 0
8625 0
8625 243
8625 0
8625 0
8625 0
8625 0
8625 0
8625 0
8625 0
8625 0
8625 0
8625 0
8625 3
8625 0
8625 0
8625 3
8625 0
8625 0
8625 0
8625 0
8625 0
8625 0
8631 0
8631 0
8631 0
8631 0
8631 0
8631 0
8631 0
8631 0
8631 0
8631 0
8631 173
8631 0
8631 0
8631 0
8631 1
8631 0
8631 0
8631 0
8631 0
8631 0
8631 0
8631 4
8631 0
8631 0
8631 0
8631 0
8631 0
8631 0
8631 0
8631 0
8631 0
8655 0
8655 0
8655 0
8655 0
8655 0
8655 0
8655 0
8655 0
8655 0
8655 0
8655 181
8655 0
8655 0
8655 0
8655 2
8655 0
8655 0
8655 0
8655 0
8655 0
8655 0
8655 0
8655 0
8655 0
8655 0
8655 0
8655 0
8655 0
8655 0
8655 0
8655 0
8669 0
8669 0
8669 0
8669 0
8669 0
8669 0
8669 0
8669 0
8669 0
8669 0
8669 104
8669 0
8669 0
8669 0
8669 1
8669 0
8669 0
8669 0
8669 0
8669 0
8669 0
8669 4
8669 0
8669 0
8669 3
8669 0
8669 0
8669 0
8669 0
8669 0
8669 0
8677 0
8677 0
8677 0
8677 0
8677 0
8677 0
8677 0
8677 0
8677 0
8677 0
8677 247
8677 0
8677 0
8677 0
8677 0
8677 0
8677 0
8677 0
8677 0
8677 0
8677 0
8677 3
8677 0
8677 0
8677 3
8677 0
8677 0
8677 0
8677 0
8677 0
8677 0
8682 0
8682 0
8682 0
8682 0
8682 0
8682 0
8682 0
8682 0
8682 0
8682 0
8682 192
8682 0
8682 0
8682 0
8682 1
8682 0
8682 0
8682 0
8682 0
8682 0
8682 0
8682 3
8682 0
8682 0
8682 2
8682 0
8682 0
8682 0
8682 0
8682 0
8682 0
8699 0
8699 0
8699 0
8699 0
8699 0
8699 0
8699 0
8699 0
8699 0
8699 0
8699 116
8699 0
8699 0
8699 0
8699 1
8699 0
8699 0
8699 0
8699 0
8699 0
8699 0
8699 1
8699 0
8699 0
8699 0
8699 0
8699 0
8699 0
8699 0
8699 0
8699 0
8713 0
8713 0
8713 0
8713 0
8713 0
8713 0
8713 0
8713 0
8713 0
8713 0
8713 103
8713 0
8713 0
8713 0
8713 1
8713 0
8713 0
8713 0
8713 0
8713 0
8713 0
8713 4
8713 0
8713 0
8713 3
8713 0
8713 0
8713 0
8713 0
8713 0
8713 0
8718 0
8718 0
8718 0
8718 0
8718 0
8718 0
8718 0
8718 0
8718 0
8718 0
8718 150
8718 0
8718 0
8718 0
8718 0
8718 0
8718 0
8718 0
8718 0
8718 0
8718 0
8718 3
8718 0
8718 0
8718 2
8718 0
8718 0
8718 0
8718 0
8718 0
8718 0
8728 0
8728 0
8728 0
8728 0
8728 0
8728 0
8728 0
8728 0
8728 0
8728 0
8728 116
8728 0
8728 0
8728 0
8728 0
8728 0
8728 0
8728 0
8728 0
8728 0
8728 0
8728 7
8728 0
8728 0
8728 0
8728 0
8728 0
8728 0
8728 0
8728 0
8728 0
8818 0
8818 0
8818 0
8818 0
8818 0
8818 0
8818 0
8818 0
8818 0
8818 0
8818 129
8818 0
8818 0
8818 0
8818 3
8818 0
8818 0
8818 0
8818 0
8818 0
8818 0
8818 8
8818 0
8818 0
8818 4
8818 0
8818 0
8818 0
8818 0
8818 0
8818 0
8821 0
8821 0
8821 0
8821 0
8821 0
8821 0
8821 0
8821 0
8821 0
8821 0
8821 243
8821 0
8821 0
8821 0
8821 0
8821 0
8821 0
8821 0
8821 0
8821 0
8821 0
8821 3
8821 0
8821 0
8821 3
8821 0
8821 0
8821 0
8821 0
8821 0
8821 0
8833 0
8833 0
8833 0
8833 0
8833 0
8833 0
8833 0
8833 0
8833 0
8833 0
8833 103
8833 0
8833 0
8833 0
8833 3
8833 0
8833 0
8833 0
8833 0
8833 0
8833 0
8833 9
8833 0
8833 0
8833 2
8833 0
8833 0
8833 0
8833 0
8833 0
8833 0
8841 0
8841 0
8841 0
8841 0
8841 0
8841 0
8841 0
8841 0
8841 0
8841 0
8841 178
8841 0
8841 0
8841 0
8841 2
8841 0
8841 0
8841 0
8841 0
8841 0
8841 0
8841 0
8841 0
8841 0
8841 0
8841 0
8841 0
8841 0
8841 0
8841 0
8841 0
8856 0
8856 0
8856 0
8856 0
8856 0
8856 0
8856 0
8856 0
8856 0
8856 0
8856 177
8856 0
8856 0
8856 0
8856 1
8856 0
8856 0
8856 0
8856 0
8856 0
8856 0
8856 0
8856 0
8856 0
8856 0
8856 0
8856 0
8856 0
8856 0
8856 0
8856 0
8863 0
8863 0
8863 0
8863 0
8863 0
8863 0
8863 0
8863 0
8863 0
8863 0
8863 135
8863 0
8863 0
8863 0
8863 2
8863 0
8863 0
8863 0
8863 0
8863 0
8863 0
8863 3
8863 0
8863 0
8863 3
8863 0
8863 0
8863 0
8863 0
8863 0
8863 0
8894 0
8894 0
8894 0
8894 0
8894 0
8894 0
8894 0
8894 0
8894 0
8894 0
8894 52
8894 0
8894 0
8894 0
8894 0
8894 0
8894 0
8894 0
8894 0
8894 0
8894 0
8894 2
8894 0
8894 0
8894 0
8894 0
8894 0
8894 0
8894 0
8894 0
8894 0
8914 0
8914 0
8914 0
8914 0
8914 0
8914 0
8914 0
8914 0
8914 0
8914 0
8914 101
8914 0
8914 0
8914 0
8914 3
8914 0
8914 0
8914 0
8914 0
8914 0
8914 0
8914 9
8914 0
8914 0
8914 2
8914 0
8914 0
8914 0
8914 0
8914 0
8914 0
8925 0
8925 0
8925 0
8925 0
8925 0
8925 0
8925 0
8925 0
8925 0
8925 0
8925 114
8925 0
8925 0
8925 0
8925 0
8925 0
8925 0
8925 0
8925 0
8925 0
8925 0
8925 7
8925 0
8925 0
8925 0
8925 0
8925 0
8925 0
8925 0
8925 0
8925 0
8982 0
8982 0
8982 0
8982 0
8982 0
8982 0
8982 0
8982 0
8982 0
8982 0
8982 178
8982 0
8982 0
8982 0
8982 2
8982 0
8982 0
8982 0
8982 0
8982 0
8982 0
8982 0
8982 0
8982 0
8982 0
8982 0
8982 0
8982 0
8982 0
8982 0
8982 0
8984 0
8984 0
8984 0
8984 0
8984 0
8984 0
8984 0
8984 0
8984 0
8984 0
8984 367
8984 0
8984 0
8984 0
8984 3
8984 0
8984 0
8984 0
8984 0
8984 0
8984 0
8984 16
8984 0
8984 0
8984 6
8984 0
8984 0
8984 0
8984 0
8984 0
8984 0
9061 0
9061 0
9061 0
9061 0
9061 0
9061 0
9061 0
9061 0
9061 0
9061 0
9061 101
9061 0
9061 0
9061 0
9061 3
9061 0
9061 0
9061 0
9061 0
9061 0
9061 0
9061 9
9061 0
9061 0
9061 2
9061 0
9061 0
9061 0
9061 0
9061 0
9061 0
9081 0
9081 0
9081 0
9081 0
9081 0
9081 0
9081 0
9081 0
9081 0
9081 0
9081 344
9081 0
9081 0
9081 0
9081 0
9081 0
9081 0
9081 0
9081 0
9081 0
9081 0
9081 10
9081 0
9081 0
9081 2
9081 0
9081 0
9081 0
9081 0
9081 0
9081 0
9141 0
9141 0
9141 0
9141 0
9141 0
9141 0
9141 0
9141 0
9141 0
9141 0
9141 330
9141 0
9141 0
9141 0
9141 4
9141 0
9141 0
9141 0
9141 0
9141 0
9141 0
9141 13
9141 0
9141 0
9141 6
9141 0
9141 0
9141 0
9141 0
9141 0
9141 0
9167 0
9167 0
9167 0
9167 0
9167 0
9167 0
9167 0
9167 0
9167 0
9167 0
9167 114
9167 0
9167 0
9167 0
9167 0
9167 0
9167 0
9167 0
9167 0
9167 0
9167 0
9167 7
9167 0
9167 0
9167 0
9167 0
9167 0
9167 0
9167 0
9167 0
9167 0
9179 0
9179 0
9179 0
9179 0
9179 0
9179 0
9179 0
9179 0
9179 0
9179 0
9179 443
9179 0
9179 0
9179 0
9179 0
9179 0
9179 0
9179 0
9179 0
9179 0
9179 0
9179 21
9179 0
9179 0
9179 5
9179 0
9179 0
9179 0
9179 0
9179 0
9179 0
9217 0
9217 0
9217 0
9217 0
9217 0
9217 0
9217 0
9217 0
9217 0
9217 0
9217 172
9217 0
9217 0
9217 0
9217 0
9217 0
9217 0
9217 0
9217 0
9217 0
9217 0
9217 0
9217 0
9217 0
9217 0
9217 0
9217 0
9217 0
9217 0
9217 0
9217 0
9233 0
9233 0
9233 0
9233 0
9233 0
9233 0
9233 0
9233 0
9233 0
9233 0
9233 103
9233 0
9233 0
9233 0
9233 3
9233 0
9233 0
9233 0
9233 0
9233 0
9233 0
9233 9
9233 0
9233 0
9233 2
9233 0
9233 0
9233 0
9233 0
9233 0
9233 0
9274 0
9274 0
9274 0
9274 0
9274 0
9274 0
9274 0
9274 0
9274 0
9274 0
9274 359
9274 0
9274 0
9274 0
9274 0
9274 0
9274 0
9274 0
9274 0
9274 0
9274 0
9274 23
9274 0
9274 0
9274 14
9274 0
9274 0
9274 0
9274 0
9274 0
9274 0
9285 0
9285 0
9285 0
9285 0
9285 0
9285 0
9285 0
9285 0
9285 0
9285 0
9285 239
9285 0
9285 0
9285 0
9285 0
9285 0
9285 0
9285 0
9285 0
9285 0
9285 0
9285 0
9285 0
9285 0
9285 0
9285 0
9285 0
9285 0
9285 0
9285 0
9285 0
9299 0
9299 0
9299 0
9299 0
9299 0
9299 0
9299 0
9299 0
9299 0
9299 0
9299 336
9299 0
9299 0
9299 0
9299 4
9299 0
9299 0
9299 0
9299 0
9299 0
9299 0
9299 14
9299 0
9299 0
9299 6
9299 0
9299 0
9299 0
9299 0
9299 0
9299 0
9333 0
9333 0
9333 0
9333 0
9333 0
9333 0
9333 0
9333 0
9333 0
9333 0
9333 451
9333 0
9333 0
9333 0
9333 0
9333 0
9333 0
9333 0
9333 0
9333 0
9333 0
9333 241
9333 0
9333 0
9333 32
9333 0
9333 0
9333 0
9333 0
9333 0
9333 0
9339 0
9339 0
9339 0
9339 0
9339 0
9339 0
9339 0
9339 0
9339 0
9339 0
9339 465
9339 0
9339 0
9339 0
9339 8
9339 0
9339 0
9339 0
9339 0
9339 0
9339 0
9339 53
9339 0
9339 0
9339 7
9339 0
9339 0
9339 0
9339 0
9339 0
9339 0
9345 0
9345 0
9345 0
9345 0
9345 0
9345 0
9345 0
9345 0
9345 0
9345 0
9345 437
9345 0
9345 0
9345 0
9345 0
9345 0
9345 0
9345 0
9345 0
9345 0
9345 0
9345 132
9345 0
9345 0
9345 14
9345 0
9345 0
9345 0
9345 0
9345 0
9345 0
9365 0
9365 0
9365 0
9365 0
9365 0
9365 0
9365 0
9365 0
9365 0
9365 0
9365 365
9365 0
9365 0
9365 0
9365 0
9365 0
9365 0
9365 0
9365 0
9365 0
9365 0
9365 24
9365 0
9365 0
9365 14
9365 0
9365 0
9365 0
9365 0
9365 0
9365 0
9370 0
9370 0
9370 0
9370 0
9370 0
9370 0
9370 0
9370 0
9370 0
9370 0
9370 457
9370 0
9370 0
9370 0
9370 0
9370 0
9370 0
9370 0
9370 0
9370 0
9370 0
9370 0
9370 0
9370 0
9370 0
9370 0
9370 0
9370 0
9370 0
9370 0
9370 0
9412 0
9412 0
9412 0
9412 0
9412 0
9412 0
9412 0
9412 0
9412 0
9412 0
9412 409
9412 0
9412 0
9412 0
9412 6
9412 0
9412 0
9412 0
9412 0
9412 0
9412 0
9412 40
9412 0
9412 0
9412 5
9412 0
9412 0
9412 0
9412 0
9412 0
9412 0
9418 0
9418 0
9418 0
9418 0
9418 0
9418 0
9418 0
9418 0
9418 0
9418 0
9418 465
9418 0
9418 0
9418 0
9418 0
9418 0
9418 0
9418 0
9418 0
9418 0
9418 0
9418 0
9418 0
9418 0
9418 0
9418 0
9418 0
9418 0
9418 0
9418 0
9418 0
9441 0
9441 0
9441 0
9441 0
9441 0
9441 0
9441 0
9441 0
9441 0
9441 0
9441 359
9441 0
9441 0
9441 0
9441 0
9441 0
9441 0
9441 0
9441 0
9441 0
9441 0
9441 23
9441 0
9441 0
9441 14
9441 0
9441 0
9441 0
9441 0
9441 0
9441 0
9485 0
9485 0
9485 0
9485 0
9485 0
9485 0
9485 0
9485 0
9485 0
9485 0
9485 437
9485 0
9485 0
9485 0
9485 0
9485 0
9485 0
9485 0
9485 0
9485 0
9485 0
9485 132
9485 0
9485 0
9485 14
9485 0
9485 0
9485 0
9485 0
9485 0
9485 0
9510 0
9510 0
9510 0
9510 0
9510 0
9510 0
9510 0
9510 0
9510 0
9510 0
9510 73
9510 0
9510 0
9510 0
9510 0
9510 0
9510 0
9510 0
9510 0
9510 0
9510 0
9510 0
9510 0
9510 0
9510 0
9510 0
9510 0
9510 0
9510 0
9510 0
9510 0
9520 0
9520 0
9520 0
9520 0
9520 0
9520 0
9520 0
9520 0
9520 0
9520 0
9520 465
9520 0
9520 0
9520 0
9520 0
9520 0
9520 0
9520 0
9520 0
9520 0
9520 0
9520 0
9520 0
9520 0
9520 0
9520 0
9520 0
9520 0
9520 0
9520 0
9520 0
10892 0
10892 0
10892 0
10892 0
10892 0
10892 0
10892 0
10892 0
10892 0
10892 0
10892 0
10892 72
10892 0
10892 0
10892 0
10892 0
10892 0
10892 0
10892 0
10892 0
10892 0
10892 24
10892 0
10892 0
10892 0
10892 0
10892 0
10892 0
10892 0
10892 0
10892 0
10905 0
10905 0
10905 0
10905 0
10905 0
10905 0
10905 0
10905 0
10905 0
10905 0
10905 0
10905 76
10905 0
10905 0
10905 0
10905 0
10905 0
10905 0
10905 0
10905 0
10905 0
10905 17
10905 0
10905 0
10905 0
10905 0
10905 0
10905 0
10905 0
10905 0
10905 0
10909 0
10909 0
10909 0
10909 0
10909 0
10909 0
10909 0
10909 0
10909 0
10909 0
10909 0
10909 42
10909 0
10909 0
10909 0
10909 0
10909 0
10909 0
10909 0
10909 0
10909 0
10909 60
10909 0
10909 0
10909 4
10909 0
10909 0
10909 0
10909 0
10909 0
10909 0
10924 0
10924 0
10924 0
10924 0
10924 0
10924 0
10924 0
10924 0
10924 0
10924 0
10924 0
10924 79
10924 0
10924 0
10924 0
10924 0
10924 0
10924 0
10924 0
10924 0
10924 0
10924 14
10924 0
10924 0
10924 1
10924 0
10924 0
10924 0
10924 0
10924 0
10924 0
10926 0
10926 0
10926 0
10926 0
10926 0
10926 0
10926 0
10926 0
10926 0
10926 0
10926 0
10926 150
10926 0
10926 0
10926 0
10926 0
10926 0
10926 0
10926 0
10926 0
10926 0
10926 112
10926 0
10926 0
10926 2
10926 0
10926 0
10926 0
10926 0
10926 0
10926 0
10955 0
10955 0
10955 0
10955 0
10955 0
10955 0
10955 0
10955 0
10955 0
10955 0
10955 0
10955 372
10955 0
10955 0
10955 0
10955 0
10955 0
10955 0
10955 0
10955 0
10955 0
10955 132
10955 0
10955 0
10955 0
10955 0
10955 0
10955 0
10955 0
10955 0
10955 0
10963 0
10963 0
10963 0
10963 0
10963 0
10963 0
10963 0
10963 0
10963 0
10963 0
10963 0
10963 104
10963 0
10963 0
10963 0
10963 0
10963 0
10963 0
10963 0
10963 0
10963 0
10963 19
10963 0
10963 0
10963 1
10963 0
10963 0
10963 0
10963 0
10963 0
10963 0
10988 0
10988 0
10988 0
10988 0
10988 0
10988 0
10988 0
10988 0
10988 0
10988 0
10988 0
10988 178
10988 0
10988 0
10988 0
10988 0
10988 0
10988 0
10988 0
10988 0
10988 0
10988 109
10988 0
10988 0
10988 0
10988 0
10988 0
10988 0
10988 0
10988 0
10988 0
10993 0
10993 0
10993 0
10993 0
10993 0
10993 0
10993 0
10993 0
10993 0
10993 0
10993 0
10993 90
10993 0
10993 0
10993 0
10993 0
10993 0
10993 0
10993 0
10993 0
10993 0
10993 62
10993 0
10993 0
10993 0
10993 0
10993 0
10993 0
10993 0
10993 0
10993 0
10994 0
10994 0
10994 0
10994 0
10994 0
10994 0
10994 0
10994 0
10994 0
10994 0
10994 0
10994 128
10994 0
10994 0
10994 0
10994 0
10994 0
10994 0
10994 0
10994 0
10994 0
10994 77
10994 0
10994 0
10994 0
10994 0
10994 0
10994 0
10994 0
10994 0
10994 0
11008 0
11008 0
11008 0
11008 0
11008 0
11008 0
11008 0
11008 0
11008 0
11008 0
11008 0
11008 137
11008 0
11008 0
11008 0
11008 0
11008 0
11008 0
11008 0
11008 0
11008 0
11008 48
11008 0
11008 0
11008 0
11008 0
11008 0
11008 0
11008 0
11008 0
11008 0
