pt_graph scale
8786 0
8786 0
8786 0
8786 1392
8786 0
8786 0
8786 0
8786 0
8786 0
8786 0
8786 0
8786 0
8786 0
8786 0
8786 0
8786 0
8786 0
8786 0
8786 0
8786 0
8786 0
8786 0
8786 0
8786 0
8786 0
8786 0
8786 0
8786 0
8786 0
8786 0
8786 0
8799 0
8799 0
8799 0
8799 7697
8799 0
8799 0
8799 0
8799 94
8799 0
8799 0
8799 0
8799 0
8799 0
8799 0
8799 0
8799 0
8799 0
8799 0
8799 0
8799 0
8799 0
8799 1
8799 0
8799 0
8799 0
8799 0
8799 0
8799 0
8799 0
8799 0
8799 0
8814 0
8814 0
8814 0
8814 3222
8814 0
8814 0
8814 0
8814 82
8814 0
8814 0
8814 0
8814 0
8814 0
8814 0
8814 0
8814 0
8814 0
8814 0
8814 0
8814 0
8814 0
8814 0
8814 0
8814 0
8814 0
8814 0
8814 0
8814 0
8814 0
8814 0
8814 0
8823 0
8823 0
8823 0
8823 4038
8823 0
8823 0
8823 0
8823 0
8823 0
8823 0
8823 0
8823 0
8823 0
8823 0
8823 0
8823 0
8823 0
8823 0
8823 0
8823 0
8823 0
8823 0
8823 0
8823 0
8823 0
8823 0
8823 0
8823 0
8823 0
8823 0
8823 0
8855 0
8855 0
8855 0
8855 1417
8855 0
8855 0
8855 0
8855 0
8855 0
8855 0
8855 0
8855 0
8855 0
8855 0
8855 0
8855 0
8855 0
8855 0
8855 0
8855 0
8855 0
8855 0
8855 0
8855 0
8855 0
8855 0
8855 0
8855 0
8855 0
8855 0
8855 0
8856 0
8856 0
8856 0
8856 0
8856 0
8856 0
8856 0
8856 0
8856 0
8856 0
8856 487
8856 0
8856 0
8856 0
8856 0
8856 0
8856 0
8856 0
8856 0
8856 0
8856 0
8856 0
8856 0
8856 0
8856 1
8856 0
8856 0
8856 0
8856 0
8856 0
8856 0
8871 0
8871 0
8871 0
8871 9303
8871 0
8871 0
8871 0
8871 0
8871 0
8871 0
8871 0
8871 0
8871 0
8871 0
8871 0
8871 0
8871 0
8871 0
8871 0
8871 0
8871 0
8871 0
8871 0
8871 0
8871 0
8871 0
8871 0
8871 0
8871 0
8871 0
8871 0
8873 0
8873 0
8873 0
8873 1101
8873 0
8873 0
8873 0
8873 0
8873 0
8873 0
8873 0
8873 0
8873 0
8873 0
8873 0
8873 0
8873 0
8873 0
8873 0
8873 0
8873 0
8873 0
8873 0
8873 0
8873 0
8873 0
8873 0
8873 0
8873 0
8873 0
8873 0
8899 0
8899 0
8899 0
8899 2521
8899 0
8899 0
8899 0
8899 255
8899 0
8899 0
8899 1
8899 0
8899 0
8899 0
8899 0
8899 0
8899 0
8899 0
8899 0
8899 0
8899 0
8899 1
8899 0
8899 0
8899 0
8899 0
8899 0
8899 0
8899 0
8899 0
8899 0
8902 0
8902 0
8902 0
8902 2050
8902 0
8902 0
8902 0
8902 0
8902 0
8902 0
8902 0
8902 0
8902 0
8902 0
8902 0
8902 0
8902 0
8902 0
8902 0
8902 0
8902 0
8902 0
8902 0
8902 0
8902 0
8902 0
8902 0
8902 0
8902 0
8902 0
8902 0
8904 0
8904 0
8904 0
8904 2341
8904 0
8904 0
8904 0
8904 160
8904 0
8904 0
8904 0
8904 0
8904 0
8904 0
8904 0
8904 0
8904 0
8904 0
8904 0
8904 0
8904 0
8904 0
8904 0
8904 0
8904 0
8904 0
8904 0
8904 0
8904 0
8904 0
8904 0
8949 0
8949 0
8949 0
8949 8216
8949 0
8949 0
8949 0
8949 0
8949 0
8949 0
8949 0
8949 0
8949 0
8949 0
8949 0
8949 0
8949 0
8949 0
8949 0
8949 0
8949 0
8949 0
8949 0
8949 0
8949 0
8949 0
8949 0
8949 0
8949 0
8949 0
8949 0
8977 0
8977 0
8977 0
8977 2291
8977 0
8977 0
8977 0
8977 0
8977 0
8977 0
8977 0
8977 0
8977 0
8977 0
8977 0
8977 0
8977 0
8977 0
8977 0
8977 0
8977 0
8977 0
8977 0
8977 0
8977 0
8977 0
8977 0
8977 0
8977 0
8977 0
8977 0
9057 0
9057 0
9057 0
9057 0
9057 0
9057 0
9057 0
9057 0
9057 0
9057 0
9057 140
9057 0
9057 0
9057 0
9057 0
9057 0
9057 0
9057 0
9057 0
9057 0
9057 0
9057 0
9057 0
9057 0
9057 0
9057 0
9057 0
9057 0
9057 0
9057 0
9057 0
9354 0
9354 0
9354 0
9354 0
9354 0
9354 0
9354 0
9354 0
9354 0
9354 0
9354 91
9354 0
9354 0
9354 0
9354 0
9354 0
9354 0
9354 0
9354 0
9354 0
9354 0
9354 0
9354 0
9354 0
9354 0
9354 0
9354 0
9354 0
9354 0
9354 0
9354 0
9737 0
9737 0
9737 0
9737 0
9737 0
9737 0
9737 0
9737 0
9737 0
9737 0
9737 472
9737 0
9737 0
9737 0
9737 0
9737 0
9737 0
9737 0
9737 0
9737 0
9737 0
9737 0
9737 0
9737 0
9737 0
9737 0
9737 0
9737 0
9737 0
9737 0
9737 0
9749 0
9749 0
9749 0
9749 0
9749 0
9749 0
9749 0
9749 0
9749 0
9749 0
9749 93
9749 0
9749 0
9749 0
9749 0
9749 0
9749 0
9749 0
9749 0
9749 0
9749 0
9749 0
9749 0
9749 0
9749 0
9749 0
9749 0
9749 0
9749 0
9749 0
9749 0
9819 0
9819 0
9819 0
9819 0
9819 0
9819 0
9819 0
9819 0
9819 0
9819 0
9819 375
9819 0
9819 0
9819 0
9819 0
9819 0
9819 0
9819 0
9819 0
9819 0
9819 0
9819 0
9819 0
9819 0
9819 0
9819 0
9819 0
9819 0
9819 0
9819 0
9819 0
9838 0
9838 0
9838 0
9838 0
9838 0
9838 0
9838 0
9838 0
9838 0
9838 0
9838 132
9838 0
9838 0
9838 0
9838 0
9838 0
9838 0
9838 0
9838 0
9838 0
9838 0
9838 0
9838 0
9838 0
9838 0
9838 0
9838 0
9838 0
9838 0
9838 0
9838 0
9869 0
9869 0
9869 0
9869 0
9869 0
9869 0
9869 0
9869 0
9869 0
9869 0
9869 91
9869 0
9869 0
9869 0
9869 0
9869 0
9869 0
9869 0
9869 0
9869 0
9869 0
9869 0
9869 0
9869 0
9869 0
9869 0
9869 0
9869 0
9869 0
9869 0
9869 0
9931 0
9931 0
9931 0
9931 0
9931 0
9931 0
9931 0
9931 0
9931 0
9931 0
9931 226
9931 0
9931 0
9931 0
9931 0
9931 0
9931 0
9931 0
9931 0
9931 0
9931 0
9931 0
9931 0
9931 0
9931 0
9931 0
9931 0
9931 0
9931 0
9931 0
9931 0
9979 0
9979 0
9979 0
9979 0
9979 0
9979 0
9979 0
9979 0
9979 0
9979 0
9979 130
9979 0
9979 0
9979 0
9979 0
9979 0
9979 0
9979 0
9979 0
9979 0
9979 0
9979 0
9979 0
9979 0
9979 0
9979 0
9979 0
9979 0
9979 0
9979 0
9979 0
10033 0
10033 0
10033 0
10033 0
10033 0
10033 0
10033 0
10033 0
10033 0
10033 0
10033 93
10033 0
10033 0
10033 0
10033 0
10033 0
10033 0
10033 0
10033 0
10033 0
10033 0
10033 0
10033 0
10033 0
10033 0
10033 0
10033 0
10033 0
10033 0
10033 0
10033 0
10652 0
10652 0
10652 0
10652 0
10652 0
10652 0
10652 0
10652 0
10652 0
10652 0
10652 1
10652 0
10652 0
10652 0
10652 0
10652 0
10652 0
10652 0
10652 0
10652 0
10652 0
10652 0
10652 0
10652 0
10652 0
10652 0
10652 0
10652 0
10652 0
10652 0
10652 0
10695 0
10695 0
10695 0
10695 0
10695 0
10695 0
10695 0
10695 0
10695 0
10695 0
10695 1
10695 0
10695 0
10695 0
10695 0
10695 0
10695 0
10695 0
10695 0
10695 0
10695 0
10695 0
10695 0
10695 0
10695 0
10695 0
10695 0
10695 0
10695 0
10695 0
10695 0
10699 0
10699 0
10699 0
10699 0
10699 0
10699 0
10699 0
10699 0
10699 0
10699 0
10699 1
10699 0
10699 0
10699 0
10699 0
10699 0
10699 0
10699 0
10699 0
10699 0
10699 0
10699 0
10699 0
10699 0
10699 0
10699 0
10699 0
10699 0
10699 0
10699 0
10699 0
10733 0
10733 0
10733 0
10733 0
10733 0
10733 0
10733 0
10733 0
10733 0
10733 0
10733 1
10733 0
10733 0
10733 0
10733 0
10733 0
10733 0
10733 0
10733 0
10733 0
10733 0
10733 0
10733 0
10733 0
10733 0
10733 0
10733 0
10733 0
10733 0
10733 0
10733 0
10756 0
10756 0
10756 0
10756 0
10756 0
10756 0
10756 0
10756 0
10756 0
10756 0
10756 1
10756 0
10756 0
10756 0
10756 0
10756 0
10756 0
10756 0
10756 0
10756 0
10756 0
10756 0
10756 0
10756 0
10756 0
10756 0
10756 0
10756 0
10756 0
10756 0
10756 0
10892 0
10892 0
10892 0
10892 0
10892 0
10892 0
10892 0
10892 0
10892 0
10892 0
10892 0
10892 70
10892 0
10892 0
10892 0
10892 0
10892 0
10892 0
10892 0
10892 0
10892 0
10892 0
10892 0
10892 0
10892 0
10892 0
10892 0
10892 0
10892 0
10892 0
10892 0
10893 0
10893 0
10893 0
10893 0
10893 0
10893 0
10893 0
10893 0
10893 0
10893 0
10893 0
10893 2320
10893 0
10893 0
10893 0
10893 0
10893 0
10893 0
10893 0
10893 0
10893 0
10893 0
10893 0
10893 0
10893 0
10893 0
10893 0
10893 0
10893 0
10893 0
10893 0
10899 0
10899 0
10899 0
10899 0
10899 0
10899 0
10899 0
10899 0
10899 0
10899 0
10899 0
10899 3738
10899 0
10899 0
10899 0
10899 0
10899 0
10899 0
10899 0
10899 0
10899 0
10899 0
10899 0
10899 0
10899 0
10899 0
10899 0
10899 0
10899 0
10899 0
10899 0
10901 0
10901 0
10901 0
10901 0
10901 0
10901 0
10901 0
10901 0
10901 0
10901 0
10901 0
10901 148
10901 0
10901 0
10901 0
10901 0
10901 0
10901 0
10901 0
10901 0
10901 0
10901 0
10901 0
10901 0
10901 0
10901 0
10901 0
10901 0
10901 0
10901 0
10901 0
10909 0
10909 0
10909 0
10909 0
10909 0
10909 0
10909 0
10909 0
10909 0
10909 0
10909 0
10909 163
10909 0
10909 0
10909 0
10909 0
10909 0
10909 0
10909 0
10909 0
10909 0
10909 0
10909 0
10909 0
10909 0
10909 0
10909 0
10909 0
10909 0
10909 0
10909 0
10918 0
10918 0
10918 0
10918 0
10918 0
10918 0
10918 0
10918 0
10918 0
10918 0
10918 0
10918 4305
10918 0
10918 0
10918 0
10918 0
10918 0
10918 0
10918 0
10918 0
10918 0
10918 0
10918 0
10918 0
10918 0
10918 0
10918 0
10918 0
10918 0
10918 0
10918 0
10920 0
10920 0
10920 0
10920 0
10920 0
10920 0
10920 0
10920 0
10920 0
10920 0
10920 0
10920 4699
10920 0
10920 0
10920 0
10920 0
10920 0
10920 0
10920 0
10920 0
10920 0
10920 0
10920 0
10920 0
10920 0
10920 0
10920 0
10920 0
10920 0
10920 0
10920 0
10924 0
10924 0
10924 0
10924 0
10924 0
10924 0
10924 0
10924 0
10924 0
10924 0
10924 0
10924 74
10924 0
10924 0
10924 0
10924 0
10924 0
10924 0
10924 0
10924 0
10924 0
10924 0
10924 0
10924 0
10924 0
10924 0
10924 0
10924 0
10924 0
10924 0
10924 0
10926 0
10926 0
10926 0
10926 0
10926 0
10926 0
10926 0
10926 0
10926 0
10926 0
10926 0
10926 779
10926 0
10926 0
10926 0
10926 0
10926 0
10926 0
10926 0
10926 0
10926 0
10926 0
10926 0
10926 0
10926 0
10926 0
10926 0
10926 0
10926 0
10926 0
10926 0
10929 0
10929 0
10929 0
10929 0
10929 0
10929 0
10929 0
10929 0
10929 0
10929 0
10929 0
10929 40
10929 0
10929 0
10929 0
10929 0
10929 0
10929 0
10929 0
10929 0
10929 0
10929 0
10929 0
10929 0
10929 0
10929 0
10929 0
10929 0
10929 0
10929 0
10929 0
10930 0
10930 0
10930 0
10930 0
10930 0
10930 0
10930 0
10930 0
10930 0
10930 0
10930 0
10930 1333
10930 0
10930 0
10930 0
10930 0
10930 0
10930 0
10930 0
10930 0
10930 0
10930 0
10930 0
10930 0
10930 0
10930 0
10930 0
10930 0
10930 0
10930 0
10930 0
10953 0
10953 0
10953 0
10953 0
10953 0
10953 0
10953 0
10953 0
10953 0
10953 0
10953 0
10953 1421
10953 0
10953 0
10953 0
10953 0
10953 0
10953 0
10953 0
10953 0
10953 0
10953 0
10953 0
10953 0
10953 0
10953 0
10953 0
10953 0
10953 0
10953 0
10953 0
10955 0
10955 0
10955 0
10955 0
10955 0
10955 0
10955 0
10955 0
10955 0
10955 0
10955 0
10955 709
10955 0
10955 0
10955 0
10955 0
10955 0
10955 0
10955 0
10955 0
10955 0
10955 0
10955 0
10955 0
10955 0
10955 0
10955 0
10955 0
10955 0
10955 0
10955 0
10959 0
10959 0
10959 0
10959 0
10959 0
10959 0
10959 0
10959 0
10959 0
10959 0
10959 0
10959 5343
10959 0
10959 0
10959 0
10959 0
10959 0
10959 0
10959 0
10959 0
10959 0
10959 0
10959 0
10959 0
10959 0
10959 0
10959 0
10959 0
10959 0
10959 0
10959 0
10962 0
10962 0
10962 0
10962 0
10962 0
10962 0
10962 0
10962 0
10962 0
10962 0
10962 0
10962 3155
10962 0
10962 0
10962 0
10962 0
10962 0
10962 0
10962 0
10962 0
10962 0
10962 0
10962 0
10962 0
10962 0
10962 0
10962 0
10962 0
10962 0
10962 0
10962 0
10963 0
10963 0
10963 0
10963 0
10963 0
10963 0
10963 0
10963 0
10963 0
10963 0
10963 0
10963 74
10963 0
10963 0
10963 0
10963 0
10963 0
10963 0
10963 0
10963 0
10963 0
10963 0
10963 0
10963 0
10963 0
10963 0
10963 0
10963 0
10963 0
10963 0
10963 0
10968 0
10968 0
10968 0
10968 0
10968 0
10968 0
10968 0
10968 0
10968 0
10968 0
10968 0
10968 60
10968 0
10968 0
10968 0
10968 0
10968 0
10968 0
10968 0
10968 0
10968 0
10968 0
10968 0
10968 0
10968 0
10968 0
10968 0
10968 0
10968 0
10968 0
10968 0
10988 0
10988 0
10988 0
10988 0
10988 0
10988 0
10988 0
10988 0
10988 0
10988 0
10988 0
10988 3453
10988 0
10988 0
10988 0
10988 0
10988 0
10988 0
10988 0
10988 0
10988 0
10988 0
10988 0
10988 0
10988 0
10988 0
10988 0
10988 0
10988 0
10988 0
10988 0
10993 0
10993 0
10993 0
10993 0
10993 0
10993 0
10993 0
10993 0
10993 0
10993 0
10993 0
10993 4575
10993 0
10993 0
10993 0
10993 0
10993 0
10993 0
10993 0
10993 0
10993 0
10993 0
10993 0
10993 0
10993 0
10993 0
10993 0
10993 0
10993 0
10993 0
10993 0
10994 0
10994 0
10994 0
10994 0
10994 0
10994 0
10994 0
10994 0
10994 0
10994 0
10994 0
10994 3030
10994 0
10994 0
10994 0
10994 0
10994 0
10994 0
10994 0
10994 0
10994 0
10994 0
10994 0
10994 0
10994 0
10994 0
10994 0
10994 0
10994 0
10994 0
10994 0
11008 0
11008 0
11008 0
11008 0
11008 0
11008 0
11008 0
11008 0
11008 0
11008 0
11008 0
11008 287
11008 0
11008 0
11008 0
11008 0
11008 0
11008 0
11008 0
11008 0
11008 0
11008 0
11008 0
11008 0
11008 0
11008 0
11008 0
11008 0
11008 0
11008 0
11008 0
11023 0
11023 0
11023 0
11023 0
11023 0
11023 0
11023 0
11023 0
11023 0
11023 0
11023 0
11023 1651
11023 0
11023 0
11023 0
11023 0
11023 0
11023 0
11023 0
11023 0
11023 0
11023 0
11023 0
11023 0
11023 0
11023 0
11023 0
11023 0
11023 0
11023 0
11023 0
11051 0
11051 0
11051 0
11051 0
11051 0
11051 0
11051 0
11051 0
11051 0
11051 0
11051 0
11051 243
11051 0
11051 0
11051 0
11051 0
11051 0
11051 0
11051 0
11051 0
11051 0
11051 0
11051 0
11051 0
11051 0
11051 0
11051 0
11051 0
11051 0
11051 0
11051 0
11056 0
11056 0
11056 0
11056 0
11056 0
11056 0
11056 0
11056 0
11056 0
11056 0
11056 0
11056 919
11056 0
11056 0
11056 0
11056 0
11056 0
11056 0
11056 0
11056 0
11056 0
11056 0
11056 0
11056 0
11056 0
11056 0
11056 0
11056 0
11056 0
11056 0
11056 0
11060 0
11060 0
11060 0
11060 0
11060 0
11060 0
11060 0
11060 0
11060 0
11060 0
11060 0
11060 3728
11060 0
11060 0
11060 0
11060 0
11060 0
11060 0
11060 0
11060 0
11060 0
11060 0
11060 0
11060 0
11060 0
11060 0
11060 0
11060 0
11060 0
11060 0
11060 0
11068 0
11068 0
11068 0
11068 0
11068 0
11068 0
11068 0
11068 0
11068 0
11068 0
11068 0
11068 1047
11068 0
11068 0
11068 0
11068 0
11068 0
11068 0
11068 0
11068 0
11068 0
11068 0
11068 0
11068 0
11068 0
11068 0
11068 0
11068 0
11068 0
11068 0
11068 0
11122 0
11122 0
11122 0
11122 0
11122 0
11122 0
11122 0
11122 0
11122 0
11122 0
11122 0
11122 532
11122 0
11122 0
11122 0
11122 0
11122 0
11122 0
11122 0
11122 0
11122 0
11122 0
11122 0
11122 0
11122 0
11122 0
11122 0
11122 0
11122 0
11122 0
11122 0
