pt_graph scale
2320 0
2320 0
2320 0
2320 0
2320 0
2320 0
2320 0
2320 0
2320 0
2320 0
2320 7787
2320 0
2320 0
2320 0
2320 106
2320 0
2320 0
2320 0
2320 0
2320 0
2320 0
2320 415
2320 0
2320 0
2320 144
2320 0
2320 0
2320 0
2320 0
2320 0
2320 0
2451 0
2451 0
2451 0
2451 0
2451 0
2451 0
2451 0
2451 0
2451 0
2451 0
2451 579
2451 0
2451 0
2451 0
2451 0
2451 0
2451 0
2451 0
2451 0
2451 0
2451 0
2451 0
2451 0
2451 0
2451 0
2451 0
2451 0
2451 0
2451 0
2451 0
2451 0
2578 0
2578 0
2578 0
2578 0
2578 0
2578 0
2578 0
2578 0
2578 0
2578 0
2578 154
2578 0
2578 0
2578 0
2578 0
2578 0
2578 0
2578 0
2578 0
2578 0
2578 0
2578 0
2578 0
2578 0
2578 0
2578 0
2578 0
2578 0
2578 0
2578 0
2578 0
2605 0
2605 0
2605 0
2605 0
2605 0
2605 0
2605 0
2605 0
2605 0
2605 0
2605 1194
2605 0
2605 0
2605 0
2605 0
2605 0
2605 0
2605 0
2605 0
2605 0
2605 0
2605 0
2605 0
2605 0
2605 0
2605 0
2605 0
2605 0
2605 0
2605 0
2605 0
3115 0
3115 0
3115 0
3115 0
3115 0
3115 0
3115 0
3115 0
3115 0
3115 0
3115 0
3115 0
3115 0
3115 0
3115 0
3115 0
3115 0
3115 0
3115 0
3115 0
3115 0
3115 0
3115 0
3115 0
3115 0
3115 0
3115 0
3115 0
3115 0
3115 0
3115 0
3146 0
3146 0
3146 0
3146 0
3146 0
3146 0
3146 0
3146 0
3146 0
3146 0
3146 1
3146 0
3146 0
3146 0
3146 0
3146 0
3146 0
3146 0
3146 0
3146 0
3146 0
3146 0
3146 0
3146 0
3146 0
3146 0
3146 0
3146 0
3146 0
3146 0
3146 0
3325 0
3325 0
3325 0
3325 0
3325 0
3325 0
3325 0
3325 0
3325 0
3325 0
3325 0
3325 0
3325 0
3325 0
3325 0
3325 0
3325 0
3325 0
3325 0
3325 0
3325 0
3325 0
3325 0
3325 0
3325 0
3325 0
3325 0
3325 0
3325 0
3325 0
3325 0
3328 0
3328 0
3328 0
3328 0
3328 0
3328 0
3328 0
3328 0
3328 0
3328 0
3328 0
3328 0
3328 0
3328 0
3328 0
3328 0
3328 0
3328 0
3328 0
3328 0
3328 0
3328 0
3328 0
3328 0
3328 0
3328 0
3328 0
3328 0
3328 0
3328 0
3328 0
3396 0
3396 0
3396 0
3396 0
3396 0
3396 0
3396 0
3396 0
3396 0
3396 0
3396 27
3396 0
3396 0
3396 0
3396 0
3396 0
3396 0
3396 0
3396 0
3396 0
3396 0
3396 0
3396 0
3396 0
3396 0
3396 0
3396 0
3396 0
3396 0
3396 0
3396 0
3399 0
3399 0
3399 0
3399 0
3399 0
3399 0
3399 0
3399 0
3399 0
3399 0
3399 0
3399 0
3399 0
3399 0
3399 0
3399 0
3399 0
3399 0
3399 0
3399 0
3399 0
3399 0
3399 0
3399 0
3399 0
3399 0
3399 0
3399 0
3399 0
3399 0
3399 0
3458 0
3458 0
3458 0
3458 0
3458 0
3458 0
3458 0
3458 0
3458 0
3458 0
3458 0
3458 0
3458 0
3458 0
3458 0
3458 0
3458 0
3458 0
3458 0
3458 0
3458 0
3458 0
3458 0
3458 0
3458 0
3458 0
3458 0
3458 0
3458 0
3458 0
3458 0
3534 0
3534 0
3534 0
3534 0
3534 0
3534 0
3534 0
3534 0
3534 0
3534 0
3534 1
3534 0
3534 0
3534 0
3534 0
3534 0
3534 0
3534 0
3534 0
3534 0
3534 0
3534 0
3534 0
3534 0
3534 0
3534 0
3534 0
3534 0
3534 0
3534 0
3534 0
3563 0
3563 0
3563 0
3563 0
3563 0
3563 0
3563 0
3563 0
3563 0
3563 0
3563 62
3563 0
3563 0
3563 0
3563 0
3563 0
3563 0
3563 0
3563 0
3563 0
3563 0
3563 0
3563 0
3563 0
3563 0
3563 0
3563 0
3563 0
3563 0
3563 0
3563 0
3622 0
3622 0
3622 0
3622 0
3622 0
3622 0
3622 0
3622 0
3622 0
3622 0
3622 0
3622 0
3622 0
3622 0
3622 0
3622 0
3622 0
3622 0
3622 0
3622 0
3622 0
3622 0
3622 0
3622 0
3622 0
3622 0
3622 0
3622 0
3622 0
3622 0
3622 0
3673 0
3673 0
3673 0
3673 0
3673 0
3673 0
3673 0
3673 0
3673 0
3673 0
3673 1
3673 0
3673 0
3673 0
3673 0
3673 0
3673 0
3673 0
3673 0
3673 0
3673 0
3673 0
3673 0
3673 0
3673 0
3673 0
3673 0
3673 0
3673 0
3673 0
3673 0
3826 0
3826 0
3826 0
3826 0
3826 0
3826 0
3826 0
3826 0
3826 0
3826 0
3826 0
3826 0
3826 0
3826 0
3826 0
3826 0
3826 0
3826 0
3826 0
3826 0
3826 0
3826 0
3826 0
3826 0
3826 0
3826 0
3826 0
3826 0
3826 0
3826 0
3826 0
3910 0
3910 0
3910 0
3910 0
3910 0
3910 0
3910 0
3910 0
3910 0
3910 0
3910 24
3910 0
3910 0
3910 0
3910 0
3910 0
3910 0
3910 0
3910 0
3910 0
3910 0
3910 0
3910 0
3910 0
3910 0
3910 0
3910 0
3910 0
3910 0
3910 0
3910 0
4020 0
4020 0
4020 0
4020 0
4020 0
4020 0
4020 0
4020 0
4020 0
4020 0
4020 124
4020 0
4020 0
4020 0
4020 0
4020 0
4020 0
4020 0
4020 0
4020 0
4020 0
4020 0
4020 0
4020 0
4020 0
4020 0
4020 0
4020 0
4020 0
4020 0
4020 0
4081 0
4081 0
4081 0
4081 0
4081 0
4081 0
4081 0
4081 0
4081 0
4081 0
4081 0
4081 0
4081 0
4081 0
4081 0
4081 0
4081 0
4081 0
4081 0
4081 0
4081 0
4081 0
4081 0
4081 0
4081 0
4081 0
4081 0
4081 0
4081 0
4081 0
4081 0
4097 0
4097 0
4097 0
4097 0
4097 0
4097 0
4097 0
4097 0
4097 0
4097 0
4097 0
4097 0
4097 0
4097 0
4097 0
4097 0
4097 0
4097 0
4097 0
4097 0
4097 0
4097 0
4097 0
4097 0
4097 0
4097 0
4097 0
4097 0
4097 0
4097 0
4097 0
4188 0
4188 0
4188 0
4188 0
4188 0
4188 0
4188 0
4188 0
4188 0
4188 0
4188 0
4188 0
4188 0
4188 0
4188 0
4188 0
4188 0
4188 0
4188 0
4188 0
4188 0
4188 0
4188 0
4188 0
4188 0
4188 0
4188 0
4188 0
4188 0
4188 0
4188 0
4393 0
4393 0
4393 0
4393 0
4393 0
4393 0
4393 0
4393 0
4393 0
4393 0
4393 1
4393 0
4393 0
4393 0
4393 0
4393 0
4393 0
4393 0
4393 0
4393 0
4393 0
4393 0
4393 0
4393 0
4393 0
4393 0
4393 0
4393 0
4393 0
4393 0
4393 0
4454 0
4454 0
4454 0
4454 0
4454 0
4454 0
4454 0
4454 0
4454 0
4454 0
4454 260
4454 0
4454 0
4454 0
4454 0
4454 0
4454 0
4454 0
4454 0
4454 0
4454 0
4454 14
4454 0
4454 0
4454 1
4454 0
4454 0
4454 0
4454 0
4454 0
4454 0
4907 0
4907 0
4907 0
4907 0
4907 0
4907 0
4907 0
4907 0
4907 0
4907 0
4907 7
4907 0
4907 0
4907 0
4907 0
4907 0
4907 0
4907 0
4907 0
4907 0
4907 0
4907 0
4907 0
4907 0
4907 0
4907 0
4907 0
4907 0
4907 0
4907 0
4907 0
5461 0
5461 0
5461 0
5461 0
5461 0
5461 0
5461 0
5461 0
5461 0
5461 0
5461 1
5461 0
5461 0
5461 0
5461 0
5461 0
5461 0
5461 0
5461 0
5461 0
5461 0
5461 0
5461 0
5461 0
5461 0
5461 0
5461 0
5461 0
5461 0
5461 0
5461 0
5872 0
5872 0
5872 0
5872 0
5872 0
5872 0
5872 0
5872 0
5872 0
5872 0
5872 1
5872 0
5872 0
5872 0
5872 0
5872 0
5872 0
5872 0
5872 0
5872 0
5872 0
5872 0
5872 0
5872 0
5872 0
5872 0
5872 0
5872 0
5872 0
5872 0
5872 0
6224 0
6224 0
6224 0
6224 0
6224 0
6224 0
6224 0
6224 0
6224 0
6224 0
6224 1
6224 0
6224 0
6224 0
6224 0
6224 0
6224 0
6224 0
6224 0
6224 0
6224 0
6224 0
6224 0
6224 0
6224 0
6224 0
6224 0
6224 0
6224 0
6224 0
6224 0
6396 0
6396 0
6396 0
6396 0
6396 0
6396 0
6396 0
6396 0
6396 0
6396 0
6396 90
6396 0
6396 0
6396 0
6396 0
6396 0
6396 0
6396 0
6396 0
6396 0
6396 0
6396 0
6396 0
6396 0
6396 0
6396 0
6396 0
6396 0
6396 0
6396 0
6396 0
6562 0
6562 0
6562 0
6562 0
6562 0
6562 0
6562 0
6562 0
6562 0
6562 0
6562 86
6562 0
6562 0
6562 0
6562 0
6562 0
6562 0
6562 0
6562 0
6562 0
6562 0
6562 17
6562 0
6562 0
6562 2
6562 0
6562 0
6562 0
6562 0
6562 0
6562 0
6667 0
6667 0
6667 0
6667 0
6667 0
6667 0
6667 0
6667 0
6667 0
6667 0
6667 1
6667 0
6667 0
6667 0
6667 0
6667 0
6667 0
6667 0
6667 0
6667 0
6667 0
6667 0
6667 0
6667 0
6667 0
6667 0
6667 0
6667 0
6667 0
6667 0
6667 0
6698 0
6698 0
6698 0
6698 0
6698 0
6698 0
6698 0
6698 0
6698 0
6698 0
6698 1
6698 0
6698 0
6698 0
6698 0
6698 0
6698 0
6698 0
6698 0
6698 0
6698 0
6698 0
6698 0
6698 0
6698 0
6698 0
6698 0
6698 0
6698 0
6698 0
6698 0
6700 0
6700 0
6700 0
6700 0
6700 0
6700 0
6700 0
6700 0
6700 0
6700 0
6700 52
6700 0
6700 0
6700 0
6700 0
6700 0
6700 0
6700 0
6700 0
6700 0
6700 0
6700 0
6700 0
6700 0
6700 0
6700 0
6700 0
6700 0
6700 0
6700 0
6700 0
6952 0
6952 0
6952 0
6952 0
6952 0
6952 0
6952 0
6952 0
6952 0
6952 0
6952 496
6952 0
6952 0
6952 0
6952 0
6952 0
6952 0
6952 0
6952 0
6952 0
6952 0
6952 55
6952 0
6952 0
6952 0
6952 0
6952 0
6952 0
6952 0
6952 0
6952 0
7268 0
7268 0
7268 0
7268 0
7268 0
7268 0
7268 0
7268 0
7268 0
7268 0
7268 92
7268 0
7268 0
7268 0
7268 0
7268 0
7268 0
7268 0
7268 0
7268 0
7268 0
7268 0
7268 0
7268 0
7268 0
7268 0
7268 0
7268 0
7268 0
7268 0
7268 0
8364 0
8364 0
8364 0
8364 0
8364 0
8364 0
8364 0
8364 0
8364 0
8364 0
8364 362
8364 0
8364 0
8364 0
8364 0
8364 0
8364 0
8364 0
8364 0
8364 0
8364 0
8364 1
8364 0
8364 0
8364 0
8364 0
8364 0
8364 0
8364 0
8364 0
8364 0
8466 0
8466 0
8466 0
8466 0
8466 0
8466 0
8466 0
8466 0
8466 0
8466 0
8466 122
8466 0
8466 0
8466 0
8466 0
8466 0
8466 0
8466 0
8466 0
8466 0
8466 0
8466 0
8466 0
8466 0
8466 0
8466 0
8466 0
8466 0
8466 0
8466 0
8466 0
8480 0
8480 0
8480 0
8480 0
8480 0
8480 0
8480 0
8480 0
8480 0
8480 0
8480 356
8480 0
8480 0
8480 0
8480 0
8480 0
8480 0
8480 0
8480 0
8480 0
8480 0
8480 1
8480 0
8480 0
8480 0
8480 0
8480 0
8480 0
8480 0
8480 0
8480 0
8518 0
8518 0
8518 0
8518 0
8518 0
8518 0
8518 0
8518 0
8518 0
8518 0
8518 86
8518 0
8518 0
8518 0
8518 0
8518 0
8518 0
8518 0
8518 0
8518 0
8518 0
8518 0
8518 0
8518 0
8518 0
8518 0
8518 0
8518 0
8518 0
8518 0
8518 0
8564 0
8564 0
8564 0
8564 0
8564 0
8564 0
8564 0
8564 0
8564 0
8564 0
8564 362
8564 0
8564 0
8564 0
8564 0
8564 0
8564 0
8564 0
8564 0
8564 0
8564 0
8564 1
8564 0
8564 0
8564 0
8564 0
8564 0
8564 0
8564 0
8564 0
8564 0
8617 0
8617 0
8617 0
8617 0
8617 0
8617 0
8617 0
8617 0
8617 0
8617 0
8617 86
8617 0
8617 0
8617 0
8617 0
8617 0
8617 0
8617 0
8617 0
8617 0
8617 0
8617 0
8617 0
8617 0
8617 0
8617 0
8617 0
8617 0
8617 0
8617 0
8617 0
8645 0
8645 0
8645 0
8645 0
8645 0
8645 0
8645 0
8645 0
8645 0
8645 0
8645 122
8645 0
8645 0
8645 0
8645 0
8645 0
8645 0
8645 0
8645 0
8645 0
8645 0
8645 0
8645 0
8645 0
8645 0
8645 0
8645 0
8645 0
8645 0
8645 0
8645 0
8692 0
8692 0
8692 0
8692 0
8692 0
8692 0
8692 0
8692 0
8692 0
8692 0
8692 88
8692 0
8692 0
8692 0
8692 0
8692 0
8692 0
8692 0
8692 0
8692 0
8692 0
8692 0
8692 0
8692 0
8692 0
8692 0
8692 0
8692 0
8692 0
8692 0
8692 0
8708 0
8708 0
8708 0
8708 0
8708 0
8708 0
8708 0
8708 0
8708 0
8708 0
8708 488
8708 0
8708 0
8708 0
8708 2
8708 0
8708 0
8708 0
8708 0
8708 0
8708 0
8708 8
8708 0
8708 0
8708 0
8708 0
8708 0
8708 0
8708 0
8708 0
8708 0
8774 0
8774 0
8774 0
8774 0
8774 0
8774 0
8774 0
8774 0
8774 0
8774 0
8774 88
8774 0
8774 0
8774 0
8774 0
8774 0
8774 0
8774 0
8774 0
8774 0
8774 0
8774 0
8774 0
8774 0
8774 0
8774 0
8774 0
8774 0
8774 0
8774 0
8774 0
8796 0
8796 0
8796 0
8796 3569
8796 0
8796 0
8796 0
8796 641
8796 0
8796 0
8796 102
8796 0
8796 0
8796 0
8796 0
8796 0
8796 0
8796 0
8796 0
8796 0
8796 0
8796 8
8796 0
8796 0
8796 0
8796 0
8796 0
8796 0
8796 0
8796 0
8796 0
8808 0
8808 0
8808 0
8808 0
8808 0
8808 0
8808 0
8808 0
8808 0
8808 0
8808 125
8808 0
8808 0
8808 0
8808 0
8808 0
8808 0
8808 0
8808 0
8808 0
8808 0
8808 0
8808 0
8808 0
8808 0
8808 0
8808 0
8808 0
8808 0
8808 0
8808 0
8858 0
8858 0
8858 0
8858 0
8858 0
8858 0
8858 0
8858 0
8858 0
8858 0
8858 86
8858 0
8858 0
8858 0
8858 0
8858 0
8858 0
8858 0
8858 0
8858 0
8858 0
8858 0
8858 0
8858 0
8858 0
8858 0
8858 0
8858 0
8858 0
8858 0
8858 0
8875 0
8875 0
8875 0
8875 0
8875 0
8875 0
8875 0
8875 0
8875 0
8875 0
8875 86
8875 0
8875 0
8875 0
8875 0
8875 0
8875 0
8875 0
8875 0
8875 0
8875 0
8875 0
8875 0
8875 0
8875 0
8875 0
8875 0
8875 0
8875 0
8875 0
8875 0
8902 0
8902 0
8902 0
8902 0
8902 0
8902 0
8902 0
8902 0
8902 0
8902 0
8902 1404
8902 0
8902 0
8902 0
8902 0
8902 0
8902 0
8902 0
8902 0
8902 0
8902 0
8902 110
8902 0
8902 0
8902 14
8902 0
8902 0
8902 0
8902 0
8902 0
8902 0
8926 0
8926 0
8926 0
8926 2088
8926 0
8926 0
8926 0
8926 180
8926 0
8926 0
8926 0
8926 0
8926 0
8926 0
8926 0
8926 0
8926 0
8926 0
8926 0
8926 0
8926 0
8926 0
8926 0
8926 0
8926 0
8926 0
8926 0
8926 0
8926 0
8926 0
8926 0
8931 0
8931 0
8931 0
8931 4969
8931 0
8931 0
8931 0
8931 314
8931 0
8931 0
8931 4954
8931 0
8931 0
8931 0
8931 0
8931 0
8931 0
8931 0
8931 0
8931 0
8931 0
8931 422
8931 0
8931 0
8931 71
8931 0
8931 0
8931 0
8931 0
8931 0
8931 0
8938 0
8938 0
8938 0
8938 1419
8938 0
8938 0
8938 0
8938 56
8938 0
8938 0
8938 31
8938 0
8938 0
8938 0
8938 0
8938 0
8938 0
8938 0
8938 0
8938 0
8938 0
8938 0
8938 0
8938 0
8938 0
8938 0
8938 0
8938 0
8938 0
8938 0
8938 0
8984 0
8984 0
8984 0
8984 0
8984 0
8984 0
8984 0
8984 0
8984 0
8984 0
8984 125
8984 0
8984 0
8984 0
8984 0
8984 0
8984 0
8984 0
8984 0
8984 0
8984 0
8984 0
8984 0
8984 0
8984 0
8984 0
8984 0
8984 0
8984 0
8984 0
8984 0
8989 0
8989 0
8989 0
8989 6224
8989 0
8989 0
8989 0
8989 284
8989 0
8989 0
8989 168
8989 0
8989 0
8989 0
8989 0
8989 0
8989 0
8989 0
8989 0
8989 0
8989 0
8989 0
8989 0
8989 0
8989 0
8989 0
8989 0
8989 0
8989 0
8989 0
8989 0
