pt_graph shape
4843 0
4843 0
4843 0
4843 0
4843 0
4843 0
4843 0
4843 0
4843 0
4843 0
4843 1.48
4843 0
4843 0
4843 0
4843 0
4843 0
4843 0
4843 0
4843 0
4843 0
4843 0
4843 0
4843 0
4843 0
4843 0
4843 0
4843 0
4843 0
4843 0
4843 0
4843 0
5064 0
5064 0
5064 0
5064 0
5064 0
5064 0
5064 0
5064 0
5064 0
5064 0
5064 0.88
5064 0
5064 0
5064 0
5064 0
5064 0
5064 0
5064 0
5064 0
5064 0
5064 0
5064 0
5064 0
5064 0
5064 0
5064 0
5064 0
5064 0
5064 0
5064 0
5064 0
5132 0
5132 0
5132 0
5132 0
5132 0
5132 0
5132 0
5132 0
5132 0
5132 0
5132 1.46
5132 0
5132 0
5132 0
5132 0
5132 0
5132 0
5132 0
5132 0
5132 0
5132 0
5132 0
5132 0
5132 0
5132 0
5132 0
5132 0
5132 0
5132 0
5132 0
5132 0
5456 0
5456 0
5456 0
5456 0
5456 0
5456 0
5456 0
5456 0
5456 0
5456 0
5456 1.5
5456 0
5456 0
5456 0
5456 0
5456 0
5456 0
5456 0
5456 0
5456 0
5456 0
5456 0
5456 0
5456 0
5456 0
5456 0
5456 0
5456 0
5456 0
5456 0
5456 0
8617 0
8617 0
8617 0
8617 0
8617 0
8617 0
8617 0
8617 0
8617 0
8617 0
8617 1.65
8617 0
8617 0
8617 0
8617 0
8617 0
8617 0
8617 0
8617 0
8617 0
8617 0
8617 0
8617 0
8617 0
8617 0
8617 0
8617 0
8617 0
8617 0
8617 0
8617 0
8699 0
8699 0
8699 0
8699 0
8699 0
8699 0
8699 0
8699 0
8699 0
8699 0
8699 1.65
8699 0
8699 0
8699 0
8699 0
8699 0
8699 0
8699 0
8699 0
8699 0
8699 0
8699 0
8699 0
8699 0
8699 0
8699 0
8699 0
8699 0
8699 0
8699 0
8699 0
8856 0
8856 0
8856 0
8856 0
8856 0
8856 0
8856 0
8856 0
8856 0
8856 0
8856 1.64
8856 0
8856 0
8856 0
8856 0
8856 0
8856 0
8856 0
8856 0
8856 0
8856 0
8856 0
8856 0
8856 0
8856 0
8856 0
8856 0
8856 0
8856 0
8856 0
8856 0
9128 0
9128 0
9128 0
9128 0
9128 0
9128 0
9128 0
9128 0
9128 0
9128 0
9128 1.65
9128 0
9128 0
9128 0
9128 0
9128 0
9128 0
9128 0
9128 0
9128 0
9128 0
9128 0
9128 0
9128 0
9128 0
9128 0
9128 0
9128 0
9128 0
9128 0
9128 0
9411 0
9411 0
9411 0
9411 0
9411 0
9411 0
9411 0
9411 0
9411 0
9411 0
9411 1.48
9411 0
9411 0
9411 0
9411 0
9411 0
9411 0
9411 0
9411 0
9411 0
9411 0
9411 0
9411 0
9411 0
9411 0
9411 0
9411 0
9411 0
9411 0
9411 0
9411 0
9656 0
9656 0
9656 0
9656 0
9656 0
9656 0
9656 0
9656 0
9656 0
9656 0
9656 1.47
9656 0
9656 0
9656 0
9656 0
9656 0
9656 0
9656 0
9656 0
9656 0
9656 0
9656 0
9656 0
9656 0
9656 0
9656 0
9656 0
9656 0
9656 0
9656 0
9656 0
9682 0
9682 0
9682 0
9682 0
9682 0
9682 0
9682 0
9682 0
9682 0
9682 0
9682 1.46
9682 0
9682 0
9682 0
9682 0
9682 0
9682 0
9682 0
9682 0
9682 0
9682 0
9682 0
9682 0
9682 0
9682 0
9682 0
9682 0
9682 0
9682 0
9682 0
9682 0
9698 0
9698 0
9698 0
9698 0
9698 0
9698 0
9698 0
9698 0
9698 0
9698 0
9698 0.94
9698 0
9698 0
9698 0
9698 0
9698 0
9698 0
9698 0
9698 0
9698 0
9698 0
9698 0
9698 0
9698 0
9698 0
9698 0
9698 0
9698 0
9698 0
9698 0
9698 0
9721 0
9721 0
9721 0
9721 0
9721 0
9721 0
9721 0
9721 0
9721 0
9721 0
9721 1.52
9721 0
9721 0
9721 0
9721 0
9721 0
9721 0
9721 0
9721 0
9721 0
9721 0
9721 0
9721 0
9721 0
9721 0
9721 0
9721 0
9721 0
9721 0
9721 0
9721 0
9723 0
9723 0
9723 0
9723 0
9723 0
9723 0
9723 0
9723 0
9723 0
9723 0
9723 1.54
9723 0
9723 0
9723 0
9723 0
9723 0
9723 0
9723 0
9723 0
9723 0
9723 0
9723 0
9723 0
9723 0
9723 0
9723 0
9723 0
9723 0
9723 0
9723 0
9723 0
9766 0
9766 0
9766 0
9766 0
9766 0
9766 0
9766 0
9766 0
9766 0
9766 0
9766 1.6
9766 0
9766 0
9766 0
9766 0
9766 0
9766 0
9766 0
9766 0
9766 0
9766 0
9766 0
9766 0
9766 0
9766 0
9766 0
9766 0
9766 0
9766 0
9766 0
9766 0
9806 0
9806 0
9806 0
9806 0
9806 0
9806 0
9806 0
9806 0
9806 0
9806 0
9806 1.59
9806 0
9806 0
9806 0
9806 0
9806 0
9806 0
9806 0
9806 0
9806 0
9806 0
9806 0
9806 0
9806 0
9806 0
9806 0
9806 0
9806 0
9806 0
9806 0
9806 0
9874 0
9874 0
9874 0
9874 0
9874 0
9874 0
9874 0
9874 0
9874 0
9874 0
9874 1.6
9874 0
9874 0
9874 0
9874 0
9874 0
9874 0
9874 0
9874 0
9874 0
9874 0
9874 0
9874 0
9874 0
9874 0
9874 0
9874 0
9874 0
9874 0
9874 0
9874 0
9896 0
9896 0
9896 0
9896 0
9896 0
9896 0
9896 0
9896 0
9896 0
9896 0
9896 0.94
9896 0
9896 0
9896 0
9896 0
9896 0
9896 0
9896 0
9896 0
9896 0
9896 0
9896 0
9896 0
9896 0
9896 0
9896 0
9896 0
9896 0
9896 0
9896 0
9896 0
9975 0
9975 0
9975 0
9975 0
9975 0
9975 0
9975 0
9975 0
9975 0
9975 0
9975 1.57
9975 0
9975 0
9975 0
9975 0
9975 0
9975 0
9975 0
9975 0
9975 0
9975 0
9975 0
9975 0
9975 0
9975 0
9975 0
9975 0
9975 0
9975 0
9975 0
9975 0
10060 0
10060 0
10060 0
10060 0
10060 0
10060 0
10060 0
10060 0
10060 0
10060 0
10060 1.52
10060 0
10060 0
10060 0
10060 0
10060 0
10060 0
10060 0
10060 0
10060 0
10060 0
10060 0
10060 0
10060 0
10060 0
10060 0
10060 0
10060 0
10060 0
10060 0
10060 0
10117 0
10117 0
10117 0
10117 0
10117 0
10117 0
10117 0
10117 0
10117 0
10117 0
10117 1.61
10117 0
10117 0
10117 0
10117 0
10117 0
10117 0
10117 0
10117 0
10117 0
10117 0
10117 0
10117 0
10117 0
10117 0
10117 0
10117 0
10117 0
10117 0
10117 0
10117 0
10232 0
10232 0
10232 0
10232 0
10232 0
10232 0
10232 0
10232 0
10232 0
10232 0
10232 1.59
10232 0
10232 0
10232 0
10232 0
10232 0
10232 0
10232 0
10232 0
10232 0
10232 0
10232 0
10232 0
10232 0
10232 0
10232 0
10232 0
10232 0
10232 0
10232 0
10232 0
10254 0
10254 0
10254 0
10254 0
10254 0
10254 0
10254 0
10254 0
10254 0
10254 0
10254 1.57
10254 0
10254 0
10254 0
10254 0
10254 0
10254 0
10254 0
10254 0
10254 0
10254 0
10254 0
10254 0
10254 0
10254 0
10254 0
10254 0
10254 0
10254 0
10254 0
10254 0
10492 0
10492 0
10492 0
10492 0
10492 0
10492 0
10492 0
10492 0
10492 0
10492 0
10492 1.56
10492 0
10492 0
10492 0
10492 0
10492 0
10492 0
10492 0
10492 0
10492 0
10492 0
10492 0
10492 0
10492 0
10492 0
10492 0
10492 0
10492 0
10492 0
10492 0
10492 0
