pt_graph scale
10840 0
10840 0
10840 0
10840 0
10840 0
10840 0
10840 0
10840 0
10840 0
10840 0
10840 734
10840 0
10840 0
10840 0
10840 0
10840 0
10840 0
10840 0
10840 0
10840 0
10840 0
10840 0
10840 0
10840 0
10840 0
10840 0
10840 0
10840 0
10840 0
10840 0
10840 0
10842 0
10842 0
10842 0
10842 0
10842 0
10842 0
10842 0
10842 0
10842 0
10842 0
10842 1698
10842 0
10842 0
10842 0
10842 0
10842 0
10842 0
10842 0
10842 0
10842 0
10842 0
10842 1
10842 0
10842 0
10842 1
10842 0
10842 0
10842 0
10842 0
10842 0
10842 0
10844 0
10844 0
10844 0
10844 0
10844 0
10844 0
10844 0
10844 0
10844 0
10844 0
10844 298
10844 0
10844 0
10844 0
10844 0
10844 0
10844 0
10844 0
10844 0
10844 0
10844 0
10844 0
10844 0
10844 0
10844 0
10844 0
10844 0
10844 0
10844 0
10844 0
10844 0
10850 0
10850 0
10850 0
10850 0
10850 0
10850 0
10850 0
10850 0
10850 0
10850 0
10850 2776
10850 0
10850 0
10850 0
10850 0
10850 0
10850 0
10850 0
10850 0
10850 0
10850 0
10850 77
10850 0
10850 0
10850 3
10850 0
10850 0
10850 0
10850 0
10850 0
10850 0
10854 0
10854 0
10854 0
10854 0
10854 0
10854 0
10854 0
10854 0
10854 0
10854 0
10854 6475
10854 0
10854 0
10854 0
10854 0
10854 0
10854 0
10854 0
10854 0
10854 0
10854 0
10854 147
10854 0
10854 0
10854 130
10854 0
10854 0
10854 0
10854 0
10854 0
10854 0
10861 0
10861 0
10861 0
10861 0
10861 0
10861 0
10861 0
10861 0
10861 0
10861 0
10861 853
10861 0
10861 0
10861 0
10861 0
10861 0
10861 0
10861 0
10861 0
10861 0
10861 0
10861 1
10861 0
10861 0
10861 1
10861 0
10861 0
10861 0
10861 0
10861 0
10861 0
10883 0
10883 0
10883 0
10883 0
10883 0
10883 0
10883 0
10883 0
10883 0
10883 0
10883 0
10883 4283
10883 0
10883 0
10883 0
10883 0
10883 0
10883 0
10883 0
10883 0
10883 0
10883 24
10883 0
10883 0
10883 20
10883 0
10883 0
10883 0
10883 0
10883 0
10883 0
10887 0
10887 0
10887 0
10887 0
10887 0
10887 0
10887 0
10887 0
10887 0
10887 0
10887 0
10887 5172
10887 0
10887 0
10887 0
10887 0
10887 0
10887 0
10887 0
10887 0
10887 0
10887 428
10887 0
10887 0
10887 0
10887 0
10887 0
10887 0
10887 0
10887 0
10887 0
10892 0
10892 0
10892 0
10892 0
10892 0
10892 0
10892 0
10892 0
10892 0
10892 0
10892 0
10892 2575
10892 0
10892 0
10892 0
10892 0
10892 0
10892 0
10892 0
10892 0
10892 0
10892 25
10892 0
10892 0
10892 13
10892 0
10892 0
10892 0
10892 0
10892 0
10892 0
10893 0
10893 0
10893 0
10893 0
10893 0
10893 0
10893 0
10893 0
10893 0
10893 0
10893 0
10893 1583
10893 0
10893 0
10893 0
10893 0
10893 0
10893 0
10893 0
10893 0
10893 0
10893 0
10893 0
10893 0
10893 0
10893 0
10893 0
10893 0
10893 0
10893 0
10893 0
10897 0
10897 0
10897 0
10897 0
10897 0
10897 0
10897 0
10897 0
10897 0
10897 0
10897 0
10897 1302
10897 0
10897 0
10897 0
10897 0
10897 0
10897 0
10897 0
10897 0
10897 0
10897 103
10897 0
10897 0
10897 1
10897 0
10897 0
10897 0
10897 0
10897 0
10897 0
10899 0
10899 0
10899 0
10899 0
10899 0
10899 0
10899 0
10899 0
10899 0
10899 0
10899 0
10899 905
10899 0
10899 0
10899 0
10899 0
10899 0
10899 0
10899 0
10899 0
10899 0
10899 0
10899 0
10899 0
10899 0
10899 0
10899 0
10899 0
10899 0
10899 0
10899 0
10902 0
10902 0
10902 0
10902 0
10902 0
10902 0
10902 0
10902 0
10902 0
10902 0
10902 0
10902 1682
10902 0
10902 0
10902 0
10902 0
10902 0
10902 0
10902 0
10902 0
10902 0
10902 0
10902 0
10902 0
10902 1
10902 0
10902 0
10902 0
10902 0
10902 0
10902 0
10905 0
10905 0
10905 0
10905 0
10905 0
10905 0
10905 0
10905 0
10905 0
10905 0
10905 0
10905 3387
10905 0
10905 0
10905 0
10905 0
10905 0
10905 0
10905 0
10905 0
10905 0
10905 17
10905 0
10905 0
10905 41
10905 0
10905 0
10905 0
10905 0
10905 0
10905 0
10909 0
10909 0
10909 0
10909 0
10909 0
10909 0
10909 0
10909 0
10909 0
10909 0
10909 0
10909 2781
10909 0
10909 0
10909 0
10909 0
10909 0
10909 0
10909 0
10909 0
10909 0
10909 13
10909 0
10909 0
10909 21
10909 0
10909 0
10909 0
10909 0
10909 0
10909 0
10913 0
10913 0
10913 0
10913 0
10913 0
10913 0
10913 0
10913 0
10913 0
10913 0
10913 0
10913 909
10913 0
10913 0
10913 0
10913 0
10913 0
10913 0
10913 0
10913 0
10913 0
10913 623
10913 0
10913 0
10913 0
10913 0
10913 0
10913 0
10913 0
10913 0
10913 0
10915 0
10915 0
10915 0
10915 0
10915 0
10915 0
10915 0
10915 0
10915 0
10915 0
10915 0
10915 514
10915 0
10915 0
10915 0
10915 0
10915 0
10915 0
10915 0
10915 0
10915 0
10915 0
10915 0
10915 0
10915 0
10915 0
10915 0
10915 0
10915 0
10915 0
10915 0
10916 0
10916 0
10916 0
10916 0
10916 0
10916 0
10916 0
10916 0
10916 0
10916 0
10916 0
10916 514
10916 0
10916 0
10916 0
10916 0
10916 0
10916 0
10916 0
10916 0
10916 0
10916 0
10916 0
10916 0
10916 0
10916 0
10916 0
10916 0
10916 0
10916 0
10916 0
10918 0
10918 0
10918 0
10918 0
10918 0
10918 0
10918 0
10918 0
10918 0
10918 0
10918 0
10918 1108
10918 0
10918 0
10918 0
10918 0
10918 0
10918 0
10918 0
10918 0
10918 0
10918 334
10918 0
10918 0
10918 0
10918 0
10918 0
10918 0
10918 0
10918 0
10918 0
10920 0
10920 0
10920 0
10920 0
10920 0
10920 0
10920 0
10920 0
10920 0
10920 0
10920 0
10920 4290
10920 0
10920 0
10920 0
10920 0
10920 0
10920 0
10920 0
10920 0
10920 0
10920 15
10920 0
10920 0
10920 7
10920 0
10920 0
10920 0
10920 0
10920 0
10920 0
10924 0
10924 0
10924 0
10924 0
10924 0
10924 0
10924 0
10924 0
10924 0
10924 0
10924 0
10924 4352
10924 0
10924 0
10924 0
10924 0
10924 0
10924 0
10924 0
10924 0
10924 0
10924 1
10924 0
10924 0
10924 0
10924 0
10924 0
10924 0
10924 0
10924 0
10924 0
10925 0
10925 0
10925 0
10925 0
10925 0
10925 0
10925 0
10925 0
10925 0
10925 0
10925 0
10925 497
10925 0
10925 0
10925 0
10925 0
10925 0
10925 0
10925 0
10925 0
10925 0
10925 0
10925 0
10925 0
10925 0
10925 0
10925 0
10925 0
10925 0
10925 0
10925 0
10926 0
10926 0
10926 0
10926 0
10926 0
10926 0
10926 0
10926 0
10926 0
10926 0
10926 0
10926 1438
10926 0
10926 0
10926 0
10926 0
10926 0
10926 0
10926 0
10926 0
10926 0
10926 153
10926 0
10926 0
10926 4
10926 0
10926 0
10926 0
10926 0
10926 0
10926 0
10929 0
10929 0
10929 0
10929 0
10929 0
10929 0
10929 0
10929 0
10929 0
10929 0
10929 0
10929 446
10929 0
10929 0
10929 0
10929 0
10929 0
10929 0
10929 0
10929 0
10929 0
10929 0
10929 0
10929 0
10929 0
10929 0
10929 0
10929 0
10929 0
10929 0
10929 0
10930 0
10930 0
10930 0
10930 0
10930 0
10930 0
10930 0
10930 0
10930 0
10930 0
10930 0
10930 1645
10930 0
10930 0
10930 0
10930 0
10930 0
10930 0
10930 0
10930 0
10930 0
10930 0
10930 0
10930 0
10930 0
10930 0
10930 0
10930 0
10930 0
10930 0
10930 0
10935 0
10935 0
10935 0
10935 0
10935 0
10935 0
10935 0
10935 0
10935 0
10935 0
10935 0
10935 1865
10935 0
10935 0
10935 0
10935 0
10935 0
10935 0
10935 0
10935 0
10935 0
10935 857
10935 0
10935 0
10935 0
10935 0
10935 0
10935 0
10935 0
10935 0
10935 0
10936 0
10936 0
10936 0
10936 0
10936 0
10936 0
10936 0
10936 0
10936 0
10936 0
10936 0
10936 1473
10936 0
10936 0
10936 0
10936 0
10936 0
10936 0
10936 0
10936 0
10936 0
10936 0
10936 0
10936 0
10936 0
10936 0
10936 0
10936 0
10936 0
10936 0
10936 0
10938 0
10938 0
10938 0
10938 0
10938 0
10938 0
10938 0
10938 0
10938 0
10938 0
10938 0
10938 1707
10938 0
10938 0
10938 0
10938 0
10938 0
10938 0
10938 0
10938 0
10938 0
10938 0
10938 0
10938 0
10938 0
10938 0
10938 0
10938 0
10938 0
10938 0
10938 0
10940 0
10940 0
10940 0
10940 0
10940 0
10940 0
10940 0
10940 0
10940 0
10940 0
10940 0
10940 1111
10940 0
10940 0
10940 0
10940 0
10940 0
10940 0
10940 0
10940 0
10940 0
10940 843
10940 0
10940 0
10940 0
10940 0
10940 0
10940 0
10940 0
10940 0
10940 0
10942 0
10942 0
10942 0
10942 0
10942 0
10942 0
10942 0
10942 0
10942 0
10942 0
10942 0
10942 1554
10942 0
10942 0
10942 0
10942 0
10942 0
10942 0
10942 0
10942 0
10942 0
10942 638
10942 0
10942 0
10942 0
10942 0
10942 0
10942 0
10942 0
10942 0
10942 0
10944 0
10944 0
10944 0
10944 0
10944 0
10944 0
10944 0
10944 0
10944 0
10944 0
10944 0
10944 2127
10944 0
10944 0
10944 0
10944 0
10944 0
10944 0
10944 0
10944 0
10944 0
10944 131
10944 0
10944 0
10944 0
10944 0
10944 0
10944 0
10944 0
10944 0
10944 0
10945 0
10945 0
10945 0
10945 0
10945 0
10945 0
10945 0
10945 0
10945 0
10945 0
10945 0
10945 961
10945 0
10945 0
10945 0
10945 0
10945 0
10945 0
10945 0
10945 0
10945 0
10945 0
10945 0
10945 0
10945 0
10945 0
10945 0
10945 0
10945 0
10945 0
10945 0
10948 0
10948 0
10948 0
10948 0
10948 0
10948 0
10948 0
10948 0
10948 0
10948 0
10948 0
10948 961
10948 0
10948 0
10948 0
10948 0
10948 0
10948 0
10948 0
10948 0
10948 0
10948 0
10948 0
10948 0
10948 0
10948 0
10948 0
10948 0
10948 0
10948 0
10948 0
10953 0
10953 0
10953 0
10953 0
10953 0
10953 0
10953 0
10953 0
10953 0
10953 0
10953 0
10953 3639
10953 0
10953 0
10953 0
10953 0
10953 0
10953 0
10953 0
10953 0
10953 0
10953 169
10953 0
10953 0
10953 1
10953 0
10953 0
10953 0
10953 0
10953 0
10953 0
10955 0
10955 0
10955 0
10955 0
10955 0
10955 0
10955 0
10955 0
10955 0
10955 0
10955 0
10955 2798
10955 0
10955 0
10955 0
10955 0
10955 0
10955 0
10955 0
10955 0
10955 0
10955 284
10955 0
10955 0
10955 5
10955 0
10955 0
10955 0
10955 0
10955 0
10955 0
10959 0
10959 0
10959 0
10959 0
10959 0
10959 0
10959 0
10959 0
10959 0
10959 0
10959 0
10959 4708
10959 0
10959 0
10959 0
10959 0
10959 0
10959 0
10959 0
10959 0
10959 0
10959 1
10959 0
10959 0
10959 3
10959 0
10959 0
10959 0
10959 0
10959 0
10959 0
10961 0
10961 0
10961 0
10961 0
10961 0
10961 0
10961 0
10961 0
10961 0
10961 0
10961 0
10961 728
10961 0
10961 0
10961 0
10961 0
10961 0
10961 0
10961 0
10961 0
10961 0
10961 0
10961 0
10961 0
10961 0
10961 0
10961 0
10961 0
10961 0
10961 0
10961 0
10962 0
10962 0
10962 0
10962 0
10962 0
10962 0
10962 0
10962 0
10962 0
10962 0
10962 0
10962 1722
10962 0
10962 0
10962 0
10962 0
10962 0
10962 0
10962 0
10962 0
10962 0
10962 6
10962 0
10962 0
10962 3
10962 0
10962 0
10962 0
10962 0
10962 0
10962 0
10963 0
10963 0
10963 0
10963 0
10963 0
10963 0
10963 0
10963 0
10963 0
10963 0
10963 0
10963 1894
10963 0
10963 0
10963 0
10963 0
10963 0
10963 0
10963 0
10963 0
10963 0
10963 10
10963 0
10963 0
10963 2
10963 0
10963 0
10963 0
10963 0
10963 0
10963 0
10966 0
10966 0
10966 0
10966 0
10966 0
10966 0
10966 0
10966 0
10966 0
10966 0
10966 0
10966 930
10966 0
10966 0
10966 0
10966 0
10966 0
10966 0
10966 0
10966 0
10966 0
10966 0
10966 0
10966 0
10966 0
10966 0
10966 0
10966 0
10966 0
10966 0
10966 0
10968 0
10968 0
10968 0
10968 0
10968 0
10968 0
10968 0
10968 0
10968 0
10968 0
10968 0
10968 4168
10968 0
10968 0
10968 0
10968 0
10968 0
10968 0
10968 0
10968 0
10968 0
10968 0
10968 0
10968 0
10968 1
10968 0
10968 0
10968 0
10968 0
10968 0
10968 0
10976 0
10976 0
10976 0
10976 0
10976 0
10976 0
10976 0
10976 0
10976 0
10976 0
10976 0
10976 1942
10976 0
10976 0
10976 0
10976 0
10976 0
10976 0
10976 0
10976 0
10976 0
10976 0
10976 0
10976 0
10976 0
10976 0
10976 0
10976 0
10976 0
10976 0
10976 0
10984 0
10984 0
10984 0
10984 0
10984 0
10984 0
10984 0
10984 0
10984 0
10984 0
10984 0
10984 3483
10984 0
10984 0
10984 0
10984 0
10984 0
10984 0
10984 0
10984 0
10984 0
10984 423
10984 0
10984 0
10984 3
10984 0
10984 0
10984 0
10984 0
10984 0
10984 0
10986 0
10986 0
10986 0
10986 0
10986 0
10986 0
10986 0
10986 0
10986 0
10986 0
10986 0
10986 3266
10986 0
10986 0
10986 0
10986 0
10986 0
10986 0
10986 0
10986 0
10986 0
10986 140
10986 0
10986 0
10986 1
10986 0
10986 0
10986 0
10986 0
10986 0
10986 0
10988 0
10988 0
10988 0
10988 0
10988 0
10988 0
10988 0
10988 0
10988 0
10988 0
10988 0
10988 5644
10988 0
10988 0
10988 0
10988 0
10988 0
10988 0
10988 0
10988 0
10988 0
10988 565
10988 0
10988 0
10988 10
10988 0
10988 0
10988 0
10988 0
10988 0
10988 0
10993 0
10993 0
10993 0
10993 0
10993 0
10993 0
10993 0
10993 0
10993 0
10993 0
10993 0
10993 5047
10993 0
10993 0
10993 0
10993 0
10993 0
10993 0
10993 0
10993 0
10993 0
10993 3
10993 0
10993 0
10993 2
10993 0
10993 0
10993 0
10993 0
10993 0
10993 0
10994 0
10994 0
10994 0
10994 0
10994 0
10994 0
10994 0
10994 0
10994 0
10994 0
10994 0
10994 1835
10994 0
10994 0
10994 0
10994 0
10994 0
10994 0
10994 0
10994 0
10994 0
10994 0
10994 0
10994 0
10994 0
10994 0
10994 0
10994 0
10994 0
10994 0
10994 0
10998 0
10998 0
10998 0
10998 0
10998 0
10998 0
10998 0
10998 0
10998 0
10998 0
10998 0
10998 1236
10998 0
10998 0
10998 0
10998 0
10998 0
10998 0
10998 0
10998 0
10998 0
10998 0
10998 0
10998 0
10998 0
10998 0
10998 0
10998 0
10998 0
10998 0
10998 0
11003 0
11003 0
11003 0
11003 0
11003 0
11003 0
11003 0
11003 0
11003 0
11003 0
11003 0
11003 795
11003 0
11003 0
11003 0
11003 0
11003 0
11003 0
11003 0
11003 0
11003 0
11003 0
11003 0
11003 0
11003 0
11003 0
11003 0
11003 0
11003 0
11003 0
11003 0
11005 0
11005 0
11005 0
11005 0
11005 0
11005 0
11005 0
11005 0
11005 0
11005 0
11005 0
11005 1236
11005 0
11005 0
11005 0
11005 0
11005 0
11005 0
11005 0
11005 0
11005 0
11005 0
11005 0
11005 0
11005 0
11005 0
11005 0
11005 0
11005 0
11005 0
11005 0
11006 0
11006 0
11006 0
11006 0
11006 0
11006 0
11006 0
11006 0
11006 0
11006 0
11006 0
11006 1582
11006 0
11006 0
11006 0
11006 0
11006 0
11006 0
11006 0
11006 0
11006 0
11006 0
11006 0
11006 0
11006 0
11006 0
11006 0
11006 0
11006 0
11006 0
11006 0
11008 0
11008 0
11008 0
11008 0
11008 0
11008 0
11008 0
11008 0
11008 0
11008 0
11008 0
11008 2738
11008 0
11008 0
11008 0
11008 0
11008 0
11008 0
11008 0
11008 0
11008 0
11008 291
11008 0
11008 0
11008 0
11008 0
11008 0
11008 0
11008 0
11008 0
11008 0
11011 0
11011 0
11011 0
11011 0
11011 0
11011 0
11011 0
11011 0
11011 0
11011 0
11011 0
11011 795
11011 0
11011 0
11011 0
11011 0
11011 0
11011 0
11011 0
11011 0
11011 0
11011 0
11011 0
11011 0
11011 0
11011 0
11011 0
11011 0
11011 0
11011 0
11011 0
11012 0
11012 0
11012 0
11012 0
11012 0
11012 0
11012 0
11012 0
11012 0
11012 0
11012 0
11012 795
11012 0
11012 0
11012 0
11012 0
11012 0
11012 0
11012 0
11012 0
11012 0
11012 0
11012 0
11012 0
11012 0
11012 0
11012 0
11012 0
11012 0
11012 0
11012 0
11013 0
11013 0
11013 0
11013 0
11013 0
11013 0
11013 0
11013 0
11013 0
11013 0
11013 0
11013 491
11013 0
11013 0
11013 0
11013 0
11013 0
11013 0
11013 0
11013 0
11013 0
11013 0
11013 0
11013 0
11013 0
11013 0
11013 0
11013 0
11013 0
11013 0
11013 0
11017 0
11017 0
11017 0
11017 0
11017 0
11017 0
11017 0
11017 0
11017 0
11017 0
11017 0
11017 2052
11017 0
11017 0
11017 0
11017 0
11017 0
11017 0
11017 0
11017 0
11017 0
11017 0
11017 0
11017 0
11017 0
11017 0
11017 0
11017 0
11017 0
11017 0
11017 0
11018 0
11018 0
11018 0
11018 0
11018 0
11018 0
11018 0
11018 0
11018 0
11018 0
11018 0
11018 1236
11018 0
11018 0
11018 0
11018 0
11018 0
11018 0
11018 0
11018 0
11018 0
11018 0
11018 0
11018 0
11018 0
11018 0
11018 0
11018 0
11018 0
11018 0
11018 0
11019 0
11019 0
11019 0
11019 0
11019 0
11019 0
11019 0
11019 0
11019 0
11019 0
11019 0
11019 491
11019 0
11019 0
11019 0
11019 0
11019 0
11019 0
11019 0
11019 0
11019 0
11019 0
11019 0
11019 0
11019 0
11019 0
11019 0
11019 0
11019 0
11019 0
11019 0
11020 0
11020 0
11020 0
11020 0
11020 0
11020 0
11020 0
11020 0
11020 0
11020 0
11020 0
11020 475
11020 0
11020 0
11020 0
11020 0
11020 0
11020 0
11020 0
11020 0
11020 0
11020 0
11020 0
11020 0
11020 0
11020 0
11020 0
11020 0
11020 0
11020 0
11020 0
11023 0
11023 0
11023 0
11023 0
11023 0
11023 0
11023 0
11023 0
11023 0
11023 0
11023 0
11023 983
11023 0
11023 0
11023 0
11023 0
11023 0
11023 0
11023 0
11023 0
11023 0
11023 0
11023 0
11023 0
11023 0
11023 0
11023 0
11023 0
11023 0
11023 0
11023 0
11025 0
11025 0
11025 0
11025 0
11025 0
11025 0
11025 0
11025 0
11025 0
11025 0
11025 0
11025 2981
11025 0
11025 0
11025 0
11025 0
11025 0
11025 0
11025 0
11025 0
11025 0
11025 0
11025 0
11025 0
11025 0
11025 0
11025 0
11025 0
11025 0
11025 0
11025 0
11026 0
11026 0
11026 0
11026 0
11026 0
11026 0
11026 0
11026 0
11026 0
11026 0
11026 0
11026 491
11026 0
11026 0
11026 0
11026 0
11026 0
11026 0
11026 0
11026 0
11026 0
11026 0
11026 0
11026 0
11026 0
11026 0
11026 0
11026 0
11026 0
11026 0
11026 0
11027 0
11027 0
11027 0
11027 0
11027 0
11027 0
11027 0
11027 0
11027 0
11027 0
11027 0
11027 475
11027 0
11027 0
11027 0
11027 0
11027 0
11027 0
11027 0
11027 0
11027 0
11027 0
11027 0
11027 0
11027 0
11027 0
11027 0
11027 0
11027 0
11027 0
11027 0
11028 0
11028 0
11028 0
11028 0
11028 0
11028 0
11028 0
11028 0
11028 0
11028 0
11028 0
11028 491
11028 0
11028 0
11028 0
11028 0
11028 0
11028 0
11028 0
11028 0
11028 0
11028 0
11028 0
11028 0
11028 0
11028 0
11028 0
11028 0
11028 0
11028 0
11028 0
11037 0
11037 0
11037 0
11037 0
11037 0
11037 0
11037 0
11037 0
11037 0
11037 0
11037 0
11037 992
11037 0
11037 0
11037 0
11037 0
11037 0
11037 0
11037 0
11037 0
11037 0
11037 0
11037 0
11037 0
11037 0
11037 0
11037 0
11037 0
11037 0
11037 0
11037 0
11045 0
11045 0
11045 0
11045 0
11045 0
11045 0
11045 0
11045 0
11045 0
11045 0
11045 0
11045 491
11045 0
11045 0
11045 0
11045 0
11045 0
11045 0
11045 0
11045 0
11045 0
11045 0
11045 0
11045 0
11045 0
11045 0
11045 0
11045 0
11045 0
11045 0
11045 0
