pt_graph cpue_kghour
3239 0
3239 0
3239 0
3239 0
3239 0
3239 0
3239 0
3239 0
3239 0
3239 0
3239 380
3239 0
3239 0
3239 0
3239 1
3239 0
3239 0
3239 0
3239 0
3239 0
3239 0
3239 62
3239 0
3239 0
3239 106
3239 0
3239 0
3239 0
3239 0
3239 0
3239 0
3285 0
3285 0
3285 0
3285 0
3285 0
3285 0
3285 0
3285 0
3285 0
3285 0
3285 62
3285 0
3285 0
3285 0
3285 0
3285 0
3285 0
3285 0
3285 0
3285 0
3285 0
3285 31
3285 0
3285 0
3285 31
3285 0
3285 0
3285 0
3285 0
3285 0
3285 0
3328 0
3328 0
3328 0
3328 1559
3328 0
3328 0
3328 0
3328 0
3328 0
3328 0
3328 93
3328 0
3328 0
3328 0
3328 0
3328 0
3328 0
3328 0
3328 0
3328 0
3328 0
3328 26
3328 0
3328 0
3328 52
3328 0
3328 0
3328 0
3328 0
3328 0
3328 0
3396 0
3396 0
3396 0
3396 0
3396 0
3396 0
3396 0
3396 0
3396 0
3396 0
3396 138
3396 0
3396 0
3396 0
3396 0
3396 0
3396 0
3396 0
3396 0
3396 0
3396 0
3396 39
3396 0
3396 0
3396 110
3396 0
3396 0
3396 0
3396 0
3396 0
3396 0
3399 0
3399 0
3399 0
3399 0
3399 0
3399 0
3399 0
3399 0
3399 0
3399 0
3399 437
3399 0
3399 0
3399 0
3399 0
3399 0
3399 0
3399 0
3399 0
3399 0
3399 0
3399 0
3399 0
3399 0
3399 4
3399 0
3399 0
3399 0
3399 0
3399 0
3399 0
3534 0
3534 0
3534 0
3534 0
3534 0
3534 0
3534 0
3534 0
3534 0
3534 0
3534 493
3534 0
3534 0
3534 0
3534 2
3534 0
3534 0
3534 0
3534 0
3534 0
3534 0
3534 61
3534 0
3534 0
3534 173
3534 0
3534 0
3534 0
3534 0
3534 0
3534 0
3563 0
3563 0
3563 0
3563 0
3563 0
3563 0
3563 0
3563 0
3563 0
3563 0
3563 131
3563 0
3563 0
3563 0
3563 0
3563 0
3563 0
3563 0
3563 0
3563 0
3563 0
3563 79
3563 0
3563 0
3563 93
3563 0
3563 0
3563 0
3563 0
3563 0
3563 0
3667 0
3667 0
3667 0
3667 0
3667 0
3667 0
3667 0
3667 0
3667 0
3667 0
3667 246
3667 0
3667 0
3667 0
3667 1
3667 0
3667 0
3667 0
3667 0
3667 0
3667 0
3667 14
3667 0
3667 0
3667 0
3667 0
3667 0
3667 0
3667 0
3667 0
3667 0
3725 0
3725 0
3725 0
3725 0
3725 0
3725 0
3725 0
3725 0
3725 0
3725 0
3725 311
3725 0
3725 0
3725 0
3725 2
3725 0
3725 0
3725 0
3725 0
3725 0
3725 0
3725 77
3725 0
3725 0
3725 156
3725 0
3725 0
3725 0
3725 0
3725 0
3725 0
3732 0
3732 0
3732 0
3732 0
3732 0
3732 0
3732 0
3732 0
3732 0
3732 0
3732 174
3732 0
3732 0
3732 0
3732 1
3732 0
3732 0
3732 0
3732 0
3732 0
3732 0
3732 10
3732 0
3732 0
3732 0
3732 0
3732 0
3732 0
3732 0
3732 0
3732 0
3742 0
3742 0
3742 0
3742 0
3742 0
3742 0
3742 0
3742 0
3742 0
3742 0
3742 788
3742 0
3742 0
3742 0
3742 3
3742 0
3742 0
3742 0
3742 0
3742 0
3742 0
3742 87
3742 0
3742 0
3742 201
3742 0
3742 0
3742 0
3742 0
3742 0
3742 0
3826 0
3826 0
3826 0
3826 0
3826 0
3826 0
3826 0
3826 0
3826 0
3826 0
3826 62
3826 0
3826 0
3826 0
3826 0
3826 0
3826 0
3826 0
3826 0
3826 0
3826 0
3826 31
3826 0
3826 0
3826 31
3826 0
3826 0
3826 0
3826 0
3826 0
3826 0
3846 0
3846 0
3846 0
3846 0
3846 0
3846 0
3846 0
3846 0
3846 0
3846 0
3846 146
3846 0
3846 0
3846 0
3846 0
3846 0
3846 0
3846 0
3846 0
3846 0
3846 0
3846 27
3846 0
3846 0
3846 49
3846 0
3846 0
3846 0
3846 0
3846 0
3846 0
3881 0
3881 0
3881 0
3881 0
3881 0
3881 0
3881 0
3881 0
3881 0
3881 0
3881 157
3881 0
3881 0
3881 0
3881 0
3881 0
3881 0
3881 0
3881 0
3881 0
3881 0
3881 10
3881 0
3881 0
3881 0
3881 0
3881 0
3881 0
3881 0
3881 0
3881 0
3910 0
3910 0
3910 0
3910 0
3910 0
3910 0
3910 0
3910 0
3910 0
3910 0
3910 174
3910 0
3910 0
3910 0
3910 0
3910 0
3910 0
3910 0
3910 0
3910 0
3910 0
3910 58
3910 0
3910 0
3910 81
3910 0
3910 0
3910 0
3910 0
3910 0
3910 0
3966 0
3966 0
3966 0
3966 0
3966 0
3966 0
3966 0
3966 0
3966 0
3966 0
3966 401
3966 0
3966 0
3966 0
3966 31
3966 0
3966 0
3966 0
3966 0
3966 0
3966 0
3966 13
3966 0
3966 0
3966 0
3966 0
3966 0
3966 0
3966 0
3966 0
3966 0
3996 0
3996 0
3996 0
3996 0
3996 0
3996 0
3996 0
3996 0
3996 0
3996 0
3996 174
3996 0
3996 0
3996 0
3996 1
3996 0
3996 0
3996 0
3996 0
3996 0
3996 0
3996 10
3996 0
3996 0
3996 0
3996 0
3996 0
3996 0
3996 0
3996 0
3996 0
4011 0
4011 0
4011 0
4011 0
4011 0
4011 0
4011 0
4011 0
4011 0
4011 0
4011 219
4011 0
4011 0
4011 0
4011 0
4011 0
4011 0
4011 0
4011 0
4011 0
4011 0
4011 13
4011 0
4011 0
4011 0
4011 0
4011 0
4011 0
4011 0
4011 0
4011 0
4048 0
4048 0
4048 0
4048 0
4048 0
4048 0
4048 0
4048 0
4048 0
4048 0
4048 160
4048 0
4048 0
4048 0
4048 0
4048 0
4048 0
4048 0
4048 0
4048 0
4048 0
4048 10
4048 0
4048 0
4048 0
4048 0
4048 0
4048 0
4048 0
4048 0
4048 0
4052 0
4052 0
4052 0
4052 0
4052 0
4052 0
4052 0
4052 0
4052 0
4052 0
4052 646
4052 0
4052 0
4052 0
4052 20
4052 0
4052 0
4052 0
4052 0
4052 0
4052 0
4052 4
4052 0
4052 0
4052 0
4052 0
4052 0
4052 0
4052 0
4052 0
4052 0
4072 0
4072 0
4072 0
4072 0
4072 0
4072 0
4072 0
4072 0
4072 0
4072 0
4072 76
4072 0
4072 0
4072 0
4072 0
4072 0
4072 0
4072 0
4072 0
4072 0
4072 0
4072 0
4072 0
4072 0
4072 0
4072 0
4072 0
4072 0
4072 0
4072 0
4072 0
4097 0
4097 0
4097 0
4097 0
4097 0
4097 0
4097 0
4097 0
4097 0
4097 0
4097 177
4097 0
4097 0
4097 0
4097 0
4097 0
4097 0
4097 0
4097 0
4097 0
4097 0
4097 52
4097 0
4097 0
4097 102
4097 0
4097 0
4097 0
4097 0
4097 0
4097 0
4260 0
4260 0
4260 0
4260 0
4260 0
4260 0
4260 0
4260 0
4260 0
4260 0
4260 141
4260 0
4260 0
4260 0
4260 0
4260 0
4260 0
4260 0
4260 0
4260 0
4260 0
4260 26
4260 0
4260 0
4260 47
4260 0
4260 0
4260 0
4260 0
4260 0
4260 0
4316 0
4316 0
4316 0
4316 0
4316 0
4316 0
4316 0
4316 0
4316 0
4316 0
4316 152
4316 0
4316 0
4316 0
4316 0
4316 0
4316 0
4316 0
4316 0
4316 0
4316 0
4316 5
4316 0
4316 0
4316 0
4316 0
4316 0
4316 0
4316 0
4316 0
4316 0
4370 0
4370 0
4370 0
4370 0
4370 0
4370 0
4370 0
4370 0
4370 0
4370 0
4370 102
4370 0
4370 0
4370 0
4370 0
4370 0
4370 0
4370 0
4370 0
4370 0
4370 0
4370 10
4370 0
4370 0
4370 0
4370 0
4370 0
4370 0
4370 0
4370 0
4370 0
4394 0
4394 0
4394 0
4394 0
4394 0
4394 0
4394 0
4394 0
4394 0
4394 0
4394 247
4394 0
4394 0
4394 0
4394 0
4394 0
4394 0
4394 0
4394 0
4394 0
4394 0
4394 23
4394 0
4394 0
4394 0
4394 0
4394 0
4394 0
4394 0
4394 0
4394 0
4402 0
4402 0
4402 0
4402 0
4402 0
4402 0
4402 0
4402 0
4402 0
4402 0
4402 63
4402 0
4402 0
4402 0
4402 0
4402 0
4402 0
4402 0
4402 0
4402 0
4402 0
4402 32
4402 0
4402 0
4402 31
4402 0
4402 0
4402 0
4402 0
4402 0
4402 0
4467 0
4467 0
4467 0
4467 0
4467 0
4467 0
4467 0
4467 0
4467 0
4467 0
4467 63
4467 0
4467 0
4467 0
4467 0
4467 0
4467 0
4467 0
4467 0
4467 0
4467 0
4467 32
4467 0
4467 0
4467 31
4467 0
4467 0
4467 0
4467 0
4467 0
4467 0
4501 0
4501 0
4501 0
4501 0
4501 0
4501 0
4501 0
4501 0
4501 0
4501 0
4501 128
4501 0
4501 0
4501 0
4501 0
4501 0
4501 0
4501 0
4501 0
4501 0
4501 0
4501 16
4501 0
4501 0
4501 24
4501 0
4501 0
4501 0
4501 0
4501 0
4501 0
4525 0
4525 0
4525 0
4525 0
4525 0
4525 0
4525 0
4525 0
4525 0
4525 0
4525 170
4525 0
4525 0
4525 0
4525 0
4525 0
4525 0
4525 0
4525 0
4525 0
4525 0
4525 8
4525 0
4525 0
4525 0
4525 0
4525 0
4525 0
4525 0
4525 0
4525 0
4532 0
4532 0
4532 0
4532 0
4532 0
4532 0
4532 0
4532 0
4532 0
4532 0
4532 326
4532 0
4532 0
4532 0
4532 0
4532 0
4532 0
4532 0
4532 0
4532 0
4532 0
4532 19
4532 0
4532 0
4532 0
4532 0
4532 0
4532 0
4532 0
4532 0
4532 0
4576 0
4576 0
4576 0
4576 0
4576 0
4576 0
4576 0
4576 0
4576 0
4576 0
4576 4160
4576 0
4576 0
4576 0
4576 131
4576 0
4576 0
4576 0
4576 0
4576 0
4576 0
4576 28
4576 0
4576 0
4576 0
4576 0
4576 0
4576 0
4576 0
4576 0
4576 0
4606 0
4606 0
4606 0
4606 0
4606 0
4606 0
4606 0
4606 0
4606 0
4606 0
4606 657
4606 0
4606 0
4606 0
4606 21
4606 0
4606 0
4606 0
4606 0
4606 0
4606 0
4606 4
4606 0
4606 0
4606 0
4606 0
4606 0
4606 0
4606 0
4606 0
4606 0
4636 0
4636 0
4636 0
4636 0
4636 0
4636 0
4636 0
4636 0
4636 0
4636 0
4636 115
4636 0
4636 0
4636 0
4636 0
4636 0
4636 0
4636 0
4636 0
4636 0
4636 0
4636 7
4636 0
4636 0
4636 0
4636 0
4636 0
4636 0
4636 0
4636 0
4636 0
4691 0
4691 0
4691 0
4691 0
4691 0
4691 0
4691 0
4691 0
4691 0
4691 0
4691 177
4691 0
4691 0
4691 0
4691 1
4691 0
4691 0
4691 0
4691 0
4691 0
4691 0
4691 10
4691 0
4691 0
4691 0
4691 0
4691 0
4691 0
4691 0
4691 0
4691 0
4767 0
4767 0
4767 0
4767 0
4767 0
4767 0
4767 0
4767 0
4767 0
4767 0
4767 257
4767 0
4767 0
4767 0
4767 0
4767 0
4767 0
4767 0
4767 0
4767 0
4767 0
4767 8
4767 0
4767 0
4767 0
4767 0
4767 0
4767 0
4767 0
4767 0
4767 0
4790 0
4790 0
4790 0
4790 0
4790 0
4790 0
4790 0
4790 0
4790 0
4790 0
4790 113
4790 0
4790 0
4790 0
4790 0
4790 0
4790 0
4790 0
4790 0
4790 0
4790 0
4790 6
4790 0
4790 0
4790 0
4790 0
4790 0
4790 0
4790 0
4790 0
4790 0
4861 0
4861 0
4861 0
4861 0
4861 0
4861 0
4861 0
4861 0
4861 0
4861 0
4861 197
4861 0
4861 0
4861 0
4861 0
4861 0
4861 0
4861 0
4861 0
4861 0
4861 0
4861 9
4861 0
4861 0
4861 0
4861 0
4861 0
4861 0
4861 0
4861 0
4861 0
4923 0
4923 0
4923 0
4923 0
4923 0
4923 0
4923 0
4923 0
4923 0
4923 0
4923 313
4923 0
4923 0
4923 0
4923 0
4923 0
4923 0
4923 0
4923 0
4923 0
4923 0
4923 12
4923 0
4923 0
4923 0
4923 0
4923 0
4923 0
4923 0
4923 0
4923 0
5037 0
5037 0
5037 0
5037 0
5037 0
5037 0
5037 0
5037 0
5037 0
5037 0
5037 1382
5037 0
5037 0
5037 0
5037 0
5037 0
5037 0
5037 0
5037 0
5037 0
5037 0
5037 19
5037 0
5037 0
5037 0
5037 0
5037 0
5037 0
5037 0
5037 0
5037 0
5141 0
5141 0
5141 0
5141 0
5141 0
5141 0
5141 0
5141 0
5141 0
5141 0
5141 102
5141 0
5141 0
5141 0
5141 0
5141 0
5141 0
5141 0
5141 0
5141 0
5141 0
5141 10
5141 0
5141 0
5141 0
5141 0
5141 0
5141 0
5141 0
5141 0
5141 0
5391 0
5391 0
5391 0
5391 0
5391 0
5391 0
5391 0
5391 0
5391 0
5391 0
5391 170
5391 0
5391 0
5391 0
5391 0
5391 0
5391 0
5391 0
5391 0
5391 0
5391 0
5391 8
5391 0
5391 0
5391 0
5391 0
5391 0
5391 0
5391 0
5391 0
5391 0
6079 0
6079 0
6079 0
6079 2135
6079 0
6079 0
6079 0
6079 0
6079 0
6079 0
6079 0
6079 0
6079 0
6079 0
6079 0
6079 0
6079 0
6079 0
6079 0
6079 0
6079 0
6079 0
6079 0
6079 0
6079 0
6079 0
6079 0
6079 0
6079 0
6079 0
6079 0
6222 0
6222 0
6222 0
6222 899
6222 0
6222 0
6222 0
6222 0
6222 0
6222 0
6222 0
6222 0
6222 0
6222 0
6222 0
6222 0
6222 0
6222 0
6222 0
6222 0
6222 0
6222 0
6222 0
6222 0
6222 0
6222 0
6222 0
6222 0
6222 0
6222 0
6222 0
6293 0
6293 0
6293 0
6293 1532
6293 0
6293 0
6293 0
6293 0
6293 0
6293 0
6293 0
6293 0
6293 0
6293 0
6293 0
6293 0
6293 0
6293 0
6293 0
6293 0
6293 0
6293 0
6293 0
6293 0
6293 0
6293 0
6293 0
6293 0
6293 0
6293 0
6293 0
6326 0
6326 0
6326 0
6326 803
6326 0
6326 0
6326 0
6326 0
6326 0
6326 0
6326 0
6326 0
6326 0
6326 0
6326 0
6326 0
6326 0
6326 0
6326 0
6326 0
6326 0
6326 0
6326 0
6326 0
6326 0
6326 0
6326 0
6326 0
6326 0
6326 0
6326 0
6562 0
6562 0
6562 0
6562 789
6562 0
6562 0
6562 0
6562 0
6562 0
6562 0
6562 0
6562 0
6562 0
6562 0
6562 0
6562 0
6562 0
6562 0
6562 0
6562 0
6562 0
6562 0
6562 0
6562 0
6562 0
6562 0
6562 0
6562 0
6562 0
6562 0
6562 0
6655 0
6655 0
6655 0
6655 6406
6655 0
6655 0
6655 0
6655 0
6655 0
6655 0
6655 0
6655 0
6655 0
6655 0
6655 0
6655 0
6655 0
6655 0
6655 0
6655 0
6655 0
6655 0
6655 0
6655 0
6655 0
6655 0
6655 0
6655 0
6655 0
6655 0
6655 0
6715 0
6715 0
6715 0
6715 1671
6715 0
6715 0
6715 0
6715 0
6715 0
6715 0
6715 0
6715 0
6715 0
6715 0
6715 0
6715 0
6715 0
6715 0
6715 0
6715 0
6715 0
6715 0
6715 0
6715 0
6715 0
6715 0
6715 0
6715 0
6715 0
6715 0
6715 0
7045 0
7045 0
7045 0
7045 1642
7045 0
7045 0
7045 0
7045 0
7045 0
7045 0
7045 0
7045 0
7045 0
7045 0
7045 0
7045 0
7045 0
7045 0
7045 0
7045 0
7045 0
7045 0
7045 0
7045 0
7045 0
7045 0
7045 0
7045 0
7045 0
7045 0
7045 0
7062 0
7062 0
7062 0
7062 798
7062 0
7062 0
7062 0
7062 0
7062 0
7062 0
7062 0
7062 0
7062 0
7062 0
7062 0
7062 0
7062 0
7062 0
7062 0
7062 0
7062 0
7062 0
7062 0
7062 0
7062 0
7062 0
7062 0
7062 0
7062 0
7062 0
7062 0
7209 0
7209 0
7209 0
7209 1338
7209 0
7209 0
7209 0
7209 0
7209 0
7209 0
7209 0
7209 0
7209 0
7209 0
7209 0
7209 0
7209 0
7209 0
7209 0
7209 0
7209 0
7209 0
7209 0
7209 0
7209 0
7209 0
7209 0
7209 0
7209 0
7209 0
7209 0
7350 0
7350 0
7350 0
7350 1896
7350 0
7350 0
7350 0
7350 0
7350 0
7350 0
7350 0
7350 0
7350 0
7350 0
7350 0
7350 0
7350 0
7350 0
7350 0
7350 0
7350 0
7350 0
7350 0
7350 0
7350 0
7350 0
7350 0
7350 0
7350 0
7350 0
7350 0
7711 0
7711 0
7711 0
7711 1131
7711 0
7711 0
7711 0
7711 0
7711 0
7711 0
7711 0
7711 0
7711 0
7711 0
7711 0
7711 0
7711 0
7711 0
7711 0
7711 0
7711 0
7711 0
7711 0
7711 0
7711 0
7711 0
7711 0
7711 0
7711 0
7711 0
7711 0
8030 0
8030 0
8030 0
8030 1131
8030 0
8030 0
8030 0
8030 0
8030 0
8030 0
8030 0
8030 0
8030 0
8030 0
8030 0
8030 0
8030 0
8030 0
8030 0
8030 0
8030 0
8030 0
8030 0
8030 0
8030 0
8030 0
8030 0
8030 0
8030 0
8030 0
8030 0
8605 0
8605 0
8605 0
8605 3647
8605 0
8605 0
8605 0
8605 0
8605 0
8605 0
8605 0
8605 0
8605 0
8605 0
8605 0
8605 0
8605 0
8605 0
8605 0
8605 0
8605 0
8605 0
8605 0
8605 0
8605 0
8605 0
8605 0
8605 0
8605 0
8605 0
8605 0
8796 0
8796 0
8796 0
8796 23373
8796 0
8796 0
8796 0
8796 0
8796 0
8796 0
8796 5
8796 0
8796 0
8796 0
8796 0
8796 0
8796 0
8796 0
8796 0
8796 0
8796 0
8796 0
8796 0
8796 0
8796 0
8796 0
8796 0
8796 0
8796 0
8796 0
8796 0
8815 0
8815 0
8815 0
8815 14671
8815 0
8815 0
8815 0
8815 0
8815 0
8815 0
8815 3
8815 0
8815 0
8815 0
8815 0
8815 0
8815 0
8815 0
8815 0
8815 0
8815 0
8815 0
8815 0
8815 0
8815 0
8815 0
8815 0
8815 0
8815 0
8815 0
8815 0
8816 0
8816 0
8816 0
8816 959
8816 0
8816 0
8816 0
8816 0
8816 0
8816 0
8816 0
8816 0
8816 0
8816 0
8816 0
8816 0
8816 0
8816 0
8816 0
8816 0
8816 0
8816 0
8816 0
8816 0
8816 0
8816 0
8816 0
8816 0
8816 0
8816 0
8816 0
8828 0
8828 0
8828 0
8828 28890
8828 0
8828 0
8828 0
8828 0
8828 0
8828 0
8828 2
8828 0
8828 0
8828 0
8828 0
8828 0
8828 0
8828 0
8828 0
8828 0
8828 0
8828 0
8828 0
8828 0
8828 0
8828 0
8828 0
8828 0
8828 0
8828 0
8828 0
8871 0
8871 0
8871 0
8871 9221
8871 0
8871 0
8871 0
8871 0
8871 0
8871 0
8871 1
8871 0
8871 0
8871 0
8871 0
8871 0
8871 0
8871 0
8871 0
8871 0
8871 0
8871 0
8871 0
8871 0
8871 0
8871 0
8871 0
8871 0
8871 0
8871 0
8871 0
8872 0
8872 0
8872 0
8872 3817
8872 0
8872 0
8872 0
8872 0
8872 0
8872 0
8872 0
8872 0
8872 0
8872 0
8872 0
8872 0
8872 0
8872 0
8872 0
8872 0
8872 0
8872 0
8872 0
8872 0
8872 0
8872 0
8872 0
8872 0
8872 0
8872 0
8872 0
8873 0
8873 0
8873 0
8873 3956
8873 0
8873 0
8873 0
8873 0
8873 0
8873 0
8873 0
8873 0
8873 0
8873 0
8873 0
8873 0
8873 0
8873 0
8873 0
8873 0
8873 0
8873 0
8873 0
8873 0
8873 0
8873 0
8873 0
8873 0
8873 0
8873 0
8873 0
8897 0
8897 0
8897 0
8897 1583
8897 0
8897 0
8897 0
8897 0
8897 0
8897 0
8897 0
8897 0
8897 0
8897 0
8897 0
8897 0
8897 0
8897 0
8897 0
8897 0
8897 0
8897 0
8897 0
8897 0
8897 0
8897 0
8897 0
8897 0
8897 0
8897 0
8897 0
8899 0
8899 0
8899 0
8899 916
8899 0
8899 0
8899 0
8899 0
8899 0
8899 0
8899 0
8899 0
8899 0
8899 0
8899 0
8899 0
8899 0
8899 0
8899 0
8899 0
8899 0
8899 0
8899 0
8899 0
8899 0
8899 0
8899 0
8899 0
8899 0
8899 0
8899 0
8958 0
8958 0
8958 0
8958 176865
8958 0
8958 0
8958 0
8958 0
8958 0
8958 0
8958 0
8958 0
8958 0
8958 0
8958 0
8958 0
8958 0
8958 0
8958 0
8958 0
8958 0
8958 0
8958 0
8958 0
8958 0
8958 0
8958 0
8958 0
8958 0
8958 0
8958 0
