pt_graph scale
451 0
451 0
451 0
451 0
451 0
451 0
451 0
451 0
451 0
451 0
451 0
451 0
451 0
451 0
451 0
451 0
451 0
451 0
451 0
451 0
451 0
451 0
451 0
451 0
451 0
451 0
451 0
451 0
451 298
451 0
451 0
468 0
468 0
468 0
468 0
468 0
468 0
468 0
468 0
468 0
468 0
468 0
468 0
468 0
468 0
468 0
468 0
468 0
468 0
468 0
468 0
468 0
468 0
468 0
468 0
468 0
468 0
468 0
468 0
468 133
468 0
468 0
474 0
474 0
474 0
474 0
474 0
474 0
474 0
474 0
474 0
474 0
474 0
474 0
474 0
474 0
474 0
474 0
474 0
474 0
474 0
474 0
474 0
474 0
474 0
474 0
474 0
474 0
474 0
474 0
474 155
474 0
474 0
493 0
493 0
493 0
493 0
493 0
493 0
493 0
493 0
493 0
493 0
493 0
493 0
493 0
493 0
493 0
493 0
493 0
493 0
493 0
493 0
493 0
493 0
493 0
493 0
493 0
493 0
493 0
493 0
493 176
493 0
493 0
500 0
500 0
500 0
500 0
500 0
500 0
500 0
500 0
500 0
500 0
500 0
500 0
500 0
500 0
500 0
500 0
500 0
500 0
500 0
500 0
500 0
500 0
500 0
500 0
500 0
500 0
500 0
500 0
500 257
500 0
500 0
526 0
526 0
526 0
526 0
526 0
526 0
526 0
526 0
526 0
526 0
526 0
526 0
526 0
526 0
526 0
526 0
526 0
526 0
526 0
526 0
526 0
526 0
526 0
526 0
526 0
526 0
526 0
526 0
526 34
526 0
526 0
557 0
557 0
557 0
557 0
557 0
557 0
557 0
557 0
557 0
557 0
557 0
557 0
557 0
557 0
557 0
557 0
557 0
557 0
557 0
557 0
557 0
557 0
557 0
557 0
557 0
557 0
557 0
557 0
557 3
557 0
557 0
795 0
795 0
795 0
795 0
795 0
795 0
795 0
795 0
795 0
795 0
795 5
795 0
795 0
795 0
795 0
795 0
795 0
795 0
795 0
795 0
795 0
795 2
795 0
795 0
795 3
795 0
795 0
795 0
795 0
795 0
795 0
831 0
831 0
831 0
831 0
831 0
831 0
831 0
831 0
831 0
831 0
831 146
831 0
831 0
831 0
831 0
831 0
831 0
831 0
831 0
831 0
831 0
831 23
831 0
831 0
831 227
831 0
831 0
831 0
831 0
831 0
831 0
840 0
840 0
840 0
840 0
840 0
840 0
840 0
840 0
840 0
840 0
840 100
840 0
840 0
840 0
840 0
840 0
840 0
840 0
840 0
840 0
840 0
840 3
840 0
840 0
840 50
840 0
840 0
840 0
840 0
840 0
840 0
866 0
866 0
866 0
866 0
866 0
866 0
866 0
866 0
866 0
866 0
866 143
866 0
866 0
866 0
866 0
866 0
866 0
866 0
866 0
866 0
866 0
866 2
866 0
866 0
866 87
866 0
866 0
866 0
866 0
866 0
866 0
867 0
867 0
867 0
867 0
867 0
867 0
867 0
867 0
867 0
867 0
867 0
867 0
867 0
867 0
867 0
867 0
867 0
867 0
867 0
867 0
867 0
867 0
867 0
867 0
867 0
867 0
867 0
867 0
867 0
867 0
867 0
886 0
886 0
886 0
886 0
886 0
886 0
886 0
886 0
886 0
886 0
886 383
886 0
886 0
886 0
886 0
886 0
886 0
886 0
886 0
886 0
886 0
886 135
886 0
886 0
886 319
886 0
886 0
886 0
886 0
886 0
886 0
898 0
898 0
898 0
898 0
898 0
898 0
898 0
898 0
898 0
898 0
898 26
898 0
898 0
898 0
898 0
898 0
898 0
898 0
898 0
898 0
898 0
898 3
898 0
898 0
898 16
898 0
898 0
898 0
898 0
898 0
898 0
901 0
901 0
901 0
901 0
901 0
901 0
901 0
901 0
901 0
901 0
901 1005
901 0
901 0
901 0
901 0
901 0
901 0
901 0
901 0
901 0
901 0
901 465
901 0
901 0
901 610
901 0
901 0
901 0
901 0
901 0
901 0
908 0
908 0
908 0
908 0
908 0
908 0
908 0
908 0
908 0
908 0
908 171
908 0
908 0
908 0
908 0
908 0
908 0
908 0
908 0
908 0
908 0
908 8
908 0
908 0
908 38
908 0
908 0
908 0
908 0
908 0
908 0
910 0
910 0
910 0
910 0
910 0
910 0
910 0
910 0
910 0
910 0
910 94
910 0
910 0
910 0
910 0
910 0
910 0
910 0
910 0
910 0
910 0
910 2
910 0
910 0
910 0
910 0
910 0
910 0
910 0
910 0
910 0
915 0
915 0
915 0
915 0
915 0
915 0
915 0
915 0
915 0
915 0
915 79
915 0
915 0
915 0
915 0
915 0
915 0
915 0
915 0
915 0
915 0
915 6
915 0
915 0
915 19
915 0
915 0
915 0
915 0
915 0
915 0
917 0
917 0
917 0
917 0
917 0
917 0
917 0
917 0
917 0
917 0
917 190
917 0
917 0
917 0
917 0
917 0
917 0
917 0
917 0
917 0
917 0
917 4
917 0
917 0
917 39
917 0
917 0
917 0
917 0
917 0
917 0
921 0
921 0
921 0
921 0
921 0
921 0
921 0
921 0
921 0
921 0
921 142
921 0
921 0
921 0
921 0
921 0
921 0
921 0
921 0
921 0
921 0
921 6
921 0
921 0
921 16
921 0
921 0
921 0
921 0
921 0
921 0
925 0
925 0
925 0
925 0
925 0
925 0
925 0
925 0
925 0
925 0
925 497
925 0
925 0
925 0
925 0
925 0
925 0
925 0
925 0
925 0
925 0
925 19
925 0
925 0
925 253
925 0
925 0
925 0
925 0
925 0
925 0
934 0
934 0
934 0
934 0
934 0
934 0
934 0
934 0
934 0
934 0
934 20
934 0
934 0
934 0
934 120
934 0
934 0
934 0
934 0
934 0
934 0
934 15
934 0
934 0
934 294
934 0
934 0
934 0
934 0
934 0
934 0
938 0
938 0
938 0
938 0
938 0
938 0
938 0
938 0
938 0
938 0
938 77
938 0
938 0
938 0
938 0
938 0
938 0
938 0
938 0
938 0
938 0
938 36
938 0
938 0
938 0
938 0
938 0
938 0
938 0
938 0
938 0
940 0
940 0
940 0
940 0
940 0
940 0
940 0
940 0
940 0
940 0
940 148
940 0
940 0
940 0
940 0
940 0
940 0
940 0
940 0
940 0
940 0
940 200
940 0
940 0
940 1
940 0
940 0
940 0
940 0
940 0
940 0
942 0
942 0
942 0
942 0
942 0
942 0
942 0
942 0
942 0
942 0
942 60
942 0
942 0
942 0
942 0
942 0
942 0
942 0
942 0
942 0
942 0
942 371
942 0
942 0
942 1336
942 0
942 0
942 0
942 0
942 0
942 0
943 0
943 0
943 0
943 0
943 0
943 0
943 0
943 0
943 0
943 0
943 1
943 0
943 0
943 0
943 0
943 0
943 0
943 0
943 0
943 0
943 0
943 1
943 0
943 0
943 14
943 0
943 0
943 0
943 0
943 0
943 0
945 0
945 0
945 0
945 0
945 0
945 0
945 0
945 0
945 0
945 0
945 757
945 0
945 0
945 0
945 0
945 0
945 0
945 0
945 0
945 0
945 0
945 406
945 0
945 0
945 449
945 0
945 0
945 0
945 0
945 0
945 0
948 0
948 0
948 0
948 0
948 0
948 0
948 0
948 0
948 0
948 0
948 0
948 0
948 0
948 0
948 0
948 0
948 0
948 0
948 0
948 0
948 0
948 0
948 0
948 0
948 14
948 0
948 0
948 0
948 0
948 0
948 0
950 0
950 0
950 0
950 0
950 0
950 0
950 0
950 0
950 0
950 0
950 54
950 0
950 0
950 0
950 0
950 0
950 0
950 0
950 0
950 0
950 0
950 1
950 0
950 0
950 16
950 0
950 0
950 0
950 0
950 0
950 0
953 0
953 0
953 0
953 0
953 0
953 0
953 0
953 0
953 0
953 0
953 23
953 0
953 0
953 0
953 0
953 0
953 0
953 0
953 0
953 0
953 0
953 10
953 0
953 0
953 168
953 0
953 0
953 0
953 0
953 0
953 0
956 0
956 0
956 0
956 0
956 0
956 0
956 0
956 0
956 0
956 0
956 208
956 0
956 0
956 0
956 0
956 0
956 0
956 0
956 0
956 0
956 0
956 9
956 0
956 0
956 36
956 0
956 0
956 0
956 0
956 0
956 0
958 0
958 0
958 0
958 0
958 0
958 0
958 0
958 0
958 0
958 0
958 81
958 0
958 0
958 0
958 8
958 0
958 0
958 0
958 0
958 0
958 0
958 21
958 0
958 0
958 38
958 0
958 0
958 0
958 0
958 0
958 0
960 0
960 0
960 0
960 0
960 0
960 0
960 0
960 0
960 0
960 0
960 37
960 0
960 0
960 0
960 0
960 0
960 0
960 0
960 0
960 0
960 0
960 14
960 0
960 0
960 65
960 0
960 0
960 0
960 0
960 0
960 0
962 0
962 0
962 0
962 0
962 0
962 0
962 0
962 0
962 0
962 0
962 38
962 0
962 0
962 0
962 0
962 0
962 0
962 0
962 0
962 0
962 0
962 1
962 0
962 0
962 4
962 0
962 0
962 0
962 0
962 0
962 0
977 0
977 0
977 0
977 0
977 0
977 0
977 0
977 0
977 0
977 0
977 1
977 0
977 0
977 0
977 0
977 0
977 0
977 0
977 0
977 0
977 0
977 1
977 0
977 0
977 58
977 0
977 0
977 0
977 0
977 0
977 0
978 0
978 0
978 0
978 0
978 0
978 0
978 0
978 0
978 0
978 0
978 27
978 0
978 0
978 0
978 0
978 0
978 0
978 0
978 0
978 0
978 0
978 4
978 0
978 0
978 18
978 0
978 0
978 0
978 0
978 0
978 0
979 0
979 0
979 0
979 0
979 0
979 0
979 0
979 0
979 0
979 0
979 0
979 0
979 0
979 0
979 0
979 0
979 0
979 0
979 0
979 0
979 0
979 6
979 0
979 0
979 101
979 0
979 0
979 0
979 0
979 0
979 0
980 0
980 0
980 0
980 0
980 0
980 0
980 0
980 0
980 0
980 0
980 67
980 0
980 0
980 0
980 0
980 0
980 0
980 0
980 0
980 0
980 0
980 28
980 0
980 0
980 245
980 0
980 0
980 0
980 0
980 0
980 0
982 0
982 0
982 0
982 0
982 0
982 0
982 0
982 0
982 0
982 0
982 174
982 0
982 0
982 0
982 10
982 0
982 0
982 0
982 0
982 0
982 0
982 5
982 0
982 0
982 108
982 0
982 0
982 0
982 0
982 0
982 0
986 0
986 0
986 0
986 0
986 0
986 0
986 0
986 0
986 0
986 0
986 1
986 0
986 0
986 0
986 0
986 0
986 0
986 0
986 0
986 0
986 0
986 0
986 0
986 0
986 0
986 0
986 0
986 0
986 0
986 0
986 0
988 0
988 0
988 0
988 0
988 0
988 0
988 0
988 0
988 0
988 0
988 54
988 0
988 0
988 0
988 0
988 0
988 0
988 0
988 0
988 0
988 0
988 1
988 0
988 0
988 16
988 0
988 0
988 0
988 0
988 0
988 0
995 0
995 0
995 0
995 0
995 0
995 0
995 0
995 0
995 0
995 0
995 128
995 0
995 0
995 0
995 0
995 0
995 0
995 0
995 0
995 0
995 0
995 11
995 0
995 0
995 1
995 0
995 0
995 0
995 0
995 0
995 0
997 0
997 0
997 0
997 0
997 0
997 0
997 0
997 0
997 0
997 0
997 20
997 0
997 0
997 0
997 0
997 0
997 0
997 0
997 0
997 0
997 0
997 5
997 0
997 0
997 136
997 0
997 0
997 0
997 0
997 0
997 0
1000 0
1000 0
1000 0
1000 0
1000 0
1000 0
1000 0
1000 0
1000 0
1000 0
1000 943
1000 0
1000 0
1000 0
1000 0
1000 0
1000 0
1000 0
1000 0
1000 0
1000 0
1000 586
1000 0
1000 0
1000 0
1000 0
1000 0
1000 0
1000 0
1000 0
1000 0
1020 0
1020 0
1020 0
1020 0
1020 0
1020 0
1020 0
1020 0
1020 0
1020 0
1020 89
1020 0
1020 0
1020 0
1020 0
1020 0
1020 0
1020 0
1020 0
1020 0
1020 0
1020 89
1020 0
1020 0
1020 189
1020 0
1020 0
1020 0
1020 0
1020 0
1020 0
1021 0
1021 0
1021 0
1021 0
1021 0
1021 0
1021 0
1021 0
1021 0
1021 0
1021 29
1021 0
1021 0
1021 0
1021 0
1021 0
1021 0
1021 0
1021 0
1021 0
1021 0
1021 68
1021 0
1021 0
1021 1
1021 0
1021 0
1021 0
1021 0
1021 0
1021 0
1024 0
1024 0
1024 0
1024 0
1024 0
1024 0
1024 0
1024 0
1024 0
1024 0
1024 1
1024 0
1024 0
1024 0
1024 0
1024 0
1024 0
1024 0
1024 0
1024 0
1024 0
1024 0
1024 0
1024 0
1024 1
1024 0
1024 0
1024 0
1024 0
1024 0
1024 0
1026 0
1026 0
1026 0
1026 0
1026 0
1026 0
1026 0
1026 0
1026 0
1026 0
1026 1
1026 0
1026 0
1026 0
1026 0
1026 0
1026 0
1026 0
1026 0
1026 0
1026 0
1026 19
1026 0
1026 0
1026 118
1026 0
1026 0
1026 0
1026 0
1026 0
1026 0
1027 0
1027 0
1027 0
1027 0
1027 0
1027 0
1027 0
1027 0
1027 0
1027 0
1027 74
1027 0
1027 0
1027 0
1027 0
1027 0
1027 0
1027 0
1027 0
1027 0
1027 0
1027 72
1027 0
1027 0
1027 72
1027 0
1027 0
1027 0
1027 0
1027 0
1027 0
1037 0
1037 0
1037 0
1037 0
1037 0
1037 0
1037 0
1037 0
1037 0
1037 0
1037 38
1037 0
1037 0
1037 0
1037 0
1037 0
1037 0
1037 0
1037 0
1037 0
1037 0
1037 108
1037 0
1037 0
1037 236
1037 0
1037 0
1037 0
1037 0
1037 0
1037 0
1045 0
1045 0
1045 0
1045 0
1045 0
1045 0
1045 0
1045 0
1045 0
1045 0
1045 1
1045 0
1045 0
1045 0
1045 0
1045 0
1045 0
1045 0
1045 0
1045 0
1045 0
1045 30
1045 0
1045 0
1045 0
1045 0
1045 0
1045 0
1045 0
1045 0
1045 0
1063 0
1063 0
1063 0
1063 0
1063 0
1063 0
1063 0
1063 0
1063 0
1063 0
1063 1
1063 0
1063 0
1063 0
1063 0
1063 0
1063 0
1063 0
1063 0
1063 0
1063 0
1063 25
1063 0
1063 0
1063 0
1063 0
1063 0
1063 0
1063 0
1063 0
1063 0
1115 0
1115 0
1115 0
1115 0
1115 0
1115 0
1115 0
1115 0
1115 0
1115 0
1115 187
1115 0
1115 0
1115 0
1115 0
1115 0
1115 0
1115 0
1115 0
1115 0
1115 0
1115 479
1115 0
1115 0
1115 0
1115 0
1115 0
1115 0
1115 0
1115 0
1115 0
1123 0
1123 0
1123 0
1123 0
1123 0
1123 0
1123 0
1123 0
1123 0
1123 0
1123 50
1123 0
1123 0
1123 0
1123 0
1123 0
1123 0
1123 0
1123 0
1123 0
1123 0
1123 28
1123 0
1123 0
1123 0
1123 0
1123 0
1123 0
1123 0
1123 0
1123 0
1222 0
1222 0
1222 0
1222 0
1222 0
1222 0
1222 0
1222 0
1222 0
1222 0
1222 43
1222 0
1222 0
1222 0
1222 0
1222 0
1222 0
1222 0
1222 0
1222 0
1222 0
1222 27
1222 0
1222 0
1222 0
1222 0
1222 0
1222 0
1222 0
1222 0
1222 0
1458 0
1458 0
1458 0
1458 0
1458 0
1458 0
1458 0
1458 0
1458 0
1458 0
1458 43
1458 0
1458 0
1458 0
1458 0
1458 0
1458 0
1458 0
1458 0
1458 0
1458 0
1458 27
1458 0
1458 0
1458 0
1458 0
1458 0
1458 0
1458 0
1458 0
1458 0
3882 0
3882 0
3882 0
3882 0
3882 0
3882 0
3882 0
3882 0
3882 0
3882 0
3882 63
3882 0
3882 0
3882 0
3882 0
3882 0
3882 0
3882 0
3882 0
3882 0
3882 0
3882 0
3882 0
3882 0
3882 0
3882 0
3882 0
3882 0
3882 0
3882 0
3882 0
3883 0
3883 0
3883 0
3883 0
3883 0
3883 0
3883 0
3883 0
3883 0
3883 0
3883 99
3883 0
3883 0
3883 0
3883 0
3883 0
3883 0
3883 0
3883 0
3883 0
3883 0
3883 0
3883 0
3883 0
3883 0
3883 0
3883 0
3883 0
3883 0
3883 0
3883 0
4206 0
4206 0
4206 0
4206 0
4206 0
4206 0
4206 0
4206 0
4206 0
4206 0
4206 139
4206 0
4206 0
4206 0
4206 0
4206 0
4206 0
4206 0
4206 0
4206 0
4206 0
4206 0
4206 0
4206 0
4206 0
4206 0
4206 0
4206 0
4206 0
4206 0
4206 0
4286 0
4286 0
4286 0
4286 0
4286 0
4286 0
4286 0
4286 0
4286 0
4286 0
4286 101
4286 0
4286 0
4286 0
4286 0
4286 0
4286 0
4286 0
4286 0
4286 0
4286 0
4286 0
4286 0
4286 0
4286 0
4286 0
4286 0
4286 0
4286 0
4286 0
4286 0
4394 0
4394 0
4394 0
4394 0
4394 0
4394 0
4394 0
4394 0
4394 0
4394 0
4394 61
4394 0
4394 0
4394 0
4394 0
4394 0
4394 0
4394 0
4394 0
4394 0
4394 0
4394 0
4394 0
4394 0
4394 0
4394 0
4394 0
4394 0
4394 0
4394 0
4394 0
4424 0
4424 0
4424 0
4424 0
4424 0
4424 0
4424 0
4424 0
4424 0
4424 0
4424 135
4424 0
4424 0
4424 0
4424 0
4424 0
4424 0
4424 0
4424 0
4424 0
4424 0
4424 0
4424 0
4424 0
4424 0
4424 0
4424 0
4424 0
4424 0
4424 0
4424 0
4492 0
4492 0
4492 0
4492 0
4492 0
4492 0
4492 0
4492 0
4492 0
4492 0
4492 135
4492 0
4492 0
4492 0
4492 0
4492 0
4492 0
4492 0
4492 0
4492 0
4492 0
4492 0
4492 0
4492 0
4492 0
4492 0
4492 0
4492 0
4492 0
4492 0
4492 0
4530 0
4530 0
4530 0
4530 0
4530 0
4530 0
4530 0
4530 0
4530 0
4530 0
4530 138
4530 0
4530 0
4530 0
4530 0
4530 0
4530 0
4530 0
4530 0
4530 0
4530 0
4530 0
4530 0
4530 0
4530 0
4530 0
4530 0
4530 0
4530 0
4530 0
4530 0
4593 0
4593 0
4593 0
4593 0
4593 0
4593 0
4593 0
4593 0
4593 0
4593 0
4593 98
4593 0
4593 0
4593 0
4593 0
4593 0
4593 0
4593 0
4593 0
4593 0
4593 0
4593 0
4593 0
4593 0
4593 0
4593 0
4593 0
4593 0
4593 0
4593 0
4593 0
4636 0
4636 0
4636 0
4636 0
4636 0
4636 0
4636 0
4636 0
4636 0
4636 0
4636 138
4636 0
4636 0
4636 0
4636 0
4636 0
4636 0
4636 0
4636 0
4636 0
4636 0
4636 0
4636 0
4636 0
4636 0
4636 0
4636 0
4636 0
4636 0
4636 0
4636 0
4664 0
4664 0
4664 0
4664 0
4664 0
4664 0
4664 0
4664 0
4664 0
4664 0
4664 189
4664 0
4664 0
4664 0
4664 0
4664 0
4664 0
4664 0
4664 0
4664 0
4664 0
4664 0
4664 0
4664 0
4664 0
4664 0
4664 0
4664 0
4664 0
4664 0
4664 0
4706 0
4706 0
4706 0
4706 0
4706 0
4706 0
4706 0
4706 0
4706 0
4706 0
4706 63
4706 0
4706 0
4706 0
4706 0
4706 0
4706 0
4706 0
4706 0
4706 0
4706 0
4706 0
4706 0
4706 0
4706 0
4706 0
4706 0
4706 0
4706 0
4706 0
4706 0
4855 0
4855 0
4855 0
4855 0
4855 0
4855 0
4855 0
4855 0
4855 0
4855 0
4855 299
4855 0
4855 0
4855 0
4855 0
4855 0
4855 0
4855 0
4855 0
4855 0
4855 0
4855 2
4855 0
4855 0
4855 0
4855 0
4855 0
4855 0
4855 0
4855 0
4855 0
4865 0
4865 0
4865 0
4865 0
4865 0
4865 0
4865 0
4865 0
4865 0
4865 0
4865 88
4865 0
4865 0
4865 0
4865 0
4865 0
4865 0
4865 0
4865 0
4865 0
4865 0
4865 0
4865 0
4865 0
4865 0
4865 0
4865 0
4865 0
4865 0
4865 0
4865 0
4940 0
4940 0
4940 0
4940 0
4940 0
4940 0
4940 0
4940 0
4940 0
4940 0
4940 773
4940 0
4940 0
4940 0
4940 0
4940 0
4940 0
4940 0
4940 0
4940 0
4940 0
4940 30
4940 0
4940 0
4940 0
4940 0
4940 0
4940 0
4940 0
4940 0
4940 0
