pt_graph scale
299 0
299 0
299 0
299 0
299 0
299 0
299 0
299 0
299 0
299 0
299 0
299 0
299 0
299 0
299 0
299 0
299 0
299 0
299 0
299 0
299 0
299 0
299 0
299 0
299 0
299 0
299 0
299 0
299 144
299 0
299 0
305 0
305 0
305 0
305 0
305 0
305 0
305 0
305 0
305 0
305 0
305 0
305 0
305 0
305 0
305 0
305 0
305 0
305 0
305 0
305 0
305 0
305 0
305 0
305 0
305 0
305 0
305 0
305 0
305 1881
305 0
305 0
314 0
314 0
314 0
314 0
314 0
314 0
314 0
314 0
314 0
314 0
314 0
314 0
314 0
314 0
314 0
314 0
314 0
314 0
314 0
314 0
314 0
314 0
314 0
314 0
314 0
314 0
314 0
314 0
314 90
314 0
314 0
327 0
327 0
327 0
327 0
327 0
327 0
327 0
327 0
327 0
327 0
327 0
327 0
327 0
327 0
327 0
327 0
327 0
327 0
327 0
327 0
327 0
327 0
327 0
327 0
327 0
327 0
327 0
327 0
327 906
327 0
327 0
335 0
335 0
335 0
335 0
335 0
335 0
335 0
335 0
335 0
335 0
335 0
335 0
335 0
335 0
335 0
335 0
335 0
335 0
335 0
335 0
335 0
335 0
335 0
335 0
335 0
335 0
335 0
335 0
335 1298
335 0
335 0
337 0
337 0
337 0
337 0
337 0
337 0
337 0
337 0
337 0
337 0
337 0
337 0
337 0
337 0
337 0
337 0
337 0
337 0
337 0
337 0
337 0
337 0
337 0
337 0
337 0
337 0
337 0
337 0
337 1255
337 0
337 0
341 0
341 0
341 0
341 0
341 0
341 0
341 0
341 0
341 0
341 0
341 0
341 0
341 0
341 0
341 0
341 0
341 0
341 0
341 0
341 0
341 0
341 0
341 0
341 0
341 0
341 0
341 0
341 0
341 2
341 0
341 0
358 0
358 0
358 0
358 0
358 0
358 0
358 0
358 0
358 0
358 0
358 0
358 0
358 0
358 0
358 0
358 0
358 0
358 0
358 0
358 0
358 0
358 0
358 0
358 0
358 0
358 0
358 0
358 0
358 16
358 0
358 0
373 0
373 0
373 0
373 0
373 0
373 0
373 0
373 0
373 0
373 0
373 0
373 0
373 0
373 0
373 0
373 0
373 0
373 0
373 0
373 0
373 0
373 0
373 0
373 0
373 0
373 0
373 0
373 0
373 497
373 0
373 0
381 0
381 0
381 0
381 0
381 0
381 0
381 0
381 0
381 0
381 0
381 0
381 0
381 0
381 0
381 0
381 0
381 0
381 0
381 0
381 0
381 0
381 0
381 0
381 0
381 0
381 0
381 0
381 0
381 147
381 0
381 0
382 0
382 0
382 0
382 0
382 0
382 0
382 0
382 0
382 0
382 0
382 0
382 0
382 0
382 0
382 0
382 0
382 0
382 0
382 0
382 0
382 0
382 0
382 0
382 0
382 0
382 0
382 0
382 0
382 1730
382 0
382 0
392 0
392 0
392 0
392 0
392 0
392 0
392 0
392 0
392 0
392 0
392 0
392 0
392 0
392 0
392 0
392 0
392 0
392 0
392 0
392 0
392 0
392 0
392 0
392 0
392 0
392 0
392 0
392 0
392 13
392 0
392 0
395 0
395 0
395 0
395 0
395 0
395 0
395 0
395 0
395 0
395 0
395 0
395 0
395 0
395 0
395 0
395 0
395 0
395 0
395 0
395 0
395 0
395 0
395 0
395 0
395 0
395 0
395 0
395 0
395 178
395 0
395 0
411 0
411 0
411 0
411 0
411 0
411 0
411 0
411 0
411 0
411 0
411 0
411 0
411 0
411 0
411 0
411 0
411 0
411 0
411 0
411 0
411 0
411 0
411 0
411 0
411 0
411 0
411 0
411 0
411 4679
411 0
411 0
415 0
415 0
415 0
415 0
415 0
415 0
415 0
415 0
415 0
415 0
415 0
415 0
415 0
415 0
415 0
415 0
415 0
415 0
415 0
415 0
415 0
415 0
415 0
415 0
415 0
415 0
415 0
415 0
415 116
415 0
415 0
418 0
418 0
418 0
418 0
418 0
418 0
418 0
418 0
418 0
418 0
418 0
418 0
418 0
418 0
418 0
418 0
418 0
418 0
418 0
418 0
418 0
418 0
418 0
418 0
418 0
418 0
418 0
418 0
418 13
418 0
418 0
419 0
419 0
419 0
419 0
419 0
419 0
419 0
419 0
419 0
419 0
419 0
419 0
419 0
419 0
419 0
419 0
419 0
419 0
419 0
419 0
419 0
419 0
419 0
419 0
419 0
419 0
419 0
419 0
419 720
419 0
419 0
422 0
422 0
422 0
422 0
422 0
422 0
422 0
422 0
422 0
422 0
422 0
422 0
422 0
422 0
422 0
422 0
422 0
422 0
422 0
422 0
422 0
422 0
422 0
422 0
422 0
422 0
422 0
422 0
422 880
422 0
422 0
436 0
436 0
436 0
436 0
436 0
436 0
436 0
436 0
436 0
436 0
436 0
436 0
436 0
436 0
436 0
436 0
436 0
436 0
436 0
436 0
436 0
436 0
436 0
436 0
436 0
436 0
436 0
436 0
436 2490
436 0
436 0
450 0
450 0
450 0
450 0
450 0
450 0
450 0
450 0
450 0
450 0
450 0
450 0
450 0
450 0
450 0
450 0
450 0
450 0
450 0
450 0
450 0
450 0
450 0
450 0
450 0
450 0
450 0
450 0
450 965
450 0
450 0
451 0
451 0
451 0
451 0
451 0
451 0
451 0
451 0
451 0
451 0
451 0
451 0
451 0
451 0
451 0
451 0
451 0
451 0
451 0
451 0
451 0
451 0
451 0
451 0
451 0
451 0
451 0
451 0
451 4198
451 0
451 0
458 0
458 0
458 0
458 0
458 0
458 0
458 0
458 0
458 0
458 0
458 0
458 0
458 0
458 0
458 0
458 0
458 0
458 0
458 0
458 0
458 0
458 0
458 0
458 0
458 0
458 0
458 0
458 0
458 165
458 0
458 0
465 0
465 0
465 0
465 0
465 0
465 0
465 0
465 0
465 0
465 0
465 0
465 0
465 0
465 0
465 0
465 0
465 0
465 0
465 0
465 0
465 0
465 0
465 0
465 0
465 0
465 0
465 0
465 0
465 887
465 0
465 0
470 0
470 0
470 0
470 0
470 0
470 0
470 0
470 0
470 0
470 0
470 0
470 0
470 0
470 0
470 0
470 0
470 0
470 0
470 0
470 0
470 0
470 0
470 0
470 0
470 0
470 0
470 0
470 0
470 1186
470 0
470 0
488 0
488 0
488 0
488 0
488 0
488 0
488 0
488 0
488 0
488 0
488 0
488 0
488 0
488 0
488 0
488 0
488 0
488 0
488 0
488 0
488 0
488 0
488 0
488 0
488 0
488 0
488 0
488 0
488 1790
488 0
488 0
493 0
493 0
493 0
493 0
493 0
493 0
493 0
493 0
493 0
493 0
493 0
493 0
493 0
493 0
493 0
493 0
493 0
493 0
493 0
493 0
493 0
493 0
493 0
493 0
493 0
493 0
493 0
493 0
493 349
493 0
493 0
507 0
507 0
507 0
507 0
507 0
507 0
507 0
507 0
507 0
507 0
507 0
507 0
507 0
507 0
507 0
507 0
507 0
507 0
507 0
507 0
507 0
507 0
507 0
507 0
507 0
507 0
507 0
507 0
507 2604
507 0
507 0
528 0
528 0
528 0
528 0
528 0
528 0
528 0
528 0
528 0
528 0
528 0
528 0
528 0
528 0
528 0
528 0
528 0
528 0
528 0
528 0
528 0
528 0
528 0
528 0
528 0
528 0
528 0
528 0
528 1631
528 0
528 0
557 0
557 0
557 0
557 0
557 0
557 0
557 0
557 0
557 0
557 0
557 0
557 0
557 0
557 0
557 0
557 0
557 0
557 0
557 0
557 0
557 0
557 0
557 0
557 0
557 0
557 0
557 0
557 0
557 23
557 0
557 0
558 0
558 0
558 0
558 0
558 0
558 0
558 0
558 0
558 0
558 0
558 0
558 0
558 0
558 0
558 0
558 0
558 0
558 0
558 0
558 0
558 0
558 0
558 0
558 0
558 0
558 0
558 0
558 0
558 585
558 0
558 0
