pt_graph scale
303 0
303 0
303 0
303 0
303 0
303 0
303 0
303 0
303 0
303 0
303 0
303 0
303 0
303 0
303 0
303 0
303 0
303 0
303 0
303 0
303 0
303 0
303 0
303 0
303 0
303 0
303 0
303 0
303 2
303 0
303 0
314 0
314 0
314 0
314 0
314 0
314 0
314 0
314 0
314 0
314 0
314 0
314 0
314 0
314 0
314 0
314 0
314 0
314 0
314 0
314 0
314 0
314 0
314 0
314 0
314 0
314 0
314 0
314 0
314 74
314 0
314 0
335 0
335 0
335 0
335 0
335 0
335 0
335 0
335 0
335 0
335 0
335 0
335 0
335 0
335 0
335 0
335 0
335 0
335 0
335 0
335 0
335 0
335 0
335 0
335 0
335 0
335 0
335 0
335 0
335 1
335 0
335 0
341 0
341 0
341 0
341 0
341 0
341 0
341 0
341 0
341 0
341 0
341 0
341 0
341 0
341 0
341 0
341 0
341 0
341 0
341 0
341 0
341 0
341 0
341 0
341 0
341 0
341 0
341 0
341 0
341 157
341 0
341 0
395 0
395 0
395 0
395 0
395 0
395 0
395 0
395 0
395 0
395 0
395 0
395 0
395 0
395 0
395 0
395 0
395 0
395 0
395 0
395 0
395 0
395 0
395 0
395 0
395 0
395 0
395 0
395 0
395 1
395 0
395 0
396 0
396 0
396 0
396 0
396 0
396 0
396 0
396 0
396 0
396 0
396 0
396 0
396 0
396 0
396 0
396 0
396 0
396 0
396 0
396 0
396 0
396 0
396 0
396 0
396 0
396 0
396 0
396 0
396 5
396 0
396 0
411 0
411 0
411 0
411 0
411 0
411 0
411 0
411 0
411 0
411 0
411 0
411 0
411 0
411 0
411 0
411 0
411 0
411 0
411 0
411 0
411 0
411 0
411 0
411 0
411 0
411 0
411 0
411 0
411 1
411 0
411 0
415 0
415 0
415 0
415 0
415 0
415 0
415 0
415 0
415 0
415 0
415 0
415 0
415 0
415 0
415 0
415 0
415 0
415 0
415 0
415 0
415 0
415 0
415 0
415 0
415 0
415 0
415 0
415 0
415 1
415 0
415 0
436 0
436 0
436 0
436 0
436 0
436 0
436 0
436 0
436 0
436 0
436 0
436 0
436 0
436 0
436 0
436 0
436 0
436 0
436 0
436 0
436 0
436 0
436 0
436 0
436 0
436 0
436 0
436 0
436 76
436 0
436 0
450 0
450 0
450 0
450 0
450 0
450 0
450 0
450 0
450 0
450 0
450 0
450 0
450 0
450 0
450 0
450 0
450 0
450 0
450 0
450 0
450 0
450 0
450 0
450 0
450 0
450 0
450 0
450 0
450 357
450 0
450 0
451 0
451 0
451 0
451 0
451 0
451 0
451 0
451 0
451 0
451 0
451 0
451 0
451 0
451 0
451 0
451 0
451 0
451 0
451 0
451 0
451 0
451 0
451 0
451 0
451 0
451 0
451 0
451 0
451 48
451 0
451 0
454 0
454 0
454 0
454 0
454 0
454 0
454 0
454 0
454 0
454 0
454 0
454 0
454 0
454 0
454 0
454 0
454 0
454 0
454 0
454 0
454 0
454 0
454 0
454 0
454 0
454 0
454 0
454 0
454 0
454 0
454 0
468 0
468 0
468 0
468 0
468 0
468 0
468 0
468 0
468 0
468 0
468 0
468 0
468 0
468 0
468 0
468 0
468 0
468 0
468 0
468 0
468 0
468 0
468 0
468 0
468 0
468 0
468 0
468 0
468 435
468 0
468 0
470 0
470 0
470 0
470 0
470 0
470 0
470 0
470 0
470 0
470 0
470 0
470 0
470 0
470 0
470 0
470 0
470 0
470 0
470 0
470 0
470 0
470 0
470 0
470 0
470 0
470 0
470 0
470 0
470 117
470 0
470 0
474 0
474 0
474 0
474 0
474 0
474 0
474 0
474 0
474 0
474 0
474 0
474 0
474 0
474 0
474 0
474 0
474 0
474 0
474 0
474 0
474 0
474 0
474 0
474 0
474 0
474 0
474 0
474 0
474 140
474 0
474 0
493 0
493 0
493 0
493 0
493 0
493 0
493 0
493 0
493 0
493 0
493 0
493 0
493 0
493 0
493 0
493 0
493 0
493 0
493 0
493 0
493 0
493 0
493 0
493 0
493 0
493 0
493 0
493 0
493 100
493 0
493 0
500 0
500 0
500 0
500 0
500 0
500 0
500 0
500 0
500 0
500 0
500 0
500 0
500 0
500 0
500 0
500 0
500 0
500 0
500 0
500 0
500 0
500 0
500 0
500 0
500 0
500 0
500 0
500 0
500 13
500 0
500 0
507 0
507 0
507 0
507 0
507 0
507 0
507 0
507 0
507 0
507 0
507 0
507 0
507 0
507 0
507 0
507 0
507 0
507 0
507 0
507 0
507 0
507 0
507 0
507 0
507 0
507 0
507 0
507 0
507 0
507 0
507 0
521 0
521 0
521 0
521 0
521 0
521 0
521 0
521 0
521 0
521 0
521 0
521 0
521 0
521 0
521 0
521 0
521 0
521 0
521 0
521 0
521 0
521 0
521 0
521 0
521 0
521 0
521 0
521 0
521 33
521 0
521 0
526 0
526 0
526 0
526 0
526 0
526 0
526 0
526 0
526 0
526 0
526 0
526 0
526 0
526 0
526 0
526 0
526 0
526 0
526 0
526 0
526 0
526 0
526 0
526 0
526 0
526 0
526 0
526 0
526 91
526 0
526 0
557 0
557 0
557 0
557 0
557 0
557 0
557 0
557 0
557 0
557 0
557 0
557 0
557 0
557 0
557 0
557 0
557 0
557 0
557 0
557 0
557 0
557 0
557 0
557 0
557 0
557 0
557 0
557 0
557 695
557 0
557 0
3396 0
3396 0
3396 0
3396 0
3396 0
3396 0
3396 0
3396 0
3396 0
3396 0
3396 895
3396 0
3396 0
3396 0
3396 0
3396 0
3396 0
3396 0
3396 0
3396 0
3396 0
3396 3
3396 0
3396 0
3396 239
3396 0
3396 0
3396 0
3396 0
3396 0
3396 0
3399 0
3399 0
3399 0
3399 0
3399 0
3399 0
3399 0
3399 0
3399 0
3399 0
3399 77
3399 0
3399 0
3399 0
3399 0
3399 0
3399 0
3399 0
3399 0
3399 0
3399 0
3399 0
3399 0
3399 0
3399 1
3399 0
3399 0
3399 0
3399 0
3399 0
3399 0
3522 0
3522 0
3522 0
3522 0
3522 0
3522 0
3522 0
3522 0
3522 0
3522 0
3522 110
3522 0
3522 0
3522 0
3522 0
3522 0
3522 0
3522 0
3522 0
3522 0
3522 0
3522 0
3522 0
3522 0
3522 1
3522 0
3522 0
3522 0
3522 0
3522 0
3522 0
3534 0
3534 0
3534 0
3534 0
3534 0
3534 0
3534 0
3534 0
3534 0
3534 0
3534 12
3534 0
3534 0
3534 0
3534 0
3534 0
3534 0
3534 0
3534 0
3534 0
3534 0
3534 0
3534 0
3534 0
3534 1
3534 0
3534 0
3534 0
3534 0
3534 0
3534 0
3540 0
3540 0
3540 0
3540 0
3540 0
3540 0
3540 0
3540 0
3540 0
3540 0
3540 416
3540 0
3540 0
3540 0
3540 0
3540 0
3540 0
3540 0
3540 0
3540 0
3540 0
3540 33
3540 0
3540 0
3540 77
3540 0
3540 0
3540 0
3540 0
3540 0
3540 0
3563 0
3563 0
3563 0
3563 0
3563 0
3563 0
3563 0
3563 0
3563 0
3563 0
3563 77
3563 0
3563 0
3563 0
3563 0
3563 0
3563 0
3563 0
3563 0
3563 0
3563 0
3563 0
3563 0
3563 0
3563 1
3563 0
3563 0
3563 0
3563 0
3563 0
3563 0
3616 0
3616 0
3616 0
3616 0
3616 0
3616 0
3616 0
3616 0
3616 0
3616 0
3616 1537
3616 0
3616 0
3616 0
3616 0
3616 0
3616 0
3616 0
3616 0
3616 0
3616 0
3616 5
3616 0
3616 0
3616 1
3616 0
3616 0
3616 0
3616 0
3616 0
3616 0
3622 0
3622 0
3622 0
3622 0
3622 0
3622 0
3622 0
3622 0
3622 0
3622 0
3622 427
3622 0
3622 0
3622 0
3622 0
3622 0
3622 0
3622 0
3622 0
3622 0
3622 0
3622 24
3622 0
3622 0
3622 137
3622 0
3622 0
3622 0
3622 0
3622 0
3622 0
3667 0
3667 0
3667 0
3667 0
3667 0
3667 0
3667 0
3667 0
3667 0
3667 0
3667 1098
3667 0
3667 0
3667 0
3667 0
3667 0
3667 0
3667 0
3667 0
3667 0
3667 0
3667 9
3667 0
3667 0
3667 31
3667 0
3667 0
3667 0
3667 0
3667 0
3667 0
3673 0
3673 0
3673 0
3673 0
3673 0
3673 0
3673 0
3673 0
3673 0
3673 0
3673 1656
3673 0
3673 0
3673 0
3673 0
3673 0
3673 0
3673 0
3673 0
3673 0
3673 0
3673 70
3673 0
3673 0
3673 152
3673 0
3673 0
3673 0
3673 0
3673 0
3673 0
3732 0
3732 0
3732 0
3732 0
3732 0
3732 0
3732 0
3732 0
3732 0
3732 0
3732 480
3732 0
3732 0
3732 0
3732 0
3732 0
3732 0
3732 0
3732 0
3732 0
3732 0
3732 36
3732 0
3732 0
3732 86
3732 0
3732 0
3732 0
3732 0
3732 0
3732 0
3742 0
3742 0
3742 0
3742 0
3742 0
3742 0
3742 0
3742 0
3742 0
3742 0
3742 158
3742 0
3742 0
3742 0
3742 0
3742 0
3742 0
3742 0
3742 0
3742 0
3742 0
3742 1
3742 0
3742 0
3742 42
3742 0
3742 0
3742 0
3742 0
3742 0
3742 0
3770 0
3770 0
3770 0
3770 0
3770 0
3770 0
3770 0
3770 0
3770 0
3770 0
3770 139
3770 0
3770 0
3770 0
3770 0
3770 0
3770 0
3770 0
3770 0
3770 0
3770 0
3770 0
3770 0
3770 0
3770 0
3770 0
3770 0
3770 0
3770 0
3770 0
3770 0
3826 0
3826 0
3826 0
3826 0
3826 0
3826 0
3826 0
3826 0
3826 0
3826 0
3826 171
3826 0
3826 0
3826 0
3826 0
3826 0
3826 0
3826 0
3826 0
3826 0
3826 0
3826 0
3826 0
3826 0
3826 1
3826 0
3826 0
3826 0
3826 0
3826 0
3826 0
3845 0
3845 0
3845 0
3845 0
3845 0
3845 0
3845 0
3845 0
3845 0
3845 0
3845 138
3845 0
3845 0
3845 0
3845 0
3845 0
3845 0
3845 0
3845 0
3845 0
3845 0
3845 33
3845 0
3845 0
3845 66
3845 0
3845 0
3845 0
3845 0
3845 0
3845 0
3846 0
3846 0
3846 0
3846 0
3846 0
3846 0
3846 0
3846 0
3846 0
3846 0
3846 109
3846 0
3846 0
3846 0
3846 0
3846 0
3846 0
3846 0
3846 0
3846 0
3846 0
3846 1
3846 0
3846 0
3846 17
3846 0
3846 0
3846 0
3846 0
3846 0
3846 0
3882 0
3882 0
3882 0
3882 0
3882 0
3882 0
3882 0
3882 0
3882 0
3882 0
3882 15
3882 0
3882 0
3882 0
3882 0
3882 0
3882 0
3882 0
3882 0
3882 0
3882 0
3882 1
3882 0
3882 0
3882 1
3882 0
3882 0
3882 0
3882 0
3882 0
3882 0
3883 0
3883 0
3883 0
3883 0
3883 0
3883 0
3883 0
3883 0
3883 0
3883 0
3883 152
3883 0
3883 0
3883 0
3883 0
3883 0
3883 0
3883 0
3883 0
3883 0
3883 0
3883 1
3883 0
3883 0
3883 0
3883 0
3883 0
3883 0
3883 0
3883 0
3883 0
3891 0
3891 0
3891 0
3891 0
3891 0
3891 0
3891 0
3891 0
3891 0
3891 0
3891 444
3891 0
3891 0
3891 0
3891 0
3891 0
3891 0
3891 0
3891 0
3891 0
3891 0
3891 11
3891 0
3891 0
3891 118
3891 0
3891 0
3891 0
3891 0
3891 0
3891 0
3896 0
3896 0
3896 0
3896 0
3896 0
3896 0
3896 0
3896 0
3896 0
3896 0
3896 374
3896 0
3896 0
3896 0
3896 0
3896 0
3896 0
3896 0
3896 0
3896 0
3896 0
3896 1
3896 0
3896 0
3896 68
3896 0
3896 0
3896 0
3896 0
3896 0
3896 0
3901 0
3901 0
3901 0
3901 0
3901 0
3901 0
3901 0
3901 0
3901 0
3901 0
3901 56
3901 0
3901 0
3901 0
3901 0
3901 0
3901 0
3901 0
3901 0
3901 0
3901 0
3901 0
3901 0
3901 0
3901 1
3901 0
3901 0
3901 0
3901 0
3901 0
3901 0
3910 0
3910 0
3910 0
3910 0
3910 0
3910 0
3910 0
3910 0
3910 0
3910 0
3910 174
3910 0
3910 0
3910 0
3910 0
3910 0
3910 0
3910 0
3910 0
3910 0
3910 0
3910 0
3910 0
3910 0
3910 1
3910 0
3910 0
3910 0
3910 0
3910 0
3910 0
3969 0
3969 0
3969 0
3969 0
3969 0
3969 0
3969 0
3969 0
3969 0
3969 0
3969 173
3969 0
3969 0
3969 0
3969 0
3969 0
3969 0
3969 0
3969 0
3969 0
3969 0
3969 1
3969 0
3969 0
3969 1
3969 0
3969 0
3969 0
3969 0
3969 0
3969 0
3983 0
3983 0
3983 0
3983 0
3983 0
3983 0
3983 0
3983 0
3983 0
3983 0
3983 118
3983 0
3983 0
3983 0
3983 0
3983 0
3983 0
3983 0
3983 0
3983 0
3983 0
3983 3
3983 0
3983 0
3983 7
3983 0
3983 0
3983 0
3983 0
3983 0
3983 0
4020 0
4020 0
4020 0
4020 0
4020 0
4020 0
4020 0
4020 0
4020 0
4020 0
4020 128
4020 0
4020 0
4020 0
4020 0
4020 0
4020 0
4020 0
4020 0
4020 0
4020 0
4020 0
4020 0
4020 0
4020 0
4020 0
4020 0
4020 0
4020 0
4020 0
4020 0
4038 0
4038 0
4038 0
4038 0
4038 0
4038 0
4038 0
4038 0
4038 0
4038 0
4038 359
4038 0
4038 0
4038 0
4038 0
4038 0
4038 0
4038 0
4038 0
4038 0
4038 0
4038 10
4038 0
4038 0
4038 34
4038 0
4038 0
4038 0
4038 0
4038 0
4038 0
4081 0
4081 0
4081 0
4081 0
4081 0
4081 0
4081 0
4081 0
4081 0
4081 0
4081 140
4081 0
4081 0
4081 0
4081 0
4081 0
4081 0
4081 0
4081 0
4081 0
4081 0
4081 0
4081 0
4081 0
4081 0
4081 0
4081 0
4081 0
4081 0
4081 0
4081 0
4097 0
4097 0
4097 0
4097 0
4097 0
4097 0
4097 0
4097 0
4097 0
4097 0
4097 132
4097 0
4097 0
4097 0
4097 0
4097 0
4097 0
4097 0
4097 0
4097 0
4097 0
4097 1
4097 0
4097 0
4097 1
4097 0
4097 0
4097 0
4097 0
4097 0
4097 0
4102 0
4102 0
4102 0
4102 0
4102 0
4102 0
4102 0
4102 0
4102 0
4102 0
4102 15
4102 0
4102 0
4102 0
4102 0
4102 0
4102 0
4102 0
4102 0
4102 0
4102 0
4102 1
4102 0
4102 0
4102 1
4102 0
4102 0
4102 0
4102 0
4102 0
4102 0
4110 0
4110 0
4110 0
4110 0
4110 0
4110 0
4110 0
4110 0
4110 0
4110 0
4110 132
4110 0
4110 0
4110 0
4110 0
4110 0
4110 0
4110 0
4110 0
4110 0
4110 0
4110 1
4110 0
4110 0
4110 1
4110 0
4110 0
4110 0
4110 0
4110 0
4110 0
4126 0
4126 0
4126 0
4126 0
4126 0
4126 0
4126 0
4126 0
4126 0
4126 0
4126 159
4126 0
4126 0
4126 0
4126 0
4126 0
4126 0
4126 0
4126 0
4126 0
4126 0
4126 0
4126 0
4126 0
4126 0
4126 0
4126 0
4126 0
4126 0
4126 0
4126 0
4147 0
4147 0
4147 0
4147 0
4147 0
4147 0
4147 0
4147 0
4147 0
4147 0
4147 364
4147 0
4147 0
4147 0
4147 0
4147 0
4147 0
4147 0
4147 0
4147 0
4147 0
4147 1
4147 0
4147 0
4147 35
4147 0
4147 0
4147 0
4147 0
4147 0
4147 0
4161 0
4161 0
4161 0
4161 0
4161 0
4161 0
4161 0
4161 0
4161 0
4161 0
4161 7703
4161 0
4161 0
4161 0
4161 0
4161 0
4161 0
4161 0
4161 0
4161 0
4161 0
4161 283
4161 0
4161 0
4161 157
4161 0
4161 0
4161 0
4161 0
4161 0
4161 0
4188 0
4188 0
4188 0
4188 0
4188 0
4188 0
4188 0
4188 0
4188 0
4188 0
4188 333
4188 0
4188 0
4188 0
4188 0
4188 0
4188 0
4188 0
4188 0
4188 0
4188 0
4188 5
4188 0
4188 0
4188 13
4188 0
4188 0
4188 0
4188 0
4188 0
4188 0
4193 0
4193 0
4193 0
4193 0
4193 0
4193 0
4193 0
4193 0
4193 0
4193 0
4193 120
4193 0
4193 0
4193 0
4193 0
4193 0
4193 0
4193 0
4193 0
4193 0
4193 0
4193 0
4193 0
4193 0
4193 0
4193 0
4193 0
4193 0
4193 0
4193 0
4193 0
4206 0
4206 0
4206 0
4206 0
4206 0
4206 0
4206 0
4206 0
4206 0
4206 0
4206 237
4206 0
4206 0
4206 0
4206 0
4206 0
4206 0
4206 0
4206 0
4206 0
4206 0
4206 2
4206 0
4206 0
4206 1
4206 0
4206 0
4206 0
4206 0
4206 0
4206 0
4251 0
4251 0
4251 0
4251 0
4251 0
4251 0
4251 0
4251 0
4251 0
4251 0
4251 220
4251 0
4251 0
4251 0
4251 0
4251 0
4251 0
4251 0
4251 0
4251 0
4251 0
4251 5
4251 0
4251 0
4251 10
4251 0
4251 0
4251 0
4251 0
4251 0
4251 0
4253 0
4253 0
4253 0
4253 0
4253 0
4253 0
4253 0
4253 0
4253 0
4253 0
4253 76
4253 0
4253 0
4253 0
4253 0
4253 0
4253 0
4253 0
4253 0
4253 0
4253 0
4253 0
4253 0
4253 0
4253 0
4253 0
4253 0
4253 0
4253 0
4253 0
4253 0
4260 0
4260 0
4260 0
4260 0
4260 0
4260 0
4260 0
4260 0
4260 0
4260 0
4260 136
4260 0
4260 0
4260 0
4260 0
4260 0
4260 0
4260 0
4260 0
4260 0
4260 0
4260 32
4260 0
4260 0
4260 64
4260 0
4260 0
4260 0
4260 0
4260 0
4260 0
4278 0
4278 0
4278 0
4278 0
4278 0
4278 0
4278 0
4278 0
4278 0
4278 0
4278 170
4278 0
4278 0
4278 0
4278 0
4278 0
4278 0
4278 0
4278 0
4278 0
4278 0
4278 1
4278 0
4278 0
4278 1
4278 0
4278 0
4278 0
4278 0
4278 0
4278 0
4286 0
4286 0
4286 0
4286 0
4286 0
4286 0
4286 0
4286 0
4286 0
4286 0
4286 88
4286 0
4286 0
4286 0
4286 0
4286 0
4286 0
4286 0
4286 0
4286 0
4286 0
4286 0
4286 0
4286 0
4286 0
4286 0
4286 0
4286 0
4286 0
4286 0
4286 0
4316 0
4316 0
4316 0
4316 0
4316 0
4316 0
4316 0
4316 0
4316 0
4316 0
4316 139
4316 0
4316 0
4316 0
4316 0
4316 0
4316 0
4316 0
4316 0
4316 0
4316 0
4316 0
4316 0
4316 0
4316 0
4316 0
4316 0
4316 0
4316 0
4316 0
4316 0
4349 0
4349 0
4349 0
4349 0
4349 0
4349 0
4349 0
4349 0
4349 0
4349 0
4349 141
4349 0
4349 0
4349 0
4349 0
4349 0
4349 0
4349 0
4349 0
4349 0
4349 0
4349 0
4349 0
4349 0
4349 0
4349 0
4349 0
4349 0
4349 0
4349 0
4349 0
4353 0
4353 0
4353 0
4353 0
4353 0
4353 0
4353 0
4353 0
4353 0
4353 0
4353 139
4353 0
4353 0
4353 0
4353 0
4353 0
4353 0
4353 0
4353 0
4353 0
4353 0
4353 0
4353 0
4353 0
4353 0
4353 0
4353 0
4353 0
4353 0
4353 0
4353 0
4370 0
4370 0
4370 0
4370 0
4370 0
4370 0
4370 0
4370 0
4370 0
4370 0
4370 88
4370 0
4370 0
4370 0
4370 0
4370 0
4370 0
4370 0
4370 0
4370 0
4370 0
4370 0
4370 0
4370 0
4370 0
4370 0
4370 0
4370 0
4370 0
4370 0
4370 0
4378 0
4378 0
4378 0
4378 0
4378 0
4378 0
4378 0
4378 0
4378 0
4378 0
4378 76
4378 0
4378 0
4378 0
4378 0
4378 0
4378 0
4378 0
4378 0
4378 0
4378 0
4378 0
4378 0
4378 0
4378 0
4378 0
4378 0
4378 0
4378 0
4378 0
4378 0
4388 0
4388 0
4388 0
4388 0
4388 0
4388 0
4388 0
4388 0
4388 0
4388 0
4388 88
4388 0
4388 0
4388 0
4388 0
4388 0
4388 0
4388 0
4388 0
4388 0
4388 0
4388 0
4388 0
4388 0
4388 0
4388 0
4388 0
4388 0
4388 0
4388 0
4388 0
4393 0
4393 0
4393 0
4393 0
4393 0
4393 0
4393 0
4393 0
4393 0
4393 0
4393 263
4393 0
4393 0
4393 0
4393 0
4393 0
4393 0
4393 0
4393 0
4393 0
4393 0
4393 0
4393 0
4393 0
4393 0
4393 0
4393 0
4393 0
4393 0
4393 0
4393 0
4501 0
4501 0
4501 0
4501 0
4501 0
4501 0
4501 0
4501 0
4501 0
4501 0
4501 112
4501 0
4501 0
4501 0
4501 0
4501 0
4501 0
4501 0
4501 0
4501 0
4501 0
4501 0
4501 0
4501 0
4501 0
4501 0
4501 0
4501 0
4501 0
4501 0
4501 0
4576 0
4576 0
4576 0
4576 0
4576 0
4576 0
4576 0
4576 0
4576 0
4576 0
4576 118
4576 0
4576 0
4576 0
4576 0
4576 0
4576 0
4576 0
4576 0
4576 0
4576 0
4576 0
4576 0
4576 0
4576 0
4576 0
4576 0
4576 0
4576 0
4576 0
4576 0
4593 0
4593 0
4593 0
4593 0
4593 0
4593 0
4593 0
4593 0
4593 0
4593 0
4593 90
4593 0
4593 0
4593 0
4593 0
4593 0
4593 0
4593 0
4593 0
4593 0
4593 0
4593 0
4593 0
4593 0
4593 0
4593 0
4593 0
4593 0
4593 0
4593 0
4593 0
4735 0
4735 0
4735 0
4735 0
4735 0
4735 0
4735 0
4735 0
4735 0
4735 0
4735 90
4735 0
4735 0
4735 0
4735 0
4735 0
4735 0
4735 0
4735 0
4735 0
4735 0
4735 0
4735 0
4735 0
4735 0
4735 0
4735 0
4735 0
4735 0
4735 0
4735 0
4766 0
4766 0
4766 0
4766 0
4766 0
4766 0
4766 0
4766 0
4766 0
4766 0
4766 139
4766 0
4766 0
4766 0
4766 0
4766 0
4766 0
4766 0
4766 0
4766 0
4766 0
4766 0
4766 0
4766 0
4766 0
4766 0
4766 0
4766 0
4766 0
4766 0
4766 0
4767 0
4767 0
4767 0
4767 0
4767 0
4767 0
4767 0
4767 0
4767 0
4767 0
4767 90
4767 0
4767 0
4767 0
4767 0
4767 0
4767 0
4767 0
4767 0
4767 0
4767 0
4767 0
4767 0
4767 0
4767 0
4767 0
4767 0
4767 0
4767 0
4767 0
4767 0
4778 0
4778 0
4778 0
4778 0
4778 0
4778 0
4778 0
4778 0
4778 0
4778 0
4778 262
4778 0
4778 0
4778 0
4778 0
4778 0
4778 0
4778 0
4778 0
4778 0
4778 0
4778 0
4778 0
4778 0
4778 1
4778 0
4778 0
4778 0
4778 0
4778 0
4778 0
4790 0
4790 0
4790 0
4790 0
4790 0
4790 0
4790 0
4790 0
4790 0
4790 0
4790 88
4790 0
4790 0
4790 0
4790 0
4790 0
4790 0
4790 0
4790 0
4790 0
4790 0
4790 0
4790 0
4790 0
4790 0
4790 0
4790 0
4790 0
4790 0
4790 0
4790 0
4846 0
4846 0
4846 0
4846 0
4846 0
4846 0
4846 0
4846 0
4846 0
4846 0
4846 983
4846 0
4846 0
4846 0
4846 0
4846 0
4846 0
4846 0
4846 0
4846 0
4846 0
4846 1
4846 0
4846 0
4846 38
4846 0
4846 0
4846 0
4846 0
4846 0
4846 0
4879 0
4879 0
4879 0
4879 0
4879 0
4879 0
4879 0
4879 0
4879 0
4879 0
4879 128
4879 0
4879 0
4879 0
4879 0
4879 0
4879 0
4879 0
4879 0
4879 0
4879 0
4879 0
4879 0
4879 0
4879 0
4879 0
4879 0
4879 0
4879 0
4879 0
4879 0
4923 0
4923 0
4923 0
4923 0
4923 0
4923 0
4923 0
4923 0
4923 0
4923 0
4923 88
4923 0
4923 0
4923 0
4923 0
4923 0
4923 0
4923 0
4923 0
4923 0
4923 0
4923 0
4923 0
4923 0
4923 0
4923 0
4923 0
4923 0
4923 0
4923 0
4923 0
4954 0
4954 0
4954 0
4954 0
4954 0
4954 0
4954 0
4954 0
4954 0
4954 0
4954 382
4954 0
4954 0
4954 0
4954 0
4954 0
4954 0
4954 0
4954 0
4954 0
4954 0
4954 2
4954 0
4954 0
4954 0
4954 0
4954 0
4954 0
4954 0
4954 0
4954 0
5024 0
5024 0
5024 0
5024 0
5024 0
5024 0
5024 0
5024 0
5024 0
5024 0
5024 118
5024 0
5024 0
5024 0
5024 0
5024 0
5024 0
5024 0
5024 0
5024 0
5024 0
5024 0
5024 0
5024 0
5024 0
5024 0
5024 0
5024 0
5024 0
5024 0
5024 0
5140 0
5140 0
5140 0
5140 0
5140 0
5140 0
5140 0
5140 0
5140 0
5140 0
5140 128
5140 0
5140 0
5140 0
5140 0
5140 0
5140 0
5140 0
5140 0
5140 0
5140 0
5140 0
5140 0
5140 0
5140 0
5140 0
5140 0
5140 0
5140 0
5140 0
5140 0
5161 0
5161 0
5161 0
5161 0
5161 0
5161 0
5161 0
5161 0
5161 0
5161 0
5161 346
5161 0
5161 0
5161 0
5161 0
5161 0
5161 0
5161 0
5161 0
5161 0
5161 0
5161 1
5161 0
5161 0
5161 0
5161 0
5161 0
5161 0
5161 0
5161 0
5161 0
5215 0
5215 0
5215 0
5215 0
5215 0
5215 0
5215 0
5215 0
5215 0
5215 0
5215 114
5215 0
5215 0
5215 0
5215 0
5215 0
5215 0
5215 0
5215 0
5215 0
5215 0
5215 0
5215 0
5215 0
5215 0
5215 0
5215 0
5215 0
5215 0
5215 0
5215 0
5260 0
5260 0
5260 0
5260 0
5260 0
5260 0
5260 0
5260 0
5260 0
5260 0
5260 368
5260 0
5260 0
5260 0
5260 0
5260 0
5260 0
5260 0
5260 0
5260 0
5260 0
5260 1
5260 0
5260 0
5260 0
5260 0
5260 0
5260 0
5260 0
5260 0
5260 0
5266 0
5266 0
5266 0
5266 0
5266 0
5266 0
5266 0
5266 0
5266 0
5266 0
5266 51
5266 0
5266 0
5266 0
5266 0
5266 0
5266 0
5266 0
5266 0
5266 0
5266 0
5266 0
5266 0
5266 0
5266 0
5266 0
5266 0
5266 0
5266 0
5266 0
5266 0
5500 0
5500 0
5500 0
5500 0
5500 0
5500 0
5500 0
5500 0
5500 0
5500 0
5500 73
5500 0
5500 0
5500 0
5500 0
5500 0
5500 0
5500 0
5500 0
5500 0
5500 0
5500 0
5500 0
5500 0
5500 0
5500 0
5500 0
5500 0
5500 0
5500 0
5500 0
5508 0
5508 0
5508 0
5508 0
5508 0
5508 0
5508 0
5508 0
5508 0
5508 0
5508 147
5508 0
5508 0
5508 0
5508 0
5508 0
5508 0
5508 0
5508 0
5508 0
5508 0
5508 0
5508 0
5508 0
5508 0
5508 0
5508 0
5508 0
5508 0
5508 0
5508 0
5558 0
5558 0
5558 0
5558 0
5558 0
5558 0
5558 0
5558 0
5558 0
5558 0
5558 459
5558 0
5558 0
5558 0
5558 0
5558 0
5558 0
5558 0
5558 0
5558 0
5558 0
5558 0
5558 0
5558 0
5558 0
5558 0
5558 0
5558 0
5558 0
5558 0
5558 0
5587 0
5587 0
5587 0
5587 0
5587 0
5587 0
5587 0
5587 0
5587 0
5587 0
5587 88
5587 0
5587 0
5587 0
5587 0
5587 0
5587 0
5587 0
5587 0
5587 0
5587 0
5587 0
5587 0
5587 0
5587 0
5587 0
5587 0
5587 0
5587 0
5587 0
5587 0
