pt_graph cpue_kghour
8589 0
8589 0
8589 0
8589 0
8589 0
8589 0
8589 0
8589 0
8589 0
8589 0
8589 187
8589 0
8589 0
8589 0
8589 0
8589 0
8589 0
8589 0
8589 0
8589 0
8589 0
8589 1
8589 0
8589 0
8589 3
8589 0
8589 0
8589 0
8589 0
8589 0
8589 0
8696 0
8696 0
8696 0
8696 0
8696 0
8696 0
8696 0
8696 0
8696 0
8696 0
8696 31
8696 0
8696 0
8696 0
8696 0
8696 0
8696 0
8696 0
8696 0
8696 0
8696 0
8696 0
8696 0
8696 0
8696 0
8696 0
8696 0
8696 0
8696 0
8696 0
8696 0
8783 0
8783 0
8783 0
8783 0
8783 0
8783 0
8783 0
8783 0
8783 0
8783 0
8783 30
8783 0
8783 0
8783 0
8783 0
8783 0
8783 0
8783 0
8783 0
8783 0
8783 0
8783 0
8783 0
8783 0
8783 0
8783 0
8783 0
8783 0
8783 0
8783 0
8783 0
8793 0
8793 0
8793 0
8793 0
8793 0
8793 0
8793 0
8793 0
8793 0
8793 0
8793 93
8793 0
8793 0
8793 0
8793 0
8793 0
8793 0
8793 0
8793 0
8793 0
8793 0
8793 1
8793 0
8793 0
8793 1
8793 0
8793 0
8793 0
8793 0
8793 0
8793 0
8796 0
8796 0
8796 0
8796 0
8796 0
8796 0
8796 0
8796 0
8796 0
8796 0
8796 55
8796 0
8796 0
8796 0
8796 0
8796 0
8796 0
8796 0
8796 0
8796 0
8796 0
8796 2
8796 0
8796 0
8796 1
8796 0
8796 0
8796 0
8796 0
8796 0
8796 0
8803 0
8803 0
8803 0
8803 0
8803 0
8803 0
8803 0
8803 0
8803 0
8803 0
8803 77
8803 0
8803 0
8803 0
8803 0
8803 0
8803 0
8803 0
8803 0
8803 0
8803 0
8803 3
8803 0
8803 0
8803 2
8803 0
8803 0
8803 0
8803 0
8803 0
8803 0
8824 0
8824 0
8824 0
8824 0
8824 0
8824 0
8824 0
8824 0
8824 0
8824 0
8824 79
8824 0
8824 0
8824 0
8824 0
8824 0
8824 0
8824 0
8824 0
8824 0
8824 0
8824 3
8824 0
8824 0
8824 2
8824 0
8824 0
8824 0
8824 0
8824 0
8824 0
8826 0
8826 0
8826 0
8826 0
8826 0
8826 0
8826 0
8826 0
8826 0
8826 0
8826 79
8826 0
8826 0
8826 0
8826 0
8826 0
8826 0
8826 0
8826 0
8826 0
8826 0
8826 3
8826 0
8826 0
8826 2
8826 0
8826 0
8826 0
8826 0
8826 0
8826 0
8844 0
8844 0
8844 0
8844 0
8844 0
8844 0
8844 0
8844 0
8844 0
8844 0
8844 95
8844 0
8844 0
8844 0
8844 0
8844 0
8844 0
8844 0
8844 0
8844 0
8844 0
8844 1
8844 0
8844 0
8844 1
8844 0
8844 0
8844 0
8844 0
8844 0
8844 0
8857 0
8857 0
8857 0
8857 0
8857 0
8857 0
8857 0
8857 0
8857 0
8857 0
8857 77
8857 0
8857 0
8857 0
8857 0
8857 0
8857 0
8857 0
8857 0
8857 0
8857 0
8857 3
8857 0
8857 0
8857 2
8857 0
8857 0
8857 0
8857 0
8857 0
8857 0
8866 0
8866 0
8866 0
8866 0
8866 0
8866 0
8866 0
8866 0
8866 0
8866 0
8866 30
8866 0
8866 0
8866 0
8866 0
8866 0
8866 0
8866 0
8866 0
8866 0
8866 0
8866 0
8866 0
8866 0
8866 0
8866 0
8866 0
8866 0
8866 0
8866 0
8866 0
8876 0
8876 0
8876 0
8876 0
8876 0
8876 0
8876 0
8876 0
8876 0
8876 0
8876 93
8876 0
8876 0
8876 0
8876 0
8876 0
8876 0
8876 0
8876 0
8876 0
8876 0
8876 1
8876 0
8876 0
8876 1
8876 0
8876 0
8876 0
8876 0
8876 0
8876 0
8885 0
8885 0
8885 0
8885 0
8885 0
8885 0
8885 0
8885 0
8885 0
8885 0
8885 31
8885 0
8885 0
8885 0
8885 0
8885 0
8885 0
8885 0
8885 0
8885 0
8885 0
8885 0
8885 0
8885 0
8885 0
8885 0
8885 0
8885 0
8885 0
8885 0
8885 0
8896 0
8896 0
8896 0
8896 0
8896 0
8896 0
8896 0
8896 0
8896 0
8896 0
8896 94
8896 0
8896 0
8896 0
8896 0
8896 0
8896 0
8896 0
8896 0
8896 0
8896 0
8896 16
8896 0
8896 0
8896 9
8896 0
8896 0
8896 0
8896 0
8896 0
8896 0
8908 0
8908 0
8908 0
8908 0
8908 0
8908 0
8908 0
8908 0
8908 0
8908 0
8908 181
8908 0
8908 0
8908 0
8908 0
8908 0
8908 0
8908 0
8908 0
8908 0
8908 0
8908 0
8908 0
8908 0
8908 0
8908 0
8908 0
8908 0
8908 0
8908 0
8908 0
8917 0
8917 0
8917 0
8917 0
8917 0
8917 0
8917 0
8917 0
8917 0
8917 0
8917 68
8917 0
8917 0
8917 0
8917 0
8917 0
8917 0
8917 0
8917 0
8917 0
8917 0
8917 2
8917 0
8917 0
8917 1
8917 0
8917 0
8917 0
8917 0
8917 0
8917 0
8929 0
8929 0
8929 0
8929 0
8929 0
8929 0
8929 0
8929 0
8929 0
8929 0
8929 79
8929 0
8929 0
8929 0
8929 0
8929 0
8929 0
8929 0
8929 0
8929 0
8929 0
8929 3
8929 0
8929 0
8929 2
8929 0
8929 0
8929 0
8929 0
8929 0
8929 0
8975 0
8975 0
8975 0
8975 0
8975 0
8975 0
8975 0
8975 0
8975 0
8975 0
8975 31
8975 0
8975 0
8975 0
8975 0
8975 0
8975 0
8975 0
8975 0
8975 0
8975 0
8975 0
8975 0
8975 0
8975 0
8975 0
8975 0
8975 0
8975 0
8975 0
8975 0
8984 0
8984 0
8984 0
8984 0
8984 0
8984 0
8984 0
8984 0
8984 0
8984 0
8984 77
8984 0
8984 0
8984 0
8984 0
8984 0
8984 0
8984 0
8984 0
8984 0
8984 0
8984 3
8984 0
8984 0
8984 2
8984 0
8984 0
8984 0
8984 0
8984 0
8984 0
9021 0
9021 0
9021 0
9021 0
9021 0
9021 0
9021 0
9021 0
9021 0
9021 0
9021 96
9021 0
9021 0
9021 0
9021 0
9021 0
9021 0
9021 0
9021 0
9021 0
9021 0
9021 16
9021 0
9021 0
9021 9
9021 0
9021 0
9021 0
9021 0
9021 0
9021 0
9049 0
9049 0
9049 0
9049 0
9049 0
9049 0
9049 0
9049 0
9049 0
9049 0
9049 95
9049 0
9049 0
9049 0
9049 0
9049 0
9049 0
9049 0
9049 0
9049 0
9049 0
9049 1
9049 0
9049 0
9049 1
9049 0
9049 0
9049 0
9049 0
9049 0
9049 0
9061 0
9061 0
9061 0
9061 0
9061 0
9061 0
9061 0
9061 0
9061 0
9061 0
9061 31
9061 0
9061 0
9061 0
9061 0
9061 0
9061 0
9061 0
9061 0
9061 0
9061 0
9061 0
9061 0
9061 0
9061 0
9061 0
9061 0
9061 0
9061 0
9061 0
9061 0
9217 0
9217 0
9217 0
9217 0
9217 0
9217 0
9217 0
9217 0
9217 0
9217 0
9217 77
9217 0
9217 0
9217 0
9217 0
9217 0
9217 0
9217 0
9217 0
9217 0
9217 0
9217 3
9217 0
9217 0
9217 2
9217 0
9217 0
9217 0
9217 0
9217 0
9217 0
9253 0
9253 0
9253 0
9253 0
9253 0
9253 0
9253 0
9253 0
9253 0
9253 0
9253 93
9253 0
9253 0
9253 0
9253 0
9253 0
9253 0
9253 0
9253 0
9253 0
9253 0
9253 1
9253 0
9253 0
9253 1
9253 0
9253 0
9253 0
9253 0
9253 0
9253 0
9254 0
9254 0
9254 0
9254 0
9254 0
9254 0
9254 0
9254 0
9254 0
9254 0
9254 77
9254 0
9254 0
9254 0
9254 0
9254 0
9254 0
9254 0
9254 0
9254 0
9254 0
9254 3
9254 0
9254 0
9254 2
9254 0
9254 0
9254 0
9254 0
9254 0
9254 0
9285 0
9285 0
9285 0
9285 0
9285 0
9285 0
9285 0
9285 0
9285 0
9285 0
9285 30
9285 0
9285 0
9285 0
9285 0
9285 0
9285 0
9285 0
9285 0
9285 0
9285 0
9285 0
9285 0
9285 0
9285 0
9285 0
9285 0
9285 0
9285 0
9285 0
9285 0
9313 0
9313 0
9313 0
9313 0
9313 0
9313 0
9313 0
9313 0
9313 0
9313 0
9313 94
9313 0
9313 0
9313 0
9313 0
9313 0
9313 0
9313 0
9313 0
9313 0
9313 0
9313 16
9313 0
9313 0
9313 9
9313 0
9313 0
9313 0
9313 0
9313 0
9313 0
9502 0
9502 0
9502 0
9502 0
9502 0
9502 0
9502 0
9502 0
9502 0
9502 0
9502 378
9502 0
9502 0
9502 0
9502 0
9502 0
9502 0
9502 0
9502 0
9502 0
9502 0
9502 26
9502 0
9502 0
9502 5
9502 0
9502 0
9502 0
9502 0
9502 0
9502 0
9676 0
9676 0
9676 0
9676 0
9676 0
9676 0
9676 0
9676 0
9676 0
9676 0
9676 31
9676 0
9676 0
9676 0
9676 0
9676 0
9676 0
9676 0
9676 0
9676 0
9676 0
9676 0
9676 0
9676 0
9676 0
9676 0
9676 0
9676 0
9676 0
9676 0
9676 0
10844 0
10844 0
10844 0
10844 0
10844 0
10844 0
10844 0
10844 0
10844 0
10844 0
10844 39
10844 0
10844 0
10844 0
10844 0
10844 0
10844 0
10844 0
10844 0
10844 0
10844 0
10844 0
10844 0
10844 0
10844 0
10844 0
10844 0
10844 0
10844 0
10844 0
10844 0
10865 0
10865 0
10865 0
10865 0
10865 0
10865 0
10865 0
10865 0
10865 0
10865 0
10865 23
10865 0
10865 0
10865 0
10865 0
10865 0
10865 0
10865 0
10865 0
10865 0
10865 0
10865 0
10865 0
10865 0
10865 0
10865 0
10865 0
10865 0
10865 0
10865 0
10865 0
10883 0
10883 0
10883 0
10883 0
10883 0
10883 0
10883 0
10883 0
10883 0
10883 0
10883 0
10883 71
10883 0
10883 0
10883 0
10883 0
10883 0
10883 0
10883 0
10883 0
10883 0
10883 0
10883 0
10883 0
10883 0
10883 0
10883 0
10883 0
10883 0
10883 0
10883 0
10893 0
10893 0
10893 0
10893 0
10893 0
10893 0
10893 0
10893 0
10893 0
10893 0
10893 0
10893 181
10893 0
10893 0
10893 0
10893 0
10893 0
10893 0
10893 0
10893 0
10893 0
10893 0
10893 0
10893 0
10893 0
10893 0
10893 0
10893 0
10893 0
10893 0
10893 0
10897 0
10897 0
10897 0
10897 0
10897 0
10897 0
10897 0
10897 0
10897 0
10897 0
10897 0
10897 61
10897 0
10897 0
10897 0
10897 0
10897 0
10897 0
10897 0
10897 0
10897 0
10897 0
10897 0
10897 0
10897 0
10897 0
10897 0
10897 0
10897 0
10897 0
10897 0
10909 0
10909 0
10909 0
10909 0
10909 0
10909 0
10909 0
10909 0
10909 0
10909 0
10909 0
10909 35
10909 0
10909 0
10909 0
10909 0
10909 0
10909 0
10909 0
10909 0
10909 0
10909 0
10909 0
10909 0
10909 0
10909 0
10909 0
10909 0
10909 0
10909 0
10909 0
10926 0
10926 0
10926 0
10926 0
10926 0
10926 0
10926 0
10926 0
10926 0
10926 0
10926 0
10926 53
10926 0
10926 0
10926 0
10926 0
10926 0
10926 0
10926 0
10926 0
10926 0
10926 0
10926 0
10926 0
10926 0
10926 0
10926 0
10926 0
10926 0
10926 0
10926 0
10929 0
10929 0
10929 0
10929 0
10929 0
10929 0
10929 0
10929 0
10929 0
10929 0
10929 0
10929 58
10929 0
10929 0
10929 0
10929 0
10929 0
10929 0
10929 0
10929 0
10929 0
10929 0
10929 0
10929 0
10929 0
10929 0
10929 0
10929 0
10929 0
10929 0
10929 0
10955 0
10955 0
10955 0
10955 0
10955 0
10955 0
10955 0
10955 0
10955 0
10955 0
10955 0
10955 43
10955 0
10955 0
10955 0
10955 0
10955 0
10955 0
10955 0
10955 0
10955 0
10955 0
10955 0
10955 0
10955 0
10955 0
10955 0
10955 0
10955 0
10955 0
10955 0
10962 0
10962 0
10962 0
10962 0
10962 0
10962 0
10962 0
10962 0
10962 0
10962 0
10962 0
10962 169
10962 0
10962 0
10962 0
10962 0
10962 0
10962 0
10962 0
10962 0
10962 0
10962 0
10962 0
10962 0
10962 0
10962 0
10962 0
10962 0
10962 0
10962 0
10962 0
