pt_graph scale
8796 0
8796 0
8796 0
8796 767
8796 0
8796 0
8796 0
8796 0
8796 0
8796 0
8796 67
8796 0
8796 0
8796 0
8796 0
8796 0
8796 0
8796 0
8796 0
8796 0
8796 0
8796 0
8796 0
8796 0
8796 0
8796 0
8796 0
8796 0
8796 0
8796 0
8796 0
8815 0
8815 0
8815 0
8815 0
8815 0
8815 0
8815 0
8815 0
8815 0
8815 0
8815 263
8815 0
8815 0
8815 0
8815 0
8815 0
8815 0
8815 0
8815 0
8815 0
8815 0
8815 284
8815 0
8815 0
8815 0
8815 0
8815 0
8815 0
8815 0
8815 0
8815 0
8823 0
8823 0
8823 0
8823 1384
8823 0
8823 0
8823 0
8823 0
8823 0
8823 0
8823 0
8823 0
8823 0
8823 0
8823 0
8823 0
8823 0
8823 0
8823 0
8823 0
8823 0
8823 0
8823 0
8823 0
8823 0
8823 0
8823 0
8823 0
8823 0
8823 0
8823 0
8855 0
8855 0
8855 0
8855 694
8855 0
8855 0
8855 0
8855 0
8855 0
8855 0
8855 0
8855 0
8855 0
8855 0
8855 0
8855 0
8855 0
8855 0
8855 0
8855 0
8855 0
8855 0
8855 0
8855 0
8855 0
8855 0
8855 0
8855 0
8855 0
8855 0
8855 0
8872 0
8872 0
8872 0
8872 898
8872 0
8872 0
8872 0
8872 0
8872 0
8872 0
8872 0
8872 0
8872 0
8872 0
8872 0
8872 0
8872 0
8872 0
8872 0
8872 0
8872 0
8872 0
8872 0
8872 0
8872 0
8872 0
8872 0
8872 0
8872 0
8872 0
8872 0
8873 0
8873 0
8873 0
8873 122
8873 0
8873 0
8873 0
8873 0
8873 0
8873 0
8873 0
8873 0
8873 0
8873 0
8873 0
8873 0
8873 0
8873 0
8873 0
8873 0
8873 0
8873 0
8873 0
8873 0
8873 0
8873 0
8873 0
8873 0
8873 0
8873 0
8873 0
8893 0
8893 0
8893 0
8893 365
8893 0
8893 0
8893 0
8893 0
8893 0
8893 0
8893 0
8893 0
8893 0
8893 0
8893 0
8893 0
8893 0
8893 0
8893 0
8893 0
8893 0
8893 0
8893 0
8893 0
8893 0
8893 0
8893 0
8893 0
8893 0
8893 0
8893 0
8896 0
8896 0
8896 0
8896 359
8896 0
8896 0
8896 0
8896 0
8896 0
8896 0
8896 0
8896 0
8896 0
8896 0
8896 0
8896 0
8896 0
8896 0
8896 0
8896 0
8896 0
8896 0
8896 0
8896 0
8896 0
8896 0
8896 0
8896 0
8896 0
8896 0
8896 0
8902 0
8902 0
8902 0
8902 120
8902 0
8902 0
8902 0
8902 0
8902 0
8902 0
8902 0
8902 0
8902 0
8902 0
8902 0
8902 0
8902 0
8902 0
8902 0
8902 0
8902 0
8902 0
8902 0
8902 0
8902 0
8902 0
8902 0
8902 0
8902 0
8902 0
8902 0
8909 0
8909 0
8909 0
8909 0
8909 0
8909 0
8909 0
8909 0
8909 0
8909 0
8909 110
8909 0
8909 0
8909 0
8909 0
8909 0
8909 0
8909 0
8909 0
8909 0
8909 0
8909 0
8909 0
8909 0
8909 0
8909 0
8909 0
8909 0
8909 0
8909 0
8909 0
8931 0
8931 0
8931 0
8931 5161
8931 0
8931 0
8931 0
8931 0
8931 0
8931 0
8931 0
8931 0
8931 0
8931 0
8931 0
8931 0
8931 0
8931 0
8931 0
8931 0
8931 0
8931 0
8931 0
8931 0
8931 0
8931 0
8931 0
8931 0
8931 0
8931 0
8931 0
8941 0
8941 0
8941 0
8941 240
8941 0
8941 0
8941 0
8941 0
8941 0
8941 0
8941 121
8941 0
8941 0
8941 0
8941 0
8941 0
8941 0
8941 0
8941 0
8941 0
8941 0
8941 154
8941 0
8941 0
8941 0
8941 0
8941 0
8941 0
8941 0
8941 0
8941 0
8943 0
8943 0
8943 0
8943 82
8943 0
8943 0
8943 0
8943 0
8943 0
8943 0
8943 0
8943 0
8943 0
8943 0
8943 0
8943 0
8943 0
8943 0
8943 0
8943 0
8943 0
8943 0
8943 0
8943 0
8943 0
8943 0
8943 0
8943 0
8943 0
8943 0
8943 0
8948 0
8948 0
8948 0
8948 460
8948 0
8948 0
8948 0
8948 0
8948 0
8948 0
8948 0
8948 0
8948 0
8948 0
8948 0
8948 0
8948 0
8948 0
8948 0
8948 0
8948 0
8948 0
8948 0
8948 0
8948 0
8948 0
8948 0
8948 0
8948 0
8948 0
8948 0
8949 0
8949 0
8949 0
8949 89
8949 0
8949 0
8949 0
8949 0
8949 0
8949 0
8949 0
8949 0
8949 0
8949 0
8949 0
8949 0
8949 0
8949 0
8949 0
8949 0
8949 0
8949 0
8949 0
8949 0
8949 0
8949 0
8949 0
8949 0
8949 0
8949 0
8949 0
8962 0
8962 0
8962 0
8962 0
8962 0
8962 0
8962 0
8962 0
8962 0
8962 0
8962 98
8962 0
8962 0
8962 0
8962 0
8962 0
8962 0
8962 0
8962 0
8962 0
8962 0
8962 0
8962 0
8962 0
8962 0
8962 0
8962 0
8962 0
8962 0
8962 0
8962 0
8975 0
8975 0
8975 0
8975 0
8975 0
8975 0
8975 0
8975 0
8975 0
8975 0
8975 244
8975 0
8975 0
8975 0
8975 0
8975 0
8975 0
8975 0
8975 0
8975 0
8975 0
8975 0
8975 0
8975 0
8975 0
8975 0
8975 0
8975 0
8975 0
8975 0
8975 0
8977 0
8977 0
8977 0
8977 1299
8977 0
8977 0
8977 0
8977 0
8977 0
8977 0
8977 0
8977 0
8977 0
8977 0
8977 0
8977 0
8977 0
8977 0
8977 0
8977 0
8977 0
8977 0
8977 0
8977 0
8977 0
8977 0
8977 0
8977 0
8977 0
8977 0
8977 0
8991 0
8991 0
8991 0
8991 0
8991 0
8991 0
8991 0
8991 0
8991 0
8991 0
8991 66
8991 0
8991 0
8991 0
8991 0
8991 0
8991 0
8991 0
8991 0
8991 0
8991 0
8991 0
8991 0
8991 0
8991 0
8991 0
8991 0
8991 0
8991 0
8991 0
8991 0
8998 0
8998 0
8998 0
8998 0
8998 0
8998 0
8998 0
8998 0
8998 0
8998 0
8998 52
8998 0
8998 0
8998 0
8998 0
8998 0
8998 0
8998 0
8998 0
8998 0
8998 0
8998 78
8998 0
8998 0
8998 0
8998 0
8998 0
8998 0
8998 0
8998 0
8998 0
9010 0
9010 0
9010 0
9010 0
9010 0
9010 0
9010 0
9010 0
9010 0
9010 0
9010 42
9010 0
9010 0
9010 0
9010 0
9010 0
9010 0
9010 0
9010 0
9010 0
9010 0
9010 197
9010 0
9010 0
9010 0
9010 0
9010 0
9010 0
9010 0
9010 0
9010 0
9011 0
9011 0
9011 0
9011 1379
9011 0
9011 0
9011 0
9011 0
9011 0
9011 0
9011 0
9011 0
9011 0
9011 0
9011 0
9011 0
9011 0
9011 0
9011 0
9011 0
9011 0
9011 0
9011 0
9011 0
9011 0
9011 0
9011 0
9011 0
9011 0
9011 0
9011 0
9021 0
9021 0
9021 0
9021 0
9021 0
9021 0
9021 0
9021 0
9021 0
9021 0
9021 74
9021 0
9021 0
9021 0
9021 0
9021 0
9021 0
9021 0
9021 0
9021 0
9021 0
9021 0
9021 0
9021 0
9021 0
9021 0
9021 0
9021 0
9021 0
9021 0
9021 0
9067 0
9067 0
9067 0
9067 664
9067 0
9067 0
9067 0
9067 0
9067 0
9067 0
9067 0
9067 0
9067 0
9067 0
9067 0
9067 0
9067 0
9067 0
9067 0
9067 0
9067 0
9067 0
9067 0
9067 0
9067 0
9067 0
9067 0
9067 0
9067 0
9067 0
9067 0
9076 0
9076 0
9076 0
9076 2171
9076 0
9076 0
9076 0
9076 0
9076 0
9076 0
9076 0
9076 0
9076 0
9076 0
9076 0
9076 0
9076 0
9076 0
9076 0
9076 0
9076 0
9076 0
9076 0
9076 0
9076 0
9076 0
9076 0
9076 0
9076 0
9076 0
9076 0
9077 0
9077 0
9077 0
9077 0
9077 0
9077 0
9077 0
9077 0
9077 0
9077 0
9077 95
9077 0
9077 0
9077 0
9077 0
9077 0
9077 0
9077 0
9077 0
9077 0
9077 0
9077 0
9077 0
9077 0
9077 0
9077 0
9077 0
9077 0
9077 0
9077 0
9077 0
9078 0
9078 0
9078 0
9078 951
9078 0
9078 0
9078 0
9078 0
9078 0
9078 0
9078 0
9078 0
9078 0
9078 0
9078 0
9078 0
9078 0
9078 0
9078 0
9078 0
9078 0
9078 0
9078 0
9078 0
9078 0
9078 0
9078 0
9078 0
9078 0
9078 0
9078 0
9101 0
9101 0
9101 0
9101 0
9101 0
9101 0
9101 0
9101 0
9101 0
9101 0
9101 131
9101 0
9101 0
9101 0
9101 0
9101 0
9101 0
9101 0
9101 0
9101 0
9101 0
9101 0
9101 0
9101 0
9101 0
9101 0
9101 0
9101 0
9101 0
9101 0
9101 0
9124 0
9124 0
9124 0
9124 3124
9124 0
9124 0
9124 0
9124 0
9124 0
9124 0
9124 0
9124 0
9124 0
9124 0
9124 0
9124 0
9124 0
9124 0
9124 0
9124 0
9124 0
9124 0
9124 0
9124 0
9124 0
9124 0
9124 0
9124 0
9124 0
9124 0
9124 0
9132 0
9132 0
9132 0
9132 2265
9132 0
9132 0
9132 0
9132 0
9132 0
9132 0
9132 0
9132 0
9132 0
9132 0
9132 0
9132 0
9132 0
9132 0
9132 0
9132 0
9132 0
9132 0
9132 0
9132 0
9132 0
9132 0
9132 0
9132 0
9132 0
9132 0
9132 0
9162 0
9162 0
9162 0
9162 1447
9162 0
9162 0
9162 0
9162 0
9162 0
9162 0
9162 0
9162 0
9162 0
9162 0
9162 0
9162 0
9162 0
9162 0
9162 0
9162 0
9162 0
9162 0
9162 0
9162 0
9162 0
9162 0
9162 0
9162 0
9162 0
9162 0
9162 0
9188 0
9188 0
9188 0
9188 85
9188 0
9188 0
9188 0
9188 0
9188 0
9188 0
9188 0
9188 0
9188 0
9188 0
9188 0
9188 0
9188 0
9188 0
9188 0
9188 0
9188 0
9188 0
9188 0
9188 0
9188 0
9188 0
9188 0
9188 0
9188 0
9188 0
9188 0
9196 0
9196 0
9196 0
9196 525
9196 0
9196 0
9196 0
9196 0
9196 0
9196 0
9196 0
9196 0
9196 0
9196 0
9196 0
9196 0
9196 0
9196 0
9196 0
9196 0
9196 0
9196 0
9196 0
9196 0
9196 0
9196 0
9196 0
9196 0
9196 0
9196 0
9196 0
9225 0
9225 0
9225 0
9225 426
9225 0
9225 0
9225 0
9225 0
9225 0
9225 0
9225 0
9225 0
9225 0
9225 0
9225 0
9225 0
9225 0
9225 0
9225 0
9225 0
9225 0
9225 0
9225 0
9225 0
9225 0
9225 0
9225 0
9225 0
9225 0
9225 0
9225 0
