pt_graph cpue_kghour
8855 0
8855 0
8855 0
8855 655
8855 0
8855 0
8855 0
8855 0
8855 0
8855 0
8855 0
8855 0
8855 0
8855 0
8855 0
8855 0
8855 0
8855 0
8855 0
8855 0
8855 0
8855 0
8855 0
8855 0
8855 0
8855 0
8855 0
8855 0
8855 0
8855 0
8855 0
8867 0
8867 0
8867 0
8867 302
8867 0
8867 0
8867 0
8867 0
8867 0
8867 0
8867 0
8867 0
8867 0
8867 0
8867 0
8867 0
8867 0
8867 0
8867 0
8867 0
8867 0
8867 0
8867 0
8867 0
8867 0
8867 0
8867 0
8867 0
8867 0
8867 0
8867 0
8893 0
8893 0
8893 0
8893 302
8893 0
8893 0
8893 0
8893 0
8893 0
8893 0
8893 0
8893 0
8893 0
8893 0
8893 0
8893 0
8893 0
8893 0
8893 0
8893 0
8893 0
8893 0
8893 0
8893 0
8893 0
8893 0
8893 0
8893 0
8893 0
8893 0
8893 0
8896 0
8896 0
8896 0
8896 0
8896 0
8896 0
8896 0
8896 0
8896 0
8896 0
8896 103
8896 0
8896 0
8896 0
8896 1
8896 0
8896 0
8896 0
8896 0
8896 0
8896 0
8896 49
8896 0
8896 0
8896 3
8896 0
8896 0
8896 0
8896 0
8896 0
8896 0
8897 0
8897 0
8897 0
8897 297
8897 0
8897 0
8897 0
8897 0
8897 0
8897 0
8897 0
8897 0
8897 0
8897 0
8897 0
8897 0
8897 0
8897 0
8897 0
8897 0
8897 0
8897 0
8897 0
8897 0
8897 0
8897 0
8897 0
8897 0
8897 0
8897 0
8897 0
8902 0
8902 0
8902 0
8902 667
8902 0
8902 0
8902 0
8902 0
8902 0
8902 0
8902 0
8902 0
8902 0
8902 0
8902 0
8902 0
8902 0
8902 0
8902 0
8902 0
8902 0
8902 0
8902 0
8902 0
8902 0
8902 0
8902 0
8902 0
8902 0
8902 0
8902 0
8923 0
8923 0
8923 0
8923 0
8923 0
8923 0
8923 0
8923 0
8923 0
8923 0
8923 39
8923 0
8923 0
8923 0
8923 2
8923 0
8923 0
8923 0
8923 0
8923 0
8923 0
8923 52
8923 0
8923 0
8923 7
8923 0
8923 0
8923 0
8923 0
8923 0
8923 0
8928 0
8928 0
8928 0
8928 0
8928 0
8928 0
8928 0
8928 0
8928 0
8928 0
8928 328
8928 0
8928 0
8928 0
8928 0
8928 0
8928 0
8928 0
8928 0
8928 0
8928 0
8928 0
8928 0
8928 0
8928 2
8928 0
8928 0
8928 0
8928 0
8928 0
8928 0
8929 0
8929 0
8929 0
8929 0
8929 0
8929 0
8929 0
8929 0
8929 0
8929 0
8929 54
8929 0
8929 0
8929 0
8929 0
8929 0
8929 0
8929 0
8929 0
8929 0
8929 0
8929 18
8929 0
8929 0
8929 1
8929 0
8929 0
8929 0
8929 0
8929 0
8929 0
8930 0
8930 0
8930 0
8930 297
8930 0
8930 0
8930 0
8930 0
8930 0
8930 0
8930 0
8930 0
8930 0
8930 0
8930 0
8930 0
8930 0
8930 0
8930 0
8930 0
8930 0
8930 0
8930 0
8930 0
8930 0
8930 0
8930 0
8930 0
8930 0
8930 0
8930 0
8932 0
8932 0
8932 0
8932 0
8932 0
8932 0
8932 0
8932 0
8932 0
8932 0
8932 103
8932 0
8932 0
8932 0
8932 1
8932 0
8932 0
8932 0
8932 0
8932 0
8932 0
8932 49
8932 0
8932 0
8932 3
8932 0
8932 0
8932 0
8932 0
8932 0
8932 0
8933 0
8933 0
8933 0
8933 0
8933 0
8933 0
8933 0
8933 0
8933 0
8933 0
8933 256
8933 0
8933 0
8933 0
8933 0
8933 0
8933 0
8933 0
8933 0
8933 0
8933 0
8933 85
8933 0
8933 0
8933 7
8933 0
8933 0
8933 0
8933 0
8933 0
8933 0
8942 0
8942 0
8942 0
8942 0
8942 0
8942 0
8942 0
8942 0
8942 0
8942 0
8942 55
8942 0
8942 0
8942 0
8942 1
8942 0
8942 0
8942 0
8942 0
8942 0
8942 0
8942 31
8942 0
8942 0
8942 2
8942 0
8942 0
8942 0
8942 0
8942 0
8942 0
8944 0
8944 0
8944 0
8944 0
8944 0
8944 0
8944 0
8944 0
8944 0
8944 0
8944 101
8944 0
8944 0
8944 0
8944 1
8944 0
8944 0
8944 0
8944 0
8944 0
8944 0
8944 48
8944 0
8944 0
8944 3
8944 0
8944 0
8944 0
8944 0
8944 0
8944 0
8949 0
8949 0
8949 0
8949 655
8949 0
8949 0
8949 0
8949 0
8949 0
8949 0
8949 0
8949 0
8949 0
8949 0
8949 0
8949 0
8949 0
8949 0
8949 0
8949 0
8949 0
8949 0
8949 0
8949 0
8949 0
8949 0
8949 0
8949 0
8949 0
8949 0
8949 0
8955 0
8955 0
8955 0
8955 0
8955 0
8955 0
8955 0
8955 0
8955 0
8955 0
8955 55
8955 0
8955 0
8955 0
8955 1
8955 0
8955 0
8955 0
8955 0
8955 0
8955 0
8955 31
8955 0
8955 0
8955 2
8955 0
8955 0
8955 0
8955 0
8955 0
8955 0
8963 0
8963 0
8963 0
8963 0
8963 0
8963 0
8963 0
8963 0
8963 0
8963 0
8963 80
8963 0
8963 0
8963 0
8963 1
8963 0
8963 0
8963 0
8963 0
8963 0
8963 0
8963 40
8963 0
8963 0
8963 3
8963 0
8963 0
8963 0
8963 0
8963 0
8963 0
8976 0
8976 0
8976 0
8976 0
8976 0
8976 0
8976 0
8976 0
8976 0
8976 0
8976 41
8976 0
8976 0
8976 0
8976 0
8976 0
8976 0
8976 0
8976 0
8976 0
8976 0
8976 1
8976 0
8976 0
8976 0
8976 0
8976 0
8976 0
8976 0
8976 0
8976 0
8982 0
8982 0
8982 0
8982 0
8982 0
8982 0
8982 0
8982 0
8982 0
8982 0
8982 528
8982 0
8982 0
8982 0
8982 0
8982 0
8982 0
8982 0
8982 0
8982 0
8982 0
8982 0
8982 0
8982 0
8982 4
8982 0
8982 0
8982 0
8982 0
8982 0
8982 0
8983 0
8983 0
8983 0
8983 0
8983 0
8983 0
8983 0
8983 0
8983 0
8983 0
8983 40
8983 0
8983 0
8983 0
8983 2
8983 0
8983 0
8983 0
8983 0
8983 0
8983 0
8983 53
8983 0
8983 0
8983 7
8983 0
8983 0
8983 0
8983 0
8983 0
8983 0
8984 0
8984 0
8984 0
8984 0
8984 0
8984 0
8984 0
8984 0
8984 0
8984 0
8984 44
8984 0
8984 0
8984 0
8984 0
8984 0
8984 0
8984 0
8984 0
8984 0
8984 0
8984 15
8984 0
8984 0
8984 1
8984 0
8984 0
8984 0
8984 0
8984 0
8984 0
8989 0
8989 0
8989 0
8989 0
8989 0
8989 0
8989 0
8989 0
8989 0
8989 0
8989 44
8989 0
8989 0
8989 0
8989 0
8989 0
8989 0
8989 0
8989 0
8989 0
8989 0
8989 15
8989 0
8989 0
8989 1
8989 0
8989 0
8989 0
8989 0
8989 0
8989 0
9005 0
9005 0
9005 0
9005 0
9005 0
9005 0
9005 0
9005 0
9005 0
9005 0
9005 107
9005 0
9005 0
9005 0
9005 1
9005 0
9005 0
9005 0
9005 0
9005 0
9005 0
9005 51
9005 0
9005 0
9005 3
9005 0
9005 0
9005 0
9005 0
9005 0
9005 0
9027 0
9027 0
9027 0
9027 0
9027 0
9027 0
9027 0
9027 0
9027 0
9027 0
9027 101
9027 0
9027 0
9027 0
9027 1
9027 0
9027 0
9027 0
9027 0
9027 0
9027 0
9027 48
9027 0
9027 0
9027 3
9027 0
9027 0
9027 0
9027 0
9027 0
9027 0
9040 0
9040 0
9040 0
9040 0
9040 0
9040 0
9040 0
9040 0
9040 0
9040 0
9040 44
9040 0
9040 0
9040 0
9040 0
9040 0
9040 0
9040 0
9040 0
9040 0
9040 0
9040 15
9040 0
9040 0
9040 1
9040 0
9040 0
9040 0
9040 0
9040 0
9040 0
9060 0
9060 0
9060 0
9060 0
9060 0
9060 0
9060 0
9060 0
9060 0
9060 0
9060 864
9060 0
9060 0
9060 0
9060 0
9060 0
9060 0
9060 0
9060 0
9060 0
9060 0
9060 0
9060 0
9060 0
9060 6
9060 0
9060 0
9060 0
9060 0
9060 0
9060 0
9062 0
9062 0
9062 0
9062 0
9062 0
9062 0
9062 0
9062 0
9062 0
9062 0
9062 686
9062 0
9062 0
9062 0
9062 0
9062 0
9062 0
9062 0
9062 0
9062 0
9062 0
9062 0
9062 0
9062 0
9062 0
9062 0
9062 0
9062 0
9062 0
9062 0
9062 0
9065 0
9065 0
9065 0
9065 0
9065 0
9065 0
9065 0
9065 0
9065 0
9065 0
9065 56
9065 0
9065 0
9065 0
9065 1
9065 0
9065 0
9065 0
9065 0
9065 0
9065 0
9065 31
9065 0
9065 0
9065 2
9065 0
9065 0
9065 0
9065 0
9065 0
9065 0
9066 0
9066 0
9066 0
9066 0
9066 0
9066 0
9066 0
9066 0
9066 0
9066 0
9066 39
9066 0
9066 0
9066 0
9066 2
9066 0
9066 0
9066 0
9066 0
9066 0
9066 0
9066 52
9066 0
9066 0
9066 7
9066 0
9066 0
9066 0
9066 0
9066 0
9066 0
9075 0
9075 0
9075 0
9075 0
9075 0
9075 0
9075 0
9075 0
9075 0
9075 0
9075 62
9075 0
9075 0
9075 0
9075 0
9075 0
9075 0
9075 0
9075 0
9075 0
9075 0
9075 11
9075 0
9075 0
9075 1
9075 0
9075 0
9075 0
9075 0
9075 0
9075 0
9087 0
9087 0
9087 0
9087 0
9087 0
9087 0
9087 0
9087 0
9087 0
9087 0
9087 142
9087 0
9087 0
9087 0
9087 0
9087 0
9087 0
9087 0
9087 0
9087 0
9087 0
9087 0
9087 0
9087 0
9087 0
9087 0
9087 0
9087 0
9087 0
9087 0
9087 0
9101 0
9101 0
9101 0
9101 0
9101 0
9101 0
9101 0
9101 0
9101 0
9101 0
9101 328
9101 0
9101 0
9101 0
9101 0
9101 0
9101 0
9101 0
9101 0
9101 0
9101 0
9101 0
9101 0
9101 0
9101 2
9101 0
9101 0
9101 0
9101 0
9101 0
9101 0
9120 0
9120 0
9120 0
9120 0
9120 0
9120 0
9120 0
9120 0
9120 0
9120 0
9120 129
9120 0
9120 0
9120 0
9120 0
9120 0
9120 0
9120 0
9120 0
9120 0
9120 0
9120 0
9120 0
9120 0
9120 0
9120 0
9120 0
9120 0
9120 0
9120 0
9120 0
9133 0
9133 0
9133 0
9133 0
9133 0
9133 0
9133 0
9133 0
9133 0
9133 0
9133 39
9133 0
9133 0
9133 0
9133 2
9133 0
9133 0
9133 0
9133 0
9133 0
9133 0
9133 52
9133 0
9133 0
9133 7
9133 0
9133 0
9133 0
9133 0
9133 0
9133 0
9136 0
9136 0
9136 0
9136 0
9136 0
9136 0
9136 0
9136 0
9136 0
9136 0
9136 93
9136 0
9136 0
9136 0
9136 0
9136 0
9136 0
9136 0
9136 0
9136 0
9136 0
9136 16
9136 0
9136 0
9136 1
9136 0
9136 0
9136 0
9136 0
9136 0
9136 0
9137 0
9137 0
9137 0
9137 0
9137 0
9137 0
9137 0
9137 0
9137 0
9137 0
9137 103
9137 0
9137 0
9137 0
9137 1
9137 0
9137 0
9137 0
9137 0
9137 0
9137 0
9137 49
9137 0
9137 0
9137 3
9137 0
9137 0
9137 0
9137 0
9137 0
9137 0
9140 0
9140 0
9140 0
9140 0
9140 0
9140 0
9140 0
9140 0
9140 0
9140 0
9140 78
9140 0
9140 0
9140 0
9140 1
9140 0
9140 0
9140 0
9140 0
9140 0
9140 0
9140 39
9140 0
9140 0
9140 2
9140 0
9140 0
9140 0
9140 0
9140 0
9140 0
9144 0
9144 0
9144 0
9144 0
9144 0
9144 0
9144 0
9144 0
9144 0
9144 0
9144 328
9144 0
9144 0
9144 0
9144 0
9144 0
9144 0
9144 0
9144 0
9144 0
9144 0
9144 0
9144 0
9144 0
9144 2
9144 0
9144 0
9144 0
9144 0
9144 0
9144 0
9157 0
9157 0
9157 0
9157 0
9157 0
9157 0
9157 0
9157 0
9157 0
9157 0
9157 1584
9157 0
9157 0
9157 0
9157 0
9157 0
9157 0
9157 0
9157 0
9157 0
9157 0
9157 1
9157 0
9157 0
9157 11
9157 0
9157 0
9157 0
9157 0
9157 0
9157 0
9161 0
9161 0
9161 0
9161 0
9161 0
9161 0
9161 0
9161 0
9161 0
9161 0
9161 56
9161 0
9161 0
9161 0
9161 1
9161 0
9161 0
9161 0
9161 0
9161 0
9161 0
9161 31
9161 0
9161 0
9161 2
9161 0
9161 0
9161 0
9161 0
9161 0
9161 0
9167 0
9167 0
9167 0
9167 0
9167 0
9167 0
9167 0
9167 0
9167 0
9167 0
9167 977
9167 0
9167 0
9167 0
9167 5
9167 0
9167 0
9167 0
9167 0
9167 0
9167 0
9167 468
9167 0
9167 0
9167 28
9167 0
9167 0
9167 0
9167 0
9167 0
9167 0
9169 0
9169 0
9169 0
9169 0
9169 0
9169 0
9169 0
9169 0
9169 0
9169 0
9169 55
9169 0
9169 0
9169 0
9169 1
9169 0
9169 0
9169 0
9169 0
9169 0
9169 0
9169 31
9169 0
9169 0
9169 2
9169 0
9169 0
9169 0
9169 0
9169 0
9169 0
9181 0
9181 0
9181 0
9181 0
9181 0
9181 0
9181 0
9181 0
9181 0
9181 0
9181 56
9181 0
9181 0
9181 0
9181 1
9181 0
9181 0
9181 0
9181 0
9181 0
9181 0
9181 31
9181 0
9181 0
9181 2
9181 0
9181 0
9181 0
9181 0
9181 0
9181 0
9188 0
9188 0
9188 0
9188 0
9188 0
9188 0
9188 0
9188 0
9188 0
9188 0
9188 103
9188 0
9188 0
9188 0
9188 1
9188 0
9188 0
9188 0
9188 0
9188 0
9188 0
9188 49
9188 0
9188 0
9188 3
9188 0
9188 0
9188 0
9188 0
9188 0
9188 0
9210 0
9210 0
9210 0
9210 0
9210 0
9210 0
9210 0
9210 0
9210 0
9210 0
9210 39
9210 0
9210 0
9210 0
9210 2
9210 0
9210 0
9210 0
9210 0
9210 0
9210 0
9210 52
9210 0
9210 0
9210 7
9210 0
9210 0
9210 0
9210 0
9210 0
9210 0
9216 0
9216 0
9216 0
9216 0
9216 0
9216 0
9216 0
9216 0
9216 0
9216 0
9216 284
9216 0
9216 0
9216 0
9216 0
9216 0
9216 0
9216 0
9216 0
9216 0
9216 0
9216 94
9216 0
9216 0
9216 8
9216 0
9216 0
9216 0
9216 0
9216 0
9216 0
9229 0
9229 0
9229 0
9229 0
9229 0
9229 0
9229 0
9229 0
9229 0
9229 0
9229 651
9229 0
9229 0
9229 0
9229 3
9229 0
9229 0
9229 0
9229 0
9229 0
9229 0
9229 312
9229 0
9229 0
9229 19
9229 0
9229 0
9229 0
9229 0
9229 0
9229 0
9231 0
9231 0
9231 0
9231 0
9231 0
9231 0
9231 0
9231 0
9231 0
9231 0
9231 73
9231 0
9231 0
9231 0
9231 0
9231 0
9231 0
9231 0
9231 0
9231 0
9231 0
9231 31
9231 0
9231 0
9231 2
9231 0
9231 0
9231 0
9231 0
9231 0
9231 0
9233 0
9233 0
9233 0
9233 0
9233 0
9233 0
9233 0
9233 0
9233 0
9233 0
9233 108
9233 0
9233 0
9233 0
9233 0
9233 0
9233 0
9233 0
9233 0
9233 0
9233 0
9233 1
9233 0
9233 0
9233 1
9233 0
9233 0
9233 0
9233 0
9233 0
9233 0
9243 0
9243 0
9243 0
9243 0
9243 0
9243 0
9243 0
9243 0
9243 0
9243 0
9243 42
9243 0
9243 0
9243 0
9243 0
9243 0
9243 0
9243 0
9243 0
9243 0
9243 0
9243 1
9243 0
9243 0
9243 0
9243 0
9243 0
9243 0
9243 0
9243 0
9243 0
9244 0
9244 0
9244 0
9244 0
9244 0
9244 0
9244 0
9244 0
9244 0
9244 0
9244 40
9244 0
9244 0
9244 0
9244 2
9244 0
9244 0
9244 0
9244 0
9244 0
9244 0
9244 53
9244 0
9244 0
9244 7
9244 0
9244 0
9244 0
9244 0
9244 0
9244 0
9249 0
9249 0
9249 0
9249 0
9249 0
9249 0
9249 0
9249 0
9249 0
9249 0
9249 736
9249 0
9249 0
9249 0
9249 0
9249 0
9249 0
9249 0
9249 0
9249 0
9249 0
9249 0
9249 0
9249 0
9249 0
9249 0
9249 0
9249 0
9249 0
9249 0
9249 0
9254 0
9254 0
9254 0
9254 0
9254 0
9254 0
9254 0
9254 0
9254 0
9254 0
9254 55
9254 0
9254 0
9254 0
9254 1
9254 0
9254 0
9254 0
9254 0
9254 0
9254 0
9254 31
9254 0
9254 0
9254 2
9254 0
9254 0
9254 0
9254 0
9254 0
9254 0
9258 0
9258 0
9258 0
9258 0
9258 0
9258 0
9258 0
9258 0
9258 0
9258 0
9258 55
9258 0
9258 0
9258 0
9258 1
9258 0
9258 0
9258 0
9258 0
9258 0
9258 0
9258 31
9258 0
9258 0
9258 2
9258 0
9258 0
9258 0
9258 0
9258 0
9258 0
9265 0
9265 0
9265 0
9265 0
9265 0
9265 0
9265 0
9265 0
9265 0
9265 0
9265 75
9265 0
9265 0
9265 0
9265 0
9265 0
9265 0
9265 0
9265 0
9265 0
9265 0
9265 1
9265 0
9265 0
9265 0
9265 0
9265 0
9265 0
9265 0
9265 0
9265 0
9268 0
9268 0
9268 0
9268 0
9268 0
9268 0
9268 0
9268 0
9268 0
9268 0
9268 232
9268 0
9268 0
9268 0
9268 0
9268 0
9268 0
9268 0
9268 0
9268 0
9268 0
9268 77
9268 0
9268 0
9268 6
9268 0
9268 0
9268 0
9268 0
9268 0
9268 0
9270 0
9270 0
9270 0
9270 0
9270 0
9270 0
9270 0
9270 0
9270 0
9270 0
9270 40
9270 0
9270 0
9270 0
9270 2
9270 0
9270 0
9270 0
9270 0
9270 0
9270 0
9270 53
9270 0
9270 0
9270 7
9270 0
9270 0
9270 0
9270 0
9270 0
9270 0
9280 0
9280 0
9280 0
9280 0
9280 0
9280 0
9280 0
9280 0
9280 0
9280 0
9280 226
9280 0
9280 0
9280 0
9280 0
9280 0
9280 0
9280 0
9280 0
9280 0
9280 0
9280 0
9280 0
9280 0
9280 0
9280 0
9280 0
9280 0
9280 0
9280 0
9280 0
9285 0
9285 0
9285 0
9285 0
9285 0
9285 0
9285 0
9285 0
9285 0
9285 0
9285 45
9285 0
9285 0
9285 0
9285 0
9285 0
9285 0
9285 0
9285 0
9285 0
9285 0
9285 15
9285 0
9285 0
9285 1
9285 0
9285 0
9285 0
9285 0
9285 0
9285 0
9288 0
9288 0
9288 0
9288 0
9288 0
9288 0
9288 0
9288 0
9288 0
9288 0
9288 960
9288 0
9288 0
9288 0
9288 0
9288 0
9288 0
9288 0
9288 0
9288 0
9288 0
9288 11
9288 0
9288 0
9288 5
9288 0
9288 0
9288 0
9288 0
9288 0
9288 0
9299 0
9299 0
9299 0
9299 0
9299 0
9299 0
9299 0
9299 0
9299 0
9299 0
9299 177
9299 0
9299 0
9299 0
9299 0
9299 0
9299 0
9299 0
9299 0
9299 0
9299 0
9299 26
9299 0
9299 0
9299 2
9299 0
9299 0
9299 0
9299 0
9299 0
9299 0
9307 0
9307 0
9307 0
9307 0
9307 0
9307 0
9307 0
9307 0
9307 0
9307 0
9307 60
9307 0
9307 0
9307 0
9307 0
9307 0
9307 0
9307 0
9307 0
9307 0
9307 0
9307 1
9307 0
9307 0
9307 0
9307 0
9307 0
9307 0
9307 0
9307 0
9307 0
9313 0
9313 0
9313 0
9313 0
9313 0
9313 0
9313 0
9313 0
9313 0
9313 0
9313 101
9313 0
9313 0
9313 0
9313 1
9313 0
9313 0
9313 0
9313 0
9313 0
9313 0
9313 48
9313 0
9313 0
9313 3
9313 0
9313 0
9313 0
9313 0
9313 0
9313 0
9328 0
9328 0
9328 0
9328 0
9328 0
9328 0
9328 0
9328 0
9328 0
9328 0
9328 350
9328 0
9328 0
9328 0
9328 8
9328 0
9328 0
9328 0
9328 0
9328 0
9328 0
9328 114
9328 0
9328 0
9328 11
9328 0
9328 0
9328 0
9328 0
9328 0
9328 0
9333 0
9333 0
9333 0
9333 0
9333 0
9333 0
9333 0
9333 0
9333 0
9333 0
9333 79
9333 0
9333 0
9333 0
9333 0
9333 0
9333 0
9333 0
9333 0
9333 0
9333 0
9333 3
9333 0
9333 0
9333 0
9333 0
9333 0
9333 0
9333 0
9333 0
9333 0
9336 0
9336 0
9336 0
9336 0
9336 0
9336 0
9336 0
9336 0
9336 0
9336 0
9336 156
9336 0
9336 0
9336 0
9336 0
9336 0
9336 0
9336 0
9336 0
9336 0
9336 0
9336 4
9336 0
9336 0
9336 1
9336 0
9336 0
9336 0
9336 0
9336 0
9336 0
9340 0
9340 0
9340 0
9340 0
9340 0
9340 0
9340 0
9340 0
9340 0
9340 0
9340 68
9340 0
9340 0
9340 0
9340 0
9340 0
9340 0
9340 0
9340 0
9340 0
9340 0
9340 23
9340 0
9340 0
9340 2
9340 0
9340 0
9340 0
9340 0
9340 0
9340 0
9345 0
9345 0
9345 0
9345 0
9345 0
9345 0
9345 0
9345 0
9345 0
9345 0
9345 1993
9345 0
9345 0
9345 0
9345 47
9345 0
9345 0
9345 0
9345 0
9345 0
9345 0
9345 650
9345 0
9345 0
9345 65
9345 0
9345 0
9345 0
9345 0
9345 0
9345 0
9354 0
9354 0
9354 0
9354 0
9354 0
9354 0
9354 0
9354 0
9354 0
9354 0
9354 41
9354 0
9354 0
9354 0
9354 0
9354 0
9354 0
9354 0
9354 0
9354 0
9354 0
9354 1
9354 0
9354 0
9354 0
9354 0
9354 0
9354 0
9354 0
9354 0
9354 0
9369 0
9369 0
9369 0
9369 0
9369 0
9369 0
9369 0
9369 0
9369 0
9369 0
9369 154
9369 0
9369 0
9369 0
9369 1
9369 0
9369 0
9369 0
9369 0
9369 0
9369 0
9369 74
9369 0
9369 0
9369 4
9369 0
9369 0
9369 0
9369 0
9369 0
9369 0
9370 0
9370 0
9370 0
9370 0
9370 0
9370 0
9370 0
9370 0
9370 0
9370 0
9370 156
9370 0
9370 0
9370 0
9370 0
9370 0
9370 0
9370 0
9370 0
9370 0
9370 0
9370 4
9370 0
9370 0
9370 1
9370 0
9370 0
9370 0
9370 0
9370 0
9370 0
9371 0
9371 0
9371 0
9371 0
9371 0
9371 0
9371 0
9371 0
9371 0
9371 0
9371 97
9371 0
9371 0
9371 0
9371 0
9371 0
9371 0
9371 0
9371 0
9371 0
9371 0
9371 3
9371 0
9371 0
9371 0
9371 0
9371 0
9371 0
9371 0
9371 0
9371 0
9375 0
9375 0
9375 0
9375 0
9375 0
9375 0
9375 0
9375 0
9375 0
9375 0
9375 1661
9375 0
9375 0
9375 0
9375 39
9375 0
9375 0
9375 0
9375 0
9375 0
9375 0
9375 542
9375 0
9375 0
9375 54
9375 0
9375 0
9375 0
9375 0
9375 0
9375 0
9378 0
9378 0
9378 0
9378 947
9378 0
9378 0
9378 0
9378 0
9378 0
9378 0
9378 0
9378 0
9378 0
9378 0
9378 0
9378 0
9378 0
9378 0
9378 0
9378 0
9378 0
9378 0
9378 0
9378 0
9378 0
9378 0
9378 0
9378 0
9378 0
9378 0
9378 0
9395 0
9395 0
9395 0
9395 0
9395 0
9395 0
9395 0
9395 0
9395 0
9395 0
9395 44
9395 0
9395 0
9395 0
9395 0
9395 0
9395 0
9395 0
9395 0
9395 0
9395 0
9395 15
9395 0
9395 0
9395 1
9395 0
9395 0
9395 0
9395 0
9395 0
9395 0
9397 0
9397 0
9397 0
9397 0
9397 0
9397 0
9397 0
9397 0
9397 0
9397 0
9397 55
9397 0
9397 0
9397 0
9397 1
9397 0
9397 0
9397 0
9397 0
9397 0
9397 0
9397 31
9397 0
9397 0
9397 2
9397 0
9397 0
9397 0
9397 0
9397 0
9397 0
9410 0
9410 0
9410 0
9410 0
9410 0
9410 0
9410 0
9410 0
9410 0
9410 0
9410 44
9410 0
9410 0
9410 0
9410 0
9410 0
9410 0
9410 0
9410 0
9410 0
9410 0
9410 15
9410 0
9410 0
9410 1
9410 0
9410 0
9410 0
9410 0
9410 0
9410 0
9412 0
9412 0
9412 0
9412 0
9412 0
9412 0
9412 0
9412 0
9412 0
9412 0
9412 411
9412 0
9412 0
9412 0
9412 0
9412 0
9412 0
9412 0
9412 0
9412 0
9412 0
9412 207
9412 0
9412 0
9412 21
9412 0
9412 0
9412 0
9412 0
9412 0
9412 0
9493 0
9493 0
9493 0
9493 0
9493 0
9493 0
9493 0
9493 0
9493 0
9493 0
9493 55
9493 0
9493 0
9493 0
9493 0
9493 0
9493 0
9493 0
9493 0
9493 0
9493 0
9493 3
9493 0
9493 0
9493 0
9493 0
9493 0
9493 0
9493 0
9493 0
9493 0
9526 0
9526 0
9526 0
9526 0
9526 0
9526 0
9526 0
9526 0
9526 0
9526 0
9526 42
9526 0
9526 0
9526 0
9526 0
9526 0
9526 0
9526 0
9526 0
9526 0
9526 0
9526 1
9526 0
9526 0
9526 0
9526 0
9526 0
9526 0
9526 0
9526 0
9526 0
9530 0
9530 0
9530 0
9530 259
9530 0
9530 0
9530 0
9530 0
9530 0
9530 0
9530 0
9530 0
9530 0
9530 0
9530 0
9530 0
9530 0
9530 0
9530 0
9530 0
9530 0
9530 0
9530 0
9530 0
9530 0
9530 0
9530 0
9530 0
9530 0
9530 0
9530 0
9574 0
9574 0
9574 0
9574 2842
9574 0
9574 0
9574 0
9574 0
9574 0
9574 0
9574 0
9574 0
9574 0
9574 0
9574 0
9574 0
9574 0
9574 0
9574 0
9574 0
9574 0
9574 0
9574 0
9574 0
9574 0
9574 0
9574 0
9574 0
9574 0
9574 0
9574 0
9630 0
9630 0
9630 0
9630 259
9630 0
9630 0
9630 0
9630 0
9630 0
9630 0
9630 0
9630 0
9630 0
9630 0
9630 0
9630 0
9630 0
9630 0
9630 0
9630 0
9630 0
9630 0
9630 0
9630 0
9630 0
9630 0
9630 0
9630 0
9630 0
9630 0
9630 0
9682 0
9682 0
9682 0
9682 0
9682 0
9682 0
9682 0
9682 0
9682 0
9682 0
9682 54
9682 0
9682 0
9682 0
9682 0
9682 0
9682 0
9682 0
9682 0
9682 0
9682 0
9682 3
9682 0
9682 0
9682 0
9682 0
9682 0
9682 0
9682 0
9682 0
9682 0
9741 0
9741 0
9741 0
9741 0
9741 0
9741 0
9741 0
9741 0
9741 0
9741 0
9741 41
9741 0
9741 0
9741 0
9741 0
9741 0
9741 0
9741 0
9741 0
9741 0
9741 0
9741 1
9741 0
9741 0
9741 0
9741 0
9741 0
9741 0
9741 0
9741 0
9741 0
9950 0
9950 0
9950 0
9950 0
9950 0
9950 0
9950 0
9950 0
9950 0
9950 0
9950 54
9950 0
9950 0
9950 0
9950 0
9950 0
9950 0
9950 0
9950 0
9950 0
9950 0
9950 3
9950 0
9950 0
9950 0
9950 0
9950 0
9950 0
9950 0
9950 0
9950 0
10492 0
10492 0
10492 0
10492 0
10492 0
10492 0
10492 0
10492 0
10492 0
10492 0
10492 210
10492 0
10492 0
10492 0
10492 0
10492 0
10492 0
10492 0
10492 0
10492 0
10492 0
10492 10
10492 0
10492 0
10492 0
10492 0
10492 0
10492 0
10492 0
10492 0
10492 0
10883 0
10883 0
10883 0
10883 0
10883 0
10883 0
10883 0
10883 0
10883 0
10883 0
10883 0
10883 71
10883 0
10883 0
10883 0
10883 0
10883 0
10883 0
10883 0
10883 0
10883 0
10883 0
10883 0
10883 0
10883 0
10883 0
10883 0
10883 0
10883 0
10883 0
10883 0
10892 0
10892 0
10892 0
10892 0
10892 0
10892 0
10892 0
10892 0
10892 0
10892 0
10892 0
10892 61
10892 0
10892 0
10892 0
10892 0
10892 0
10892 0
10892 0
10892 0
10892 0
10892 0
10892 0
10892 0
10892 0
10892 0
10892 0
10892 0
10892 0
10892 0
10892 0
10897 0
10897 0
10897 0
10897 0
10897 0
10897 0
10897 0
10897 0
10897 0
10897 0
10897 0
10897 87
10897 0
10897 0
10897 0
10897 0
10897 0
10897 0
10897 0
10897 0
10897 0
10897 0
10897 0
10897 0
10897 0
10897 0
10897 0
10897 0
10897 0
10897 0
10897 0
10909 0
10909 0
10909 0
10909 0
10909 0
10909 0
10909 0
10909 0
10909 0
10909 0
10909 0
10909 133
10909 0
10909 0
10909 0
10909 0
10909 0
10909 0
10909 0
10909 0
10909 0
10909 0
10909 0
10909 0
10909 0
10909 0
10909 0
10909 0
10909 0
10909 0
10909 0
10920 0
10920 0
10920 0
10920 0
10920 0
10920 0
10920 0
10920 0
10920 0
10920 0
10920 0
10920 113
10920 0
10920 0
10920 0
10920 0
10920 0
10920 0
10920 0
10920 0
10920 0
10920 0
10920 0
10920 0
10920 0
10920 0
10920 0
10920 0
10920 0
10920 0
10920 0
10926 0
10926 0
10926 0
10926 0
10926 0
10926 0
10926 0
10926 0
10926 0
10926 0
10926 0
10926 94
10926 0
10926 0
10926 0
10926 0
10926 0
10926 0
10926 0
10926 0
10926 0
10926 0
10926 0
10926 0
10926 0
10926 0
10926 0
10926 0
10926 0
10926 0
10926 0
10955 0
10955 0
10955 0
10955 0
10955 0
10955 0
10955 0
10955 0
10955 0
10955 0
10955 0
10955 98
10955 0
10955 0
10955 0
10955 0
10955 0
10955 0
10955 0
10955 0
10955 0
10955 0
10955 0
10955 0
10955 0
10955 0
10955 0
10955 0
10955 0
10955 0
10955 0
10963 0
10963 0
10963 0
10963 0
10963 0
10963 0
10963 0
10963 0
10963 0
10963 0
10963 0
10963 126
10963 0
10963 0
10963 0
10963 0
10963 0
10963 0
10963 0
10963 0
10963 0
10963 0
10963 0
10963 0
10963 0
10963 0
10963 0
10963 0
10963 0
10963 0
10963 0
