pt_graph cpue_kghour
8711 0
8711 0
8711 0
8711 0
8711 0
8711 0
8711 0
8711 0
8711 0
8711 0
8711 108
8711 0
8711 0
8711 0
8711 0
8711 0
8711 0
8711 0
8711 0
8711 0
8711 0
8711 141
8711 0
8711 0
8711 0
8711 0
8711 0
8711 0
8711 0
8711 0
8711 0
8796 0
8796 0
8796 0
8796 416
8796 0
8796 0
8796 0
8796 0
8796 0
8796 0
8796 0
8796 0
8796 0
8796 0
8796 0
8796 0
8796 0
8796 0
8796 0
8796 0
8796 0
8796 0
8796 0
8796 0
8796 0
8796 0
8796 0
8796 0
8796 0
8796 0
8796 0
8815 0
8815 0
8815 0
8815 368
8815 0
8815 0
8815 0
8815 0
8815 0
8815 0
8815 0
8815 0
8815 0
8815 0
8815 0
8815 0
8815 0
8815 0
8815 0
8815 0
8815 0
8815 0
8815 0
8815 0
8815 0
8815 0
8815 0
8815 0
8815 0
8815 0
8815 0
8836 0
8836 0
8836 0
8836 0
8836 0
8836 0
8836 0
8836 0
8836 0
8836 0
8836 60
8836 0
8836 0
8836 0
8836 0
8836 0
8836 0
8836 0
8836 0
8836 0
8836 0
8836 56
8836 0
8836 0
8836 4
8836 0
8836 0
8836 0
8836 0
8836 0
8836 0
8855 0
8855 0
8855 0
8855 1118
8855 0
8855 0
8855 0
8855 0
8855 0
8855 0
8855 0
8855 0
8855 0
8855 0
8855 0
8855 0
8855 0
8855 0
8855 0
8855 0
8855 0
8855 0
8855 0
8855 0
8855 0
8855 0
8855 0
8855 0
8855 0
8855 0
8855 0
8860 0
8860 0
8860 0
8860 0
8860 0
8860 0
8860 0
8860 0
8860 0
8860 0
8860 32
8860 0
8860 0
8860 0
8860 0
8860 0
8860 0
8860 0
8860 0
8860 0
8860 0
8860 189
8860 0
8860 0
8860 0
8860 0
8860 0
8860 0
8860 0
8860 0
8860 0
8871 0
8871 0
8871 0
8871 3379
8871 0
8871 0
8871 0
8871 0
8871 0
8871 0
8871 0
8871 0
8871 0
8871 0
8871 0
8871 0
8871 0
8871 0
8871 0
8871 0
8871 0
8871 0
8871 0
8871 0
8871 0
8871 0
8871 0
8871 0
8871 0
8871 0
8871 0
8873 0
8873 0
8873 0
8873 88
8873 0
8873 0
8873 0
8873 0
8873 0
8873 0
8873 0
8873 0
8873 0
8873 0
8873 0
8873 0
8873 0
8873 0
8873 0
8873 0
8873 0
8873 0
8873 0
8873 0
8873 0
8873 0
8873 0
8873 0
8873 0
8873 0
8873 0
8889 0
8889 0
8889 0
8889 197
8889 0
8889 0
8889 0
8889 0
8889 0
8889 0
8889 0
8889 0
8889 0
8889 0
8889 0
8889 0
8889 0
8889 0
8889 0
8889 0
8889 0
8889 0
8889 0
8889 0
8889 0
8889 0
8889 0
8889 0
8889 0
8889 0
8889 0
8896 0
8896 0
8896 0
8896 362
8896 0
8896 0
8896 0
8896 0
8896 0
8896 0
8896 0
8896 0
8896 0
8896 0
8896 0
8896 0
8896 0
8896 0
8896 0
8896 0
8896 0
8896 0
8896 0
8896 0
8896 0
8896 0
8896 0
8896 0
8896 0
8896 0
8896 0
8902 0
8902 0
8902 0
8902 908
8902 0
8902 0
8902 0
8902 0
8902 0
8902 0
8902 0
8902 0
8902 0
8902 0
8902 0
8902 0
8902 0
8902 0
8902 0
8902 0
8902 0
8902 0
8902 0
8902 0
8902 0
8902 0
8902 0
8902 0
8902 0
8902 0
8902 0
8909 0
8909 0
8909 0
8909 0
8909 0
8909 0
8909 0
8909 0
8909 0
8909 0
8909 32
8909 0
8909 0
8909 0
8909 0
8909 0
8909 0
8909 0
8909 0
8909 0
8909 0
8909 189
8909 0
8909 0
8909 0
8909 0
8909 0
8909 0
8909 0
8909 0
8909 0
8923 0
8923 0
8923 0
8923 0
8923 0
8923 0
8923 0
8923 0
8923 0
8923 0
8923 195
8923 0
8923 0
8923 0
8923 0
8923 0
8923 0
8923 0
8923 0
8923 0
8923 0
8923 83
8923 0
8923 0
8923 80
8923 0
8923 0
8923 0
8923 0
8923 0
8923 0
8931 0
8931 0
8931 0
8931 1043
8931 0
8931 0
8931 0
8931 0
8931 0
8931 0
8931 0
8931 0
8931 0
8931 0
8931 0
8931 0
8931 0
8931 0
8931 0
8931 0
8931 0
8931 0
8931 0
8931 0
8931 0
8931 0
8931 0
8931 0
8931 0
8931 0
8931 0
8933 0
8933 0
8933 0
8933 0
8933 0
8933 0
8933 0
8933 0
8933 0
8933 0
8933 21
8933 0
8933 0
8933 0
8933 0
8933 0
8933 0
8933 0
8933 0
8933 0
8933 0
8933 9
8933 0
8933 0
8933 8
8933 0
8933 0
8933 0
8933 0
8933 0
8933 0
8941 0
8941 0
8941 0
8941 86
8941 0
8941 0
8941 0
8941 0
8941 0
8941 0
8941 0
8941 0
8941 0
8941 0
8941 0
8941 0
8941 0
8941 0
8941 0
8941 0
8941 0
8941 0
8941 0
8941 0
8941 0
8941 0
8941 0
8941 0
8941 0
8941 0
8941 0
8943 0
8943 0
8943 0
8943 403
8943 0
8943 0
8943 0
8943 0
8943 0
8943 0
8943 0
8943 0
8943 0
8943 0
8943 0
8943 0
8943 0
8943 0
8943 0
8943 0
8943 0
8943 0
8943 0
8943 0
8943 0
8943 0
8943 0
8943 0
8943 0
8943 0
8943 0
8963 0
8963 0
8963 0
8963 0
8963 0
8963 0
8963 0
8963 0
8963 0
8963 0
8963 41
8963 0
8963 0
8963 0
8963 0
8963 0
8963 0
8963 0
8963 0
8963 0
8963 0
8963 8
8963 0
8963 0
8963 14
8963 0
8963 0
8963 0
8963 0
8963 0
8963 0
8965 0
8965 0
8965 0
8965 532
8965 0
8965 0
8965 0
8965 0
8965 0
8965 0
8965 0
8965 0
8965 0
8965 0
8965 0
8965 0
8965 0
8965 0
8965 0
8965 0
8965 0
8965 0
8965 0
8965 0
8965 0
8965 0
8965 0
8965 0
8965 0
8965 0
8965 0
8977 0
8977 0
8977 0
8977 400
8977 0
8977 0
8977 0
8977 0
8977 0
8977 0
8977 0
8977 0
8977 0
8977 0
8977 0
8977 0
8977 0
8977 0
8977 0
8977 0
8977 0
8977 0
8977 0
8977 0
8977 0
8977 0
8977 0
8977 0
8977 0
8977 0
8977 0
8979 0
8979 0
8979 0
8979 379
8979 0
8979 0
8979 0
8979 0
8979 0
8979 0
8979 0
8979 0
8979 0
8979 0
8979 0
8979 0
8979 0
8979 0
8979 0
8979 0
8979 0
8979 0
8979 0
8979 0
8979 0
8979 0
8979 0
8979 0
8979 0
8979 0
8979 0
8996 0
8996 0
8996 0
8996 469
8996 0
8996 0
8996 0
8996 0
8996 0
8996 0
8996 0
8996 0
8996 0
8996 0
8996 0
8996 0
8996 0
8996 0
8996 0
8996 0
8996 0
8996 0
8996 0
8996 0
8996 0
8996 0
8996 0
8996 0
8996 0
8996 0
8996 0
9011 0
9011 0
9011 0
9011 1034
9011 0
9011 0
9011 0
9011 0
9011 0
9011 0
9011 0
9011 0
9011 0
9011 0
9011 0
9011 0
9011 0
9011 0
9011 0
9011 0
9011 0
9011 0
9011 0
9011 0
9011 0
9011 0
9011 0
9011 0
9011 0
9011 0
9011 0
9034 0
9034 0
9034 0
9034 879
9034 0
9034 0
9034 0
9034 0
9034 0
9034 0
9034 0
9034 0
9034 0
9034 0
9034 0
9034 0
9034 0
9034 0
9034 0
9034 0
9034 0
9034 0
9034 0
9034 0
9034 0
9034 0
9034 0
9034 0
9034 0
9034 0
9034 0
9067 0
9067 0
9067 0
9067 1422
9067 0
9067 0
9067 0
9067 0
9067 0
9067 0
9067 0
9067 0
9067 0
9067 0
9067 0
9067 0
9067 0
9067 0
9067 0
9067 0
9067 0
9067 0
9067 0
9067 0
9067 0
9067 0
9067 0
9067 0
9067 0
9067 0
9067 0
9094 0
9094 0
9094 0
9094 559
9094 0
9094 0
9094 0
9094 0
9094 0
9094 0
9094 0
9094 0
9094 0
9094 0
9094 0
9094 0
9094 0
9094 0
9094 0
9094 0
9094 0
9094 0
9094 0
9094 0
9094 0
9094 0
9094 0
9094 0
9094 0
9094 0
9094 0
9124 0
9124 0
9124 0
9124 194
9124 0
9124 0
9124 0
9124 0
9124 0
9124 0
9124 0
9124 0
9124 0
9124 0
9124 0
9124 0
9124 0
9124 0
9124 0
9124 0
9124 0
9124 0
9124 0
9124 0
9124 0
9124 0
9124 0
9124 0
9124 0
9124 0
9124 0
9144 0
9144 0
9144 0
9144 0
9144 0
9144 0
9144 0
9144 0
9144 0
9144 0
9144 42
9144 0
9144 0
9144 0
9144 0
9144 0
9144 0
9144 0
9144 0
9144 0
9144 0
9144 8
9144 0
9144 0
9144 14
9144 0
9144 0
9144 0
9144 0
9144 0
9144 0
9162 0
9162 0
9162 0
9162 983
9162 0
9162 0
9162 0
9162 0
9162 0
9162 0
9162 0
9162 0
9162 0
9162 0
9162 0
9162 0
9162 0
9162 0
9162 0
9162 0
9162 0
9162 0
9162 0
9162 0
9162 0
9162 0
9162 0
9162 0
9162 0
9162 0
9162 0
9170 0
9170 0
9170 0
9170 379
9170 0
9170 0
9170 0
9170 0
9170 0
9170 0
9170 0
9170 0
9170 0
9170 0
9170 0
9170 0
9170 0
9170 0
9170 0
9170 0
9170 0
9170 0
9170 0
9170 0
9170 0
9170 0
9170 0
9170 0
9170 0
9170 0
9170 0
9188 0
9188 0
9188 0
9188 62
9188 0
9188 0
9188 0
9188 0
9188 0
9188 0
9188 0
9188 0
9188 0
9188 0
9188 0
9188 0
9188 0
9188 0
9188 0
9188 0
9188 0
9188 0
9188 0
9188 0
9188 0
9188 0
9188 0
9188 0
9188 0
9188 0
9188 0
9196 0
9196 0
9196 0
9196 879
9196 0
9196 0
9196 0
9196 0
9196 0
9196 0
9196 0
9196 0
9196 0
9196 0
9196 0
9196 0
9196 0
9196 0
9196 0
9196 0
9196 0
9196 0
9196 0
9196 0
9196 0
9196 0
9196 0
9196 0
9196 0
9196 0
9196 0
9208 0
9208 0
9208 0
9208 1053
9208 0
9208 0
9208 0
9208 0
9208 0
9208 0
9208 0
9208 0
9208 0
9208 0
9208 0
9208 0
9208 0
9208 0
9208 0
9208 0
9208 0
9208 0
9208 0
9208 0
9208 0
9208 0
9208 0
9208 0
9208 0
9208 0
9208 0
9225 0
9225 0
9225 0
9225 194
9225 0
9225 0
9225 0
9225 0
9225 0
9225 0
9225 0
9225 0
9225 0
9225 0
9225 0
9225 0
9225 0
9225 0
9225 0
9225 0
9225 0
9225 0
9225 0
9225 0
9225 0
9225 0
9225 0
9225 0
9225 0
9225 0
9225 0
9243 0
9243 0
9243 0
9243 0
9243 0
9243 0
9243 0
9243 0
9243 0
9243 0
9243 298
9243 0
9243 0
9243 0
9243 0
9243 0
9243 0
9243 0
9243 0
9243 0
9243 0
9243 59
9243 0
9243 0
9243 102
9243 0
9243 0
9243 0
9243 0
9243 0
9243 0
