pt_graph cpue_kghour
8004 0
8004 0
8004 0
8004 12097
8004 0
8004 0
8004 0
8004 242
8004 0
8004 0
8004 36
8004 0
8004 0
8004 0
8004 0
8004 0
8004 0
8004 0
8004 0
8004 0
8004 0
8004 0
8004 0
8004 0
8004 0
8004 0
8004 0
8004 0
8004 0
8004 0
8004 0
8112 0
8112 0
8112 0
8112 13636
8112 0
8112 0
8112 0
8112 273
8112 0
8112 0
8112 41
8112 0
8112 0
8112 0
8112 0
8112 0
8112 0
8112 0
8112 0
8112 0
8112 0
8112 0
8112 0
8112 0
8112 0
8112 0
8112 0
8112 0
8112 0
8112 0
8112 0
8123 0
8123 0
8123 0
8123 9812
8123 0
8123 0
8123 0
8123 125
8123 0
8123 0
8123 19
8123 0
8123 0
8123 0
8123 0
8123 0
8123 0
8123 0
8123 0
8123 0
8123 0
8123 0
8123 0
8123 0
8123 0
8123 0
8123 0
8123 0
8123 0
8123 0
8123 0
8149 0
8149 0
8149 0
8149 13790
8149 0
8149 0
8149 0
8149 0
8149 0
8149 0
8149 0
8149 0
8149 0
8149 0
8149 0
8149 0
8149 0
8149 0
8149 0
8149 0
8149 0
8149 0
8149 0
8149 0
8149 0
8149 0
8149 0
8149 0
8149 0
8149 0
8149 0
8198 0
8198 0
8198 0
8198 9652
8198 0
8198 0
8198 0
8198 123
8198 0
8198 0
8198 18
8198 0
8198 0
8198 0
8198 0
8198 0
8198 0
8198 0
8198 0
8198 0
8198 0
8198 0
8198 0
8198 0
8198 0
8198 0
8198 0
8198 0
8198 0
8198 0
8198 0
8235 0
8235 0
8235 0
8235 7371
8235 0
8235 0
8235 0
8235 0
8235 0
8235 0
8235 0
8235 0
8235 0
8235 0
8235 0
8235 0
8235 0
8235 0
8235 0
8235 0
8235 0
8235 0
8235 0
8235 0
8235 0
8235 0
8235 0
8235 0
8235 0
8235 0
8235 0
8261 0
8261 0
8261 0
8261 7125
8261 0
8261 0
8261 0
8261 0
8261 0
8261 0
8261 0
8261 0
8261 0
8261 0
8261 0
8261 0
8261 0
8261 0
8261 0
8261 0
8261 0
8261 0
8261 0
8261 0
8261 0
8261 0
8261 0
8261 0
8261 0
8261 0
8261 0
8284 0
8284 0
8284 0
8284 12500
8284 0
8284 0
8284 0
8284 250
8284 0
8284 0
8284 38
8284 0
8284 0
8284 0
8284 0
8284 0
8284 0
8284 0
8284 0
8284 0
8284 0
8284 0
8284 0
8284 0
8284 0
8284 0
8284 0
8284 0
8284 0
8284 0
8284 0
8378 0
8378 0
8378 0
8378 12097
8378 0
8378 0
8378 0
8378 242
8378 0
8378 0
8378 36
8378 0
8378 0
8378 0
8378 0
8378 0
8378 0
8378 0
8378 0
8378 0
8378 0
8378 0
8378 0
8378 0
8378 0
8378 0
8378 0
8378 0
8378 0
8378 0
8378 0
8409 0
8409 0
8409 0
8409 13393
8409 0
8409 0
8409 0
8409 268
8409 0
8409 0
8409 40
8409 0
8409 0
8409 0
8409 0
8409 0
8409 0
8409 0
8409 0
8409 0
8409 0
8409 0
8409 0
8409 0
8409 0
8409 0
8409 0
8409 0
8409 0
8409 0
8409 0
8443 0
8443 0
8443 0
8443 3400
8443 0
8443 0
8443 0
8443 100
8443 0
8443 0
8443 60
8443 0
8443 0
8443 0
8443 10
8443 0
8443 0
8443 0
8443 0
8443 0
8443 0
8443 0
8443 0
8443 0
8443 0
8443 0
8443 0
8443 0
8443 0
8443 0
8443 0
8470 0
8470 0
8470 0
8470 3290
8470 0
8470 0
8470 0
8470 97
8470 0
8470 0
8470 58
8470 0
8470 0
8470 0
8470 10
8470 0
8470 0
8470 0
8470 0
8470 0
8470 0
8470 0
8470 0
8470 0
8470 0
8470 0
8470 0
8470 0
8470 0
8470 0
8470 0
8475 0
8475 0
8475 0
8475 3400
8475 0
8475 0
8475 0
8475 100
8475 0
8475 0
8475 60
8475 0
8475 0
8475 0
8475 10
8475 0
8475 0
8475 0
8475 0
8475 0
8475 0
8475 0
8475 0
8475 0
8475 0
8475 0
8475 0
8475 0
8475 0
8475 0
8475 0
8499 0
8499 0
8499 0
8499 3400
8499 0
8499 0
8499 0
8499 100
8499 0
8499 0
8499 60
8499 0
8499 0
8499 0
8499 10
8499 0
8499 0
8499 0
8499 0
8499 0
8499 0
8499 0
8499 0
8499 0
8499 0
8499 0
8499 0
8499 0
8499 0
8499 0
8499 0
8500 0
8500 0
8500 0
8500 7846
8500 0
8500 0
8500 0
8500 231
8500 0
8500 0
8500 138
8500 0
8500 0
8500 0
8500 23
8500 0
8500 0
8500 0
8500 0
8500 0
8500 0
8500 0
8500 0
8500 0
8500 0
8500 0
8500 0
8500 0
8500 0
8500 0
8500 0
8512 0
8512 0
8512 0
8512 3290
8512 0
8512 0
8512 0
8512 97
8512 0
8512 0
8512 58
8512 0
8512 0
8512 0
8512 10
8512 0
8512 0
8512 0
8512 0
8512 0
8512 0
8512 0
8512 0
8512 0
8512 0
8512 0
8512 0
8512 0
8512 0
8512 0
8512 0
8569 0
8569 0
8569 0
8569 3400
8569 0
8569 0
8569 0
8569 100
8569 0
8569 0
8569 60
8569 0
8569 0
8569 0
8569 10
8569 0
8569 0
8569 0
8569 0
8569 0
8569 0
8569 0
8569 0
8569 0
8569 0
8569 0
8569 0
8569 0
8569 0
8569 0
8569 0
8573 0
8573 0
8573 0
8573 3517
8573 0
8573 0
8573 0
8573 103
8573 0
8573 0
8573 62
8573 0
8573 0
8573 0
8573 10
8573 0
8573 0
8573 0
8573 0
8573 0
8573 0
8573 0
8573 0
8573 0
8573 0
8573 0
8573 0
8573 0
8573 0
8573 0
8573 0
8579 0
8579 0
8579 0
8579 4250
8579 0
8579 0
8579 0
8579 125
8579 0
8579 0
8579 75
8579 0
8579 0
8579 0
8579 12
8579 0
8579 0
8579 0
8579 0
8579 0
8579 0
8579 0
8579 0
8579 0
8579 0
8579 0
8579 0
8579 0
8579 0
8579 0
8579 0
8599 0
8599 0
8599 0
8599 6000
8599 0
8599 0
8599 0
8599 0
8599 0
8599 0
8599 0
8599 0
8599 0
8599 0
8599 0
8599 0
8599 0
8599 0
8599 0
8599 0
8599 0
8599 0
8599 0
8599 0
8599 0
8599 0
8599 0
8599 0
8599 0
8599 0
8599 0
8667 0
8667 0
8667 0
8667 6000
8667 0
8667 0
8667 0
8667 0
8667 0
8667 0
8667 0
8667 0
8667 0
8667 0
8667 0
8667 0
8667 0
8667 0
8667 0
8667 0
8667 0
8667 0
8667 0
8667 0
8667 0
8667 0
8667 0
8667 0
8667 0
8667 0
8667 0
8676 0
8676 0
8676 0
8676 5806
8676 0
8676 0
8676 0
8676 0
8676 0
8676 0
8676 0
8676 0
8676 0
8676 0
8676 0
8676 0
8676 0
8676 0
8676 0
8676 0
8676 0
8676 0
8676 0
8676 0
8676 0
8676 0
8676 0
8676 0
8676 0
8676 0
8676 0
8766 0
8766 0
8766 0
8766 5806
8766 0
8766 0
8766 0
8766 0
8766 0
8766 0
8766 0
8766 0
8766 0
8766 0
8766 0
8766 0
8766 0
8766 0
8766 0
8766 0
8766 0
8766 0
8766 0
8766 0
8766 0
8766 0
8766 0
8766 0
8766 0
8766 0
8766 0
8770 0
8770 0
8770 0
8770 10000
8770 0
8770 0
8770 0
8770 0
8770 0
8770 0
8770 0
8770 0
8770 0
8770 0
8770 0
8770 0
8770 0
8770 0
8770 0
8770 0
8770 0
8770 0
8770 0
8770 0
8770 0
8770 0
8770 0
8770 0
8770 0
8770 0
8770 0
8827 0
8827 0
8827 0
8827 4590
8827 0
8827 0
8827 0
8827 219
8827 0
8827 0
8827 0
8827 0
8827 0
8827 0
8827 0
8827 0
8827 0
8827 0
8827 0
8827 0
8827 0
8827 0
8827 0
8827 0
8827 0
8827 0
8827 0
8827 0
8827 0
8827 0
8827 0
8837 0
8837 0
8837 0
8837 10000
8837 0
8837 0
8837 0
8837 0
8837 0
8837 0
8837 0
8837 0
8837 0
8837 0
8837 0
8837 0
8837 0
8837 0
8837 0
8837 0
8837 0
8837 0
8837 0
8837 0
8837 0
8837 0
8837 0
8837 0
8837 0
8837 0
8837 0
8849 0
8849 0
8849 0
8849 10000
8849 0
8849 0
8849 0
8849 0
8849 0
8849 0
8849 0
8849 0
8849 0
8849 0
8849 0
8849 0
8849 0
8849 0
8849 0
8849 0
8849 0
8849 0
8849 0
8849 0
8849 0
8849 0
8849 0
8849 0
8849 0
8849 0
8849 0
8874 0
8874 0
8874 0
8874 17500
8874 0
8874 0
8874 0
8874 833
8874 0
8874 0
8874 0
8874 0
8874 0
8874 0
8874 0
8874 0
8874 0
8874 0
8874 0
8874 0
8874 0
8874 0
8874 0
8874 0
8874 0
8874 0
8874 0
8874 0
8874 0
8874 0
8874 0
8905 0
8905 0
8905 0
8905 9677
8905 0
8905 0
8905 0
8905 0
8905 0
8905 0
8905 0
8905 0
8905 0
8905 0
8905 0
8905 0
8905 0
8905 0
8905 0
8905 0
8905 0
8905 0
8905 0
8905 0
8905 0
8905 0
8905 0
8905 0
8905 0
8905 0
8905 0
8951 0
8951 0
8951 0
8951 4667
8951 0
8951 0
8951 0
8951 222
8951 0
8951 0
8951 0
8951 0
8951 0
8951 0
8951 0
8951 0
8951 0
8951 0
8951 0
8951 0
8951 0
8951 0
8951 0
8951 0
8951 0
8951 0
8951 0
8951 0
8951 0
8951 0
8951 0
8961 0
8961 0
8961 0
8961 6364
8961 0
8961 0
8961 0
8961 303
8961 0
8961 0
8961 0
8961 0
8961 0
8961 0
8961 0
8961 0
8961 0
8961 0
8961 0
8961 0
8961 0
8961 0
8961 0
8961 0
8961 0
8961 0
8961 0
8961 0
8961 0
8961 0
8961 0
8966 0
8966 0
8966 0
8966 3710
8966 0
8966 0
8966 0
8966 0
8966 0
8966 0
8966 0
8966 0
8966 0
8966 0
8966 0
8966 0
8966 0
8966 0
8966 0
8966 0
8966 0
8966 0
8966 0
8966 0
8966 0
8966 0
8966 0
8966 0
8966 0
8966 0
8966 0
8995 0
8995 0
8995 0
8995 5600
8995 0
8995 0
8995 0
8995 267
8995 0
8995 0
8995 0
8995 0
8995 0
8995 0
8995 0
8995 0
8995 0
8995 0
8995 0
8995 0
8995 0
8995 0
8995 0
8995 0
8995 0
8995 0
8995 0
8995 0
8995 0
8995 0
8995 0
9069 0
9069 0
9069 0
9069 3833
9069 0
9069 0
9069 0
9069 0
9069 0
9069 0
9069 0
9069 0
9069 0
9069 0
9069 0
9069 0
9069 0
9069 0
9069 0
9069 0
9069 0
9069 0
9069 0
9069 0
9069 0
9069 0
9069 0
9069 0
9069 0
9069 0
9069 0
9200 0
9200 0
9200 0
9200 3833
9200 0
9200 0
9200 0
9200 0
9200 0
9200 0
9200 0
9200 0
9200 0
9200 0
9200 0
9200 0
9200 0
9200 0
9200 0
9200 0
9200 0
9200 0
9200 0
9200 0
9200 0
9200 0
9200 0
9200 0
9200 0
9200 0
9200 0
9311 0
9311 0
9311 0
9311 9133
9311 0
9311 0
9311 0
9311 141
9311 0
9311 0
9311 0
9311 0
9311 0
9311 0
9311 0
9311 0
9311 0
9311 0
9311 0
9311 0
9311 0
9311 0
9311 0
9311 0
9311 0
9311 0
9311 0
9311 0
9311 0
9311 0
9311 0
9326 0
9326 0
9326 0
9326 8571
9326 0
9326 0
9326 0
9326 0
9326 0
9326 0
9326 0
9326 0
9326 0
9326 0
9326 0
9326 0
9326 0
9326 0
9326 0
9326 0
9326 0
9326 0
9326 0
9326 0
9326 0
9326 0
9326 0
9326 0
9326 0
9326 0
9326 0
9334 0
9334 0
9334 0
9334 3833
9334 0
9334 0
9334 0
9334 0
9334 0
9334 0
9334 0
9334 0
9334 0
9334 0
9334 0
9334 0
9334 0
9334 0
9334 0
9334 0
9334 0
9334 0
9334 0
9334 0
9334 0
9334 0
9334 0
9334 0
9334 0
9334 0
9334 0
9465 0
9465 0
9465 0
9465 9286
9465 0
9465 0
9465 0
9465 143
9465 0
9465 0
9465 0
9465 0
9465 0
9465 0
9465 0
9465 0
9465 0
9465 0
9465 0
9465 0
9465 0
9465 0
9465 0
9465 0
9465 0
9465 0
9465 0
9465 0
9465 0
9465 0
9465 0
9486 0
9486 0
9486 0
9486 9286
9486 0
9486 0
9486 0
9486 143
9486 0
9486 0
9486 0
9486 0
9486 0
9486 0
9486 0
9486 0
9486 0
9486 0
9486 0
9486 0
9486 0
9486 0
9486 0
9486 0
9486 0
9486 0
9486 0
9486 0
9486 0
9486 0
9486 0
9521 0
9521 0
9521 0
9521 3710
9521 0
9521 0
9521 0
9521 0
9521 0
9521 0
9521 0
9521 0
9521 0
9521 0
9521 0
9521 0
9521 0
9521 0
9521 0
9521 0
9521 0
9521 0
9521 0
9521 0
9521 0
9521 0
9521 0
9521 0
9521 0
9521 0
9521 0
9533 0
9533 0
9533 0
9533 8867
9533 0
9533 0
9533 0
9533 0
9533 0
9533 0
9533 0
9533 0
9533 0
9533 0
9533 0
9533 0
9533 0
9533 0
9533 0
9533 0
9533 0
9533 0
9533 0
9533 0
9533 0
9533 0
9533 0
9533 0
9533 0
9533 0
9533 0
9562 0
9562 0
9562 0
9562 9286
9562 0
9562 0
9562 0
9562 143
9562 0
9562 0
9562 0
9562 0
9562 0
9562 0
9562 0
9562 0
9562 0
9562 0
9562 0
9562 0
9562 0
9562 0
9562 0
9562 0
9562 0
9562 0
9562 0
9562 0
9562 0
9562 0
9562 0
9599 0
9599 0
9599 0
9599 3833
9599 0
9599 0
9599 0
9599 0
9599 0
9599 0
9599 0
9599 0
9599 0
9599 0
9599 0
9599 0
9599 0
9599 0
9599 0
9599 0
9599 0
9599 0
9599 0
9599 0
9599 0
9599 0
9599 0
9599 0
9599 0
9599 0
9599 0
9627 0
9627 0
9627 0
9627 24194
9627 0
9627 0
9627 0
9627 484
9627 0
9627 0
9627 0
9627 0
9627 0
9627 0
9627 0
9627 0
9627 0
9627 0
9627 0
9627 0
9627 0
9627 0
9627 0
9627 0
9627 0
9627 0
9627 0
9627 0
9627 0
9627 0
9627 0
9660 0
9660 0
9660 0
9660 12190
9660 0
9660 0
9660 0
9660 369
9660 0
9660 0
9660 0
9660 0
9660 0
9660 0
9660 0
9660 0
9660 0
9660 0
9660 0
9660 0
9660 0
9660 0
9660 0
9660 0
9660 0
9660 0
9660 0
9660 0
9660 0
9660 0
9660 0
9746 0
9746 0
9746 0
9746 12758
9746 0
9746 0
9746 0
9746 652
9746 0
9746 0
9746 0
9746 0
9746 0
9746 0
9746 0
9746 0
9746 0
9746 0
9746 0
9746 0
9746 0
9746 0
9746 0
9746 0
9746 0
9746 0
9746 0
9746 0
9746 0
9746 0
9746 0
9753 0
9753 0
9753 0
9753 10286
9753 0
9753 0
9753 0
9753 0
9753 0
9753 0
9753 0
9753 0
9753 0
9753 0
9753 0
9753 0
9753 0
9753 0
9753 0
9753 0
9753 0
9753 0
9753 0
9753 0
9753 0
9753 0
9753 0
9753 0
9753 0
9753 0
9753 0
9763 0
9763 0
9763 0
9763 26719
9763 0
9763 0
9763 0
9763 0
9763 0
9763 0
9763 0
9763 0
9763 0
9763 0
9763 0
9763 0
9763 0
9763 0
9763 0
9763 0
9763 0
9763 0
9763 0
9763 0
9763 0
9763 0
9763 0
9763 0
9763 0
9763 0
9763 0
9780 0
9780 0
9780 0
9780 17281
9780 0
9780 0
9780 0
9780 138
9780 0
9780 0
9780 0
9780 0
9780 0
9780 0
9780 0
9780 0
9780 0
9780 0
9780 0
9780 0
9780 0
9780 0
9780 0
9780 0
9780 0
9780 0
9780 0
9780 0
9780 0
9780 0
9780 0
9786 0
9786 0
9786 0
9786 4182
9786 0
9786 0
9786 0
9786 182
9786 0
9786 0
9786 0
9786 0
9786 0
9786 0
9786 0
9786 0
9786 0
9786 0
9786 0
9786 0
9786 0
9786 0
9786 0
9786 0
9786 0
9786 0
9786 0
9786 0
9786 0
9786 0
9786 0
9913 0
9913 0
9913 0
9913 8263
9913 0
9913 0
9913 0
9913 774
9913 0
9913 0
9913 18
9913 0
9913 0
9913 0
9913 0
9913 0
9913 0
9913 0
9913 0
9913 0
9913 0
9913 0
9913 0
9913 0
9913 0
9913 0
9913 0
9913 0
9913 0
9913 0
9913 0
10015 0
10015 0
10015 0
10015 0
10015 7246
10015 0
10015 0
10015 2473
10015 0
10015 0
10015 0
10015 0
10015 0
10015 0
10015 0
10015 0
10015 0
10015 0
10015 0
10015 0
10015 0
10015 0
10015 0
10015 0
10015 0
10015 0
10015 0
10015 0
10015 0
10015 0
10015 0
10016 0
10016 0
10016 0
10016 0
10016 6558
10016 0
10016 0
10016 315
10016 0
10016 0
10016 0
10016 5
10016 0
10016 0
10016 0
10016 0
10016 0
10016 0
10016 0
10016 0
10016 0
10016 0
10016 0
10016 0
10016 0
10016 0
10016 0
10016 0
10016 0
10016 0
10016 0
10017 0
10017 0
10017 0
10017 0
10017 4550
10017 0
10017 0
10017 204
10017 0
10017 0
10017 0
10017 0
10017 0
10017 0
10017 0
10017 0
10017 0
10017 0
10017 0
10017 0
10017 0
10017 0
10017 0
10017 0
10017 0
10017 0
10017 0
10017 0
10017 0
10017 0
10017 0
10055 0
10055 0
10055 0
10055 11167
10055 0
10055 0
10055 0
10055 1333
10055 0
10055 0
10055 37
10055 0
10055 0
10055 0
10055 0
10055 0
10055 0
10055 0
10055 0
10055 0
10055 0
10055 0
10055 0
10055 0
10055 0
10055 0
10055 0
10055 0
10055 0
10055 0
10055 0
10176 0
10176 0
10176 0
10176 10208
10176 0
10176 0
10176 0
10176 167
10176 0
10176 0
10176 0
10176 0
10176 0
10176 0
10176 0
10176 0
10176 0
10176 0
10176 0
10176 0
10176 0
10176 0
10176 0
10176 0
10176 0
10176 0
10176 0
10176 0
10176 0
10176 0
10176 0
10327 0
10327 0
10327 0
10327 0
10327 6461
10327 0
10327 0
10327 2103
10327 0
10327 0
10327 0
10327 0
10327 0
10327 0
10327 0
10327 0
10327 0
10327 0
10327 0
10327 0
10327 0
10327 0
10327 0
10327 0
10327 0
10327 0
10327 0
10327 0
10327 0
10327 0
10327 0
10330 0
10330 0
10330 0
10330 0
10330 7209
10330 0
10330 0
10330 3413
10330 0
10330 0
10330 0
10330 0
10330 0
10330 0
10330 0
10330 0
10330 0
10330 0
10330 0
10330 0
10330 0
10330 0
10330 0
10330 0
10330 0
10330 0
10330 0
10330 0
10330 0
10330 0
10330 0
10603 0
10603 0
10603 0
10603 0
10603 10095
10603 0
10603 0
10603 2286
10603 0
10603 0
10603 0
10603 0
10603 0
10603 0
10603 0
10603 0
10603 0
10603 0
10603 0
10603 0
10603 0
10603 0
10603 0
10603 0
10603 0
10603 0
10603 0
10603 0
10603 0
10603 0
10603 0
10872 0
10872 0
10872 0
10872 0
10872 9706
10872 0
10872 0
10872 993
10872 0
10872 0
10872 0
10872 0
10872 0
10872 0
10872 0
10872 0
10872 0
10872 0
10872 0
10872 0
10872 0
10872 0
10872 0
10872 0
10872 0
10872 0
10872 0
10872 0
10872 0
10872 0
10872 0
10887 0
10887 0
10887 0
10887 0
10887 6593
10887 0
10887 0
10887 659
10887 0
10887 0
10887 0
10887 0
10887 0
10887 0
10887 0
10887 0
10887 0
10887 0
10887 0
10887 0
10887 0
10887 0
10887 0
10887 0
10887 0
10887 0
10887 0
10887 0
10887 0
10887 0
10887 0
10897 0
10897 0
10897 0
10897 0
10897 6557
10897 0
10897 0
10897 656
10897 0
10897 0
10897 0
10897 0
10897 0
10897 0
10897 0
10897 0
10897 0
10897 0
10897 0
10897 0
10897 0
10897 0
10897 0
10897 0
10897 0
10897 0
10897 0
10897 0
10897 0
10897 0
10897 0
10898 0
10898 0
10898 0
10898 0
10898 7530
10898 0
10898 0
10898 852
10898 0
10898 0
10898 0
10898 0
10898 0
10898 0
10898 0
10898 0
10898 0
10898 0
10898 0
10898 0
10898 0
10898 0
10898 0
10898 0
10898 0
10898 0
10898 0
10898 0
10898 0
10898 0
10898 0
10904 0
10904 0
10904 0
10904 0
10904 6452
10904 0
10904 0
10904 645
10904 0
10904 0
10904 0
10904 0
10904 0
10904 0
10904 0
10904 0
10904 0
10904 0
10904 0
10904 0
10904 0
10904 0
10904 0
10904 0
10904 0
10904 0
10904 0
10904 0
10904 0
10904 0
10904 0
10919 0
10919 0
10919 0
10919 0
10919 7571
10919 0
10919 0
10919 857
10919 0
10919 0
10919 0
10919 0
10919 0
10919 0
10919 0
10919 0
10919 0
10919 0
10919 0
10919 0
10919 0
10919 0
10919 0
10919 0
10919 0
10919 0
10919 0
10919 0
10919 0
10919 0
10919 0
