pt_graph cpue_kghour
5612 0
5612 34
5612 0
5612 0
5612 0
5612 0
5612 0
5612 0
5612 0
5612 1
5612 0
5612 0
5612 0
5612 0
5612 0
5612 0
5612 0
5612 0
5612 0
5612 0
5612 0
5612 0
5612 0
5612 0
5612 0
5612 0
5612 0
5612 0
5612 0
5612 0
5612 0
5617 0
5617 32
5617 0
5617 0
5617 0
5617 0
5617 0
5617 0
5617 0
5617 0
5617 0
5617 0
5617 0
5617 0
5617 0
5617 0
5617 0
5617 0
5617 0
5617 0
5617 0
5617 0
5617 0
5617 0
5617 0
5617 0
5617 0
5617 0
5617 0
5617 0
5617 0
5623 0
5623 51
5623 0
5623 0
5623 0
5623 0
5623 0
5623 0
5623 0
5623 0
5623 0
5623 0
5623 0
5623 0
5623 0
5623 0
5623 0
5623 0
5623 0
5623 0
5623 0
5623 0
5623 0
5623 0
5623 0
5623 0
5623 0
5623 0
5623 0
5623 0
5623 0
5680 0
5680 48
5680 0
5680 0
5680 0
5680 0
5680 0
5680 0
5680 0
5680 0
5680 0
5680 0
5680 0
5680 0
5680 0
5680 0
5680 0
5680 0
5680 0
5680 0
5680 0
5680 0
5680 0
5680 0
5680 0
5680 0
5680 0
5680 0
5680 0
5680 0
5680 0
5689 0
5689 40
5689 0
5689 0
5689 0
5689 0
5689 0
5689 0
5689 0
5689 0
5689 0
5689 0
5689 0
5689 0
5689 0
5689 0
5689 0
5689 0
5689 0
5689 0
5689 0
5689 0
5689 0
5689 0
5689 0
5689 0
5689 0
5689 0
5689 0
5689 0
5689 0
5719 0
5719 23
5719 0
5719 0
5719 0
5719 0
5719 0
5719 0
5719 0
5719 0
5719 0
5719 0
5719 0
5719 0
5719 0
5719 0
5719 0
5719 0
5719 0
5719 0
5719 0
5719 0
5719 0
5719 0
5719 0
5719 0
5719 0
5719 0
5719 0
5719 0
5719 0
5744 0
5744 28
5744 0
5744 0
5744 0
5744 0
5744 0
5744 0
5744 0
5744 0
5744 0
5744 0
5744 0
5744 0
5744 0
5744 0
5744 0
5744 0
5744 0
5744 0
5744 0
5744 0
5744 0
5744 0
5744 0
5744 0
5744 0
5744 0
5744 0
5744 0
5744 0
5762 0
5762 38
5762 0
5762 0
5762 0
5762 0
5762 0
5762 0
5762 0
5762 0
5762 0
5762 0
5762 0
5762 0
5762 0
5762 0
5762 0
5762 0
5762 0
5762 0
5762 0
5762 0
5762 0
5762 0
5762 0
5762 0
5762 0
5762 0
5762 0
5762 0
5762 0
5770 0
5770 27
5770 0
5770 0
5770 0
5770 0
5770 0
5770 0
5770 0
5770 0
5770 0
5770 0
5770 0
5770 0
5770 0
5770 0
5770 0
5770 0
5770 0
5770 0
5770 0
5770 0
5770 0
5770 0
5770 0
5770 0
5770 0
5770 0
5770 0
5770 0
5770 0
5822 0
5822 20
5822 0
5822 0
5822 0
5822 0
5822 0
5822 0
5822 0
5822 0
5822 0
5822 0
5822 0
5822 0
5822 0
5822 0
5822 0
5822 0
5822 0
5822 0
5822 0
5822 0
5822 0
5822 0
5822 0
5822 0
5822 0
5822 0
5822 0
5822 0
5822 0
5829 0
5829 35
5829 0
5829 0
5829 0
5829 0
5829 0
5829 0
5829 0
5829 0
5829 0
5829 0
5829 0
5829 0
5829 0
5829 0
5829 0
5829 0
5829 0
5829 0
5829 0
5829 0
5829 0
5829 0
5829 0
5829 0
5829 0
5829 0
5829 0
5829 0
5829 0
5841 0
5841 43
5841 0
5841 0
5841 0
5841 0
5841 0
5841 0
5841 0
5841 0
5841 0
5841 0
5841 0
5841 0
5841 0
5841 0
5841 0
5841 0
5841 0
5841 0
5841 0
5841 0
5841 0
5841 0
5841 0
5841 0
5841 0
5841 0
5841 0
5841 0
5841 0
5859 0
5859 34
5859 0
5859 0
5859 0
5859 0
5859 0
5859 0
5859 0
5859 0
5859 0
5859 0
5859 0
5859 0
5859 0
5859 0
5859 0
5859 0
5859 0
5859 0
5859 0
5859 0
5859 0
5859 0
5859 0
5859 0
5859 0
5859 0
5859 0
5859 0
5859 0
5866 0
5866 45
5866 0
5866 0
5866 0
5866 0
5866 0
5866 0
5866 0
5866 0
5866 0
5866 0
5866 0
5866 0
5866 0
5866 0
5866 0
5866 0
5866 0
5866 0
5866 0
5866 0
5866 0
5866 0
5866 0
5866 0
5866 0
5866 0
5866 0
5866 0
5866 0
5870 0
5870 78
5870 0
5870 0
5870 0
5870 0
5870 0
5870 0
5870 0
5870 0
5870 0
5870 0
5870 0
5870 0
5870 0
5870 0
5870 0
5870 0
5870 0
5870 0
5870 0
5870 0
5870 0
5870 0
5870 0
5870 0
5870 0
5870 0
5870 0
5870 0
5870 0
5879 0
5879 39
5879 0
5879 0
5879 0
5879 0
5879 0
5879 0
5879 0
5879 0
5879 0
5879 0
5879 0
5879 0
5879 0
5879 0
5879 0
5879 0
5879 0
5879 0
5879 0
5879 0
5879 0
5879 0
5879 0
5879 0
5879 0
5879 0
5879 0
5879 0
5879 0
5887 0
5887 20
5887 0
5887 0
5887 0
5887 0
5887 0
5887 0
5887 0
5887 0
5887 0
5887 0
5887 0
5887 0
5887 0
5887 0
5887 0
5887 0
5887 0
5887 0
5887 0
5887 0
5887 0
5887 0
5887 0
5887 0
5887 0
5887 0
5887 0
5887 0
5887 0
5890 0
5890 36
5890 0
5890 0
5890 0
5890 0
5890 0
5890 0
5890 0
5890 0
5890 0
5890 0
5890 0
5890 0
5890 0
5890 0
5890 0
5890 0
5890 0
5890 0
5890 0
5890 0
5890 0
5890 0
5890 0
5890 0
5890 0
5890 0
5890 0
5890 0
5890 0
5899 0
5899 41
5899 0
5899 0
5899 0
5899 0
5899 0
5899 0
5899 0
5899 0
5899 0
5899 0
5899 0
5899 0
5899 0
5899 0
5899 0
5899 0
5899 0
5899 0
5899 0
5899 0
5899 0
5899 0
5899 0
5899 0
5899 0
5899 0
5899 0
5899 0
5899 0
5907 0
5907 31
5907 0
5907 0
5907 0
5907 0
5907 0
5907 0
5907 0
5907 0
5907 0
5907 0
5907 0
5907 0
5907 0
5907 0
5907 0
5907 0
5907 0
5907 0
5907 0
5907 0
5907 0
5907 0
5907 0
5907 0
5907 0
5907 0
5907 0
5907 0
5907 0
5950 0
5950 34
5950 0
5950 0
5950 0
5950 0
5950 0
5950 0
5950 0
5950 1
5950 0
5950 0
5950 0
5950 0
5950 0
5950 0
5950 0
5950 0
5950 0
5950 0
5950 0
5950 0
5950 0
5950 0
5950 0
5950 0
5950 0
5950 0
5950 0
5950 0
5950 0
5973 0
5973 26
5973 0
5973 0
5973 0
5973 0
5973 0
5973 0
5973 0
5973 0
5973 0
5973 0
5973 0
5973 0
5973 0
5973 0
5973 0
5973 0
5973 0
5973 0
5973 0
5973 0
5973 0
5973 0
5973 0
5973 0
5973 0
5973 0
5973 0
5973 0
5973 0
6025 0
6025 20
6025 0
6025 0
6025 0
6025 0
6025 0
6025 0
6025 0
6025 0
6025 0
6025 0
6025 0
6025 0
6025 0
6025 0
6025 0
6025 0
6025 0
6025 0
6025 0
6025 0
6025 0
6025 0
6025 0
6025 0
6025 0
6025 0
6025 0
6025 0
6025 0
6036 0
6036 28
6036 0
6036 0
6036 0
6036 0
6036 0
6036 0
6036 0
6036 0
6036 0
6036 0
6036 0
6036 0
6036 0
6036 0
6036 0
6036 0
6036 0
6036 0
6036 0
6036 0
6036 0
6036 0
6036 0
6036 0
6036 0
6036 0
6036 0
6036 0
6036 0
6050 0
6050 32
6050 0
6050 0
6050 0
6050 0
6050 0
6050 0
6050 0
6050 0
6050 0
6050 0
6050 0
6050 0
6050 0
6050 0
6050 0
6050 0
6050 0
6050 0
6050 0
6050 0
6050 0
6050 0
6050 0
6050 0
6050 0
6050 0
6050 0
6050 0
6050 0
6088 0
6088 31
6088 0
6088 0
6088 0
6088 0
6088 0
6088 0
6088 0
6088 0
6088 0
6088 0
6088 0
6088 0
6088 0
6088 0
6088 0
6088 0
6088 0
6088 0
6088 0
6088 0
6088 0
6088 0
6088 0
6088 0
6088 0
6088 0
6088 0
6088 0
6088 0
6109 0
6109 34
6109 0
6109 0
6109 0
6109 0
6109 0
6109 0
6109 0
6109 0
6109 0
6109 0
6109 0
6109 0
6109 0
6109 0
6109 0
6109 0
6109 0
6109 0
6109 0
6109 0
6109 0
6109 0
6109 0
6109 0
6109 0
6109 0
6109 0
6109 0
6109 0
6112 0
6112 32
6112 0
6112 0
6112 0
6112 0
6112 0
6112 0
6112 0
6112 0
6112 0
6112 0
6112 0
6112 0
6112 0
6112 0
6112 0
6112 0
6112 0
6112 0
6112 0
6112 0
6112 0
6112 0
6112 0
6112 0
6112 0
6112 0
6112 0
6112 0
6112 0
6127 0
6127 37
6127 0
6127 0
6127 0
6127 0
6127 0
6127 0
6127 0
6127 0
6127 0
6127 0
6127 0
6127 0
6127 0
6127 0
6127 0
6127 0
6127 0
6127 0
6127 0
6127 0
6127 0
6127 0
6127 0
6127 0
6127 0
6127 0
6127 0
6127 0
6127 0
6142 0
6142 35
6142 0
6142 0
6142 0
6142 0
6142 0
6142 0
6142 0
6142 0
6142 0
6142 0
6142 0
6142 0
6142 0
6142 0
6142 0
6142 0
6142 0
6142 0
6142 0
6142 0
6142 0
6142 0
6142 0
6142 0
6142 0
6142 0
6142 0
6142 0
6142 0
6153 0
6153 20
6153 0
6153 0
6153 0
6153 0
6153 0
6153 0
6153 0
6153 0
6153 0
6153 0
6153 0
6153 0
6153 0
6153 0
6153 0
6153 0
6153 0
6153 0
6153 0
6153 0
6153 0
6153 0
6153 0
6153 0
6153 0
6153 0
6153 0
6153 0
6153 0
6160 0
6160 31
6160 0
6160 0
6160 0
6160 0
6160 0
6160 0
6160 0
6160 0
6160 0
6160 0
6160 0
6160 0
6160 0
6160 0
6160 0
6160 0
6160 0
6160 0
6160 0
6160 0
6160 0
6160 0
6160 0
6160 0
6160 0
6160 0
6160 0
6160 0
6160 0
6162 0
6162 33
6162 0
6162 0
6162 0
6162 0
6162 0
6162 0
6162 0
6162 0
6162 0
6162 0
6162 0
6162 0
6162 0
6162 0
6162 0
6162 0
6162 0
6162 0
6162 0
6162 0
6162 0
6162 0
6162 0
6162 0
6162 0
6162 0
6162 0
6162 0
6162 0
6210 0
6210 34
6210 0
6210 0
6210 0
6210 0
6210 0
6210 0
6210 0
6210 0
6210 0
6210 0
6210 0
6210 0
6210 0
6210 0
6210 0
6210 0
6210 0
6210 0
6210 0
6210 0
6210 0
6210 0
6210 0
6210 0
6210 0
6210 0
6210 0
6210 0
6210 0
6267 0
6267 33
6267 0
6267 0
6267 0
6267 0
6267 0
6267 0
6267 0
6267 0
6267 0
6267 0
6267 0
6267 0
6267 0
6267 0
6267 0
6267 0
6267 0
6267 0
6267 0
6267 0
6267 0
6267 0
6267 0
6267 0
6267 0
6267 0
6267 0
6267 0
6267 0
6268 0
6268 51
6268 0
6268 0
6268 0
6268 0
6268 0
6268 0
6268 0
6268 0
6268 0
6268 0
6268 0
6268 0
6268 0
6268 0
6268 0
6268 0
6268 0
6268 0
6268 0
6268 0
6268 0
6268 0
6268 0
6268 0
6268 0
6268 0
6268 0
6268 0
6268 0
6272 0
6272 39
6272 0
6272 0
6272 0
6272 0
6272 0
6272 0
6272 0
6272 0
6272 0
6272 0
6272 0
6272 0
6272 0
6272 0
6272 0
6272 0
6272 0
6272 0
6272 0
6272 0
6272 0
6272 0
6272 0
6272 0
6272 0
6272 0
6272 0
6272 0
6272 0
6309 0
6309 54
6309 0
6309 0
6309 0
6309 0
6309 0
6309 0
6309 0
6309 0
6309 0
6309 0
6309 0
6309 0
6309 0
6309 0
6309 0
6309 0
6309 0
6309 0
6309 0
6309 0
6309 0
6309 0
6309 0
6309 0
6309 0
6309 0
6309 0
6309 0
6309 0
6330 0
6330 32
6330 0
6330 0
6330 0
6330 0
6330 0
6330 0
6330 0
6330 0
6330 0
6330 0
6330 0
6330 0
6330 0
6330 0
6330 0
6330 0
6330 0
6330 0
6330 0
6330 0
6330 0
6330 0
6330 0
6330 0
6330 0
6330 0
6330 0
6330 0
6330 0
6331 0
6331 35
6331 0
6331 0
6331 0
6331 0
6331 0
6331 0
6331 0
6331 0
6331 0
6331 0
6331 0
6331 0
6331 0
6331 0
6331 0
6331 0
6331 0
6331 0
6331 0
6331 0
6331 0
6331 0
6331 0
6331 0
6331 0
6331 0
6331 0
6331 0
6331 0
6339 0
6339 34
6339 0
6339 0
6339 0
6339 0
6339 0
6339 0
6339 0
6339 0
6339 0
6339 0
6339 0
6339 0
6339 0
6339 0
6339 0
6339 0
6339 0
6339 0
6339 0
6339 0
6339 0
6339 0
6339 0
6339 0
6339 0
6339 0
6339 0
6339 0
6339 0
6419 0
6419 15
6419 0
6419 0
6419 0
6419 0
6419 0
6419 0
6419 0
6419 0
6419 0
6419 0
6419 0
6419 0
6419 0
6419 0
6419 0
6419 0
6419 0
6419 0
6419 0
6419 0
6419 0
6419 0
6419 0
6419 0
6419 0
6419 0
6419 0
6419 0
6419 0
6431 0
6431 52
6431 0
6431 0
6431 0
6431 0
6431 0
6431 0
6431 0
6431 0
6431 0
6431 0
6431 0
6431 0
6431 0
6431 0
6431 0
6431 0
6431 0
6431 0
6431 0
6431 0
6431 0
6431 0
6431 0
6431 0
6431 0
6431 0
6431 0
6431 0
6431 0
6466 0
6466 36
6466 0
6466 0
6466 0
6466 0
6466 0
6466 0
6466 0
6466 0
6466 0
6466 0
6466 0
6466 0
6466 0
6466 0
6466 0
6466 0
6466 0
6466 0
6466 0
6466 0
6466 0
6466 0
6466 0
6466 0
6466 0
6466 0
6466 0
6466 0
6466 0
10017 0
10017 0
10017 0
10017 0
10017 0
10017 0
10017 0
10017 0
10017 0
10017 0
10017 0
10017 256
10017 0
10017 0
10017 0
10017 0
10017 0
10017 0
10017 0
10017 0
10017 0
10017 0
10017 0
10017 0
10017 2
10017 0
10017 0
10017 0
10017 0
10017 0
10017 0
10327 0
10327 0
10327 0
10327 0
10327 0
10327 0
10327 0
10327 0
10327 0
10327 0
10327 0
10327 142
10327 0
10327 0
10327 0
10327 0
10327 0
10327 0
10327 0
10327 0
10327 0
10327 0
10327 0
10327 0
10327 2
10327 0
10327 0
10327 0
10327 0
10327 0
10327 0
10328 0
10328 0
10328 0
10328 0
10328 0
10328 0
10328 0
10328 0
10328 0
10328 0
10328 0
10328 183
10328 0
10328 0
10328 0
10328 0
10328 0
10328 0
10328 0
10328 0
10328 0
10328 0
10328 0
10328 0
10328 2
10328 0
10328 0
10328 0
10328 0
10328 0
10328 0
10330 0
10330 0
10330 0
10330 0
10330 0
10330 0
10330 0
10330 0
10330 0
10330 0
10330 0
10330 196
10330 0
10330 0
10330 0
10330 0
10330 0
10330 0
10330 0
10330 0
10330 0
10330 0
10330 0
10330 0
10330 7
10330 0
10330 0
10330 0
10330 0
10330 0
10330 0
10400 0
10400 0
10400 0
10400 0
10400 0
10400 0
10400 0
10400 0
10400 0
10400 0
10400 234
10400 0
10400 0
10400 0
10400 0
10400 0
10400 0
10400 0
10400 0
10400 0
10400 0
10400 0
10400 0
10400 0
10400 2
10400 0
10400 0
10400 0
10400 0
10400 0
10400 0
10603 0
10603 0
10603 0
10603 0
10603 0
10603 0
10603 0
10603 0
10603 0
10603 0
10603 0
10603 173
10603 0
10603 0
10603 0
10603 0
10603 0
10603 0
10603 0
10603 0
10603 0
10603 0
10603 0
10603 0
10603 2
10603 0
10603 0
10603 0
10603 0
10603 0
10603 0
10607 0
10607 0
10607 0
10607 0
10607 0
10607 0
10607 0
10607 0
10607 0
10607 0
10607 0
10607 146
10607 0
10607 0
10607 0
10607 0
10607 0
10607 0
10607 0
10607 0
10607 0
10607 0
10607 0
10607 0
10607 1
10607 0
10607 0
10607 0
10607 0
10607 0
10607 0
10609 0
10609 0
10609 0
10609 0
10609 0
10609 0
10609 0
10609 0
10609 0
10609 0
10609 0
10609 205
10609 0
10609 0
10609 0
10609 0
10609 0
10609 0
10609 0
10609 0
10609 0
10609 0
10609 0
10609 0
10609 2
10609 0
10609 0
10609 0
10609 0
10609 0
10609 0
10867 0
10867 0
10867 0
10867 0
10867 0
10867 0
10867 0
10867 0
10867 0
10867 0
10867 0
10867 300
10867 0
10867 0
10867 0
10867 0
10867 0
10867 0
10867 0
10867 0
10867 0
10867 0
10867 0
10867 0
10867 1
10867 0
10867 0
10867 0
10867 0
10867 0
10867 0
10868 0
10868 0
10868 0
10868 0
10868 0
10868 0
10868 0
10868 0
10868 0
10868 0
10868 0
10868 201
10868 0
10868 0
10868 0
10868 0
10868 0
10868 0
10868 0
10868 0
10868 0
10868 0
10868 0
10868 0
10868 2
10868 0
10868 0
10868 0
10868 0
10868 0
10868 0
10873 0
10873 0
10873 0
10873 0
10873 0
10873 0
10873 0
10873 0
10873 0
10873 0
10873 0
10873 163
10873 0
10873 0
10873 0
10873 0
10873 0
10873 0
10873 0
10873 0
10873 0
10873 0
10873 0
10873 0
10873 0
10873 0
10873 0
10873 0
10873 0
10873 0
10873 0
