pt_graph scale
8662 0
8662 0
8662 0
8662 0
8662 0
8662 0
8662 0
8662 0
8662 0
8662 0
8662 201
8662 0
8662 0
8662 0
8662 0
8662 0
8662 0
8662 0
8662 0
8662 0
8662 0
8662 0
8662 0
8662 0
8662 0
8662 0
8662 0
8662 0
8662 0
8662 0
8662 0
8673 0
8673 0
8673 0
8673 0
8673 0
8673 0
8673 0
8673 0
8673 0
8673 0
8673 201
8673 0
8673 0
8673 0
8673 0
8673 0
8673 0
8673 0
8673 0
8673 0
8673 0
8673 0
8673 0
8673 0
8673 0
8673 0
8673 0
8673 0
8673 0
8673 0
8673 0
8684 0
8684 0
8684 0
8684 0
8684 0
8684 0
8684 0
8684 0
8684 0
8684 0
8684 201
8684 0
8684 0
8684 0
8684 0
8684 0
8684 0
8684 0
8684 0
8684 0
8684 0
8684 0
8684 0
8684 0
8684 0
8684 0
8684 0
8684 0
8684 0
8684 0
8684 0
8688 0
8688 0
8688 0
8688 0
8688 0
8688 0
8688 0
8688 0
8688 0
8688 0
8688 201
8688 0
8688 0
8688 0
8688 0
8688 0
8688 0
8688 0
8688 0
8688 0
8688 0
8688 0
8688 0
8688 0
8688 0
8688 0
8688 0
8688 0
8688 0
8688 0
8688 0
8740 0
8740 0
8740 0
8740 0
8740 0
8740 0
8740 0
8740 0
8740 0
8740 0
8740 201
8740 0
8740 0
8740 0
8740 0
8740 0
8740 0
8740 0
8740 0
8740 0
8740 0
8740 0
8740 0
8740 0
8740 0
8740 0
8740 0
8740 0
8740 0
8740 0
8740 0
8757 0
8757 0
8757 0
8757 0
8757 0
8757 0
8757 0
8757 0
8757 0
8757 0
8757 457
8757 0
8757 0
8757 0
8757 0
8757 0
8757 0
8757 0
8757 0
8757 0
8757 0
8757 0
8757 0
8757 0
8757 0
8757 0
8757 0
8757 0
8757 0
8757 0
8757 0
8761 0
8761 0
8761 0
8761 0
8761 0
8761 0
8761 0
8761 0
8761 0
8761 0
8761 201
8761 0
8761 0
8761 0
8761 0
8761 0
8761 0
8761 0
8761 0
8761 0
8761 0
8761 0
8761 0
8761 0
8761 0
8761 0
8761 0
8761 0
8761 0
8761 0
8761 0
8822 0
8822 0
8822 0
8822 0
8822 0
8822 0
8822 0
8822 0
8822 0
8822 0
8822 449
8822 0
8822 0
8822 0
8822 0
8822 0
8822 0
8822 0
8822 0
8822 0
8822 0
8822 0
8822 0
8822 0
8822 0
8822 0
8822 0
8822 0
8822 0
8822 0
8822 0
8882 0
8882 0
8882 0
8882 0
8882 0
8882 0
8882 0
8882 0
8882 0
8882 0
8882 201
8882 0
8882 0
8882 0
8882 0
8882 0
8882 0
8882 0
8882 0
8882 0
8882 0
8882 0
8882 0
8882 0
8882 0
8882 0
8882 0
8882 0
8882 0
8882 0
8882 0
8901 0
8901 0
8901 0
8901 0
8901 0
8901 0
8901 0
8901 0
8901 0
8901 0
8901 464
8901 0
8901 0
8901 0
8901 0
8901 0
8901 0
8901 0
8901 0
8901 0
8901 0
8901 0
8901 0
8901 0
8901 0
8901 0
8901 0
8901 0
8901 0
8901 0
8901 0
8959 0
8959 0
8959 0
8959 0
8959 0
8959 0
8959 0
8959 0
8959 0
8959 0
8959 201
8959 0
8959 0
8959 0
8959 0
8959 0
8959 0
8959 0
8959 0
8959 0
8959 0
8959 0
8959 0
8959 0
8959 0
8959 0
8959 0
8959 0
8959 0
8959 0
8959 0
8986 0
8986 0
8986 0
8986 0
8986 0
8986 0
8986 0
8986 0
8986 0
8986 0
8986 464
8986 0
8986 0
8986 0
8986 0
8986 0
8986 0
8986 0
8986 0
8986 0
8986 0
8986 0
8986 0
8986 0
8986 0
8986 0
8986 0
8986 0
8986 0
8986 0
8986 0
9022 0
9022 0
9022 0
9022 0
9022 0
9022 0
9022 0
9022 0
9022 0
9022 0
9022 201
9022 0
9022 0
9022 0
9022 0
9022 0
9022 0
9022 0
9022 0
9022 0
9022 0
9022 0
9022 0
9022 0
9022 0
9022 0
9022 0
9022 0
9022 0
9022 0
9022 0
9121 0
9121 0
9121 0
9121 0
9121 0
9121 0
9121 0
9121 0
9121 0
9121 0
9121 201
9121 0
9121 0
9121 0
9121 0
9121 0
9121 0
9121 0
9121 0
9121 0
9121 0
9121 0
9121 0
9121 0
9121 0
9121 0
9121 0
9121 0
9121 0
9121 0
9121 0
9122 0
9122 0
9122 0
9122 0
9122 0
9122 0
9122 0
9122 0
9122 0
9122 0
9122 830
9122 0
9122 0
9122 0
9122 1
9122 0
9122 0
9122 0
9122 0
9122 0
9122 0
9122 0
9122 0
9122 0
9122 0
9122 0
9122 0
9122 0
9122 0
9122 0
9122 0
9239 0
9239 0
9239 0
9239 0
9239 0
9239 0
9239 0
9239 0
9239 0
9239 0
9239 803
9239 0
9239 0
9239 0
9239 1
9239 0
9239 0
9239 0
9239 0
9239 0
9239 0
9239 0
9239 0
9239 0
9239 0
9239 0
9239 0
9239 0
9239 0
9239 0
9239 0
9282 0
9282 0
9282 0
9282 0
9282 0
9282 0
9282 0
9282 0
9282 0
9282 0
9282 201
9282 0
9282 0
9282 0
9282 0
9282 0
9282 0
9282 0
9282 0
9282 0
9282 0
9282 0
9282 0
9282 0
9282 0
9282 0
9282 0
9282 0
9282 0
9282 0
9282 0
9373 0
9373 0
9373 0
9373 0
9373 0
9373 0
9373 0
9373 0
9373 0
9373 0
9373 803
9373 0
9373 0
9373 0
9373 1
9373 0
9373 0
9373 0
9373 0
9373 0
9373 0
9373 0
9373 0
9373 0
9373 0
9373 0
9373 0
9373 0
9373 0
9373 0
9373 0
9403 0
9403 0
9403 0
9403 0
9403 0
9403 0
9403 0
9403 0
9403 0
9403 0
9403 201
9403 0
9403 0
9403 0
9403 0
9403 0
9403 0
9403 0
9403 0
9403 0
9403 0
9403 0
9403 0
9403 0
9403 0
9403 0
9403 0
9403 0
9403 0
9403 0
9403 0
9445 0
9445 0
9445 0
9445 0
9445 0
9445 0
9445 0
9445 0
9445 0
9445 0
9445 830
9445 0
9445 0
9445 0
9445 1
9445 0
9445 0
9445 0
9445 0
9445 0
9445 0
9445 0
9445 0
9445 0
9445 0
9445 0
9445 0
9445 0
9445 0
9445 0
9445 0
9457 0
9457 0
9457 0
9457 0
9457 0
9457 0
9457 0
9457 0
9457 0
9457 0
9457 191
9457 0
9457 0
9457 0
9457 0
9457 0
9457 0
9457 0
9457 0
9457 0
9457 0
9457 0
9457 0
9457 0
9457 0
9457 0
9457 0
9457 0
9457 0
9457 0
9457 0
9593 0
9593 0
9593 0
9593 0
9593 0
9593 0
9593 0
9593 0
9593 0
9593 0
9593 830
9593 0
9593 0
9593 0
9593 1
9593 0
9593 0
9593 0
9593 0
9593 0
9593 0
9593 0
9593 0
9593 0
9593 0
9593 0
9593 0
9593 0
9593 0
9593 0
9593 0
9748 0
9748 0
9748 0
9748 0
9748 0
9748 0
9748 0
9748 0
9748 0
9748 0
9748 830
9748 0
9748 0
9748 0
9748 1
9748 0
9748 0
9748 0
9748 0
9748 0
9748 0
9748 0
9748 0
9748 0
9748 0
9748 0
9748 0
9748 0
9748 0
9748 0
9748 0
9993 0
9993 0
9993 0
9993 0
9993 0
9993 0
9993 0
9993 0
9993 0
9993 0
9993 209
9993 0
9993 0
9993 0
9993 0
9993 0
9993 0
9993 0
9993 0
9993 0
9993 0
9993 1
9993 0
9993 0
9993 0
9993 0
9993 0
9993 0
9993 0
9993 0
9993 0
10016 0
10016 0
10016 0
10016 0
10016 0
10016 0
10016 0
10016 0
10016 0
10016 0
10016 0
10016 715
10016 0
10016 0
10016 0
10016 0
10016 0
10016 0
10016 0
10016 0
10016 0
10016 1
10016 0
10016 0
10016 0
10016 0
10016 0
10016 0
10016 0
10016 0
10016 0
10085 0
10085 0
10085 0
10085 0
10085 0
10085 0
10085 0
10085 0
10085 0
10085 0
10085 494
10085 0
10085 0
10085 0
10085 0
10085 0
10085 0
10085 0
10085 0
10085 0
10085 0
10085 8
10085 0
10085 0
10085 0
10085 0
10085 0
10085 0
10085 0
10085 0
10085 0
10176 0
10176 0
10176 0
10176 0
10176 0
10176 0
10176 0
10176 0
10176 0
10176 0
10176 668
10176 0
10176 0
10176 0
10176 2
10176 0
10176 0
10176 0
10176 0
10176 0
10176 0
10176 2
10176 0
10176 0
10176 0
10176 0
10176 0
10176 0
10176 0
10176 0
10176 0
10212 0
10212 0
10212 0
10212 0
10212 0
10212 0
10212 0
10212 0
10212 0
10212 0
10212 521
10212 0
10212 0
10212 0
10212 1
10212 0
10212 0
10212 0
10212 0
10212 0
10212 0
10212 3
10212 0
10212 0
10212 0
10212 0
10212 0
10212 0
10212 0
10212 0
10212 0
10327 0
10327 0
10327 0
10327 0
10327 0
10327 0
10327 0
10327 0
10327 0
10327 0
10327 0
10327 424
10327 0
10327 0
10327 0
10327 0
10327 0
10327 0
10327 0
10327 0
10327 0
10327 4
10327 0
10327 0
10327 0
10327 0
10327 0
10327 0
10327 0
10327 0
10327 0
10328 0
10328 0
10328 0
10328 0
10328 0
10328 0
10328 0
10328 0
10328 0
10328 0
10328 0
10328 340
10328 0
10328 0
10328 0
10328 0
10328 0
10328 0
10328 0
10328 0
10328 0
10328 3
10328 0
10328 0
10328 0
10328 0
10328 0
10328 0
10328 0
10328 0
10328 0
10330 0
10330 0
10330 0
10330 0
10330 0
10330 0
10330 0
10330 0
10330 0
10330 0
10330 0
10330 571
10330 0
10330 0
10330 0
10330 0
10330 0
10330 0
10330 0
10330 0
10330 0
10330 0
10330 0
10330 0
10330 0
10330 0
10330 0
10330 0
10330 0
10330 0
10330 0
10400 0
10400 0
10400 0
10400 0
10400 0
10400 0
10400 0
10400 0
10400 0
10400 0
10400 95
10400 0
10400 0
10400 0
10400 0
10400 0
10400 0
10400 0
10400 0
10400 0
10400 0
10400 0
10400 0
10400 0
10400 0
10400 0
10400 0
10400 0
10400 0
10400 0
10400 0
10603 0
10603 0
10603 0
10603 0
10603 0
10603 0
10603 0
10603 0
10603 0
10603 0
10603 0
10603 98
10603 0
10603 0
10603 0
10603 0
10603 0
10603 0
10603 0
10603 0
10603 0
10603 4
10603 0
10603 0
10603 0
10603 0
10603 0
10603 0
10603 0
10603 0
10603 0
10607 0
10607 0
10607 0
10607 0
10607 0
10607 0
10607 0
10607 0
10607 0
10607 0
10607 0
10607 211
10607 0
10607 0
10607 0
10607 0
10607 0
10607 0
10607 0
10607 0
10607 0
10607 0
10607 0
10607 0
10607 0
10607 0
10607 0
10607 0
10607 0
10607 0
10607 0
10609 0
10609 0
10609 0
10609 0
10609 0
10609 0
10609 0
10609 0
10609 0
10609 0
10609 0
10609 1095
10609 0
10609 0
10609 0
10609 0
10609 0
10609 0
10609 0
10609 0
10609 0
10609 0
10609 0
10609 0
10609 0
10609 0
10609 0
10609 0
10609 0
10609 0
10609 0
10867 0
10867 0
10867 0
10867 0
10867 0
10867 0
10867 0
10867 0
10867 0
10867 0
10867 0
10867 575
10867 0
10867 0
10867 0
10867 0
10867 0
10867 0
10867 0
10867 0
10867 0
10867 0
10867 0
10867 0
10867 0
10867 0
10867 0
10867 0
10867 0
10867 0
10867 0
10873 0
10873 0
10873 0
10873 0
10873 0
10873 0
10873 0
10873 0
10873 0
10873 0
10873 0
10873 238
10873 0
10873 0
10873 0
10873 0
10873 0
10873 0
10873 0
10873 0
10873 0
10873 0
10873 0
10873 0
10873 0
10873 0
10873 0
10873 0
10873 0
10873 0
10873 0
10881 0
10881 0
10881 0
10881 0
10881 0
10881 0
10881 0
10881 0
10881 0
10881 0
10881 0
10881 184
10881 0
10881 0
10881 0
10881 0
10881 0
10881 0
10881 0
10881 0
10881 0
10881 0
10881 0
10881 0
10881 0
10881 0
10881 0
10881 0
10881 0
10881 0
10881 0
