pt_graph shape
9862 0
9862 0
9862 0
9862 0
9862 0
9862 0
9862 0
9862 0
9862 0
9862 0
9862 0.93
9862 0
9862 0
9862 0
9862 0
9862 0
9862 0
9862 0
9862 0
9862 0
9862 0
9862 37.02
9862 0
9862 0
9862 2.15
9862 0
9862 0
9862 0
9862 0
9862 0
9862 0
9884 0
9884 0
9884 0
9884 0
9884 0
9884 0
9884 0
9884 0
9884 0
9884 0
9884 0.93
9884 0
9884 0
9884 0
9884 0
9884 0
9884 0
9884 0
9884 0
9884 0
9884 0
9884 29.13
9884 0
9884 0
9884 2.07
9884 0
9884 0
9884 0
9884 0
9884 0
9884 0
9913 0
9913 0
9913 0
9913 0
9913 0
9913 0
9913 0
9913 0
9913 0
9913 0
9913 0.93
9913 0
9913 0
9913 0
9913 0
9913 0
9913 0
9913 0
9913 0
9913 0
9913 0
9913 0
9913 0
9913 0
9913 0
9913 0
9913 0
9913 0
9913 0
9913 0
9913 0
9993 0
9993 0
9993 0
9993 0
9993 0
9993 0
9993 0
9993 0
9993 0
9993 0
9993 0.49
9993 0
9993 0
9993 0
9993 60.92
9993 0
9993 0
9993 0
9993 0
9993 0
9993 0
9993 37.02
9993 0
9993 0
9993 3.55
9993 0
9993 0
9993 0
9993 0
9993 0
9993 0
10015 0
10015 0
10015 0
10015 0
10015 0
10015 0
10015 0
10015 0
10015 0
10015 0
10015 0
10015 0.94
10015 0
10015 0
10015 0
10015 0
10015 0
10015 0
10015 0
10015 0
10015 0
10015 0
10015 0
10015 0
10015 56.21
10015 0
10015 0
10015 0
10015 0
10015 0
10015 0
10016 0
10016 0
10016 0
10016 0
10016 0
10016 0
10016 0
10016 0
10016 0
10016 0
10016 0
10016 0.51
10016 0
10016 0
10016 0
10016 0
10016 0
10016 0
10016 0
10016 0
10016 0
10016 81.15
10016 0
10016 0
10016 4.06
10016 0
10016 0
10016 0
10016 0
10016 0
10016 0
10017 0
10017 0
10017 0
10017 0
10017 0
10017 0
10017 0
10017 0
10017 0
10017 0
10017 0
10017 0.82
10017 0
10017 0
10017 0
10017 0
10017 0
10017 0
10017 0
10017 0
10017 0
10017 62.19
10017 0
10017 0
10017 3.97
10017 0
10017 0
10017 0
10017 0
10017 0
10017 0
10055 0
10055 0
10055 0
10055 0
10055 0
10055 0
10055 0
10055 0
10055 0
10055 0
10055 0.5
10055 0
10055 0
10055 0
10055 52.77
10055 0
10055 0
10055 0
10055 0
10055 0
10055 0
10055 55.75
10055 0
10055 0
10055 6.73
10055 0
10055 0
10055 0
10055 0
10055 0
10055 0
10085 0
10085 0
10085 0
10085 0
10085 0
10085 0
10085 0
10085 0
10085 0
10085 0
10085 0.7
10085 0
10085 0
10085 0
10085 52.77
10085 0
10085 0
10085 0
10085 0
10085 0
10085 0
10085 20.15
10085 0
10085 0
10085 3.88
10085 0
10085 0
10085 0
10085 0
10085 0
10085 0
10176 0
10176 0
10176 0
10176 0
10176 0
10176 0
10176 0
10176 0
10176 0
10176 0
10176 0.82
10176 0
10176 0
10176 0
10176 3.37
10176 0
10176 0
10176 0
10176 0
10176 0
10176 0
10176 41.85
10176 0
10176 0
10176 9.07
10176 0
10176 0
10176 0
10176 0
10176 0
10176 0
10212 0
10212 0
10212 0
10212 0
10212 0
10212 0
10212 0
10212 0
10212 0
10212 0
10212 0.57
10212 0
10212 0
10212 0
10212 31.19
10212 0
10212 0
10212 0
10212 0
10212 0
10212 0
10212 29.21
10212 0
10212 0
10212 1.84
10212 0
10212 0
10212 0
10212 0
10212 0
10212 0
10327 0
10327 0
10327 0
10327 0
10327 0
10327 0
10327 0
10327 0
10327 0
10327 0
10327 0
10327 0.98
10327 0
10327 0
10327 0
10327 0
10327 0
10327 0
10327 0
10327 0
10327 0
10327 33.12
10327 0
10327 0
10327 4.43
10327 0
10327 0
10327 0
10327 0
10327 0
10327 0
10328 0
10328 0
10328 0
10328 0
10328 0
10328 0
10328 0
10328 0
10328 0
10328 0
10328 0
10328 0.89
10328 0
10328 0
10328 0
10328 0
10328 0
10328 0
10328 0
10328 0
10328 0
10328 23.88
10328 0
10328 0
10328 5.94
10328 0
10328 0
10328 0
10328 0
10328 0
10328 0
10330 0
10330 0
10330 0
10330 0
10330 0
10330 0
10330 0
10330 0
10330 0
10330 0
10330 0
10330 1.56
10330 0
10330 0
10330 0
10330 0
10330 0
10330 0
10330 0
10330 0
10330 0
10330 0
10330 0
10330 0
10330 0
10330 0
10330 0
10330 0
10330 0
10330 0
10330 0
10603 0
10603 0
10603 0
10603 0
10603 0
10603 0
10603 0
10603 0
10603 0
10603 0
10603 0
10603 0.63
10603 0
10603 0
10603 0
10603 0
10603 0
10603 0
10603 0
10603 0
10603 0
10603 71.36
10603 0
10603 0
10603 45.13
10603 0
10603 0
10603 0
10603 0
10603 0
10603 0
10607 0
10607 0
10607 0
10607 0
10607 0
10607 0
10607 0
10607 0
10607 0
10607 0
10607 0
10607 0.74
10607 0
10607 0
10607 0
10607 0
10607 0
10607 0
10607 0
10607 0
10607 0
10607 0
10607 0
10607 0
10607 0
10607 0
10607 0
10607 0
10607 0
10607 0
10607 0
10867 0
10867 0
10867 0
10867 0
10867 0
10867 0
10867 0
10867 0
10867 0
10867 0
10867 0
10867 0.58
10867 0
10867 0
10867 0
10867 0
10867 0
10867 0
10867 0
10867 0
10867 0
10867 0
10867 0
10867 0
10867 0
10867 0
10867 0
10867 0
10867 0
10867 0
10867 0
10868 0
10868 0
10868 0
10868 0
10868 0
10868 0
10868 0
10868 0
10868 0
10868 0
10868 0
10868 0.92
10868 0
10868 0
10868 0
10868 0
10868 0
10868 0
10868 0
10868 0
10868 0
10868 0
10868 0
10868 0
10868 0
10868 0
10868 0
10868 0
10868 0
10868 0
10868 0
10871 0
10871 0
10871 0
10871 0
10871 0
10871 0
10871 0
10871 0
10871 0
10871 0
10871 0
10871 0.91
10871 0
10871 0
10871 0
10871 0
10871 0
10871 0
10871 0
10871 0
10871 0
10871 0
10871 0
10871 0
10871 33.68
10871 0
10871 0
10871 0
10871 0
10871 0
10871 0
10873 0
10873 0
10873 0
10873 0
10873 0
10873 0
10873 0
10873 0
10873 0
10873 0
10873 0
10873 0.61
10873 0
10873 0
10873 0
10873 0
10873 0
10873 0
10873 0
10873 0
10873 0
10873 7.12
10873 0
10873 0
10873 0
10873 0
10873 0
10873 0
10873 0
10873 0
10873 0
10878 0
10878 0
10878 0
10878 0
10878 0
10878 0
10878 0
10878 0
10878 0
10878 0
10878 0
10878 0.93
10878 0
10878 0
10878 0
10878 0
10878 0
10878 0
10878 0
10878 0
10878 0
10878 0
10878 0
10878 0
10878 0
10878 0
10878 0
10878 0
10878 0
10878 0
10878 0
10879 0
10879 0
10879 0
10879 0
10879 0
10879 0
10879 0
10879 0
10879 0
10879 0
10879 0
10879 0.94
10879 0
10879 0
10879 0
10879 0
10879 0
10879 0
10879 0
10879 0
10879 0
10879 0
10879 0
10879 0
10879 56.21
10879 0
10879 0
10879 0
10879 0
10879 0
10879 0
10881 0
10881 0
10881 0
10881 0
10881 0
10881 0
10881 0
10881 0
10881 0
10881 0
10881 0
10881 0.51
10881 0
10881 0
10881 0
10881 0
10881 0
10881 0
10881 0
10881 0
10881 0
10881 38.81
10881 0
10881 0
10881 0
10881 0
10881 0
10881 0
10881 0
10881 0
10881 0
10898 0
10898 0
10898 0
10898 0
10898 0
10898 0
10898 0
10898 0
10898 0
10898 0
10898 0
10898 0.94
10898 0
10898 0
10898 0
10898 0
10898 0
10898 0
10898 0
10898 0
10898 0
10898 0
10898 0
10898 0
10898 56.21
10898 0
10898 0
10898 0
10898 0
10898 0
10898 0
10902 0
10902 0
10902 0
10902 0
10902 0
10902 0
10902 0
10902 0
10902 0
10902 0
10902 0
10902 0.65
10902 0
10902 0
10902 0
10902 0
10902 0
10902 0
10902 0
10902 0
10902 0
10902 32.39
10902 0
10902 0
10902 0
10902 0
10902 0
10902 0
10902 0
10902 0
10902 0
10906 0
10906 0
10906 0
10906 0
10906 0
10906 0
10906 0
10906 0
10906 0
10906 0
10906 0
10906 0.94
10906 0
10906 0
10906 0
10906 0
10906 0
10906 0
10906 0
10906 0
10906 0
10906 0
10906 0
10906 0
10906 55.47
10906 0
10906 0
10906 0
10906 0
10906 0
10906 0
10907 0
10907 0
10907 0
10907 0
10907 0
10907 0
10907 0
10907 0
10907 0
10907 0
10907 0
10907 0.69
10907 0
10907 0
10907 0
10907 0
10907 0
10907 0
10907 0
10907 0
10907 0
10907 44.02
10907 0
10907 0
10907 0
10907 0
10907 0
10907 0
10907 0
10907 0
10907 0
10914 0
10914 0
10914 0
10914 0
10914 0
10914 0
10914 0
10914 0
10914 0
10914 0
10914 0
10914 1.47
10914 0
10914 0
10914 0
10914 0
10914 0
10914 0
10914 0
10914 0
10914 0
10914 32.39
10914 0
10914 0
10914 0
10914 0
10914 0
10914 0
10914 0
10914 0
10914 0
10916 0
10916 0
10916 0
10916 0
10916 0
10916 0
10916 0
10916 0
10916 0
10916 0
10916 0
10916 0.5
10916 0
10916 0
10916 0
10916 0
10916 0
10916 0
10916 0
10916 0
10916 0
10916 0
10916 0
10916 0
10916 0
10916 0
10916 0
10916 0
10916 0
10916 0
10916 0
10918 0
10918 0
10918 0
10918 0
10918 0
10918 0
10918 0
10918 0
10918 0
10918 0
10918 0
10918 1.49
10918 0
10918 0
10918 0
10918 0
10918 0
10918 0
10918 0
10918 0
10918 0
10918 0
10918 0
10918 0
10918 0
10918 0
10918 0
10918 0
10918 0
10918 0
10918 0
10925 0
10925 0
10925 0
10925 0
10925 0
10925 0
10925 0
10925 0
10925 0
10925 0
10925 0
10925 1.5
10925 0
10925 0
10925 0
10925 0
10925 0
10925 0
10925 0
10925 0
10925 0
10925 41.85
10925 0
10925 0
10925 0
10925 0
10925 0
10925 0
10925 0
10925 0
10925 0
10927 0
10927 0
10927 0
10927 0
10927 0
10927 0
10927 0
10927 0
10927 0
10927 0
10927 0
10927 0.94
10927 0
10927 0
10927 0
10927 0
10927 0
10927 0
10927 0
10927 0
10927 0
10927 0
10927 0
10927 0
10927 56.21
10927 0
10927 0
10927 0
10927 0
10927 0
10927 0
10935 0
10935 0
10935 0
10935 0
10935 0
10935 0
10935 0
10935 0
10935 0
10935 0
10935 0
10935 0.93
10935 0
10935 0
10935 0
10935 0
10935 0
10935 0
10935 0
10935 0
10935 0
10935 32.39
10935 0
10935 0
10935 0
10935 0
10935 0
10935 0
10935 0
10935 0
10935 0
10936 0
10936 0
10936 0
10936 0
10936 0
10936 0
10936 0
10936 0
10936 0
10936 0
10936 0
10936 1.57
10936 0
10936 0
10936 0
10936 0
10936 0
10936 0
10936 0
10936 0
10936 0
10936 0
10936 0
10936 0
10936 0
10936 0
10936 0
10936 0
10936 0
10936 0
10936 0
10938 0
10938 0
10938 0
10938 0
10938 0
10938 0
10938 0
10938 0
10938 0
10938 0
10938 0
10938 1.49
10938 0
10938 0
10938 0
10938 0
10938 0
10938 0
10938 0
10938 0
10938 0
10938 0
10938 0
10938 0
10938 0
10938 0
10938 0
10938 0
10938 0
10938 0
10938 0
10939 0
10939 0
10939 0
10939 0
10939 0
10939 0
10939 0
10939 0
10939 0
10939 0
10939 0
10939 1.1
10939 0
10939 0
10939 0
10939 0
10939 0
10939 0
10939 0
10939 0
10939 0
10939 41.85
10939 0
10939 0
10939 0
10939 0
10939 0
10939 0
10939 0
10939 0
10939 0
10940 0
10940 0
10940 0
10940 0
10940 0
10940 0
10940 0
10940 0
10940 0
10940 0
10940 0
10940 1.49
10940 0
10940 0
10940 0
10940 0
10940 0
10940 0
10940 0
10940 0
10940 0
10940 0
10940 0
10940 0
10940 0
10940 0
10940 0
10940 0
10940 0
10940 0
10940 0
10941 0
10941 0
10941 0
10941 0
10941 0
10941 0
10941 0
10941 0
10941 0
10941 0
10941 0
10941 0.67
10941 0
10941 0
10941 0
10941 0
10941 0
10941 0
10941 0
10941 0
10941 0
10941 41.85
10941 0
10941 0
10941 0
10941 0
10941 0
10941 0
10941 0
10941 0
10941 0
10942 0
10942 0
10942 0
10942 0
10942 0
10942 0
10942 0
10942 0
10942 0
10942 0
10942 0
10942 1.48
10942 0
10942 0
10942 0
10942 0
10942 0
10942 0
10942 0
10942 0
10942 0
10942 45.7
10942 0
10942 0
10942 0
10942 0
10942 0
10942 0
10942 0
10942 0
10942 0
10944 0
10944 0
10944 0
10944 0
10944 0
10944 0
10944 0
10944 0
10944 0
10944 0
10944 0
10944 1.49
10944 0
10944 0
10944 0
10944 0
10944 0
10944 0
10944 0
10944 0
10944 0
10944 0
10944 0
10944 0
10944 0
10944 0
10944 0
10944 0
10944 0
10944 0
10944 0
10945 0
10945 0
10945 0
10945 0
10945 0
10945 0
10945 0
10945 0
10945 0
10945 0
10945 0
10945 1.49
10945 0
10945 0
10945 0
10945 0
10945 0
10945 0
10945 0
10945 0
10945 0
10945 0
10945 0
10945 0
10945 0
10945 0
10945 0
10945 0
10945 0
10945 0
10945 0
10946 0
10946 0
10946 0
10946 0
10946 0
10946 0
10946 0
10946 0
10946 0
10946 0
10946 0
10946 0.7
10946 0
10946 0
10946 0
10946 0
10946 0
10946 0
10946 0
10946 0
10946 0
10946 3.4
10946 0
10946 0
10946 0
10946 0
10946 0
10946 0
10946 0
10946 0
10946 0
10947 0
10947 0
10947 0
10947 0
10947 0
10947 0
10947 0
10947 0
10947 0
10947 0
10947 0
10947 1.47
10947 0
10947 0
10947 0
10947 0
10947 0
10947 0
10947 0
10947 0
10947 0
10947 0
10947 0
10947 0
10947 0
10947 0
10947 0
10947 0
10947 0
10947 0
10947 0
10948 0
10948 0
10948 0
10948 0
10948 0
10948 0
10948 0
10948 0
10948 0
10948 0
10948 0
10948 0.65
10948 0
10948 0
10948 0
10948 0
10948 0
10948 0
10948 0
10948 0
10948 0
10948 0
10948 0
10948 0
10948 0
10948 0
10948 0
10948 0
10948 0
10948 0
10948 0
10949 0
10949 0
10949 0
10949 0
10949 0
10949 0
10949 0
10949 0
10949 0
10949 0
10949 0
10949 0.92
10949 0
10949 0
10949 0
10949 0
10949 0
10949 0
10949 0
10949 0
10949 0
10949 0
10949 0
10949 0
10949 0
10949 0
10949 0
10949 0
10949 0
10949 0
10949 0
10953 0
10953 0
10953 0
10953 0
10953 0
10953 0
10953 0
10953 0
10953 0
10953 0
10953 0
10953 0.74
10953 0
10953 0
10953 0
10953 0
10953 0
10953 0
10953 0
10953 0
10953 0
10953 108.34
10953 0
10953 0
10953 0
10953 0
10953 0
10953 0
10953 0
10953 0
10953 0
10961 0
10961 0
10961 0
10961 0
10961 0
10961 0
10961 0
10961 0
10961 0
10961 0
10961 0
10961 0.65
10961 0
10961 0
10961 0
10961 0
10961 0
10961 0
10961 0
10961 0
10961 0
10961 32.39
10961 0
10961 0
10961 0
10961 0
10961 0
10961 0
10961 0
10961 0
10961 0
10965 0
10965 0
10965 0
10965 0
10965 0
10965 0
10965 0
10965 0
10965 0
10965 0
10965 0
10965 1.47
10965 0
10965 0
10965 0
10965 0
10965 0
10965 0
10965 0
10965 0
10965 0
10965 32.39
10965 0
10965 0
10965 0
10965 0
10965 0
10965 0
10965 0
10965 0
10965 0
10966 0
10966 0
10966 0
10966 0
10966 0
10966 0
10966 0
10966 0
10966 0
10966 0
10966 0
10966 0.49
10966 0
10966 0
10966 0
10966 0
10966 0
10966 0
10966 0
10966 0
10966 0
10966 0
10966 0
10966 0
10966 0
10966 0
10966 0
10966 0
10966 0
10966 0
10966 0
10967 0
10967 0
10967 0
10967 0
10967 0
10967 0
10967 0
10967 0
10967 0
10967 0
10967 0
10967 0.94
10967 0
10967 0
10967 0
10967 0
10967 0
10967 0
10967 0
10967 0
10967 0
10967 44.02
10967 0
10967 0
10967 0
10967 0
10967 0
10967 0
10967 0
10967 0
10967 0
10968 0
10968 0
10968 0
10968 0
10968 0
10968 0
10968 0
10968 0
10968 0
10968 0
10968 0
10968 0.81
10968 0
10968 0
10968 0
10968 0
10968 0
10968 0
10968 0
10968 0
10968 0
10968 32.39
10968 0
10968 0
10968 0
10968 0
10968 0
10968 0
10968 0
10968 0
10968 0
10973 0
10973 0
10973 0
10973 0
10973 0
10973 0
10973 0
10973 0
10973 0
10973 0
10973 0
10973 0.74
10973 0
10973 0
10973 0
10973 0
10973 0
10973 0
10973 0
10973 0
10973 0
10973 38.81
10973 0
10973 0
10973 0
10973 0
10973 0
10973 0
10973 0
10973 0
10973 0
10976 0
10976 0
10976 0
10976 0
10976 0
10976 0
10976 0
10976 0
10976 0
10976 0
10976 0
10976 0.65
10976 0
10976 0
10976 0
10976 0
10976 0
10976 0
10976 0
10976 0
10976 0
10976 0
10976 0
10976 0
10976 0
10976 0
10976 0
10976 0
10976 0
10976 0
10976 0
10986 0
10986 0
10986 0
10986 0
10986 0
10986 0
10986 0
10986 0
10986 0
10986 0
10986 0
10986 0.61
10986 0
10986 0
10986 0
10986 0
10986 0
10986 0
10986 0
10986 0
10986 0
10986 0
10986 0
10986 0
10986 0
10986 0
10986 0
10986 0
10986 0
10986 0
10986 0
10988 0
10988 0
10988 0
10988 0
10988 0
10988 0
10988 0
10988 0
10988 0
10988 0
10988 0
10988 0.62
10988 0
10988 0
10988 0
10988 0
10988 0
10988 0
10988 0
10988 0
10988 0
10988 32.39
10988 0
10988 0
10988 0
10988 0
10988 0
10988 0
10988 0
10988 0
10988 0
10993 0
10993 0
10993 0
10993 0
10993 0
10993 0
10993 0
10993 0
10993 0
10993 0
10993 0
10993 0.74
10993 0
10993 0
10993 0
10993 0
10993 0
10993 0
10993 0
10993 0
10993 0
10993 0
10993 0
10993 0
10993 0
10993 0
10993 0
10993 0
10993 0
10993 0
10993 0
10999 0
10999 0
10999 0
10999 0
10999 0
10999 0
10999 0
10999 0
10999 0
10999 0
10999 0
10999 0.74
10999 0
10999 0
10999 0
10999 0
10999 0
10999 0
10999 0
10999 0
10999 0
10999 0
10999 0
10999 0
10999 0
10999 0
10999 0
10999 0
10999 0
10999 0
10999 0
11008 0
11008 0
11008 0
11008 0
11008 0
11008 0
11008 0
11008 0
11008 0
11008 0
11008 0
11008 0.89
11008 0
11008 0
11008 0
11008 0
11008 0
11008 0
11008 0
11008 0
11008 0
11008 0
11008 0
11008 0
11008 0
11008 0
11008 0
11008 0
11008 0
11008 0
11008 0
11023 0
11023 0
11023 0
11023 0
11023 0
11023 0
11023 0
11023 0
11023 0
11023 0
11023 0
11023 0.74
11023 0
11023 0
11023 0
11023 0
11023 0
11023 0
11023 0
11023 0
11023 0
11023 0
11023 0
11023 0
11023 0
11023 0
11023 0
11023 0
11023 0
11023 0
11023 0
11028 0
11028 0
11028 0
11028 0
11028 0
11028 0
11028 0
11028 0
11028 0
11028 0
11028 0
11028 0.82
11028 0
11028 0
11028 0
11028 0
11028 0
11028 0
11028 0
11028 0
11028 0
11028 0
11028 0
11028 0
11028 0
11028 0
11028 0
11028 0
11028 0
11028 0
11028 0
