pt_graph scale
6331 0
6331 0
6331 0
6331 2787
6331 0
6331 0
6331 0
6331 0
6331 0
6331 0
6331 0
6331 0
6331 0
6331 0
6331 0
6331 0
6331 0
6331 0
6331 0
6331 0
6331 0
6331 0
6331 0
6331 0
6331 0
6331 0
6331 0
6331 0
6331 0
6331 0
6331 0
6419 0
6419 0
6419 0
6419 5480
6419 0
6419 0
6419 0
6419 0
6419 0
6419 0
6419 0
6419 0
6419 0
6419 0
6419 0
6419 0
6419 0
6419 0
6419 0
6419 0
6419 0
6419 0
6419 0
6419 0
6419 0
6419 0
6419 0
6419 0
6419 0
6419 0
6419 0
6505 0
6505 0
6505 0
6505 9094
6505 0
6505 0
6505 0
6505 0
6505 0
6505 0
6505 0
6505 0
6505 0
6505 0
6505 0
6505 0
6505 0
6505 0
6505 0
6505 0
6505 0
6505 0
6505 0
6505 0
6505 0
6505 0
6505 0
6505 0
6505 0
6505 0
6505 0
6511 0
6511 0
6511 0
6511 2501
6511 0
6511 0
6511 0
6511 0
6511 0
6511 0
6511 0
6511 0
6511 0
6511 0
6511 0
6511 0
6511 0
6511 0
6511 0
6511 0
6511 0
6511 0
6511 0
6511 0
6511 0
6511 0
6511 0
6511 0
6511 0
6511 0
6511 0
6603 0
6603 0
6603 0
6603 6667
6603 0
6603 0
6603 0
6603 0
6603 0
6603 0
6603 0
6603 0
6603 0
6603 0
6603 0
6603 0
6603 0
6603 0
6603 0
6603 0
6603 0
6603 0
6603 0
6603 0
6603 0
6603 0
6603 0
6603 0
6603 0
6603 0
6603 0
6624 0
6624 0
6624 0
6624 6667
6624 0
6624 0
6624 0
6624 0
6624 0
6624 0
6624 0
6624 0
6624 0
6624 0
6624 0
6624 0
6624 0
6624 0
6624 0
6624 0
6624 0
6624 0
6624 0
6624 0
6624 0
6624 0
6624 0
6624 0
6624 0
6624 0
6624 0
7261 0
7261 0
7261 0
7261 6000
7261 0
7261 0
7261 0
7261 0
7261 0
7261 0
7261 0
7261 0
7261 0
7261 0
7261 0
7261 0
7261 0
7261 0
7261 0
7261 0
7261 0
7261 0
7261 0
7261 0
7261 0
7261 0
7261 0
7261 0
7261 0
7261 0
7261 0
7344 0
7344 0
7344 0
7344 3655
7344 0
7344 0
7344 0
7344 0
7344 0
7344 0
7344 0
7344 0
7344 0
7344 0
7344 0
7344 0
7344 0
7344 0
7344 0
7344 0
7344 0
7344 0
7344 0
7344 0
7344 0
7344 0
7344 0
7344 0
7344 0
7344 0
7344 0
7385 0
7385 0
7385 0
7385 6429
7385 0
7385 0
7385 0
7385 0
7385 0
7385 0
7385 0
7385 0
7385 0
7385 0
7385 0
7385 0
7385 0
7385 0
7385 0
7385 0
7385 0
7385 0
7385 0
7385 0
7385 0
7385 0
7385 0
7385 0
7385 0
7385 0
7385 0
7436 0
7436 0
7436 0
7436 2001
7436 0
7436 0
7436 0
7436 0
7436 0
7436 0
7436 0
7436 0
7436 0
7436 0
7436 0
7436 0
7436 0
7436 0
7436 0
7436 0
7436 0
7436 0
7436 0
7436 0
7436 0
7436 0
7436 0
7436 0
7436 0
7436 0
7436 0
7510 0
7510 0
7510 0
7510 2001
7510 0
7510 0
7510 0
7510 0
7510 0
7510 0
7510 0
7510 0
7510 0
7510 0
7510 0
7510 0
7510 0
7510 0
7510 0
7510 0
7510 0
7510 0
7510 0
7510 0
7510 0
7510 0
7510 0
7510 0
7510 0
7510 0
7510 0
7548 0
7548 0
7548 0
7548 5806
7548 0
7548 0
7548 0
7548 0
7548 0
7548 0
7548 0
7548 0
7548 0
7548 0
7548 0
7548 0
7548 0
7548 0
7548 0
7548 0
7548 0
7548 0
7548 0
7548 0
7548 0
7548 0
7548 0
7548 0
7548 0
7548 0
7548 0
7556 0
7556 0
7556 0
7556 4616
7556 0
7556 0
7556 0
7556 0
7556 0
7556 0
7556 0
7556 0
7556 0
7556 0
7556 0
7556 0
7556 0
7556 0
7556 0
7556 0
7556 0
7556 0
7556 0
7556 0
7556 0
7556 0
7556 0
7556 0
7556 0
7556 0
7556 0
7644 0
7644 0
7644 0
7644 9677
7644 0
7644 0
7644 0
7644 0
7644 0
7644 0
7644 0
7644 0
7644 0
7644 0
7644 0
7644 0
7644 0
7644 0
7644 0
7644 0
7644 0
7644 0
7644 0
7644 0
7644 0
7644 0
7644 0
7644 0
7644 0
7644 0
7644 0
7647 0
7647 0
7647 0
7647 3530
7647 0
7647 0
7647 0
7647 0
7647 0
7647 0
7647 0
7647 0
7647 0
7647 0
7647 0
7647 0
7647 0
7647 0
7647 0
7647 0
7647 0
7647 0
7647 0
7647 0
7647 0
7647 0
7647 0
7647 0
7647 0
7647 0
7647 0
7691 0
7691 0
7691 0
7691 2001
7691 0
7691 0
7691 0
7691 0
7691 0
7691 0
7691 0
7691 0
7691 0
7691 0
7691 0
7691 0
7691 0
7691 0
7691 0
7691 0
7691 0
7691 0
7691 0
7691 0
7691 0
7691 0
7691 0
7691 0
7691 0
7691 0
7691 0
7762 0
7762 0
7762 0
7762 5769
7762 0
7762 0
7762 0
7762 0
7762 0
7762 0
7762 0
7762 0
7762 0
7762 0
7762 0
7762 0
7762 0
7762 0
7762 0
7762 0
7762 0
7762 0
7762 0
7762 0
7762 0
7762 0
7762 0
7762 0
7762 0
7762 0
7762 0
7801 0
7801 0
7801 0
7801 5000
7801 0
7801 0
7801 0
7801 0
7801 0
7801 0
7801 0
7801 0
7801 0
7801 0
7801 0
7801 0
7801 0
7801 0
7801 0
7801 0
7801 0
7801 0
7801 0
7801 0
7801 0
7801 0
7801 0
7801 0
7801 0
7801 0
7801 0
7829 0
7829 0
7829 0
7829 5000
7829 0
7829 0
7829 0
7829 0
7829 0
7829 0
7829 0
7829 0
7829 0
7829 0
7829 0
7829 0
7829 0
7829 0
7829 0
7829 0
7829 0
7829 0
7829 0
7829 0
7829 0
7829 0
7829 0
7829 0
7829 0
7829 0
7829 0
7900 0
7900 0
7900 0
7900 2001
7900 0
7900 0
7900 0
7900 0
7900 0
7900 0
7900 0
7900 0
7900 0
7900 0
7900 0
7900 0
7900 0
7900 0
7900 0
7900 0
7900 0
7900 0
7900 0
7900 0
7900 0
7900 0
7900 0
7900 0
7900 0
7900 0
7900 0
7927 0
7927 0
7927 0
7927 4002
7927 0
7927 0
7927 0
7927 0
7927 0
7927 0
7927 0
7927 0
7927 0
7927 0
7927 0
7927 0
7927 0
7927 0
7927 0
7927 0
7927 0
7927 0
7927 0
7927 0
7927 0
7927 0
7927 0
7927 0
7927 0
7927 0
7927 0
7973 0
7973 0
7973 0
7973 4688
7973 0
7973 0
7973 0
7973 0
7973 0
7973 0
7973 0
7973 0
7973 0
7973 0
7973 0
7973 0
7973 0
7973 0
7973 0
7973 0
7973 0
7973 0
7973 0
7973 0
7973 0
7973 0
7973 0
7973 0
7973 0
7973 0
7973 0
8038 0
8038 0
8038 0
8038 6000
8038 0
8038 0
8038 0
8038 0
8038 0
8038 0
8038 0
8038 0
8038 0
8038 0
8038 0
8038 0
8038 0
8038 0
8038 0
8038 0
8038 0
8038 0
8038 0
8038 0
8038 0
8038 0
8038 0
8038 0
8038 0
8038 0
8038 0
8071 0
8071 0
8071 0
8071 6206
8071 0
8071 0
8071 0
8071 0
8071 0
8071 0
8071 0
8071 0
8071 0
8071 0
8071 0
8071 0
8071 0
8071 0
8071 0
8071 0
8071 0
8071 0
8071 0
8071 0
8071 0
8071 0
8071 0
8071 0
8071 0
8071 0
8071 0
8105 0
8105 0
8105 0
8105 7562
8105 0
8105 0
8105 0
8105 0
8105 0
8105 0
8105 0
8105 0
8105 0
8105 0
8105 0
8105 0
8105 0
8105 0
8105 0
8105 0
8105 0
8105 0
8105 0
8105 0
8105 0
8105 0
8105 0
8105 0
8105 0
8105 0
8105 0
8159 0
8159 0
8159 0
8159 2708
8159 0
8159 0
8159 0
8159 0
8159 0
8159 0
8159 0
8159 0
8159 0
8159 0
8159 0
8159 0
8159 0
8159 0
8159 0
8159 0
8159 0
8159 0
8159 0
8159 0
8159 0
8159 0
8159 0
8159 0
8159 0
8159 0
8159 0
8178 0
8178 0
8178 0
8178 5714
8178 0
8178 0
8178 0
8178 0
8178 0
8178 0
8178 0
8178 0
8178 0
8178 0
8178 0
8178 0
8178 0
8178 0
8178 0
8178 0
8178 0
8178 0
8178 0
8178 0
8178 0
8178 0
8178 0
8178 0
8178 0
8178 0
8178 0
8198 0
8198 0
8198 0
8198 5714
8198 0
8198 0
8198 0
8198 0
8198 0
8198 0
8198 0
8198 0
8198 0
8198 0
8198 0
8198 0
8198 0
8198 0
8198 0
8198 0
8198 0
8198 0
8198 0
8198 0
8198 0
8198 0
8198 0
8198 0
8198 0
8198 0
8198 0
8252 0
8252 0
8252 0
8252 4592
8252 0
8252 0
8252 0
8252 0
8252 0
8252 0
8252 0
8252 0
8252 0
8252 0
8252 0
8252 0
8252 0
8252 0
8252 0
8252 0
8252 0
8252 0
8252 0
8252 0
8252 0
8252 0
8252 0
8252 0
8252 0
8252 0
8252 0
8261 0
8261 0
8261 0
8261 5714
8261 0
8261 0
8261 0
8261 0
8261 0
8261 0
8261 0
8261 0
8261 0
8261 0
8261 0
8261 0
8261 0
8261 0
8261 0
8261 0
8261 0
8261 0
8261 0
8261 0
8261 0
8261 0
8261 0
8261 0
8261 0
8261 0
8261 0
8265 0
8265 0
8265 0
8265 8571
8265 0
8265 0
8265 0
8265 0
8265 0
8265 0
8265 0
8265 0
8265 0
8265 0
8265 0
8265 0
8265 0
8265 0
8265 0
8265 0
8265 0
8265 0
8265 0
8265 0
8265 0
8265 0
8265 0
8265 0
8265 0
8265 0
8265 0
8302 0
8302 0
8302 0
8302 5714
8302 0
8302 0
8302 0
8302 0
8302 0
8302 0
8302 0
8302 0
8302 0
8302 0
8302 0
8302 0
8302 0
8302 0
8302 0
8302 0
8302 0
8302 0
8302 0
8302 0
8302 0
8302 0
8302 0
8302 0
8302 0
8302 0
8302 0
8330 0
8330 0
8330 0
8330 6268
8330 0
8330 0
8330 0
8330 0
8330 0
8330 0
8330 0
8330 0
8330 0
8330 0
8330 0
8330 0
8330 0
8330 0
8330 0
8330 0
8330 0
8330 0
8330 0
8330 0
8330 0
8330 0
8330 0
8330 0
8330 0
8330 0
8330 0
8342 0
8342 0
8342 0
8342 6922
8342 0
8342 0
8342 0
8342 0
8342 0
8342 0
8342 0
8342 0
8342 0
8342 0
8342 0
8342 0
8342 0
8342 0
8342 0
8342 0
8342 0
8342 0
8342 0
8342 0
8342 0
8342 0
8342 0
8342 0
8342 0
8342 0
8342 0
8343 0
8343 0
8343 0
8343 3793
8343 0
8343 0
8343 0
8343 0
8343 0
8343 0
8343 0
8343 0
8343 0
8343 0
8343 0
8343 0
8343 0
8343 0
8343 0
8343 0
8343 0
8343 0
8343 0
8343 0
8343 0
8343 0
8343 0
8343 0
8343 0
8343 0
8343 0
8345 0
8345 0
8345 0
8345 5530
8345 0
8345 0
8345 0
8345 0
8345 0
8345 0
8345 0
8345 0
8345 0
8345 0
8345 0
8345 0
8345 0
8345 0
8345 0
8345 0
8345 0
8345 0
8345 0
8345 0
8345 0
8345 0
8345 0
8345 0
8345 0
8345 0
8345 0
8390 0
8390 0
8390 0
8390 3214
8390 0
8390 0
8390 0
8390 0
8390 0
8390 0
8390 0
8390 0
8390 0
8390 0
8390 0
8390 0
8390 0
8390 0
8390 0
8390 0
8390 0
8390 0
8390 0
8390 0
8390 0
8390 0
8390 0
8390 0
8390 0
8390 0
8390 0
8413 0
8413 0
8413 0
8413 2411
8413 0
8413 0
8413 0
8413 0
8413 0
8413 0
8413 0
8413 0
8413 0
8413 0
8413 0
8413 0
8413 0
8413 0
8413 0
8413 0
8413 0
8413 0
8413 0
8413 0
8413 0
8413 0
8413 0
8413 0
8413 0
8413 0
8413 0
8433 0
8433 0
8433 0
8433 3214
8433 0
8433 0
8433 0
8433 0
8433 0
8433 0
8433 0
8433 0
8433 0
8433 0
8433 0
8433 0
8433 0
8433 0
8433 0
8433 0
8433 0
8433 0
8433 0
8433 0
8433 0
8433 0
8433 0
8433 0
8433 0
8433 0
8433 0
8454 0
8454 0
8454 0
8454 6888
8454 0
8454 0
8454 0
8454 0
8454 0
8454 0
8454 0
8454 0
8454 0
8454 0
8454 0
8454 0
8454 0
8454 0
8454 0
8454 0
8454 0
8454 0
8454 0
8454 0
8454 0
8454 0
8454 0
8454 0
8454 0
8454 0
8454 0
8551 0
8551 0
8551 0
8551 6324
8551 0
8551 0
8551 0
8551 0
8551 0
8551 0
8551 0
8551 0
8551 0
8551 0
8551 0
8551 0
8551 0
8551 0
8551 0
8551 0
8551 0
8551 0
8551 0
8551 0
8551 0
8551 0
8551 0
8551 0
8551 0
8551 0
8551 0
8991 0
8991 0
8991 0
8991 2250
8991 0
8991 0
8991 0
8991 0
8991 0
8991 0
8991 0
8991 0
8991 0
8991 0
8991 0
8991 0
8991 0
8991 0
8991 0
8991 0
8991 0
8991 0
8991 0
8991 0
8991 0
8991 0
8991 0
8991 0
8991 0
8991 0
8991 0
9040 0
9040 0
9040 0
9040 2250
9040 0
9040 0
9040 0
9040 0
9040 0
9040 0
9040 0
9040 0
9040 0
9040 0
9040 0
9040 0
9040 0
9040 0
9040 0
9040 0
9040 0
9040 0
9040 0
9040 0
9040 0
9040 0
9040 0
9040 0
9040 0
9040 0
9040 0
9116 0
9116 0
9116 0
9116 2250
9116 0
9116 0
9116 0
9116 0
9116 0
9116 0
9116 0
9116 0
9116 0
9116 0
9116 0
9116 0
9116 0
9116 0
9116 0
9116 0
9116 0
9116 0
9116 0
9116 0
9116 0
9116 0
9116 0
9116 0
9116 0
9116 0
9116 0
9137 0
9137 0
9137 0
9137 2250
9137 0
9137 0
9137 0
9137 0
9137 0
9137 0
9137 0
9137 0
9137 0
9137 0
9137 0
9137 0
9137 0
9137 0
9137 0
9137 0
9137 0
9137 0
9137 0
9137 0
9137 0
9137 0
9137 0
9137 0
9137 0
9137 0
9137 0
9144 0
9144 0
9144 0
9144 1731
9144 0
9144 0
9144 0
9144 0
9144 0
9144 0
9144 0
9144 0
9144 0
9144 0
9144 0
9144 0
9144 0
9144 0
9144 0
9144 0
9144 0
9144 0
9144 0
9144 0
9144 0
9144 0
9144 0
9144 0
9144 0
9144 0
9144 0
9154 0
9154 0
9154 0
9154 3691
9154 0
9154 0
9154 0
9154 0
9154 0
9154 0
9154 0
9154 0
9154 0
9154 0
9154 0
9154 0
9154 0
9154 0
9154 0
9154 0
9154 0
9154 0
9154 0
9154 0
9154 0
9154 0
9154 0
9154 0
9154 0
9154 0
9154 0
9165 0
9165 0
9165 0
9165 8342
9165 0
9165 0
9165 0
9165 0
9165 0
9165 0
9165 0
9165 0
9165 0
9165 0
9165 0
9165 0
9165 0
9165 0
9165 0
9165 0
9165 0
9165 0
9165 0
9165 0
9165 0
9165 0
9165 0
9165 0
9165 0
9165 0
9165 0
9176 0
9176 0
9176 0
9176 6300
9176 0
9176 0
9176 0
9176 0
9176 0
9176 0
9176 0
9176 0
9176 0
9176 0
9176 0
9176 0
9176 0
9176 0
9176 0
9176 0
9176 0
9176 0
9176 0
9176 0
9176 0
9176 0
9176 0
9176 0
9176 0
9176 0
9176 0
9206 0
9206 0
9206 0
9206 2250
9206 0
9206 0
9206 0
9206 0
9206 0
9206 0
9206 0
9206 0
9206 0
9206 0
9206 0
9206 0
9206 0
9206 0
9206 0
9206 0
9206 0
9206 0
9206 0
9206 0
9206 0
9206 0
9206 0
9206 0
9206 0
9206 0
9206 0
9212 0
9212 0
9212 0
9212 7276
9212 0
9212 0
9212 0
9212 0
9212 0
9212 0
9212 0
9212 0
9212 0
9212 0
9212 0
9212 0
9212 0
9212 0
9212 0
9212 0
9212 0
9212 0
9212 0
9212 0
9212 0
9212 0
9212 0
9212 0
9212 0
9212 0
9212 0
9227 0
9227 0
9227 0
9227 2143
9227 0
9227 0
9227 0
9227 0
9227 0
9227 0
9227 0
9227 0
9227 0
9227 0
9227 0
9227 0
9227 0
9227 0
9227 0
9227 0
9227 0
9227 0
9227 0
9227 0
9227 0
9227 0
9227 0
9227 0
9227 0
9227 0
9227 0
9257 0
9257 0
9257 0
9257 2177
9257 0
9257 0
9257 0
9257 0
9257 0
9257 0
9257 0
9257 0
9257 0
9257 0
9257 0
9257 0
9257 0
9257 0
9257 0
9257 0
9257 0
9257 0
9257 0
9257 0
9257 0
9257 0
9257 0
9257 0
9257 0
9257 0
9257 0
9287 0
9287 0
9287 0
9287 2250
9287 0
9287 0
9287 0
9287 0
9287 0
9287 0
9287 0
9287 0
9287 0
9287 0
9287 0
9287 0
9287 0
9287 0
9287 0
9287 0
9287 0
9287 0
9287 0
9287 0
9287 0
9287 0
9287 0
9287 0
9287 0
9287 0
9287 0
9294 0
9294 0
9294 0
9294 2250
9294 0
9294 0
9294 0
9294 0
9294 0
9294 0
9294 0
9294 0
9294 0
9294 0
9294 0
9294 0
9294 0
9294 0
9294 0
9294 0
9294 0
9294 0
9294 0
9294 0
9294 0
9294 0
9294 0
9294 0
9294 0
9294 0
9294 0
9308 0
9308 0
9308 0
9308 7500
9308 0
9308 0
9308 0
9308 0
9308 0
9308 0
9308 0
9308 0
9308 0
9308 0
9308 0
9308 0
9308 0
9308 0
9308 0
9308 0
9308 0
9308 0
9308 0
9308 0
9308 0
9308 0
9308 0
9308 0
9308 0
9308 0
9308 0
9311 0
9311 0
9311 0
9311 2143
9311 0
9311 0
9311 0
9311 0
9311 0
9311 0
9311 0
9311 0
9311 0
9311 0
9311 0
9311 0
9311 0
9311 0
9311 0
9311 0
9311 0
9311 0
9311 0
9311 0
9311 0
9311 0
9311 0
9311 0
9311 0
9311 0
9311 0
9336 0
9336 0
9336 0
9336 2250
9336 0
9336 0
9336 0
9336 0
9336 0
9336 0
9336 0
9336 0
9336 0
9336 0
9336 0
9336 0
9336 0
9336 0
9336 0
9336 0
9336 0
9336 0
9336 0
9336 0
9336 0
9336 0
9336 0
9336 0
9336 0
9336 0
9336 0
9357 0
9357 0
9357 0
9357 2177
9357 0
9357 0
9357 0
9357 0
9357 0
9357 0
9357 0
9357 0
9357 0
9357 0
9357 0
9357 0
9357 0
9357 0
9357 0
9357 0
9357 0
9357 0
9357 0
9357 0
9357 0
9357 0
9357 0
9357 0
9357 0
9357 0
9357 0
9381 0
9381 0
9381 0
9381 2250
9381 0
9381 0
9381 0
9381 0
9381 0
9381 0
9381 0
9381 0
9381 0
9381 0
9381 0
9381 0
9381 0
9381 0
9381 0
9381 0
9381 0
9381 0
9381 0
9381 0
9381 0
9381 0
9381 0
9381 0
9381 0
9381 0
9381 0
9390 0
9390 0
9390 0
9390 2250
9390 0
9390 0
9390 0
9390 0
9390 0
9390 0
9390 0
9390 0
9390 0
9390 0
9390 0
9390 0
9390 0
9390 0
9390 0
9390 0
9390 0
9390 0
9390 0
9390 0
9390 0
9390 0
9390 0
9390 0
9390 0
9390 0
9390 0
9466 0
9466 0
9466 0
9466 2250
9466 0
9466 0
9466 0
9466 0
9466 0
9466 0
9466 0
9466 0
9466 0
9466 0
9466 0
9466 0
9466 0
9466 0
9466 0
9466 0
9466 0
9466 0
9466 0
9466 0
9466 0
9466 0
9466 0
9466 0
9466 0
9466 0
9466 0
10608 0
10608 0
10608 0
10608 0
10608 2596
10608 0
10608 0
10608 0
10608 0
10608 0
10608 0
10608 0
10608 0
10608 0
10608 0
10608 0
10608 0
10608 0
10608 0
10608 0
10608 0
10608 0
10608 0
10608 0
10608 0
10608 0
10608 0
10608 0
10608 0
10608 0
10608 0
10866 0
10866 0
10866 0
10866 0
10866 3306
10866 0
10866 0
10866 0
10866 0
10866 0
10866 0
10866 0
10866 0
10866 0
10866 0
10866 0
10866 0
10866 0
10866 0
10866 0
10866 0
10866 0
10866 0
10866 0
10866 0
10866 0
10866 0
10866 0
10866 0
10866 0
10866 0
10871 0
10871 0
10871 0
10871 0
10871 752
10871 0
10871 0
10871 0
10871 0
10871 0
10871 0
10871 0
10871 0
10871 0
10871 0
10871 0
10871 0
10871 0
10871 0
10871 0
10871 0
10871 0
10871 0
10871 0
10871 0
10871 0
10871 0
10871 0
10871 0
10871 0
10871 0
10879 0
10879 0
10879 0
10879 0
10879 3887
10879 0
10879 0
10879 0
10879 0
10879 0
10879 0
10879 0
10879 0
10879 0
10879 0
10879 0
10879 0
10879 0
10879 0
10879 0
10879 0
10879 0
10879 0
10879 0
10879 0
10879 0
10879 0
10879 0
10879 0
10879 0
10879 0
10882 0
10882 0
10882 0
10882 0
10882 4666
10882 0
10882 0
10882 0
10882 0
10882 0
10882 0
10882 0
10882 0
10882 0
10882 0
10882 0
10882 0
10882 0
10882 0
10882 0
10882 0
10882 0
10882 0
10882 0
10882 0
10882 0
10882 0
10882 0
10882 0
10882 0
10882 0
10906 0
10906 0
10906 0
10906 0
10906 3487
10906 0
10906 0
10906 0
10906 0
10906 0
10906 0
10906 0
10906 0
10906 0
10906 0
10906 0
10906 0
10906 0
10906 0
10906 0
10906 0
10906 0
10906 0
10906 0
10906 0
10906 0
10906 0
10906 0
10906 0
10906 0
10906 0
10927 0
10927 0
10927 0
10927 0
10927 2898
10927 0
10927 0
10927 0
10927 0
10927 0
10927 0
10927 0
10927 0
10927 0
10927 0
10927 0
10927 0
10927 0
10927 0
10927 0
10927 0
10927 0
10927 0
10927 0
10927 0
10927 0
10927 0
10927 0
10927 0
10927 0
10927 0
10956 0
10956 0
10956 0
10956 0
10956 2270
10956 0
10956 0
10956 0
10956 0
10956 0
10956 0
10956 0
10956 0
10956 0
10956 0
10956 0
10956 0
10956 0
10956 0
10956 0
10956 0
10956 0
10956 0
10956 0
10956 0
10956 0
10956 0
10956 0
10956 0
10956 0
10956 0
