pt_graph shape
5536 0
5536 30.61
5536 0
5536 0
5536 0
5536 0
5536 0
5536 0
5536 0
5536 0
5536 0
5536 0
5536 0
5536 0
5536 0
5536 0
5536 0
5536 0
5536 0
5536 0
5536 0
5536 0
5536 0
5536 0
5536 0
5536 0
5536 0
5536 0
5536 0
5536 0
5536 0
5562 0
5562 38.37
5562 0
5562 0
5562 0
5562 0
5562 0
5562 0
5562 0
5562 0
5562 0
5562 0
5562 0
5562 0
5562 0
5562 0
5562 0
5562 0
5562 0
5562 0
5562 0
5562 0
5562 0
5562 0
5562 0
5562 0
5562 0
5562 0
5562 0
5562 0
5562 0
5579 0
5579 30
5579 0
5579 0
5579 0
5579 0
5579 0
5579 0
5579 0
5579 0
5579 0
5579 0
5579 0
5579 0
5579 0
5579 0
5579 0
5579 0
5579 0
5579 0
5579 0
5579 0
5579 0
5579 0
5579 0
5579 0
5579 0
5579 0
5579 0
5579 0
5579 0
5596 0
5596 33.7
5596 0
5596 0
5596 0
5596 0
5596 0
5596 0
5596 0
5596 0
5596 0
5596 0
5596 0
5596 0
5596 0
5596 0
5596 0
5596 0
5596 0
5596 0
5596 0
5596 0
5596 0
5596 0
5596 0
5596 0
5596 0
5596 0
5596 0
5596 0
5596 0
5611 0
5611 36.23
5611 0
5611 0
5611 0
5611 0
5611 0
5611 0
5611 0
5611 0
5611 0
5611 0
5611 0
5611 0
5611 0
5611 0
5611 0
5611 0
5611 0
5611 0
5611 0
5611 0
5611 0
5611 0
5611 0
5611 0
5611 0
5611 0
5611 0
5611 0
5611 0
5623 0
5623 19.32
5623 0
5623 0
5623 0
5623 0
5623 0
5623 0
5623 0
5623 0
5623 0
5623 0
5623 0
5623 0
5623 0
5623 0
5623 0
5623 0
5623 0
5623 0
5623 0
5623 0
5623 0
5623 0
5623 0
5623 0
5623 0
5623 0
5623 0
5623 0
5623 0
5624 0
5624 30.06
5624 0
5624 0
5624 0
5624 0
5624 0
5624 0
5624 0
5624 0
5624 0
5624 0
5624 0
5624 0
5624 0
5624 0
5624 0
5624 0
5624 0
5624 0
5624 0
5624 0
5624 0
5624 0
5624 0
5624 0
5624 0
5624 0
5624 0
5624 0
5624 0
5636 0
5636 28.93
5636 0
5636 0
5636 0
5636 0
5636 0
5636 0
5636 0
5636 0
5636 0
5636 0
5636 0
5636 0
5636 0
5636 0
5636 0
5636 0
5636 0
5636 0
5636 0
5636 0
5636 0
5636 0
5636 0
5636 0
5636 0
5636 0
5636 0
5636 0
5636 0
5654 0
5654 32.72
5654 0
5654 0
5654 0
5654 0
5654 0
5654 0
5654 0
5654 0
5654 0
5654 0
5654 0
5654 0
5654 0
5654 0
5654 0
5654 0
5654 0
5654 0
5654 0
5654 0
5654 0
5654 0
5654 0
5654 0
5654 0
5654 0
5654 0
5654 0
5654 0
5680 0
5680 15.52
5680 0
5680 0
5680 0
5680 0
5680 0
5680 0
5680 0
5680 0
5680 0
5680 0
5680 0
5680 0
5680 0
5680 0
5680 0
5680 0
5680 0
5680 0
5680 0
5680 0
5680 0
5680 0
5680 0
5680 0
5680 0
5680 0
5680 0
5680 0
5680 0
5689 0
5689 15.83
5689 0
5689 0
5689 0
5689 0
5689 0
5689 0
5689 0
5689 0
5689 0
5689 0
5689 0
5689 0
5689 0
5689 0
5689 0
5689 0
5689 0
5689 0
5689 0
5689 0
5689 0
5689 0
5689 0
5689 0
5689 0
5689 0
5689 0
5689 0
5689 0
5697 0
5697 67.5
5697 0
5697 0
5697 0
5697 0
5697 0
5697 0
5697 0
5697 0
5697 0
5697 0
5697 0
5697 0
5697 0
5697 0
5697 0
5697 0
5697 0
5697 0
5697 0
5697 0
5697 0
5697 0
5697 0
5697 0
5697 0
5697 0
5697 0
5697 0
5697 0
5710 0
5710 46.58
5710 0
5710 0
5710 0
5710 0
5710 0
5710 0
5710 0
5710 0
5710 0
5710 0
5710 0
5710 0
5710 0
5710 0
5710 0
5710 0
5710 0
5710 0
5710 0
5710 0
5710 0
5710 0
5710 0
5710 0
5710 0
5710 0
5710 0
5710 0
5710 0
5719 0
5719 16.46
5719 0
5719 0
5719 0
5719 0
5719 0
5719 0
5719 0
5719 0
5719 0
5719 0
5719 0
5719 0
5719 0
5719 0
5719 0
5719 0
5719 0
5719 0
5719 0
5719 0
5719 0
5719 0
5719 0
5719 0
5719 0
5719 0
5719 0
5719 0
5719 0
5741 0
5741 12.48
5741 0
5741 0
5741 0
5741 0
5741 0
5741 0
5741 0
5741 0
5741 0
5741 0
5741 0
5741 0
5741 0
5741 0
5741 0
5741 0
5741 0
5741 0
5741 0
5741 0
5741 0
5741 0
5741 0
5741 0
5741 0
5741 0
5741 0
5741 0
5741 0
5744 0
5744 6.66
5744 0
5744 0
5744 0
5744 0
5744 0
5744 0
5744 0
5744 0
5744 0
5744 0
5744 0
5744 0
5744 0
5744 0
5744 0
5744 0
5744 0
5744 0
5744 0
5744 0
5744 0
5744 0
5744 0
5744 0
5744 0
5744 0
5744 0
5744 0
5744 0
5770 0
5770 52.21
5770 0
5770 0
5770 0
5770 0
5770 0
5770 0
5770 0
5770 0
5770 0
5770 0
5770 0
5770 0
5770 0
5770 0
5770 0
5770 0
5770 0
5770 0
5770 0
5770 0
5770 0
5770 0
5770 0
5770 0
5770 0
5770 0
5770 0
5770 0
5770 0
5829 0
5829 28.94
5829 0
5829 0
5829 0
5829 0
5829 0
5829 0
5829 0
5829 0
5829 0
5829 0
5829 0
5829 0
5829 0
5829 0
5829 0
5829 0
5829 0
5829 0
5829 0
5829 0
5829 0
5829 0
5829 0
5829 0
5829 0
5829 0
5829 0
5829 0
5829 0
5859 0
5859 10.42
5859 0
5859 0
5859 0
5859 0
5859 0
5859 0
5859 0
5859 0
5859 0
5859 0
5859 0
5859 0
5859 0
5859 0
5859 0
5859 0
5859 0
5859 0
5859 0
5859 0
5859 0
5859 0
5859 0
5859 0
5859 0
5859 0
5859 0
5859 0
5859 0
5870 0
5870 58.87
5870 0
5870 0
5870 0
5870 0
5870 0
5870 0
5870 0
5870 0
5870 0
5870 0
5870 0
5870 0
5870 0
5870 0
5870 0
5870 0
5870 0
5870 0
5870 0
5870 0
5870 0
5870 0
5870 0
5870 0
5870 0
5870 0
5870 0
5870 0
5870 0
5879 0
5879 3.78
5879 0
5879 0
5879 0
5879 0
5879 0
5879 0
5879 0
5879 0
5879 0
5879 0
5879 0
5879 0
5879 0
5879 0
5879 0
5879 0
5879 0
5879 0
5879 0
5879 0
5879 0
5879 0
5879 0
5879 0
5879 0
5879 0
5879 0
5879 0
5879 0
5890 0
5890 71.81
5890 0
5890 0
5890 0
5890 0
5890 0
5890 0
5890 0
5890 0
5890 0
5890 0
5890 0
5890 0
5890 0
5890 0
5890 0
5890 0
5890 0
5890 0
5890 0
5890 0
5890 0
5890 0
5890 0
5890 0
5890 0
5890 0
5890 0
5890 0
5890 0
5899 0
5899 5.81
5899 0
5899 0
5899 0
5899 0
5899 0
5899 0
5899 0
5899 0
5899 0
5899 0
5899 0
5899 0
5899 0
5899 0
5899 0
5899 0
5899 0
5899 0
5899 0
5899 0
5899 0
5899 0
5899 0
5899 0
5899 0
5899 0
5899 0
5899 0
5899 0
5907 0
5907 3.44
5907 0
5907 0
5907 0
5907 0
5907 0
5907 0
5907 0
5907 0
5907 0
5907 0
5907 0
5907 0
5907 0
5907 0
5907 0
5907 0
5907 0
5907 0
5907 0
5907 0
5907 0
5907 0
5907 0
5907 0
5907 0
5907 0
5907 0
5907 0
5907 0
5911 0
5911 4.76
5911 0
5911 0
5911 0
5911 0
5911 0
5911 0
5911 0
5911 0
5911 0
5911 0
5911 0
5911 0
5911 0
5911 0
5911 0
5911 0
5911 0
5911 0
5911 0
5911 0
5911 0
5911 0
5911 0
5911 0
5911 0
5911 0
5911 0
5911 0
5911 0
5919 0
5919 8.03
5919 0
5919 0
5919 0
5919 0
5919 0
5919 0
5919 0
5919 0
5919 0
5919 0
5919 0
5919 0
5919 0
5919 0
5919 0
5919 0
5919 0
5919 0
5919 0
5919 0
5919 0
5919 0
5919 0
5919 0
5919 0
5919 0
5919 0
5919 0
5919 0
5959 0
5959 9.29
5959 0
5959 0
5959 0
5959 0
5959 0
5959 0
5959 0
5959 0
5959 0
5959 0
5959 0
5959 0
5959 0
5959 0
5959 0
5959 0
5959 0
5959 0
5959 0
5959 0
5959 0
5959 0
5959 0
5959 0
5959 0
5959 0
5959 0
5959 0
5959 0
5971 0
5971 36.66
5971 0
5971 0
5971 0
5971 0
5971 0
5971 0
5971 0
5971 0
5971 0
5971 0
5971 0
5971 0
5971 0
5971 0
5971 0
5971 0
5971 0
5971 0
5971 0
5971 0
5971 0
5971 0
5971 0
5971 0
5971 0
5971 0
5971 0
5971 0
5971 0
5973 0
5973 4.03
5973 0
5973 0
5973 0
5973 0
5973 0
5973 0
5973 0
5973 0
5973 0
5973 0
5973 0
5973 0
5973 0
5973 0
5973 0
5973 0
5973 0
5973 0
5973 0
5973 0
5973 0
5973 0
5973 0
5973 0
5973 0
5973 0
5973 0
5973 0
5973 0
5977 0
5977 40.48
5977 0
5977 0
5977 0
5977 0
5977 0
5977 0
5977 0
5977 0
5977 0
5977 0
5977 0
5977 0
5977 0
5977 0
5977 0
5977 0
5977 0
5977 0
5977 0
5977 0
5977 0
5977 0
5977 0
5977 0
5977 0
5977 0
5977 0
5977 0
5977 0
5981 0
5981 15.58
5981 0
5981 0
5981 0
5981 0
5981 0
5981 0
5981 0
5981 0
5981 0
5981 0
5981 0
5981 0
5981 0
5981 0
5981 0
5981 0
5981 0
5981 0
5981 0
5981 0
5981 0
5981 0
5981 0
5981 0
5981 0
5981 0
5981 0
5981 0
5981 0
5996 0
5996 3.89
5996 0
5996 0
5996 0
5996 0
5996 0
5996 0
5996 0
5996 0
5996 0
5996 0
5996 0
5996 0
5996 0
5996 0
5996 0
5996 0
5996 0
5996 0
5996 0
5996 0
5996 0
5996 0
5996 0
5996 0
5996 0
5996 0
5996 0
5996 0
5996 0
5998 0
5998 3.68
5998 0
5998 0
5998 0
5998 0
5998 0
5998 0
5998 0
5998 0
5998 0
5998 0
5998 0
5998 0
5998 0
5998 0
5998 0
5998 0
5998 0
5998 0
5998 0
5998 0
5998 0
5998 0
5998 0
5998 0
5998 0
5998 0
5998 0
5998 0
5998 0
6002 0
6002 35.69
6002 0
6002 0
6002 0
6002 0
6002 0
6002 0
6002 0
6002 0
6002 0
6002 0
6002 0
6002 0
6002 0
6002 0
6002 0
6002 0
6002 0
6002 0
6002 0
6002 0
6002 0
6002 0
6002 0
6002 0
6002 0
6002 0
6002 0
6002 0
6002 0
6025 0
6025 33.84
6025 0
6025 0
6025 0
6025 0
6025 0
6025 0
6025 0
6025 0
6025 0
6025 0
6025 0
6025 0
6025 0
6025 0
6025 0
6025 0
6025 0
6025 0
6025 0
6025 0
6025 0
6025 0
6025 0
6025 0
6025 0
6025 0
6025 0
6025 0
6025 0
6030 0
6030 41.09
6030 0
6030 0
6030 0
6030 0
6030 0
6030 0
6030 0
6030 0
6030 0
6030 0
6030 0
6030 0
6030 0
6030 0
6030 0
6030 0
6030 0
6030 0
6030 0
6030 0
6030 0
6030 0
6030 0
6030 0
6030 0
6030 0
6030 0
6030 0
6030 0
6032 0
6032 3.48
6032 0
6032 0
6032 0
6032 0
6032 0
6032 0
6032 0
6032 0
6032 0
6032 0
6032 0
6032 0
6032 0
6032 0
6032 0
6032 0
6032 0
6032 0
6032 0
6032 0
6032 0
6032 0
6032 0
6032 0
6032 0
6032 0
6032 0
6032 0
6032 0
6036 0
6036 4.26
6036 0
6036 0
6036 0
6036 0
6036 0
6036 0
6036 0
6036 0
6036 0
6036 0
6036 0
6036 0
6036 0
6036 0
6036 0
6036 0
6036 0
6036 0
6036 0
6036 0
6036 0
6036 0
6036 0
6036 0
6036 0
6036 0
6036 0
6036 0
6036 0
6038 0
6038 40.48
6038 0
6038 0
6038 0
6038 0
6038 0
6038 0
6038 0
6038 0
6038 0
6038 0
6038 0
6038 0
6038 0
6038 0
6038 0
6038 0
6038 0
6038 0
6038 0
6038 0
6038 0
6038 0
6038 0
6038 0
6038 0
6038 0
6038 0
6038 0
6038 0
6046 0
6046 43.2
6046 0
6046 0
6046 0
6046 0
6046 0
6046 0
6046 0
6046 0
6046 0
6046 0
6046 0
6046 0
6046 0
6046 0
6046 0
6046 0
6046 0
6046 0
6046 0
6046 0
6046 0
6046 0
6046 0
6046 0
6046 0
6046 0
6046 0
6046 0
6046 0
6050 0
6050 2.08
6050 0
6050 0
6050 0
6050 0
6050 0
6050 0
6050 0
6050 0
6050 0
6050 0
6050 0
6050 0
6050 0
6050 0
6050 0
6050 0
6050 0
6050 0
6050 0
6050 0
6050 0
6050 0
6050 0
6050 0
6050 0
6050 0
6050 0
6050 0
6050 0
6062 0
6062 42.08
6062 0
6062 0
6062 0
6062 0
6062 0
6062 0
6062 0
6062 0
6062 0
6062 0
6062 0
6062 0
6062 0
6062 0
6062 0
6062 0
6062 0
6062 0
6062 0
6062 0
6062 0
6062 0
6062 0
6062 0
6062 0
6062 0
6062 0
6062 0
6062 0
6066 0
6066 30.83
6066 0
6066 0
6066 0
6066 0
6066 0
6066 0
6066 0
6066 0
6066 0
6066 0
6066 0
6066 0
6066 0
6066 0
6066 0
6066 0
6066 0
6066 0
6066 0
6066 0
6066 0
6066 0
6066 0
6066 0
6066 0
6066 0
6066 0
6066 0
6066 0
6067 0
6067 42.08
6067 0
6067 0
6067 0
6067 0
6067 0
6067 0
6067 0
6067 0
6067 0
6067 0
6067 0
6067 0
6067 0
6067 0
6067 0
6067 0
6067 0
6067 0
6067 0
6067 0
6067 0
6067 0
6067 0
6067 0
6067 0
6067 0
6067 0
6067 0
6067 0
6086 0
6086 42.08
6086 0
6086 0
6086 0
6086 0
6086 0
6086 0
6086 0
6086 0
6086 0
6086 0
6086 0
6086 0
6086 0
6086 0
6086 0
6086 0
6086 0
6086 0
6086 0
6086 0
6086 0
6086 0
6086 0
6086 0
6086 0
6086 0
6086 0
6086 0
6086 0
6087 0
6087 4.44
6087 0
6087 0
6087 0
6087 0
6087 0
6087 0
6087 0
6087 0
6087 0
6087 0
6087 0
6087 0
6087 0
6087 0
6087 0
6087 0
6087 0
6087 0
6087 0
6087 0
6087 0
6087 0
6087 0
6087 0
6087 0
6087 0
6087 0
6087 0
6087 0
6088 0
6088 11
6088 0
6088 0
6088 0
6088 0
6088 0
6088 0
6088 0
6088 0
6088 0
6088 0
6088 0
6088 0
6088 0
6088 0
6088 0
6088 0
6088 0
6088 0
6088 0
6088 0
6088 0
6088 0
6088 0
6088 0
6088 0
6088 0
6088 0
6088 0
6088 0
6093 0
6093 42.08
6093 0
6093 0
6093 0
6093 0
6093 0
6093 0
6093 0
6093 0
6093 0
6093 0
6093 0
6093 0
6093 0
6093 0
6093 0
6093 0
6093 0
6093 0
6093 0
6093 0
6093 0
6093 0
6093 0
6093 0
6093 0
6093 0
6093 0
6093 0
6093 0
6109 0
6109 4.03
6109 0
6109 0
6109 0
6109 0
6109 0
6109 0
6109 0
6109 0
6109 0
6109 0
6109 0
6109 0
6109 0
6109 0
6109 0
6109 0
6109 0
6109 0
6109 0
6109 0
6109 0
6109 0
6109 0
6109 0
6109 0
6109 0
6109 0
6109 0
6109 0
6112 0
6112 5.41
6112 0
6112 0
6112 0
6112 0
6112 0
6112 0
6112 0
6112 0
6112 0
6112 0
6112 0
6112 0
6112 0
6112 0
6112 0
6112 0
6112 0
6112 0
6112 0
6112 0
6112 0
6112 0
6112 0
6112 0
6112 0
6112 0
6112 0
6112 0
6112 0
6127 0
6127 28.58
6127 0
6127 0
6127 0
6127 0
6127 0
6127 0
6127 0
6127 0
6127 0
6127 0
6127 0
6127 0
6127 0
6127 0
6127 0
6127 0
6127 0
6127 0
6127 0
6127 0
6127 0
6127 0
6127 0
6127 0
6127 0
6127 0
6127 0
6127 0
6127 0
6130 0
6130 30.49
6130 0
6130 0
6130 0
6130 0
6130 0
6130 0
6130 0
6130 0
6130 0
6130 0
6130 0
6130 0
6130 0
6130 0
6130 0
6130 0
6130 0
6130 0
6130 0
6130 0
6130 0
6130 0
6130 0
6130 0
6130 0
6130 0
6130 0
6130 0
6130 0
6142 0
6142 0.69
6142 0
6142 0
6142 0
6142 0
6142 0
6142 0
6142 0
6142 0
6142 0
6142 0
6142 0
6142 0
6142 0
6142 0
6142 0
6142 0
6142 0
6142 0
6142 0
6142 0
6142 0
6142 0
6142 0
6142 0
6142 0
6142 0
6142 0
6142 0
6142 0
6143 0
6143 65.28
6143 0
6143 0
6143 0
6143 0
6143 0
6143 0
6143 0
6143 0
6143 0
6143 0
6143 0
6143 0
6143 0
6143 0
6143 0
6143 0
6143 0
6143 0
6143 0
6143 0
6143 0
6143 0
6143 0
6143 0
6143 0
6143 0
6143 0
6143 0
6143 0
6153 0
6153 0.64
6153 0
6153 0
6153 0
6153 0
6153 0
6153 0
6153 0
6153 0
6153 0
6153 0
6153 0
6153 0
6153 0
6153 0
6153 0
6153 0
6153 0
6153 0
6153 0
6153 0
6153 0
6153 0
6153 0
6153 0
6153 0
6153 0
6153 0
6153 0
6153 0
6156 0
6156 53.39
6156 0
6156 0
6156 0
6156 0
6156 0
6156 0
6156 0
6156 0
6156 0
6156 0
6156 0
6156 0
6156 0
6156 0
6156 0
6156 0
6156 0
6156 0
6156 0
6156 0
6156 0
6156 0
6156 0
6156 0
6156 0
6156 0
6156 0
6156 0
6156 0
6160 0
6160 21.28
6160 0
6160 0
6160 0
6160 0
6160 0
6160 0
6160 0
6160 0
6160 0
6160 0
6160 0
6160 0
6160 0
6160 0
6160 0
6160 0
6160 0
6160 0
6160 0
6160 0
6160 0
6160 0
6160 0
6160 0
6160 0
6160 0
6160 0
6160 0
6160 0
6185 0
6185 10.33
6185 0
6185 0
6185 0
6185 0
6185 0
6185 0
6185 0
6185 0
6185 0
6185 0
6185 0
6185 0
6185 0
6185 0
6185 0
6185 0
6185 0
6185 0
6185 0
6185 0
6185 0
6185 0
6185 0
6185 0
6185 0
6185 0
6185 0
6185 0
6185 0
6200 0
6200 19.34
6200 0
6200 0
6200 0
6200 0
6200 0
6200 0
6200 0
6200 0
6200 0
6200 0
6200 0
6200 0
6200 0
6200 0
6200 0
6200 0
6200 0
6200 0
6200 0
6200 0
6200 0
6200 0
6200 0
6200 0
6200 0
6200 0
6200 0
6200 0
6200 0
6213 0
6213 11.95
6213 0
6213 0
6213 0
6213 0
6213 0
6213 0
6213 0
6213 0
6213 0
6213 0
6213 0
6213 0
6213 0
6213 0
6213 0
6213 0
6213 0
6213 0
6213 0
6213 0
6213 0
6213 0
6213 0
6213 0
6213 0
6213 0
6213 0
6213 0
6213 0
6243 0
6243 8.73
6243 0
6243 0
6243 0
6243 0
6243 0
6243 0
6243 0
6243 0
6243 0
6243 0
6243 0
6243 0
6243 0
6243 0
6243 0
6243 0
6243 0
6243 0
6243 0
6243 0
6243 0
6243 0
6243 0
6243 0
6243 0
6243 0
6243 0
6243 0
6243 0
6267 0
6267 27.96
6267 0
6267 0
6267 0
6267 0
6267 0
6267 0
6267 0
6267 0
6267 0
6267 0
6267 0
6267 0
6267 0
6267 0
6267 0
6267 0
6267 0
6267 0
6267 0
6267 0
6267 0
6267 0
6267 0
6267 0
6267 0
6267 0
6267 0
6267 0
6267 0
6268 0
6268 3.31
6268 0
6268 0
6268 0
6268 0
6268 0
6268 0
6268 0
6268 0
6268 0
6268 0
6268 0
6268 0
6268 0
6268 0
6268 0
6268 0
6268 0
6268 0
6268 0
6268 0
6268 0
6268 0
6268 0
6268 0
6268 0
6268 0
6268 0
6268 0
6268 0
6271 0
6271 1.06
6271 0
6271 0
6271 0
6271 0
6271 0
6271 0
6271 0
6271 0
6271 0
6271 0
6271 0
6271 0
6271 0
6271 0
6271 0
6271 0
6271 0
6271 0
6271 0
6271 0
6271 0
6271 0
6271 0
6271 0
6271 0
6271 0
6271 0
6271 0
6271 0
6272 0
6272 32.86
6272 0
6272 0
6272 0
6272 0
6272 0
6272 0
6272 0
6272 0
6272 0
6272 0
6272 0
6272 0
6272 0
6272 0
6272 0
6272 0
6272 0
6272 0
6272 0
6272 0
6272 0
6272 0
6272 0
6272 0
6272 0
6272 0
6272 0
6272 0
6272 0
6273 0
6273 8.84
6273 0
6273 0
6273 0
6273 0
6273 0
6273 0
6273 0
6273 0
6273 0
6273 0
6273 0
6273 0
6273 0
6273 0
6273 0
6273 0
6273 0
6273 0
6273 0
6273 0
6273 0
6273 0
6273 0
6273 0
6273 0
6273 0
6273 0
6273 0
6273 0
6284 0
6284 1.98
6284 0
6284 0
6284 0
6284 0
6284 0
6284 0
6284 0
6284 0
6284 0
6284 0
6284 0
6284 0
6284 0
6284 0
6284 0
6284 0
6284 0
6284 0
6284 0
6284 0
6284 0
6284 0
6284 0
6284 0
6284 0
6284 0
6284 0
6284 0
6284 0
6285 0
6285 53.39
6285 0
6285 0
6285 0
6285 0
6285 0
6285 0
6285 0
6285 0
6285 0
6285 0
6285 0
6285 0
6285 0
6285 0
6285 0
6285 0
6285 0
6285 0
6285 0
6285 0
6285 0
6285 0
6285 0
6285 0
6285 0
6285 0
6285 0
6285 0
6285 0
6309 0
6309 29.8
6309 0
6309 0
6309 0
6309 0
6309 0
6309 0
6309 0
6309 0
6309 0
6309 0
6309 0
6309 0
6309 0
6309 0
6309 0
6309 0
6309 0
6309 0
6309 0
6309 0
6309 0
6309 0
6309 0
6309 0
6309 0
6309 0
6309 0
6309 0
6309 0
6312 0
6312 23.1
6312 0
6312 0
6312 0
6312 0
6312 0
6312 0
6312 0
6312 0
6312 0
6312 0
6312 0
6312 0
6312 0
6312 0
6312 0
6312 0
6312 0
6312 0
6312 0
6312 0
6312 0
6312 0
6312 0
6312 0
6312 0
6312 0
6312 0
6312 0
6312 0
6315 0
6315 0.42
6315 0
6315 0
6315 0
6315 0
6315 0
6315 0
6315 0
6315 0
6315 0
6315 0
6315 0
6315 0
6315 0
6315 0
6315 0
6315 0
6315 0
6315 0
6315 0
6315 0
6315 0
6315 0
6315 0
6315 0
6315 0
6315 0
6315 0
6315 0
6315 0
6327 0
6327 24.15
6327 0
6327 0
6327 0
6327 0
6327 0
6327 0
6327 0
6327 0
6327 0
6327 0
6327 0
6327 0
6327 0
6327 0
6327 0
6327 0
6327 0
6327 0
6327 0
6327 0
6327 0
6327 0
6327 0
6327 0
6327 0
6327 0
6327 0
6327 0
6327 0
6331 0
6331 27.1
6331 0
6331 0
6331 0
6331 0
6331 0
6331 0
6331 0
6331 0
6331 0
6331 0
6331 0
6331 0
6331 0
6331 0
6331 0
6331 0
6331 0
6331 0
6331 0
6331 0
6331 0
6331 0
6331 0
6331 0
6331 0
6331 0
6331 0
6331 0
6331 0
6334 0
6334 44.63
6334 0
6334 0
6334 0
6334 0
6334 0
6334 0
6334 0
6334 0
6334 0
6334 0
6334 0
6334 0
6334 0
6334 0
6334 0
6334 0
6334 0
6334 0
6334 0
6334 0
6334 0
6334 0
6334 0
6334 0
6334 0
6334 0
6334 0
6334 0
6334 0
6339 0
6339 56.13
6339 0
6339 0
6339 0
6339 0
6339 0
6339 0
6339 0
6339 0
6339 0
6339 0
6339 0
6339 0
6339 0
6339 0
6339 0
6339 0
6339 0
6339 0
6339 0
6339 0
6339 0
6339 0
6339 0
6339 0
6339 0
6339 0
6339 0
6339 0
6339 0
6356 0
6356 1.28
6356 0
6356 0
6356 0
6356 0
6356 0
6356 0
6356 0
6356 0
6356 0
6356 0
6356 0
6356 0
6356 0
6356 0
6356 0
6356 0
6356 0
6356 0
6356 0
6356 0
6356 0
6356 0
6356 0
6356 0
6356 0
6356 0
6356 0
6356 0
6356 0
6367 0
6367 4.97
6367 0
6367 0
6367 0
6367 0
6367 0
6367 0
6367 0
6367 0
6367 0
6367 0
6367 0
6367 0
6367 0
6367 0
6367 0
6367 0
6367 0
6367 0
6367 0
6367 0
6367 0
6367 0
6367 0
6367 0
6367 0
6367 0
6367 0
6367 0
6367 0
6402 0
6402 2.17
6402 0
6402 0
6402 0
6402 0
6402 0
6402 0
6402 0
6402 0
6402 0
6402 0
6402 0
6402 0
6402 0
6402 0
6402 0
6402 0
6402 0
6402 0
6402 0
6402 0
6402 0
6402 0
6402 0
6402 0
6402 0
6402 0
6402 0
6402 0
6402 0
6410 0
6410 21.66
6410 0
6410 0
6410 0
6410 0
6410 0
6410 0
6410 0
6410 0
6410 0
6410 0
6410 0
6410 0
6410 0
6410 0
6410 0
6410 0
6410 0
6410 0
6410 0
6410 0
6410 0
6410 0
6410 0
6410 0
6410 0
6410 0
6410 0
6410 0
6410 0
6419 0
6419 39.45
6419 0
6419 0
6419 0
6419 0
6419 0
6419 0
6419 0
6419 0
6419 0
6419 0
6419 0
6419 0
6419 0
6419 0
6419 0
6419 0
6419 0
6419 0
6419 0
6419 0
6419 0
6419 0
6419 0
6419 0
6419 0
6419 0
6419 0
6419 0
6419 0
6420 0
6420 9.46
6420 0
6420 0
6420 0
6420 0
6420 0
6420 0
6420 0
6420 0
6420 0
6420 0
6420 0
6420 0
6420 0
6420 0
6420 0
6420 0
6420 0
6420 0
6420 0
6420 0
6420 0
6420 0
6420 0
6420 0
6420 0
6420 0
6420 0
6420 0
6420 0
6426 0
6426 51.18
6426 0
6426 0
6426 0
6426 0
6426 0
6426 0
6426 0
6426 0
6426 0
6426 0
6426 0
6426 0
6426 0
6426 0
6426 0
6426 0
6426 0
6426 0
6426 0
6426 0
6426 0
6426 0
6426 0
6426 0
6426 0
6426 0
6426 0
6426 0
6426 0
6431 0
6431 23.34
6431 0
6431 0
6431 0
6431 0
6431 0
6431 0
6431 0
6431 0
6431 0
6431 0
6431 0
6431 0
6431 0
6431 0
6431 0
6431 0
6431 0
6431 0
6431 0
6431 0
6431 0
6431 0
6431 0
6431 0
6431 0
6431 0
6431 0
6431 0
6431 0
6433 0
6433 13.57
6433 0
6433 0
6433 0
6433 0
6433 0
6433 0
6433 0
6433 0
6433 0
6433 0
6433 0
6433 0
6433 0
6433 0
6433 0
6433 0
6433 0
6433 0
6433 0
6433 0
6433 0
6433 0
6433 0
6433 0
6433 0
6433 0
6433 0
6433 0
6433 0
6480 0
6480 8.84
6480 0
6480 0
6480 0
6480 0
6480 0
6480 0
6480 0
6480 0
6480 0
6480 0
6480 0
6480 0
6480 0
6480 0
6480 0
6480 0
6480 0
6480 0
6480 0
6480 0
6480 0
6480 0
6480 0
6480 0
6480 0
6480 0
6480 0
6480 0
6480 0
6481 0
6481 33.52
6481 0
6481 0
6481 0
6481 0
6481 0
6481 0
6481 0
6481 0
6481 0
6481 0
6481 0
6481 0
6481 0
6481 0
6481 0
6481 0
6481 0
6481 0
6481 0
6481 0
6481 0
6481 0
6481 0
6481 0
6481 0
6481 0
6481 0
6481 0
6481 0
6482 0
6482 13.3
6482 0
6482 0
6482 0
6482 0
6482 0
6482 0
6482 0
6482 0
6482 0
6482 0
6482 0
6482 0
6482 0
6482 0
6482 0
6482 0
6482 0
6482 0
6482 0
6482 0
6482 0
6482 0
6482 0
6482 0
6482 0
6482 0
6482 0
6482 0
6482 0
6483 0
6483 10.33
6483 0
6483 0
6483 0
6483 0
6483 0
6483 0
6483 0
6483 0
6483 0
6483 0
6483 0
6483 0
6483 0
6483 0
6483 0
6483 0
6483 0
6483 0
6483 0
6483 0
6483 0
6483 0
6483 0
6483 0
6483 0
6483 0
6483 0
6483 0
6483 0
6488 0
6488 39.45
6488 0
6488 0
6488 0
6488 0
6488 0
6488 0
6488 0
6488 0
6488 0
6488 0
6488 0
6488 0
6488 0
6488 0
6488 0
6488 0
6488 0
6488 0
6488 0
6488 0
6488 0
6488 0
6488 0
6488 0
6488 0
6488 0
6488 0
6488 0
6488 0
6556 0
6556 44.59
6556 0
6556 0
6556 0
6556 0
6556 0
6556 0
6556 0
6556 0
6556 0
6556 0
6556 0
6556 0
6556 0
6556 0
6556 0
6556 0
6556 0
6556 0
6556 0
6556 0
6556 0
6556 0
6556 0
6556 0
6556 0
6556 0
6556 0
6556 0
6556 0
6557 0
6557 18.83
6557 0
6557 0
6557 0
6557 0
6557 0
6557 0
6557 0
6557 0
6557 0
6557 0
6557 0
6557 0
6557 0
6557 0
6557 0
6557 0
6557 0
6557 0
6557 0
6557 0
6557 0
6557 0
6557 0
6557 0
6557 0
6557 0
6557 0
6557 0
6557 0
6564 0
6564 51.18
6564 0
6564 0
6564 0
6564 0
6564 0
6564 0
6564 0
6564 0
6564 0
6564 0
6564 0
6564 0
6564 0
6564 0
6564 0
6564 0
6564 0
6564 0
6564 0
6564 0
6564 0
6564 0
6564 0
6564 0
6564 0
6564 0
6564 0
6564 0
6564 0
6593 0
6593 38.73
6593 0
6593 0
6593 0
6593 0
6593 0
6593 0
6593 0
6593 0
6593 0
6593 0
6593 0
6593 0
6593 0
6593 0
6593 0
6593 0
6593 0
6593 0
6593 0
6593 0
6593 0
6593 0
6593 0
6593 0
6593 0
6593 0
6593 0
6593 0
6593 0
6594 0
6594 36.5
6594 0
6594 0
6594 0
6594 0
6594 0
6594 0
6594 0
6594 0
6594 0
6594 0
6594 0
6594 0
6594 0
6594 0
6594 0
6594 0
6594 0
6594 0
6594 0
6594 0
6594 0
6594 0
6594 0
6594 0
6594 0
6594 0
6594 0
6594 0
6594 0
6632 0
6632 35.42
6632 0
6632 0
6632 0
6632 0
6632 0
6632 0
6632 0
6632 0
6632 0
6632 0
6632 0
6632 0
6632 0
6632 0
6632 0
6632 0
6632 0
6632 0
6632 0
6632 0
6632 0
6632 0
6632 0
6632 0
6632 0
6632 0
6632 0
6632 0
6632 0
6642 0
6642 25.99
6642 0
6642 0
6642 0
6642 0
6642 0
6642 0
6642 0
6642 0
6642 0
6642 0
6642 0
6642 0
6642 0
6642 0
6642 0
6642 0
6642 0
6642 0
6642 0
6642 0
6642 0
6642 0
6642 0
6642 0
6642 0
6642 0
6642 0
6642 0
6642 0
6675 0
6675 14.59
6675 0
6675 0
6675 0
6675 0
6675 0
6675 0
6675 0
6675 0
6675 0
6675 0
6675 0
6675 0
6675 0
6675 0
6675 0
6675 0
6675 0
6675 0
6675 0
6675 0
6675 0
6675 0
6675 0
6675 0
6675 0
6675 0
6675 0
6675 0
6675 0
6683 0
6683 30.16
6683 0
6683 0
6683 0
6683 0
6683 0
6683 0
6683 0
6683 0
6683 0
6683 0
6683 0
6683 0
6683 0
6683 0
6683 0
6683 0
6683 0
6683 0
6683 0
6683 0
6683 0
6683 0
6683 0
6683 0
6683 0
6683 0
6683 0
6683 0
6683 0
6686 0
6686 23.53
6686 0
6686 0
6686 0
6686 0
6686 0
6686 0
6686 0
6686 0
6686 0
6686 0
6686 0
6686 0
6686 0
6686 0
6686 0
6686 0
6686 0
6686 0
6686 0
6686 0
6686 0
6686 0
6686 0
6686 0
6686 0
6686 0
6686 0
6686 0
6686 0
6707 0
6707 18.01
6707 0
6707 0
6707 0
6707 0
6707 0
6707 0
6707 0
6707 0
6707 0
6707 0
6707 0
6707 0
6707 0
6707 0
6707 0
6707 0
6707 0
6707 0
6707 0
6707 0
6707 0
6707 0
6707 0
6707 0
6707 0
6707 0
6707 0
6707 0
6707 0
6710 0
6710 26.77
6710 0
6710 0
6710 0
6710 0
6710 0
6710 0
6710 0
6710 0
6710 0
6710 0
6710 0
6710 0
6710 0
6710 0
6710 0
6710 0
6710 0
6710 0
6710 0
6710 0
6710 0
6710 0
6710 0
6710 0
6710 0
6710 0
6710 0
6710 0
6710 0
6734 0
6734 29.7
6734 0
6734 0
6734 0
6734 0
6734 0
6734 0
6734 0
6734 0
6734 0
6734 0
6734 0
6734 0
6734 0
6734 0
6734 0
6734 0
6734 0
6734 0
6734 0
6734 0
6734 0
6734 0
6734 0
6734 0
6734 0
6734 0
6734 0
6734 0
6734 0
6746 0
6746 0.72
6746 0
6746 0
6746 0
6746 0
6746 0
6746 0
6746 0
6746 0
6746 0
6746 0
6746 0
6746 0
6746 0
6746 0
6746 0
6746 0
6746 0
6746 0
6746 0
6746 0
6746 0
6746 0
6746 0
6746 0
6746 0
6746 0
6746 0
6746 0
6746 0
6752 0
6752 29.43
6752 0
6752 0
6752 0
6752 0
6752 0
6752 0
6752 0
6752 0
6752 0
6752 0
6752 0
6752 0
6752 0
6752 0
6752 0
6752 0
6752 0
6752 0
6752 0
6752 0
6752 0
6752 0
6752 0
6752 0
6752 0
6752 0
6752 0
6752 0
6752 0
6756 0
6756 42.81
6756 0
6756 0
6756 0
6756 0
6756 0
6756 0
6756 0
6756 0
6756 0
6756 0
6756 0
6756 0
6756 0
6756 0
6756 0
6756 0
6756 0
6756 0
6756 0
6756 0
6756 0
6756 0
6756 0
6756 0
6756 0
6756 0
6756 0
6756 0
6756 0
6766 0
6766 24.96
6766 0
6766 0
6766 0
6766 0
6766 0
6766 0
6766 0
6766 0
6766 0
6766 0
6766 0
6766 0
6766 0
6766 0
6766 0
6766 0
6766 0
6766 0
6766 0
6766 0
6766 0
6766 0
6766 0
6766 0
6766 0
6766 0
6766 0
6766 0
6766 0
6768 0
6768 52.72
6768 0
6768 0
6768 0
6768 0
6768 0
6768 0
6768 0
6768 0
6768 0
6768 0
6768 0
6768 0
6768 0
6768 0
6768 0
6768 0
6768 0
6768 0
6768 0
6768 0
6768 0
6768 0
6768 0
6768 0
6768 0
6768 0
6768 0
6768 0
6768 0
6789 0
6789 48.71
6789 0
6789 0
6789 0
6789 0
6789 0
6789 0
6789 0
6789 0
6789 0
6789 0
6789 0
6789 0
6789 0
6789 0
6789 0
6789 0
6789 0
6789 0
6789 0
6789 0
6789 0
6789 0
6789 0
6789 0
6789 0
6789 0
6789 0
6789 0
6789 0
6815 0
6815 6.88
6815 0
6815 0
6815 0
6815 0
6815 0
6815 0
6815 0
6815 0
6815 0
6815 0
6815 0
6815 0
6815 0
6815 0
6815 0
6815 0
6815 0
6815 0
6815 0
6815 0
6815 0
6815 0
6815 0
6815 0
6815 0
6815 0
6815 0
6815 0
6815 0
6816 0
6816 43.9
6816 0
6816 0
6816 0
6816 0
6816 0
6816 0
6816 0
6816 0
6816 0
6816 0
6816 0
6816 0
6816 0
6816 0
6816 0
6816 0
6816 0
6816 0
6816 0
6816 0
6816 0
6816 0
6816 0
6816 0
6816 0
6816 0
6816 0
6816 0
6816 0
6846 0
6846 40.09
6846 0
6846 0
6846 0
6846 0
6846 0
6846 0
6846 0
6846 0
6846 0
6846 0
6846 0
6846 0
6846 0
6846 0
6846 0
6846 0
6846 0
6846 0
6846 0
6846 0
6846 0
6846 0
6846 0
6846 0
6846 0
6846 0
6846 0
6846 0
6846 0
6890 0
6890 42.81
6890 0
6890 0
6890 0
6890 0
6890 0
6890 0
6890 0
6890 0
6890 0
6890 0
6890 0
6890 0
6890 0
6890 0
6890 0
6890 0
6890 0
6890 0
6890 0
6890 0
6890 0
6890 0
6890 0
6890 0
6890 0
6890 0
6890 0
6890 0
6890 0
