pt_graph shape
10917 0
10917 0
10917 0
10917 0
10917 0
10917 0
10917 0
10917 0
10917 0
10917 0
10917 0
10917 1.48
10917 0
10917 0
10917 0
10917 0
10917 0
10917 0
10917 0
10917 0
10917 0
10917 29.92
10917 0
10917 0
10917 0
10917 0
10917 0
10917 0
10917 0
10917 0
10917 0
10960 0
10960 0
10960 0
10960 0
10960 0
10960 0
10960 0
10960 0
10960 0
10960 0
10960 0
10960 1.48
10960 0
10960 0
10960 0
10960 0
10960 0
10960 0
10960 0
10960 0
10960 0
10960 50.3
10960 0
10960 0
10960 0
10960 0
10960 0
10960 0
10960 0
10960 0
10960 0
10976 0
10976 0
10976 0
10976 0
10976 0
10976 0
10976 0
10976 0
10976 0
10976 0
10976 0
10976 1.62
10976 0
10976 0
10976 0
10976 0
10976 0
10976 0
10976 0
10976 0
10976 0
10976 0
10976 0
10976 0
10976 0
10976 0
10976 0
10976 0
10976 0
10976 0
10976 0
10984 0
10984 0
10984 0
10984 0
10984 0
10984 0
10984 0
10984 0
10984 0
10984 0
10984 0
10984 0.85
10984 0
10984 0
10984 0
10984 0
10984 0
10984 0
10984 0
10984 0
10984 0
10984 6.65
10984 0
10984 0
10984 0
10984 0
10984 0
10984 0
10984 0
10984 0
10984 0
10986 0
10986 0
10986 0
10986 0
10986 0
10986 0
10986 0
10986 0
10986 0
10986 0
10986 0
10986 51.12
10986 0
10986 0
10986 0
10986 0
10986 0
10986 0
10986 0
10986 0
10986 0
10986 0
10986 0
10986 0
10986 0
10986 0
10986 0
10986 0
10986 0
10986 0
10986 0
10989 0
10989 0
10989 0
10989 0
10989 0
10989 0
10989 0
10989 0
10989 0
10989 0
10989 0
10989 1.49
10989 0
10989 0
10989 0
10989 0
10989 0
10989 0
10989 0
10989 0
10989 0
10989 28.48
10989 0
10989 0
10989 0
10989 0
10989 0
10989 0
10989 0
10989 0
10989 0
10994 0
10994 0
10994 0
10994 0
10994 0
10994 0
10994 0
10994 0
10994 0
10994 0
10994 0
10994 0.59
10994 0
10994 0
10994 0
10994 0
10994 0
10994 0
10994 0
10994 0
10994 0
10994 1.16
10994 0
10994 0
10994 0
10994 0
10994 0
10994 0
10994 0
10994 0
10994 0
10999 0
10999 0
10999 0
10999 0
10999 0
10999 0
10999 0
10999 0
10999 0
10999 0
10999 0
10999 1.63
10999 0
10999 0
10999 0
10999 0
10999 0
10999 0
10999 0
10999 0
10999 0
10999 0
10999 0
10999 0
10999 0
10999 0
10999 0
10999 0
10999 0
10999 0
10999 0
11001 0
11001 0
11001 0
11001 0
11001 0
11001 0
11001 0
11001 0
11001 0
11001 0
11001 0
11001 1.62
11001 0
11001 0
11001 0
11001 0
11001 0
11001 0
11001 0
11001 0
11001 0
11001 0
11001 0
11001 0
11001 0
11001 0
11001 0
11001 0
11001 0
11001 0
11001 0
11056 0
11056 0
11056 0
11056 0
11056 0
11056 0
11056 0
11056 0
11056 0
11056 0
11056 0
11056 0.74
11056 0
11056 0
11056 0
11056 0
11056 0
11056 0
11056 0
11056 0
11056 0
11056 50.3
11056 0
11056 0
11056 0
11056 0
11056 0
11056 0
11056 0
11056 0
11056 0
11060 0
11060 0
11060 0
11060 0
11060 0
11060 0
11060 0
11060 0
11060 0
11060 0
11060 0
11060 0.47
11060 0
11060 0
11060 0
11060 0
11060 0
11060 0
11060 0
11060 0
11060 0
11060 50.3
11060 0
11060 0
11060 0
11060 0
11060 0
11060 0
11060 0
11060 0
11060 0
11068 0
11068 0
11068 0
11068 0
11068 0
11068 0
11068 0
11068 0
11068 0
11068 0
11068 0
11068 0.73
11068 0
11068 0
11068 0
11068 0
11068 0
11068 0
11068 0
11068 0
11068 0
11068 13.92
11068 0
11068 0
11068 0
11068 0
11068 0
11068 0
11068 0
11068 0
11068 0
11075 0
11075 0
11075 0
11075 0
11075 0
11075 0
11075 0
11075 0
11075 0
11075 0
11075 0
11075 0.74
11075 0
11075 0
11075 0
11075 0
11075 0
11075 0
11075 0
11075 0
11075 0
11075 0
11075 0
11075 0
11075 0
11075 0
11075 0
11075 0
11075 0
11075 0
11075 0
11081 0
11081 0
11081 0
11081 0
11081 0
11081 0
11081 0
11081 0
11081 0
11081 0
11081 0
11081 0.94
11081 0
11081 0
11081 0
11081 0
11081 0
11081 0
11081 0
11081 0
11081 0
11081 0
11081 0
11081 0
11081 0
11081 0
11081 0
11081 0
11081 0
11081 0
11081 0
11087 0
11087 0
11087 0
11087 0
11087 0
11087 0
11087 0
11087 0
11087 0
11087 0
11087 0
11087 1.47
11087 0
11087 0
11087 0
11087 0
11087 0
11087 0
11087 0
11087 0
11087 0
11087 0
11087 0
11087 0
11087 0
11087 0
11087 0
11087 0
11087 0
11087 0
11087 0
11122 0
11122 0
11122 0
11122 0
11122 0
11122 0
11122 0
11122 0
11122 0
11122 0
11122 0
11122 0.42
11122 0
11122 0
11122 0
11122 0
11122 0
11122 0
11122 0
11122 0
11122 0
11122 2.36
11122 0
11122 0
11122 0
11122 0
11122 0
11122 0
11122 0
11122 0
11122 0
11172 0
11172 0
11172 0
11172 0
11172 0
11172 0
11172 0
11172 0
11172 0
11172 0
11172 0
11172 1.48
11172 0
11172 0
11172 0
11172 0
11172 0
11172 0
11172 0
11172 0
11172 0
11172 27.26
11172 0
11172 0
11172 0
11172 0
11172 0
11172 0
11172 0
11172 0
11172 0
11193 0
11193 0
11193 0
11193 0
11193 0
11193 0
11193 0
11193 0
11193 0
11193 0
11193 0
11193 0.67
11193 0
11193 0
11193 0
11193 0
11193 0
11193 0
11193 0
11193 0
11193 0
11193 1.32
11193 0
11193 0
11193 0
11193 0
11193 0
11193 0
11193 0
11193 0
11193 0
11204 0
11204 0
11204 0
11204 0
11204 0
11204 0
11204 0
11204 0
11204 0
11204 0
11204 0
11204 1.48
11204 0
11204 0
11204 0
11204 0
11204 0
11204 0
11204 0
11204 0
11204 0
11204 27.26
11204 0
11204 0
11204 0
11204 0
11204 0
11204 0
11204 0
11204 0
11204 0
11220 0
11220 0
11220 0
11220 0
11220 0
11220 0
11220 0
11220 0
11220 0
11220 0
11220 0
11220 0.93
11220 0
11220 0
11220 0
11220 0
11220 0
11220 0
11220 0
11220 0
11220 0
11220 2.69
11220 0
11220 0
11220 0
11220 0
11220 0
11220 0
11220 0
11220 0
11220 0
11242 0
11242 0
11242 0
11242 0
11242 0
11242 0
11242 0
11242 0
11242 0
11242 0
11242 0
11242 0.69
11242 0
11242 0
11242 0
11242 0
11242 0
11242 0
11242 0
11242 0
11242 0
11242 0.52
11242 0
11242 0
11242 0
11242 0
11242 0
11242 0
11242 0
11242 0
11242 0
11437 0
11437 0
11437 0
11437 0
11437 0
11437 0
11437 0
11437 0
11437 0
11437 0
11437 0
11437 1.48
11437 0
11437 0
11437 0
11437 0
11437 0
11437 0
11437 0
11437 0
11437 0
11437 34.74
11437 0
11437 0
11437 0
11437 0
11437 0
11437 0
11437 0
11437 0
11437 0
11507 0
11507 0
11507 0
11507 0
11507 0
11507 0
11507 0
11507 0
11507 0
11507 0
11507 0
11507 0.94
11507 0
11507 0
11507 0
11507 0
11507 0
11507 0
11507 0
11507 0
11507 0
11507 47.77
11507 0
11507 0
11507 0
11507 0
11507 0
11507 0
11507 0
11507 0
11507 0
12086 0
12086 0
12086 0
12086 0
12086 0
12086 0
12086 0
12086 0
12086 0
12086 0
12086 0
12086 0.92
12086 0
12086 0
12086 0
12086 0
12086 0
12086 0
12086 0
12086 0
12086 0
12086 5.58
12086 0
12086 0
12086 0
12086 0
12086 0
12086 0
12086 0
12086 0
12086 0
12087 0
12087 0
12087 0
12087 0
12087 0
12087 0
12087 0
12087 0
12087 0
12087 0
12087 0
12087 0.58
12087 0
12087 0
12087 0
12087 0
12087 0
12087 0
12087 0
12087 0
12087 0
12087 74.2
12087 0
12087 0
12087 0
12087 0
12087 0
12087 0
12087 0
12087 0
12087 0
