pt_graph shape
8870 0
8870 0
8870 0
8870 0
8870 0
8870 0
8870 0
8870 0
8870 0
8870 0
8870 1.46
8870 0
8870 0
8870 0
8870 0
8870 0
8870 0
8870 0
8870 0
8870 0
8870 0
8870 0
8870 0
8870 0
8870 0
8870 0
8870 0
8870 0
8870 0
8870 0
8870 0
8966 0
8966 0
8966 0
8966 0
8966 0
8966 0
8966 0
8966 0
8966 0
8966 0
8966 1.46
8966 0
8966 0
8966 0
8966 0
8966 0
8966 0
8966 0
8966 0
8966 0
8966 0
8966 0
8966 0
8966 0
8966 0
8966 0
8966 0
8966 0
8966 0
8966 0
8966 0
9022 0
9022 0
9022 0
9022 0
9022 0
9022 0
9022 0
9022 0
9022 0
9022 0
9022 1.48
9022 0
9022 0
9022 0
9022 37.35
9022 0
9022 0
9022 0
9022 0
9022 0
9022 0
9022 0
9022 0
9022 0
9022 0
9022 0
9022 0
9022 0
9022 0
9022 0
9022 0
9089 0
9089 0
9089 0
9089 0
9089 0
9089 0
9089 0
9089 0
9089 0
9089 0
9089 1.46
9089 0
9089 0
9089 0
9089 0
9089 0
9089 0
9089 0
9089 0
9089 0
9089 0
9089 0
9089 0
9089 0
9089 0
9089 0
9089 0
9089 0
9089 0
9089 0
9089 0
9100 0
9100 0
9100 0
9100 0
9100 0
9100 0
9100 0
9100 0
9100 0
9100 0
9100 1.48
9100 0
9100 0
9100 0
9100 31.63
9100 0
9100 0
9100 0
9100 0
9100 0
9100 0
9100 0
9100 0
9100 0
9100 0
9100 0
9100 0
9100 0
9100 0
9100 0
9100 0
9102 0
9102 0
9102 0
9102 0
9102 0
9102 0
9102 0
9102 0
9102 0
9102 0
9102 1.48
9102 0
9102 0
9102 0
9102 36.13
9102 0
9102 0
9102 0
9102 0
9102 0
9102 0
9102 0
9102 0
9102 0
9102 0
9102 0
9102 0
9102 0
9102 0
9102 0
9102 0
9112 0
9112 0
9112 0
9112 0
9112 0
9112 0
9112 0
9112 0
9112 0
9112 0
9112 1.48
9112 0
9112 0
9112 0
9112 36.13
9112 0
9112 0
9112 0
9112 0
9112 0
9112 0
9112 0
9112 0
9112 0
9112 0
9112 0
9112 0
9112 0
9112 0
9112 0
9112 0
9129 0
9129 0
9129 0
9129 0
9129 0
9129 0
9129 0
9129 0
9129 0
9129 0
9129 1.48
9129 0
9129 0
9129 0
9129 36.13
9129 0
9129 0
9129 0
9129 0
9129 0
9129 0
9129 0
9129 0
9129 0
9129 0
9129 0
9129 0
9129 0
9129 0
9129 0
9129 0
9151 0
9151 0
9151 0
9151 0
9151 0
9151 0
9151 0
9151 0
9151 0
9151 0
9151 1.46
9151 0
9151 0
9151 0
9151 0
9151 0
9151 0
9151 0
9151 0
9151 0
9151 0
9151 0
9151 0
9151 0
9151 0
9151 0
9151 0
9151 0
9151 0
9151 0
9151 0
9201 0
9201 0
9201 0
9201 0
9201 0
9201 0
9201 0
9201 0
9201 0
9201 0
9201 1.48
9201 0
9201 0
9201 0
9201 36.13
9201 0
9201 0
9201 0
9201 0
9201 0
9201 0
9201 0
9201 0
9201 0
9201 0
9201 0
9201 0
9201 0
9201 0
9201 0
9201 0
9207 0
9207 0
9207 0
9207 0
9207 0
9207 0
9207 0
9207 0
9207 0
9207 0
9207 0.84
9207 0
9207 0
9207 0
9207 2.95
9207 0
9207 0
9207 0
9207 0
9207 0
9207 0
9207 0
9207 0
9207 0
9207 0
9207 0
9207 0
9207 0
9207 0
9207 0
9207 0
9239 0
9239 0
9239 0
9239 0
9239 0
9239 0
9239 0
9239 0
9239 0
9239 0
9239 1.48
9239 0
9239 0
9239 0
9239 36.13
9239 0
9239 0
9239 0
9239 0
9239 0
9239 0
9239 0
9239 0
9239 0
9239 0
9239 0
9239 0
9239 0
9239 0
9239 0
9239 0
9354 0
9354 0
9354 0
9354 0
9354 0
9354 0
9354 0
9354 0
9354 0
9354 0
9354 1.48
9354 0
9354 0
9354 0
9354 36.13
9354 0
9354 0
9354 0
9354 0
9354 0
9354 0
9354 0
9354 0
9354 0
9354 0
9354 0
9354 0
9354 0
9354 0
9354 0
9354 0
9366 0
9366 0
9366 0
9366 0
9366 0
9366 0
9366 0
9366 0
9366 0
9366 0
9366 1.48
9366 0
9366 0
9366 0
9366 31.58
9366 0
9366 0
9366 0
9366 0
9366 0
9366 0
9366 0
9366 0
9366 0
9366 32.97
9366 0
9366 0
9366 0
9366 0
9366 0
9366 0
9411 0
9411 0
9411 0
9411 0
9411 0
9411 0
9411 0
9411 0
9411 0
9411 0
9411 1.48
9411 0
9411 0
9411 0
9411 31.58
9411 0
9411 0
9411 0
9411 0
9411 0
9411 0
9411 0
9411 0
9411 0
9411 32.97
9411 0
9411 0
9411 0
9411 0
9411 0
9411 0
9485 0
9485 0
9485 0
9485 0
9485 0
9485 0
9485 0
9485 0
9485 0
9485 0
9485 1.48
9485 0
9485 0
9485 0
9485 36.13
9485 0
9485 0
9485 0
9485 0
9485 0
9485 0
9485 0
9485 0
9485 0
9485 0
9485 0
9485 0
9485 0
9485 0
9485 0
9485 0
9536 0
9536 0
9536 0
9536 0
9536 0
9536 0
9536 0
9536 0
9536 0
9536 0
9536 1.48
9536 0
9536 0
9536 0
9536 31.58
9536 0
9536 0
9536 0
9536 0
9536 0
9536 0
9536 0
9536 0
9536 0
9536 32.97
9536 0
9536 0
9536 0
9536 0
9536 0
9536 0
9584 0
9584 0
9584 0
9584 0
9584 0
9584 0
9584 0
9584 0
9584 0
9584 0
9584 0.74
9584 0
9584 0
9584 0
9584 1.35
9584 0
9584 0
9584 0
9584 0
9584 0
9584 0
9584 0
9584 0
9584 0
9584 29.13
9584 0
9584 0
9584 0
9584 0
9584 0
9584 0
9614 0
9614 0
9614 0
9614 0
9614 0
9614 0
9614 0
9614 0
9614 0
9614 0
9614 1.48
9614 0
9614 0
9614 0
9614 31.58
9614 0
9614 0
9614 0
9614 0
9614 0
9614 0
9614 0
9614 0
9614 0
9614 32.97
9614 0
9614 0
9614 0
9614 0
9614 0
9614 0
9643 0
9643 0
9643 0
9643 0
9643 0
9643 0
9643 0
9643 0
9643 0
9643 0
9643 1.48
9643 0
9643 0
9643 0
9643 35.3
9643 0
9643 0
9643 0
9643 0
9643 0
9643 0
9643 0
9643 0
9643 0
9643 30.64
9643 0
9643 0
9643 0
9643 0
9643 0
9643 0
9644 0
9644 0
9644 0
9644 0
9644 0
9644 0
9644 0
9644 0
9644 0
9644 0
9644 1.48
9644 0
9644 0
9644 0
9644 31.58
9644 0
9644 0
9644 0
9644 0
9644 0
9644 0
9644 0
9644 0
9644 0
9644 32.97
9644 0
9644 0
9644 0
9644 0
9644 0
9644 0
9656 0
9656 0
9656 0
9656 0
9656 0
9656 0
9656 0
9656 0
9656 0
9656 0
9656 1.48
9656 0
9656 0
9656 0
9656 31.58
9656 0
9656 0
9656 0
9656 0
9656 0
9656 0
9656 0
9656 0
9656 0
9656 32.97
9656 0
9656 0
9656 0
9656 0
9656 0
9656 0
9693 0
9693 0
9693 0
9693 0
9693 0
9693 0
9693 0
9693 0
9693 0
9693 0
9693 0.91
9693 0
9693 0
9693 0
9693 42.91
9693 0
9693 0
9693 0
9693 0
9693 0
9693 0
9693 0
9693 0
9693 0
9693 0
9693 0
9693 0
9693 0
9693 0
9693 0
9693 0
9855 0
9855 0
9855 0
9855 0
9855 0
9855 0
9855 0
9855 0
9855 0
9855 0
9855 1.49
9855 0
9855 0
9855 0
9855 42.91
9855 0
9855 0
9855 0
9855 0
9855 0
9855 0
9855 0
9855 0
9855 0
9855 0
9855 0
9855 0
9855 0
9855 0
9855 0
9855 0
9979 0
9979 0
9979 0
9979 0
9979 0
9979 0
9979 0
9979 0
9979 0
9979 0
9979 1.49
9979 0
9979 0
9979 0
9979 42.91
9979 0
9979 0
9979 0
9979 0
9979 0
9979 0
9979 0
9979 0
9979 0
9979 0
9979 0
9979 0
9979 0
9979 0
9979 0
9979 0
9993 0
9993 0
9993 0
9993 0
9993 0
9993 0
9993 0
9993 0
9993 0
9993 0
9993 1.5
9993 0
9993 0
9993 0
9993 0
9993 0
9993 0
9993 0
9993 0
9993 0
9993 0
9993 0
9993 0
9993 0
9993 39.65
9993 0
9993 0
9993 42.91
9993 0
9993 0
9993 0
10016 0
10016 0
10016 0
10016 0
10016 0
10016 0
10016 0
10016 0
10016 0
10016 0
10016 0
10016 1.5
10016 0
10016 0
10016 0
10016 0
10016 0
10016 0
10016 0
10016 0
10016 0
10016 0
10016 0
10016 0
10016 39.65
10016 0
10016 0
10016 42.91
10016 0
10016 0
10016 0
10017 0
10017 0
10017 0
10017 0
10017 0
10017 0
10017 0
10017 0
10017 0
10017 0
10017 0
10017 0.94
10017 0
10017 0
10017 0
10017 0
10017 0
10017 0
10017 0
10017 0
10017 0
10017 0
10017 0
10017 0
10017 49.88
10017 0
10017 0
10017 40.25
10017 0
10017 0
10017 0
10033 0
10033 0
10033 0
10033 0
10033 0
10033 0
10033 0
10033 0
10033 0
10033 0
10033 1.49
10033 0
10033 0
10033 0
10033 42.91
10033 0
10033 0
10033 0
10033 0
10033 0
10033 0
10033 0
10033 0
10033 0
10033 0
10033 0
10033 0
10033 0
10033 0
10033 0
10033 0
10055 0
10055 0
10055 0
10055 0
10055 0
10055 0
10055 0
10055 0
10055 0
10055 0
10055 1.47
10055 0
10055 0
10055 0
10055 0
10055 0
10055 0
10055 0
10055 0
10055 0
10055 0
10055 0
10055 0
10055 0
10055 0
10055 0
10055 0
10055 0
10055 0
10055 0
10055 0
10085 0
10085 0
10085 0
10085 0
10085 0
10085 0
10085 0
10085 0
10085 0
10085 0
10085 0.59
10085 0
10085 0
10085 0
10085 0
10085 0
10085 0
10085 0
10085 0
10085 0
10085 0
10085 0
10085 0
10085 0
10085 1.75
10085 0
10085 0
10085 11.36
10085 0
10085 0
10085 0
10164 0
10164 0
10164 0
10164 0
10164 0
10164 0
10164 0
10164 0
10164 0
10164 0
10164 0.94
10164 0
10164 0
10164 0
10164 39.68
10164 0
10164 0
10164 0
10164 0
10164 0
10164 0
10164 0
10164 0
10164 0
10164 0
10164 0
10164 0
10164 0
10164 0
10164 0
10164 0
10176 0
10176 0
10176 0
10176 0
10176 0
10176 0
10176 0
10176 0
10176 0
10176 0
10176 0.93
10176 0
10176 0
10176 0
10176 0
10176 0
10176 0
10176 0
10176 0
10176 0
10176 0
10176 0
10176 0
10176 0
10176 30.45
10176 0
10176 0
10176 40.39
10176 0
10176 0
10176 0
10212 0
10212 0
10212 0
10212 0
10212 0
10212 0
10212 0
10212 0
10212 0
10212 0
10212 0.83
10212 0
10212 0
10212 0
10212 0
10212 0
10212 0
10212 0
10212 0
10212 0
10212 0
10212 0
10212 0
10212 0
10212 2
10212 0
10212 0
10212 40.39
10212 0
10212 0
10212 0
10327 0
10327 0
10327 0
10327 0
10327 0
10327 0
10327 0
10327 0
10327 0
10327 0
10327 0
10327 0.54
10327 0
10327 0
10327 0
10327 0
10327 0
10327 0
10327 0
10327 0
10327 0
10327 0
10327 0
10327 0
10327 43.86
10327 0
10327 0
10327 54.03
10327 0
10327 0
10327 0
10328 0
10328 0
10328 0
10328 0
10328 0
10328 0
10328 0
10328 0
10328 0
10328 0
10328 0
10328 0.44
10328 0
10328 0
10328 0
10328 0
10328 0
10328 0
10328 0
10328 0
10328 0
10328 0
10328 0
10328 0
10328 1.51
10328 0
10328 0
10328 9.41
10328 0
10328 0
10328 0
10330 0
10330 0
10330 0
10330 0
10330 0
10330 0
10330 0
10330 0
10330 0
10330 0
10330 0
10330 0.83
10330 0
10330 0
10330 0
10330 0
10330 0
10330 0
10330 0
10330 0
10330 0
10330 0
10330 0
10330 0
10330 48.96
10330 0
10330 0
10330 0
10330 0
10330 0
10330 0
10513 0
10513 0
10513 0
10513 0
10513 0
10513 0
10513 0
10513 0
10513 0
10513 0
10513 1.46
10513 0
10513 0
10513 0
10513 0
10513 0
10513 0
10513 0
10513 0
10513 0
10513 0
10513 0
10513 0
10513 0
10513 0
10513 0
10513 0
10513 0
10513 0
10513 0
10513 0
10603 0
10603 0
10603 0
10603 0
10603 0
10603 0
10603 0
10603 0
10603 0
10603 0
10603 0
10603 0.92
10603 0
10603 0
10603 0
10603 0
10603 0
10603 0
10603 0
10603 0
10603 0
10603 0
10603 0
10603 0
10603 13.9
10603 0
10603 0
10603 40.39
10603 0
10603 0
10603 0
10607 0
10607 0
10607 0
10607 0
10607 0
10607 0
10607 0
10607 0
10607 0
10607 0
10607 0
10607 0.94
10607 0
10607 0
10607 0
10607 0
10607 0
10607 0
10607 0
10607 0
10607 0
10607 0
10607 0
10607 0
10607 0
10607 0
10607 0
10607 0
10607 0
10607 0
10607 0
10609 0
10609 0
10609 0
10609 0
10609 0
10609 0
10609 0
10609 0
10609 0
10609 0
10609 0
10609 0.91
10609 0
10609 0
10609 0
10609 0
10609 0
10609 0
10609 0
10609 0
10609 0
10609 0
10609 0
10609 0
10609 65.41
10609 0
10609 0
10609 0
10609 0
10609 0
10609 0
10612 0
10612 0
10612 0
10612 0
10612 0
10612 0
10612 0
10612 0
10612 0
10612 0
10612 1.46
10612 0
10612 0
10612 0
10612 0
10612 0
10612 0
10612 0
10612 0
10612 0
10612 0
10612 0
10612 0
10612 0
10612 0
10612 0
10612 0
10612 0
10612 0
10612 0
10612 0
10711 0
10711 0
10711 0
10711 0
10711 0
10711 0
10711 0
10711 0
10711 0
10711 0
10711 1.47
10711 0
10711 0
10711 0
10711 0
10711 0
10711 0
10711 0
10711 0
10711 0
10711 0
10711 0
10711 0
10711 0
10711 0
10711 0
10711 0
10711 0
10711 0
10711 0
10711 0
10844 0
10844 0
10844 0
10844 0
10844 0
10844 0
10844 0
10844 0
10844 0
10844 0
10844 1.47
10844 0
10844 0
10844 0
10844 0
10844 0
10844 0
10844 0
10844 0
10844 0
10844 0
10844 0
10844 0
10844 0
10844 28.54
10844 0
10844 0
10844 0
10844 0
10844 0
10844 0
10850 0
10850 0
10850 0
10850 0
10850 0
10850 0
10850 0
10850 0
10850 0
10850 0
10850 1.47
10850 0
10850 0
10850 0
10850 0
10850 0
10850 0
10850 0
10850 0
10850 0
10850 0
10850 0
10850 0
10850 0
10850 32.06
10850 0
10850 0
10850 0
10850 0
10850 0
10850 0
10854 0
10854 0
10854 0
10854 0
10854 0
10854 0
10854 0
10854 0
10854 0
10854 0
10854 1.46
10854 0
10854 0
10854 0
10854 0
10854 0
10854 0
10854 0
10854 0
10854 0
10854 0
10854 0
10854 0
10854 0
10854 0
10854 0
10854 0
10854 0
10854 0
10854 0
10854 0
10861 0
10861 0
10861 0
10861 0
10861 0
10861 0
10861 0
10861 0
10861 0
10861 0
10861 1.47
10861 0
10861 0
10861 0
10861 0
10861 0
10861 0
10861 0
10861 0
10861 0
10861 0
10861 0
10861 0
10861 0
10861 28.54
10861 0
10861 0
10861 0
10861 0
10861 0
10861 0
10867 0
10867 0
10867 0
10867 0
10867 0
10867 0
10867 0
10867 0
10867 0
10867 0
10867 0
10867 0.94
10867 0
10867 0
10867 0
10867 0
10867 0
10867 0
10867 0
10867 0
10867 0
10867 0
10867 0
10867 0
10867 48.96
10867 0
10867 0
10867 0
10867 0
10867 0
10867 0
10880 0
10880 0
10880 0
10880 0
10880 0
10880 0
10880 0
10880 0
10880 0
10880 0
10880 0
10880 1.5
10880 0
10880 0
10880 0
10880 0
10880 0
10880 0
10880 0
10880 0
10880 0
10880 0
10880 0
10880 0
10880 0
10880 0
10880 0
10880 0
10880 0
10880 0
10880 0
10883 0
10883 0
10883 0
10883 0
10883 0
10883 0
10883 0
10883 0
10883 0
10883 0
10883 0
10883 0.58
10883 0
10883 0
10883 0
10883 0
10883 0
10883 0
10883 0
10883 0
10883 0
10883 0
10883 0
10883 0
10883 77.32
10883 0
10883 0
10883 0
10883 0
10883 0
10883 0
10891 0
10891 0
10891 0
10891 0
10891 0
10891 0
10891 0
10891 0
10891 0
10891 0
10891 0
10891 0.93
10891 0
10891 0
10891 0
10891 0
10891 0
10891 0
10891 0
10891 0
10891 0
10891 0
10891 0
10891 0
10891 0
10891 0
10891 0
10891 0
10891 0
10891 0
10891 0
10897 0
10897 0
10897 0
10897 0
10897 0
10897 0
10897 0
10897 0
10897 0
10897 0
10897 0
10897 0.53
10897 0
10897 0
10897 0
10897 0
10897 0
10897 0
10897 0
10897 0
10897 0
10897 0
10897 0
10897 0
10897 0
10897 0
10897 0
10897 0
10897 0
10897 0
10897 0
10902 0
10902 0
10902 0
10902 0
10902 0
10902 0
10902 0
10902 0
10902 0
10902 0
10902 0
10902 0.54
10902 0
10902 0
10902 0
10902 0
10902 0
10902 0
10902 0
10902 0
10902 0
10902 0
10902 0
10902 0
10902 0
10902 0
10902 0
10902 0
10902 0
10902 0
10902 0
10905 0
10905 0
10905 0
10905 0
10905 0
10905 0
10905 0
10905 0
10905 0
10905 0
10905 0
10905 0.48
10905 0
10905 0
10905 0
10905 0
10905 0
10905 0
10905 0
10905 0
10905 0
10905 0
10905 0
10905 0
10905 44.43
10905 0
10905 0
10905 0
10905 0
10905 0
10905 0
10909 0
10909 0
10909 0
10909 0
10909 0
10909 0
10909 0
10909 0
10909 0
10909 0
10909 0
10909 0.68
10909 0
10909 0
10909 0
10909 0
10909 0
10909 0
10909 0
10909 0
10909 0
10909 0
10909 0
10909 0
10909 46.12
10909 0
10909 0
10909 0
10909 0
10909 0
10909 0
10913 0
10913 0
10913 0
10913 0
10913 0
10913 0
10913 0
10913 0
10913 0
10913 0
10913 0
10913 1.47
10913 0
10913 0
10913 0
10913 0
10913 0
10913 0
10913 0
10913 0
10913 0
10913 0
10913 0
10913 0
10913 0
10913 0
10913 0
10913 0
10913 0
10913 0
10913 0
10916 0
10916 0
10916 0
10916 0
10916 0
10916 0
10916 0
10916 0
10916 0
10916 0
10916 0
10916 0.58
10916 0
10916 0
10916 0
10916 0
10916 0
10916 0
10916 0
10916 0
10916 0
10916 0
10916 0
10916 0
10916 0
10916 0
10916 0
10916 0
10916 0
10916 0
10916 0
10918 0
10918 0
10918 0
10918 0
10918 0
10918 0
10918 0
10918 0
10918 0
10918 0
10918 0
10918 0.94
10918 0
10918 0
10918 0
10918 0
10918 0
10918 0
10918 0
10918 0
10918 0
10918 0
10918 0
10918 0
10918 0
10918 0
10918 0
10918 0
10918 0
10918 0
10918 0
10920 0
10920 0
10920 0
10920 0
10920 0
10920 0
10920 0
10920 0
10920 0
10920 0
10920 0
10920 0.71
10920 0
10920 0
10920 0
10920 0
10920 0
10920 0
10920 0
10920 0
10920 0
10920 0
10920 0
10920 0
10920 0
10920 0
10920 0
10920 0
10920 0
10920 0
10920 0
10924 0
10924 0
10924 0
10924 0
10924 0
10924 0
10924 0
10924 0
10924 0
10924 0
10924 0
10924 0.68
10924 0
10924 0
10924 0
10924 0
10924 0
10924 0
10924 0
10924 0
10924 0
10924 0
10924 0
10924 0
10924 0
10924 0
10924 0
10924 0
10924 0
10924 0
10924 0
10926 0
10926 0
10926 0
10926 0
10926 0
10926 0
10926 0
10926 0
10926 0
10926 0
10926 0
10926 0.93
10926 0
10926 0
10926 0
10926 0
10926 0
10926 0
10926 0
10926 0
10926 0
10926 0
10926 0
10926 0
10926 0
10926 0
10926 0
10926 0
10926 0
10926 0
10926 0
10929 0
10929 0
10929 0
10929 0
10929 0
10929 0
10929 0
10929 0
10929 0
10929 0
10929 0
10929 0.94
10929 0
10929 0
10929 0
10929 0
10929 0
10929 0
10929 0
10929 0
10929 0
10929 0
10929 0
10929 0
10929 0
10929 0
10929 0
10929 0
10929 0
10929 0
10929 0
10930 0
10930 0
10930 0
10930 0
10930 0
10930 0
10930 0
10930 0
10930 0
10930 0
10930 0
10930 1.47
10930 0
10930 0
10930 0
10930 0
10930 0
10930 0
10930 0
10930 0
10930 0
10930 0
10930 0
10930 0
10930 0
10930 0
10930 0
10930 0
10930 0
10930 0
10930 0
10934 0
10934 0
10934 0
10934 0
10934 0
10934 0
10934 0
10934 0
10934 0
10934 0
10934 0
10934 0.86
10934 0
10934 0
10934 0
10934 0
10934 0
10934 0
10934 0
10934 0
10934 0
10934 0
10934 0
10934 0
10934 0
10934 0
10934 0
10934 0
10934 0
10934 0
10934 0
10935 0
10935 0
10935 0
10935 0
10935 0
10935 0
10935 0
10935 0
10935 0
10935 0
10935 0
10935 0.92
10935 0
10935 0
10935 0
10935 0
10935 0
10935 0
10935 0
10935 0
10935 0
10935 0
10935 0
10935 0
10935 0
10935 0
10935 0
10935 0
10935 0
10935 0
10935 0
10936 0
10936 0
10936 0
10936 0
10936 0
10936 0
10936 0
10936 0
10936 0
10936 0
10936 0
10936 1.47
10936 0
10936 0
10936 0
10936 0
10936 0
10936 0
10936 0
10936 0
10936 0
10936 0
10936 0
10936 0
10936 0
10936 0
10936 0
10936 0
10936 0
10936 0
10936 0
10940 0
10940 0
10940 0
10940 0
10940 0
10940 0
10940 0
10940 0
10940 0
10940 0
10940 0
10940 1.47
10940 0
10940 0
10940 0
10940 0
10940 0
10940 0
10940 0
10940 0
10940 0
10940 0
10940 0
10940 0
10940 0
10940 0
10940 0
10940 0
10940 0
10940 0
10940 0
10943 0
10943 0
10943 0
10943 0
10943 0
10943 0
10943 0
10943 0
10943 0
10943 0
10943 0
10943 0.73
10943 0
10943 0
10943 0
10943 0
10943 0
10943 0
10943 0
10943 0
10943 0
10943 0
10943 0
10943 0
10943 0
10943 0
10943 0
10943 0
10943 0
10943 0
10943 0
10953 0
10953 0
10953 0
10953 0
10953 0
10953 0
10953 0
10953 0
10953 0
10953 0
10953 0
10953 0.47
10953 0
10953 0
10953 0
10953 0
10953 0
10953 0
10953 0
10953 0
10953 0
10953 0
10953 0
10953 0
10953 0
10953 0
10953 0
10953 0
10953 0
10953 0
10953 0
10955 0
10955 0
10955 0
10955 0
10955 0
10955 0
10955 0
10955 0
10955 0
10955 0
10955 0
10955 0.74
10955 0
10955 0
10955 0
10955 0
10955 0
10955 0
10955 0
10955 0
10955 0
10955 0
10955 0
10955 0
10955 0
10955 0
10955 0
10955 0
10955 0
10955 0
10955 0
10959 0
10959 0
10959 0
10959 0
10959 0
10959 0
10959 0
10959 0
10959 0
10959 0
10959 0
10959 0.65
10959 0
10959 0
10959 0
10959 0
10959 0
10959 0
10959 0
10959 0
10959 0
10959 0
10959 0
10959 0
10959 0
10959 0
10959 0
10959 0
10959 0
10959 0
10959 0
10961 0
10961 0
10961 0
10961 0
10961 0
10961 0
10961 0
10961 0
10961 0
10961 0
10961 0
10961 0.53
10961 0
10961 0
10961 0
10961 0
10961 0
10961 0
10961 0
10961 0
10961 0
10961 0
10961 0
10961 0
10961 0
10961 0
10961 0
10961 0
10961 0
10961 0
10961 0
10962 0
10962 0
10962 0
10962 0
10962 0
10962 0
10962 0
10962 0
10962 0
10962 0
10962 0
10962 0.5
10962 0
10962 0
10962 0
10962 0
10962 0
10962 0
10962 0
10962 0
10962 0
10962 0
10962 0
10962 0
10962 0
10962 0
10962 0
10962 0
10962 0
10962 0
10962 0
10963 0
10963 0
10963 0
10963 0
10963 0
10963 0
10963 0
10963 0
10963 0
10963 0
10963 0
10963 0.51
10963 0
10963 0
10963 0
10963 0
10963 0
10963 0
10963 0
10963 0
10963 0
10963 0
10963 0
10963 0
10963 0
10963 0
10963 0
10963 0
10963 0
10963 0
10963 0
10968 0
10968 0
10968 0
10968 0
10968 0
10968 0
10968 0
10968 0
10968 0
10968 0
10968 0
10968 0.9
10968 0
10968 0
10968 0
10968 0
10968 0
10968 0
10968 0
10968 0
10968 0
10968 0
10968 0
10968 0
10968 0
10968 0
10968 0
10968 0
10968 0
10968 0
10968 0
10976 0
10976 0
10976 0
10976 0
10976 0
10976 0
10976 0
10976 0
10976 0
10976 0
10976 0
10976 1.48
10976 0
10976 0
10976 0
10976 0
10976 0
10976 0
10976 0
10976 0
10976 0
10976 0
10976 0
10976 0
10976 0
10976 0
10976 0
10976 0
10976 0
10976 0
10976 0
10986 0
10986 0
10986 0
10986 0
10986 0
10986 0
10986 0
10986 0
10986 0
10986 0
10986 0
10986 0.93
10986 0
10986 0
10986 0
10986 0
10986 0
10986 0
10986 0
10986 0
10986 0
10986 0
10986 0
10986 0
10986 0
10986 0
10986 0
10986 0
10986 0
10986 0
10986 0
10988 0
10988 0
10988 0
10988 0
10988 0
10988 0
10988 0
10988 0
10988 0
10988 0
10988 0
10988 0.84
10988 0
10988 0
10988 0
10988 0
10988 0
10988 0
10988 0
10988 0
10988 0
10988 0
10988 0
10988 0
10988 0
10988 0
10988 0
10988 0
10988 0
10988 0
10988 0
10989 0
10989 0
10989 0
10989 0
10989 0
10989 0
10989 0
10989 0
10989 0
10989 0
10989 0
10989 1.47
10989 0
10989 0
10989 0
10989 0
10989 0
10989 0
10989 0
10989 0
10989 0
10989 0
10989 0
10989 0
10989 0
10989 0
10989 0
10989 0
10989 0
10989 0
10989 0
10992 0
10992 0
10992 0
10992 0
10992 0
10992 0
10992 0
10992 0
10992 0
10992 0
10992 0
10992 46.01
10992 0
10992 0
10992 0
10992 0
10992 0
10992 0
10992 0
10992 0
10992 0
10992 0
10992 0
10992 0
10992 0
10992 0
10992 0
10992 0
10992 0
10992 0
10992 0
10993 0
10993 0
10993 0
10993 0
10993 0
10993 0
10993 0
10993 0
10993 0
10993 0
10993 0
10993 0.74
10993 0
10993 0
10993 0
10993 0
10993 0
10993 0
10993 0
10993 0
10993 0
10993 0
10993 0
10993 0
10993 0
10993 0
10993 0
10993 0
10993 0
10993 0
10993 0
10994 0
10994 0
10994 0
10994 0
10994 0
10994 0
10994 0
10994 0
10994 0
10994 0
10994 0
10994 0.5
10994 0
10994 0
10994 0
10994 0
10994 0
10994 0
10994 0
10994 0
10994 0
10994 0
10994 0
10994 0
10994 0
10994 0
10994 0
10994 0
10994 0
10994 0
10994 0
11008 0
11008 0
11008 0
11008 0
11008 0
11008 0
11008 0
11008 0
11008 0
11008 0
11008 0
11008 0.8
11008 0
11008 0
11008 0
11008 0
11008 0
11008 0
11008 0
11008 0
11008 0
11008 0
11008 0
11008 0
11008 0
11008 0
11008 0
11008 0
11008 0
11008 0
11008 0
11027 0
11027 0
11027 0
11027 0
11027 0
11027 0
11027 0
11027 0
11027 0
11027 0
11027 0
11027 43.46
11027 0
11027 0
11027 0
11027 0
11027 0
11027 0
11027 0
11027 0
11027 0
11027 0
11027 0
11027 0
11027 0
11027 0
11027 0
11027 0
11027 0
11027 0
11027 0
11030 0
11030 0
11030 0
11030 0
11030 0
11030 0
11030 0
11030 0
11030 0
11030 0
11030 0
11030 1.47
11030 0
11030 0
11030 0
11030 0
11030 0
11030 0
11030 0
11030 0
11030 0
11030 37.5
11030 0
11030 0
11030 0
11030 0
11030 0
11030 0
11030 0
11030 0
11030 0
11032 0
11032 0
11032 0
11032 0
11032 0
11032 0
11032 0
11032 0
11032 0
11032 0
11032 0
11032 1.47
11032 0
11032 0
11032 0
11032 0
11032 0
11032 0
11032 0
11032 0
11032 0
11032 37.5
11032 0
11032 0
11032 0
11032 0
11032 0
11032 0
11032 0
11032 0
11032 0
11037 0
11037 0
11037 0
11037 0
11037 0
11037 0
11037 0
11037 0
11037 0
11037 0
11037 0
11037 1.47
11037 0
11037 0
11037 0
11037 0
11037 0
11037 0
11037 0
11037 0
11037 0
11037 31.11
11037 0
11037 0
11037 0
11037 0
11037 0
11037 0
11037 0
11037 0
11037 0
11045 0
11045 0
11045 0
11045 0
11045 0
11045 0
11045 0
11045 0
11045 0
11045 0
11045 0
11045 0.62
11045 0
11045 0
11045 0
11045 0
11045 0
11045 0
11045 0
11045 0
11045 0
11045 0
11045 0
11045 0
11045 0
11045 0
11045 0
11045 0
11045 0
11045 0
11045 0
11051 0
11051 0
11051 0
11051 0
11051 0
11051 0
11051 0
11051 0
11051 0
11051 0
11051 0
11051 0.48
11051 0
11051 0
11051 0
11051 0
11051 0
11051 0
11051 0
11051 0
11051 0
11051 43.88
11051 0
11051 0
11051 0
11051 0
11051 0
11051 0
11051 0
11051 0
11051 0
11056 0
11056 0
11056 0
11056 0
11056 0
11056 0
11056 0
11056 0
11056 0
11056 0
11056 0
11056 0.42
11056 0
11056 0
11056 0
11056 0
11056 0
11056 0
11056 0
11056 0
11056 0
11056 60.98
11056 0
11056 0
11056 0
11056 0
11056 0
11056 0
11056 0
11056 0
11056 0
11060 0
11060 0
11060 0
11060 0
11060 0
11060 0
11060 0
11060 0
11060 0
11060 0
11060 0
11060 1.1
11060 0
11060 0
11060 0
11060 0
11060 0
11060 0
11060 0
11060 0
11060 0
11060 0
11060 0
11060 0
11060 0
11060 0
11060 0
11060 0
11060 0
11060 0
11060 0
11068 0
11068 0
11068 0
11068 0
11068 0
11068 0
11068 0
11068 0
11068 0
11068 0
11068 0
11068 0.48
11068 0
11068 0
11068 0
11068 0
11068 0
11068 0
11068 0
11068 0
11068 0
11068 0
11068 0
11068 0
11068 0
11068 0
11068 0
11068 51.16
11068 0
11068 0
11068 0
11122 0
11122 0
11122 0
11122 0
11122 0
11122 0
11122 0
11122 0
11122 0
11122 0
11122 0
11122 0.56
11122 0
11122 0
11122 0
11122 0
11122 0
11122 0
11122 0
11122 0
11122 0
11122 0
11122 0
11122 0
11122 0
11122 0
11122 0
11122 0
11122 0
11122 0
11122 0
11242 0
11242 0
11242 0
11242 0
11242 0
11242 0
11242 0
11242 0
11242 0
11242 0
11242 0
11242 0.65
11242 0
11242 0
11242 0
11242 0
11242 0
11242 0
11242 0
11242 0
11242 0
11242 70.14
11242 0
11242 0
11242 0
11242 0
11242 0
11242 0
11242 0
11242 0
11242 0
11381 0
11381 0
11381 0
11381 0
11381 0
11381 0
11381 0
11381 0
11381 0
11381 0
11381 0
11381 1.47
11381 0
11381 0
11381 0
11381 0
11381 0
11381 0
11381 0
11381 0
11381 0
11381 37.5
11381 0
11381 0
11381 0
11381 0
11381 0
11381 0
11381 0
11381 0
11381 0
11437 0
11437 0
11437 0
11437 0
11437 0
11437 0
11437 0
11437 0
11437 0
11437 0
11437 0
11437 0.93
11437 0
11437 0
11437 0
11437 0
11437 0
11437 0
11437 0
11437 0
11437 0
11437 52.86
11437 0
11437 0
11437 0
11437 0
11437 0
11437 0
11437 0
11437 0
11437 0
11492 0
11492 0
11492 0
11492 0
11492 0
11492 0
11492 0
11492 0
11492 0
11492 0
11492 0
11492 0.76
11492 0
11492 0
11492 0
11492 0
11492 0
11492 0
11492 0
11492 0
11492 0
11492 56.32
11492 0
11492 0
11492 0
11492 0
11492 0
11492 0
11492 0
11492 0
11492 0
11507 0
11507 0
11507 0
11507 0
11507 0
11507 0
11507 0
11507 0
11507 0
11507 0
11507 0
11507 0.93
11507 0
11507 0
11507 0
11507 0
11507 0
11507 0
11507 0
11507 0
11507 0
11507 43.88
11507 0
11507 0
11507 0
11507 0
11507 0
11507 0
11507 0
11507 0
11507 0
11582 0
11582 0
11582 0
11582 0
11582 0
11582 0
11582 0
11582 0
11582 0
11582 0
11582 0
11582 1.47
11582 0
11582 0
11582 0
11582 0
11582 0
11582 0
11582 0
11582 0
11582 0
11582 37.5
11582 0
11582 0
11582 0
11582 0
11582 0
11582 0
11582 0
11582 0
11582 0
11635 0
11635 0
11635 0
11635 0
11635 0
11635 0
11635 0
11635 0
11635 0
11635 0
11635 0
11635 0.93
11635 0
11635 0
11635 0
11635 0
11635 0
11635 0
11635 0
11635 0
11635 0
11635 43.88
11635 0
11635 0
11635 0
11635 0
11635 0
11635 0
11635 0
11635 0
11635 0
12086 0
12086 0
12086 0
12086 0
12086 0
12086 0
12086 0
12086 0
12086 0
12086 0
12086 0
12086 0.82
12086 0
12086 0
12086 0
12086 0
12086 0
12086 0
12086 0
12086 0
12086 0
12086 69.98
12086 0
12086 0
12086 0
12086 0
12086 0
12086 0
12086 0
12086 0
12086 0
12087 0
12087 0
12087 0
12087 0
12087 0
12087 0
12087 0
12087 0
12087 0
12087 0
12087 0
12087 1.47
12087 0
12087 0
12087 0
12087 0
12087 0
12087 0
12087 0
12087 0
12087 0
12087 31.11
12087 0
12087 0
12087 0
12087 0
12087 0
12087 0
12087 0
12087 0
12087 0
