pt_graph scale
9037 0
9037 0
9037 0
9037 0
9037 0
9037 0
9037 0
9037 0
9037 0
9037 0
9037 1839
9037 0
9037 0
9037 0
9037 134
9037 0
9037 0
9037 0
9037 0
9037 0
9037 0
9037 1
9037 0
9037 0
9037 0
9037 0
9037 0
9037 0
9037 0
9037 0
9037 0
9190 0
9190 0
9190 0
9190 0
9190 0
9190 0
9190 0
9190 0
9190 0
9190 0
9190 1900
9190 0
9190 0
9190 0
9190 138
9190 0
9190 0
9190 0
9190 0
9190 0
9190 0
9190 1
9190 0
9190 0
9190 0
9190 0
9190 0
9190 0
9190 0
9190 0
9190 0
9777 0
9777 0
9777 0
9777 0
9777 0
9777 0
9777 0
9777 0
9777 0
9777 0
9777 1700
9777 0
9777 0
9777 0
9777 0
9777 0
9777 0
9777 0
9777 0
9777 0
9777 0
9777 0
9777 0
9777 0
9777 0
9777 0
9777 0
9777 0
9777 0
9777 0
9777 0
9801 0
9801 0
9801 0
9801 0
9801 0
9801 0
9801 0
9801 0
9801 0
9801 0
9801 1237
9801 0
9801 0
9801 0
9801 0
9801 0
9801 0
9801 0
9801 0
9801 0
9801 0
9801 0
9801 0
9801 0
9801 0
9801 0
9801 0
9801 0
9801 0
9801 0
9801 0
9808 0
9808 0
9808 0
9808 0
9808 0
9808 0
9808 0
9808 0
9808 0
9808 0
9808 5120
9808 0
9808 0
9808 0
9808 0
9808 0
9808 0
9808 0
9808 0
9808 0
9808 0
9808 0
9808 0
9808 0
9808 0
9808 0
9808 0
9808 0
9808 0
9808 0
9808 0
9822 0
9822 0
9822 0
9822 0
9822 0
9822 0
9822 0
9822 0
9822 0
9822 0
9822 1237
9822 0
9822 0
9822 0
9822 0
9822 0
9822 0
9822 0
9822 0
9822 0
9822 0
9822 0
9822 0
9822 0
9822 0
9822 0
9822 0
9822 0
9822 0
9822 0
9822 0
9858 0
9858 0
9858 0
9858 0
9858 0
9858 0
9858 0
9858 0
9858 0
9858 0
9858 1757
9858 0
9858 0
9858 0
9858 0
9858 0
9858 0
9858 0
9858 0
9858 0
9858 0
9858 0
9858 0
9858 0
9858 0
9858 0
9858 0
9858 0
9858 0
9858 0
9858 0
9895 0
9895 0
9895 0
9895 0
9895 0
9895 0
9895 0
9895 0
9895 0
9895 0
9895 1757
9895 0
9895 0
9895 0
9895 0
9895 0
9895 0
9895 0
9895 0
9895 0
9895 0
9895 0
9895 0
9895 0
9895 0
9895 0
9895 0
9895 0
9895 0
9895 0
9895 0
9947 0
9947 0
9947 0
9947 0
9947 0
9947 0
9947 0
9947 0
9947 0
9947 0
9947 4000
9947 0
9947 0
9947 0
9947 0
9947 0
9947 0
9947 0
9947 0
9947 0
9947 0
9947 0
9947 0
9947 0
9947 0
9947 0
9947 0
9947 0
9947 0
9947 0
9947 0
9961 0
9961 0
9961 0
9961 0
9961 0
9961 0
9961 0
9961 0
9961 0
9961 0
9961 2966
9961 0
9961 0
9961 0
9961 0
9961 0
9961 0
9961 0
9961 0
9961 0
9961 0
9961 0
9961 0
9961 0
9961 0
9961 0
9961 0
9961 0
9961 0
9961 0
9961 0
9962 0
9962 0
9962 0
9962 0
9962 0
9962 0
9962 0
9962 0
9962 0
9962 0
9962 1757
9962 0
9962 0
9962 0
9962 0
9962 0
9962 0
9962 0
9962 0
9962 0
9962 0
9962 0
9962 0
9962 0
9962 0
9962 0
9962 0
9962 0
9962 0
9962 0
9962 0
9975 0
9975 0
9975 0
9975 0
9975 0
9975 0
9975 0
9975 0
9975 0
9975 0
9975 1237
9975 0
9975 0
9975 0
9975 0
9975 0
9975 0
9975 0
9975 0
9975 0
9975 0
9975 0
9975 0
9975 0
9975 0
9975 0
9975 0
9975 0
9975 0
9975 0
9975 0
10015 0
10015 0
10015 0
10015 0
10015 0
10015 0
10015 0
10015 0
10015 0
10015 0
10015 0
10015 999
10015 0
10015 0
10015 0
10015 0
10015 0
10015 0
10015 0
10015 0
10015 0
10015 0
10015 0
10015 0
10015 0
10015 0
10015 0
10015 0
10015 0
10015 0
10015 0
10016 0
10016 0
10016 0
10016 0
10016 0
10016 0
10016 0
10016 0
10016 0
10016 0
10016 0
10016 293
10016 0
10016 0
10016 0
10016 0
10016 0
10016 0
10016 0
10016 0
10016 0
10016 1
10016 0
10016 0
10016 0
10016 0
10016 0
10016 0
10016 0
10016 0
10016 0
10085 0
10085 0
10085 0
10085 0
10085 0
10085 0
10085 0
10085 0
10085 0
10085 0
10085 718
10085 0
10085 0
10085 0
10085 0
10085 0
10085 0
10085 0
10085 0
10085 0
10085 0
10085 70
10085 0
10085 0
10085 2
10085 0
10085 0
10085 0
10085 0
10085 0
10085 0
10099 0
10099 0
10099 0
10099 0
10099 0
10099 0
10099 0
10099 0
10099 0
10099 0
10099 1757
10099 0
10099 0
10099 0
10099 0
10099 0
10099 0
10099 0
10099 0
10099 0
10099 0
10099 0
10099 0
10099 0
10099 0
10099 0
10099 0
10099 0
10099 0
10099 0
10099 0
10116 0
10116 0
10116 0
10116 0
10116 0
10116 0
10116 0
10116 0
10116 0
10116 0
10116 4000
10116 0
10116 0
10116 0
10116 0
10116 0
10116 0
10116 0
10116 0
10116 0
10116 0
10116 0
10116 0
10116 0
10116 0
10116 0
10116 0
10116 0
10116 0
10116 0
10116 0
10176 0
10176 0
10176 0
10176 0
10176 0
10176 0
10176 0
10176 0
10176 0
10176 0
10176 2030
10176 0
10176 0
10176 0
10176 0
10176 0
10176 0
10176 0
10176 0
10176 0
10176 0
10176 10
10176 0
10176 0
10176 0
10176 0
10176 0
10176 0
10176 0
10176 0
10176 0
10184 0
10184 0
10184 0
10184 0
10184 0
10184 0
10184 0
10184 0
10184 0
10184 0
10184 1197
10184 0
10184 0
10184 0
10184 0
10184 0
10184 0
10184 0
10184 0
10184 0
10184 0
10184 0
10184 0
10184 0
10184 0
10184 0
10184 0
10184 0
10184 0
10184 0
10184 0
10198 0
10198 0
10198 0
10198 0
10198 0
10198 0
10198 0
10198 0
10198 0
10198 0
10198 1700
10198 0
10198 0
10198 0
10198 0
10198 0
10198 0
10198 0
10198 0
10198 0
10198 0
10198 0
10198 0
10198 0
10198 0
10198 0
10198 0
10198 0
10198 0
10198 0
10198 0
10212 0
10212 0
10212 0
10212 0
10212 0
10212 0
10212 0
10212 0
10212 0
10212 0
10212 406
10212 0
10212 0
10212 0
10212 1
10212 0
10212 0
10212 0
10212 0
10212 0
10212 0
10212 16
10212 0
10212 0
10212 1
10212 0
10212 0
10212 0
10212 0
10212 0
10212 0
10327 0
10327 0
10327 0
10327 0
10327 0
10327 0
10327 0
10327 0
10327 0
10327 0
10327 0
10327 2714
10327 0
10327 0
10327 0
10327 0
10327 0
10327 0
10327 0
10327 0
10327 0
10327 9
10327 0
10327 0
10327 1
10327 0
10327 0
10327 0
10327 0
10327 0
10327 0
10328 0
10328 0
10328 0
10328 0
10328 0
10328 0
10328 0
10328 0
10328 0
10328 0
10328 0
10328 2374
10328 0
10328 0
10328 0
10328 0
10328 0
10328 0
10328 0
10328 0
10328 0
10328 14
10328 0
10328 0
10328 1
10328 0
10328 0
10328 0
10328 0
10328 0
10328 0
10330 0
10330 0
10330 0
10330 0
10330 0
10330 0
10330 0
10330 0
10330 0
10330 0
10330 0
10330 2567
10330 0
10330 0
10330 0
10330 0
10330 0
10330 0
10330 0
10330 0
10330 0
10330 8
10330 0
10330 0
10330 3
10330 0
10330 0
10330 0
10330 0
10330 0
10330 0
10603 0
10603 0
10603 0
10603 0
10603 0
10603 0
10603 0
10603 0
10603 0
10603 0
10603 0
10603 2197
10603 0
10603 0
10603 0
10603 0
10603 0
10603 0
10603 0
10603 0
10603 0
10603 5
10603 0
10603 0
10603 1
10603 0
10603 0
10603 0
10603 0
10603 0
10603 0
10607 0
10607 0
10607 0
10607 0
10607 0
10607 0
10607 0
10607 0
10607 0
10607 0
10607 0
10607 2375
10607 0
10607 0
10607 0
10607 0
10607 0
10607 0
10607 0
10607 0
10607 0
10607 18
10607 0
10607 0
10607 0
10607 0
10607 0
10607 0
10607 0
10607 0
10607 0
10609 0
10609 0
10609 0
10609 0
10609 0
10609 0
10609 0
10609 0
10609 0
10609 0
10609 0
10609 3599
10609 0
10609 0
10609 0
10609 0
10609 0
10609 0
10609 0
10609 0
10609 0
10609 35
10609 0
10609 0
10609 2
10609 0
10609 0
10609 0
10609 0
10609 0
10609 0
10867 0
10867 0
10867 0
10867 0
10867 0
10867 0
10867 0
10867 0
10867 0
10867 0
10867 0
10867 1529
10867 0
10867 0
10867 0
10867 0
10867 0
10867 0
10867 0
10867 0
10867 0
10867 9
10867 0
10867 0
10867 0
10867 0
10867 0
10867 0
10867 0
10867 0
10867 0
10868 0
10868 0
10868 0
10868 0
10868 0
10868 0
10868 0
10868 0
10868 0
10868 0
10868 0
10868 558
10868 0
10868 0
10868 0
10868 0
10868 0
10868 0
10868 0
10868 0
10868 0
10868 0
10868 0
10868 0
10868 0
10868 0
10868 0
10868 0
10868 0
10868 0
10868 0
10873 0
10873 0
10873 0
10873 0
10873 0
10873 0
10873 0
10873 0
10873 0
10873 0
10873 0
10873 1636
10873 0
10873 0
10873 0
10873 0
10873 0
10873 0
10873 0
10873 0
10873 0
10873 7
10873 0
10873 0
10873 0
10873 0
10873 0
10873 0
10873 0
10873 0
10873 0
10878 0
10878 0
10878 0
10878 0
10878 0
10878 0
10878 0
10878 0
10878 0
10878 0
10878 0
10878 208
10878 0
10878 0
10878 0
10878 0
10878 0
10878 0
10878 0
10878 0
10878 0
10878 0
10878 0
10878 0
10878 0
10878 0
10878 0
10878 0
10878 0
10878 0
10878 0
10881 0
10881 0
10881 0
10881 0
10881 0
10881 0
10881 0
10881 0
10881 0
10881 0
10881 0
10881 245
10881 0
10881 0
10881 0
10881 0
10881 0
10881 0
10881 0
10881 0
10881 0
10881 8
10881 0
10881 0
10881 0
10881 0
10881 0
10881 0
10881 0
10881 0
10881 0
10889 0
10889 0
10889 0
10889 0
10889 0
10889 0
10889 0
10889 0
10889 0
10889 0
10889 0
10889 1291
10889 0
10889 0
10889 0
10889 0
10889 0
10889 0
10889 0
10889 0
10889 0
10889 13
10889 0
10889 0
10889 0
10889 0
10889 0
10889 0
10889 0
10889 0
10889 0
10902 0
10902 0
10902 0
10902 0
10902 0
10902 0
10902 0
10902 0
10902 0
10902 0
10902 0
10902 466
10902 0
10902 0
10902 0
10902 0
10902 0
10902 0
10902 0
10902 0
10902 0
10902 0
10902 0
10902 0
10902 0
10902 0
10902 0
10902 0
10902 0
10902 0
10902 0
10907 0
10907 0
10907 0
10907 0
10907 0
10907 0
10907 0
10907 0
10907 0
10907 0
10907 0
10907 393
10907 0
10907 0
10907 0
10907 0
10907 0
10907 0
10907 0
10907 0
10907 0
10907 0
10907 0
10907 0
10907 0
10907 0
10907 0
10907 0
10907 0
10907 0
10907 0
10936 0
10936 0
10936 0
10936 0
10936 0
10936 0
10936 0
10936 0
10936 0
10936 0
10936 0
10936 466
10936 0
10936 0
10936 0
10936 0
10936 0
10936 0
10936 0
10936 0
10936 0
10936 0
10936 0
10936 0
10936 0
10936 0
10936 0
10936 0
10936 0
10936 0
10936 0
10941 0
10941 0
10941 0
10941 0
10941 0
10941 0
10941 0
10941 0
10941 0
10941 0
10941 0
10941 474
10941 0
10941 0
10941 0
10941 0
10941 0
10941 0
10941 0
10941 0
10941 0
10941 0
10941 0
10941 0
10941 0
10941 0
10941 0
10941 0
10941 0
10941 0
10941 0
10944 0
10944 0
10944 0
10944 0
10944 0
10944 0
10944 0
10944 0
10944 0
10944 0
10944 0
10944 208
10944 0
10944 0
10944 0
10944 0
10944 0
10944 0
10944 0
10944 0
10944 0
10944 0
10944 0
10944 0
10944 0
10944 0
10944 0
10944 0
10944 0
10944 0
10944 0
10945 0
10945 0
10945 0
10945 0
10945 0
10945 0
10945 0
10945 0
10945 0
10945 0
10945 0
10945 466
10945 0
10945 0
10945 0
10945 0
10945 0
10945 0
10945 0
10945 0
10945 0
10945 0
10945 0
10945 0
10945 0
10945 0
10945 0
10945 0
10945 0
10945 0
10945 0
10961 0
10961 0
10961 0
10961 0
10961 0
10961 0
10961 0
10961 0
10961 0
10961 0
10961 0
10961 208
10961 0
10961 0
10961 0
10961 0
10961 0
10961 0
10961 0
10961 0
10961 0
10961 0
10961 0
10961 0
10961 0
10961 0
10961 0
10961 0
10961 0
10961 0
10961 0
