pt_graph scale
8365 0
8365 0
8365 0
8365 0
8365 0
8365 0
8365 0
8365 0
8365 0
8365 0
8365 133
8365 0
8365 0
8365 0
8365 0
8365 0
8365 0
8365 0
8365 0
8365 0
8365 0
8365 0
8365 0
8365 0
8365 0
8365 0
8365 0
8365 0
8365 0
8365 0
8365 0
8379 0
8379 0
8379 0
8379 0
8379 0
8379 0
8379 0
8379 0
8379 0
8379 0
8379 133
8379 0
8379 0
8379 0
8379 0
8379 0
8379 0
8379 0
8379 0
8379 0
8379 0
8379 0
8379 0
8379 0
8379 0
8379 0
8379 0
8379 0
8379 0
8379 0
8379 0
8381 0
8381 0
8381 0
8381 0
8381 0
8381 0
8381 0
8381 0
8381 0
8381 0
8381 130
8381 0
8381 0
8381 0
8381 0
8381 0
8381 0
8381 0
8381 0
8381 0
8381 0
8381 0
8381 0
8381 0
8381 0
8381 0
8381 0
8381 0
8381 0
8381 0
8381 0
8389 0
8389 0
8389 0
8389 0
8389 0
8389 0
8389 0
8389 0
8389 0
8389 0
8389 133
8389 0
8389 0
8389 0
8389 0
8389 0
8389 0
8389 0
8389 0
8389 0
8389 0
8389 0
8389 0
8389 0
8389 0
8389 0
8389 0
8389 0
8389 0
8389 0
8389 0
8416 0
8416 0
8416 0
8416 0
8416 0
8416 0
8416 0
8416 0
8416 0
8416 0
8416 133
8416 0
8416 0
8416 0
8416 0
8416 0
8416 0
8416 0
8416 0
8416 0
8416 0
8416 0
8416 0
8416 0
8416 0
8416 0
8416 0
8416 0
8416 0
8416 0
8416 0
8437 0
8437 0
8437 0
8437 0
8437 0
8437 0
8437 0
8437 0
8437 0
8437 0
8437 276
8437 0
8437 0
8437 0
8437 0
8437 0
8437 0
8437 0
8437 0
8437 0
8437 0
8437 0
8437 0
8437 0
8437 0
8437 0
8437 0
8437 0
8437 0
8437 0
8437 0
8449 0
8449 0
8449 0
8449 0
8449 0
8449 0
8449 0
8449 0
8449 0
8449 0
8449 285
8449 0
8449 0
8449 0
8449 0
8449 0
8449 0
8449 0
8449 0
8449 0
8449 0
8449 0
8449 0
8449 0
8449 0
8449 0
8449 0
8449 0
8449 0
8449 0
8449 0
8452 0
8452 0
8452 0
8452 0
8452 0
8452 0
8452 0
8452 0
8452 0
8452 0
8452 133
8452 0
8452 0
8452 0
8452 0
8452 0
8452 0
8452 0
8452 0
8452 0
8452 0
8452 0
8452 0
8452 0
8452 0
8452 0
8452 0
8452 0
8452 0
8452 0
8452 0
8457 0
8457 0
8457 0
8457 0
8457 0
8457 0
8457 0
8457 0
8457 0
8457 0
8457 133
8457 0
8457 0
8457 0
8457 0
8457 0
8457 0
8457 0
8457 0
8457 0
8457 0
8457 0
8457 0
8457 0
8457 0
8457 0
8457 0
8457 0
8457 0
8457 0
8457 0
8470 0
8470 0
8470 0
8470 0
8470 0
8470 0
8470 0
8470 0
8470 0
8470 0
8470 133
8470 0
8470 0
8470 0
8470 0
8470 0
8470 0
8470 0
8470 0
8470 0
8470 0
8470 0
8470 0
8470 0
8470 0
8470 0
8470 0
8470 0
8470 0
8470 0
8470 0
8492 0
8492 0
8492 0
8492 0
8492 0
8492 0
8492 0
8492 0
8492 0
8492 0
8492 133
8492 0
8492 0
8492 0
8492 0
8492 0
8492 0
8492 0
8492 0
8492 0
8492 0
8492 0
8492 0
8492 0
8492 0
8492 0
8492 0
8492 0
8492 0
8492 0
8492 0
8497 0
8497 0
8497 0
8497 0
8497 0
8497 0
8497 0
8497 0
8497 0
8497 0
8497 130
8497 0
8497 0
8497 0
8497 0
8497 0
8497 0
8497 0
8497 0
8497 0
8497 0
8497 0
8497 0
8497 0
8497 0
8497 0
8497 0
8497 0
8497 0
8497 0
8497 0
8505 0
8505 0
8505 0
8505 0
8505 0
8505 0
8505 0
8505 0
8505 0
8505 0
8505 133
8505 0
8505 0
8505 0
8505 0
8505 0
8505 0
8505 0
8505 0
8505 0
8505 0
8505 0
8505 0
8505 0
8505 0
8505 0
8505 0
8505 0
8505 0
8505 0
8505 0
8513 0
8513 0
8513 0
8513 0
8513 0
8513 0
8513 0
8513 0
8513 0
8513 0
8513 62
8513 0
8513 0
8513 0
8513 0
8513 0
8513 0
8513 0
8513 0
8513 0
8513 0
8513 0
8513 0
8513 0
8513 0
8513 0
8513 0
8513 0
8513 0
8513 0
8513 0
8515 0
8515 0
8515 0
8515 0
8515 0
8515 0
8515 0
8515 0
8515 0
8515 0
8515 133
8515 0
8515 0
8515 0
8515 0
8515 0
8515 0
8515 0
8515 0
8515 0
8515 0
8515 0
8515 0
8515 0
8515 0
8515 0
8515 0
8515 0
8515 0
8515 0
8515 0
8525 0
8525 0
8525 0
8525 0
8525 0
8525 0
8525 0
8525 0
8525 0
8525 0
8525 133
8525 0
8525 0
8525 0
8525 0
8525 0
8525 0
8525 0
8525 0
8525 0
8525 0
8525 0
8525 0
8525 0
8525 0
8525 0
8525 0
8525 0
8525 0
8525 0
8525 0
8532 0
8532 0
8532 0
8532 0
8532 0
8532 0
8532 0
8532 0
8532 0
8532 0
8532 133
8532 0
8532 0
8532 0
8532 0
8532 0
8532 0
8532 0
8532 0
8532 0
8532 0
8532 0
8532 0
8532 0
8532 0
8532 0
8532 0
8532 0
8532 0
8532 0
8532 0
8573 0
8573 0
8573 0
8573 0
8573 0
8573 0
8573 0
8573 0
8573 0
8573 0
8573 133
8573 0
8573 0
8573 0
8573 0
8573 0
8573 0
8573 0
8573 0
8573 0
8573 0
8573 0
8573 0
8573 0
8573 0
8573 0
8573 0
8573 0
8573 0
8573 0
8573 0
8578 0
8578 0
8578 0
8578 0
8578 0
8578 0
8578 0
8578 0
8578 0
8578 0
8578 133
8578 0
8578 0
8578 0
8578 0
8578 0
8578 0
8578 0
8578 0
8578 0
8578 0
8578 0
8578 0
8578 0
8578 0
8578 0
8578 0
8578 0
8578 0
8578 0
8578 0
8581 0
8581 0
8581 0
8581 0
8581 0
8581 0
8581 0
8581 0
8581 0
8581 0
8581 133
8581 0
8581 0
8581 0
8581 0
8581 0
8581 0
8581 0
8581 0
8581 0
8581 0
8581 0
8581 0
8581 0
8581 0
8581 0
8581 0
8581 0
8581 0
8581 0
8581 0
8591 0
8591 0
8591 0
8591 0
8591 0
8591 0
8591 0
8591 0
8591 0
8591 0
8591 133
8591 0
8591 0
8591 0
8591 0
8591 0
8591 0
8591 0
8591 0
8591 0
8591 0
8591 0
8591 0
8591 0
8591 0
8591 0
8591 0
8591 0
8591 0
8591 0
8591 0
8603 0
8603 0
8603 0
8603 0
8603 0
8603 0
8603 0
8603 0
8603 0
8603 0
8603 133
8603 0
8603 0
8603 0
8603 0
8603 0
8603 0
8603 0
8603 0
8603 0
8603 0
8603 0
8603 0
8603 0
8603 0
8603 0
8603 0
8603 0
8603 0
8603 0
8603 0
8611 0
8611 0
8611 0
8611 0
8611 0
8611 0
8611 0
8611 0
8611 0
8611 0
8611 130
8611 0
8611 0
8611 0
8611 0
8611 0
8611 0
8611 0
8611 0
8611 0
8611 0
8611 0
8611 0
8611 0
8611 0
8611 0
8611 0
8611 0
8611 0
8611 0
8611 0
8621 0
8621 0
8621 0
8621 0
8621 0
8621 0
8621 0
8621 0
8621 0
8621 0
8621 130
8621 0
8621 0
8621 0
8621 0
8621 0
8621 0
8621 0
8621 0
8621 0
8621 0
8621 0
8621 0
8621 0
8621 0
8621 0
8621 0
8621 0
8621 0
8621 0
8621 0
8692 0
8692 0
8692 0
8692 0
8692 0
8692 0
8692 0
8692 0
8692 0
8692 0
8692 133
8692 0
8692 0
8692 0
8692 0
8692 0
8692 0
8692 0
8692 0
8692 0
8692 0
8692 0
8692 0
8692 0
8692 0
8692 0
8692 0
8692 0
8692 0
8692 0
8692 0
8730 0
8730 0
8730 0
8730 0
8730 0
8730 0
8730 0
8730 0
8730 0
8730 0
8730 133
8730 0
8730 0
8730 0
8730 0
8730 0
8730 0
8730 0
8730 0
8730 0
8730 0
8730 0
8730 0
8730 0
8730 0
8730 0
8730 0
8730 0
8730 0
8730 0
8730 0
8774 0
8774 0
8774 0
8774 0
8774 0
8774 0
8774 0
8774 0
8774 0
8774 0
8774 130
8774 0
8774 0
8774 0
8774 0
8774 0
8774 0
8774 0
8774 0
8774 0
8774 0
8774 0
8774 0
8774 0
8774 0
8774 0
8774 0
8774 0
8774 0
8774 0
8774 0
8856 0
8856 0
8856 0
8856 0
8856 0
8856 0
8856 0
8856 0
8856 0
8856 0
8856 133
8856 0
8856 0
8856 0
8856 0
8856 0
8856 0
8856 0
8856 0
8856 0
8856 0
8856 0
8856 0
8856 0
8856 0
8856 0
8856 0
8856 0
8856 0
8856 0
8856 0
9042 0
9042 0
9042 0
9042 0
9042 0
9042 0
9042 0
9042 0
9042 0
9042 0
9042 14
9042 0
9042 0
9042 0
9042 0
9042 0
9042 0
9042 0
9042 0
9042 0
9042 0
9042 0
9042 0
9042 0
9042 0
9042 0
9042 0
9042 0
9042 0
9042 0
9042 0
9060 0
9060 0
9060 0
9060 0
9060 0
9060 0
9060 0
9060 0
9060 0
9060 0
9060 133
9060 0
9060 0
9060 0
9060 0
9060 0
9060 0
9060 0
9060 0
9060 0
9060 0
9060 0
9060 0
9060 0
9060 0
9060 0
9060 0
9060 0
9060 0
9060 0
9060 0
9100 0
9100 0
9100 0
9100 0
9100 0
9100 0
9100 0
9100 0
9100 0
9100 0
9100 175
9100 0
9100 0
9100 0
9100 0
9100 0
9100 0
9100 0
9100 0
9100 0
9100 0
9100 0
9100 0
9100 0
9100 0
9100 0
9100 0
9100 0
9100 0
9100 0
9100 0
9121 0
9121 0
9121 0
9121 0
9121 0
9121 0
9121 0
9121 0
9121 0
9121 0
9121 133
9121 0
9121 0
9121 0
9121 0
9121 0
9121 0
9121 0
9121 0
9121 0
9121 0
9121 0
9121 0
9121 0
9121 0
9121 0
9121 0
9121 0
9121 0
9121 0
9121 0
9142 0
9142 0
9142 0
9142 0
9142 0
9142 0
9142 0
9142 0
9142 0
9142 0
9142 361
9142 0
9142 0
9142 0
9142 0
9142 0
9142 0
9142 0
9142 0
9142 0
9142 0
9142 0
9142 0
9142 0
9142 0
9142 0
9142 0
9142 0
9142 0
9142 0
9142 0
9172 0
9172 0
9172 0
9172 0
9172 0
9172 0
9172 0
9172 0
9172 0
9172 0
9172 19
9172 0
9172 0
9172 0
9172 0
9172 0
9172 0
9172 0
9172 0
9172 0
9172 0
9172 0
9172 0
9172 0
9172 0
9172 0
9172 0
9172 0
9172 0
9172 0
9172 0
9186 0
9186 0
9186 0
9186 0
9186 0
9186 0
9186 0
9186 0
9186 0
9186 0
9186 133
9186 0
9186 0
9186 0
9186 0
9186 0
9186 0
9186 0
9186 0
9186 0
9186 0
9186 0
9186 0
9186 0
9186 0
9186 0
9186 0
9186 0
9186 0
9186 0
9186 0
9190 0
9190 0
9190 0
9190 0
9190 0
9190 0
9190 0
9190 0
9190 0
9190 0
9190 19
9190 0
9190 0
9190 0
9190 0
9190 0
9190 0
9190 0
9190 0
9190 0
9190 0
9190 0
9190 0
9190 0
9190 0
9190 0
9190 0
9190 0
9190 0
9190 0
9190 0
9239 0
9239 0
9239 0
9239 0
9239 0
9239 0
9239 0
9239 0
9239 0
9239 0
9239 19
9239 0
9239 0
9239 0
9239 0
9239 0
9239 0
9239 0
9239 0
9239 0
9239 0
9239 0
9239 0
9239 0
9239 0
9239 0
9239 0
9239 0
9239 0
9239 0
9239 0
9373 0
9373 0
9373 0
9373 0
9373 0
9373 0
9373 0
9373 0
9373 0
9373 0
9373 19
9373 0
9373 0
9373 0
9373 0
9373 0
9373 0
9373 0
9373 0
9373 0
9373 0
9373 0
9373 0
9373 0
9373 0
9373 0
9373 0
9373 0
9373 0
9373 0
9373 0
9441 0
9441 0
9441 0
9441 0
9441 0
9441 0
9441 0
9441 0
9441 0
9441 0
9441 14
9441 0
9441 0
9441 0
9441 0
9441 0
9441 0
9441 0
9441 0
9441 0
9441 0
9441 0
9441 0
9441 0
9441 0
9441 0
9441 0
9441 0
9441 0
9441 0
9441 0
9533 0
9533 0
9533 0
9533 0
9533 0
9533 0
9533 0
9533 0
9533 0
9533 0
9533 68
9533 0
9533 0
9533 0
9533 0
9533 0
9533 0
9533 0
9533 0
9533 0
9533 0
9533 0
9533 0
9533 0
9533 0
9533 0
9533 0
9533 0
9533 0
9533 0
9533 0
9614 0
9614 0
9614 0
9614 0
9614 0
9614 0
9614 0
9614 0
9614 0
9614 0
9614 19
9614 0
9614 0
9614 0
9614 0
9614 0
9614 0
9614 0
9614 0
9614 0
9614 0
9614 0
9614 0
9614 0
9614 0
9614 0
9614 0
9614 0
9614 0
9614 0
9614 0
9627 0
9627 0
9627 0
9627 0
9627 0
9627 0
9627 0
9627 0
9627 0
9627 0
9627 14
9627 0
9627 0
9627 0
9627 0
9627 0
9627 0
9627 0
9627 0
9627 0
9627 0
9627 0
9627 0
9627 0
9627 0
9627 0
9627 0
9627 0
9627 0
9627 0
9627 0
9666 0
9666 0
9666 0
9666 0
9666 0
9666 0
9666 0
9666 0
9666 0
9666 0
9666 19
9666 0
9666 0
9666 0
9666 0
9666 0
9666 0
9666 0
9666 0
9666 0
9666 0
9666 0
9666 0
9666 0
9666 0
9666 0
9666 0
9666 0
9666 0
9666 0
9666 0
9669 0
9669 0
9669 0
9669 0
9669 0
9669 0
9669 0
9669 0
9669 0
9669 0
9669 680
9669 0
9669 0
9669 0
9669 0
9669 0
9669 0
9669 0
9669 0
9669 0
9669 0
9669 0
9669 0
9669 0
9669 0
9669 0
9669 0
9669 0
9669 0
9669 0
9669 0
9714 0
9714 0
9714 0
9714 0
9714 0
9714 0
9714 0
9714 0
9714 0
9714 0
9714 19
9714 0
9714 0
9714 0
9714 0
9714 0
9714 0
9714 0
9714 0
9714 0
9714 0
9714 0
9714 0
9714 0
9714 0
9714 0
9714 0
9714 0
9714 0
9714 0
9714 0
9723 0
9723 0
9723 0
9723 0
9723 0
9723 0
9723 0
9723 0
9723 0
9723 0
9723 19
9723 0
9723 0
9723 0
9723 0
9723 0
9723 0
9723 0
9723 0
9723 0
9723 0
9723 0
9723 0
9723 0
9723 0
9723 0
9723 0
9723 0
9723 0
9723 0
9723 0
9929 0
9929 0
9929 0
9929 0
9929 0
9929 0
9929 0
9929 0
9929 0
9929 0
9929 19
9929 0
9929 0
9929 0
9929 0
9929 0
9929 0
9929 0
9929 0
9929 0
9929 0
9929 0
9929 0
9929 0
9929 0
9929 0
9929 0
9929 0
9929 0
9929 0
9929 0
10881 0
10881 0
10881 0
10881 0
10881 0
10881 0
10881 0
10881 0
10881 0
10881 0
10881 0
10881 842
10881 0
10881 0
10881 0
10881 0
10881 0
10881 0
10881 0
10881 0
10881 0
10881 0
10881 0
10881 0
10881 0
10881 0
10881 0
10881 0
10881 0
10881 0
10881 0
10889 0
10889 0
10889 0
10889 0
10889 0
10889 0
10889 0
10889 0
10889 0
10889 0
10889 0
10889 1844
10889 0
10889 0
10889 0
10889 0
10889 0
10889 0
10889 0
10889 0
10889 0
10889 0
10889 0
10889 0
10889 0
10889 0
10889 0
10889 0
10889 0
10889 0
10889 0
10894 0
10894 0
10894 0
10894 0
10894 0
10894 0
10894 0
10894 0
10894 0
10894 0
10894 0
10894 774
10894 0
10894 0
10894 0
10894 0
10894 0
10894 0
10894 0
10894 0
10894 0
10894 0
10894 0
10894 0
10894 0
10894 0
10894 0
10894 0
10894 0
10894 0
10894 0
10907 0
10907 0
10907 0
10907 0
10907 0
10907 0
10907 0
10907 0
10907 0
10907 0
10907 0
10907 516
10907 0
10907 0
10907 0
10907 0
10907 0
10907 0
10907 0
10907 0
10907 0
10907 0
10907 0
10907 0
10907 0
10907 0
10907 0
10907 0
10907 0
10907 0
10907 0
11045 0
11045 0
11045 0
11045 0
11045 0
11045 0
11045 0
11045 0
11045 0
11045 0
11045 0
11045 696
11045 0
11045 0
11045 0
11045 0
11045 0
11045 0
11045 0
11045 0
11045 0
11045 0
11045 0
11045 0
11045 0
11045 0
11045 0
11045 0
11045 0
11045 0
11045 0
11046 0
11046 0
11046 0
11046 0
11046 0
11046 0
11046 0
11046 0
11046 0
11046 0
11046 0
11046 131
11046 0
11046 0
11046 0
11046 0
11046 0
11046 0
11046 0
11046 0
11046 0
11046 0
11046 0
11046 0
11046 0
11046 0
11046 0
11046 0
11046 0
11046 0
11046 0
11049 0
11049 0
11049 0
11049 0
11049 0
11049 0
11049 0
11049 0
11049 0
11049 0
11049 0
11049 279
11049 0
11049 0
11049 0
11049 0
11049 0
11049 0
11049 0
11049 0
11049 0
11049 0
11049 0
11049 0
11049 0
11049 0
11049 0
11049 0
11049 0
11049 0
11049 0
11051 0
11051 0
11051 0
11051 0
11051 0
11051 0
11051 0
11051 0
11051 0
11051 0
11051 0
11051 677
11051 0
11051 0
11051 0
11051 0
11051 0
11051 0
11051 0
11051 0
11051 0
11051 0
11051 0
11051 0
11051 0
11051 0
11051 0
11051 0
11051 0
11051 0
11051 0
11054 0
11054 0
11054 0
11054 0
11054 0
11054 0
11054 0
11054 0
11054 0
11054 0
11054 0
11054 127
11054 0
11054 0
11054 0
11054 0
11054 0
11054 0
11054 0
11054 0
11054 0
11054 0
11054 0
11054 0
11054 0
11054 0
11054 0
11054 0
11054 0
11054 0
11054 0
11056 0
11056 0
11056 0
11056 0
11056 0
11056 0
11056 0
11056 0
11056 0
11056 0
11056 0
11056 431
11056 0
11056 0
11056 0
11056 0
11056 0
11056 0
11056 0
11056 0
11056 0
11056 0
11056 0
11056 0
11056 0
11056 0
11056 0
11056 0
11056 0
11056 0
11056 0
11060 0
11060 0
11060 0
11060 0
11060 0
11060 0
11060 0
11060 0
11060 0
11060 0
11060 0
11060 856
11060 0
11060 0
11060 0
11060 0
11060 0
11060 0
11060 0
11060 0
11060 0
11060 0
11060 0
11060 0
11060 0
11060 0
11060 0
11060 0
11060 0
11060 0
11060 0
11068 0
11068 0
11068 0
11068 0
11068 0
11068 0
11068 0
11068 0
11068 0
11068 0
11068 0
11068 3483
11068 0
11068 0
11068 0
11068 0
11068 0
11068 0
11068 0
11068 0
11068 0
11068 0
11068 0
11068 0
11068 0
11068 0
11068 0
11068 0
11068 0
11068 0
11068 0
11122 0
11122 0
11122 0
11122 0
11122 0
11122 0
11122 0
11122 0
11122 0
11122 0
11122 0
11122 1256
11122 0
11122 0
11122 0
11122 0
11122 0
11122 0
11122 0
11122 0
11122 0
11122 0
11122 0
11122 0
11122 0
11122 0
11122 0
11122 0
11122 0
11122 0
11122 0
11138 0
11138 0
11138 0
11138 0
11138 0
11138 0
11138 0
11138 0
11138 0
11138 0
11138 0
11138 449
11138 0
11138 0
11138 0
11138 0
11138 0
11138 0
11138 0
11138 0
11138 0
11138 0
11138 0
11138 0
11138 0
11138 0
11138 0
11138 0
11138 0
11138 0
11138 0
11143 0
11143 0
11143 0
11143 0
11143 0
11143 0
11143 0
11143 0
11143 0
11143 0
11143 0
11143 449
11143 0
11143 0
11143 0
11143 0
11143 0
11143 0
11143 0
11143 0
11143 0
11143 0
11143 0
11143 0
11143 0
11143 0
11143 0
11143 0
11143 0
11143 0
11143 0
11146 0
11146 0
11146 0
11146 0
11146 0
11146 0
11146 0
11146 0
11146 0
11146 0
11146 0
11146 188
11146 0
11146 0
11146 0
11146 0
11146 0
11146 0
11146 0
11146 0
11146 0
11146 0
11146 0
11146 0
11146 0
11146 0
11146 0
11146 0
11146 0
11146 0
11146 0
11169 0
11169 0
11169 0
11169 0
11169 0
11169 0
11169 0
11169 0
11169 0
11169 0
11169 0
11169 434
11169 0
11169 0
11169 0
11169 0
11169 0
11169 0
11169 0
11169 0
11169 0
11169 0
11169 0
11169 0
11169 0
11169 0
11169 0
11169 0
11169 0
11169 0
11169 0
11193 0
11193 0
11193 0
11193 0
11193 0
11193 0
11193 0
11193 0
11193 0
11193 0
11193 0
11193 1111
11193 0
11193 0
11193 0
11193 0
11193 0
11193 0
11193 0
11193 0
11193 0
11193 0
11193 0
11193 0
11193 0
11193 0
11193 0
11193 0
11193 0
11193 0
11193 0
11204 0
11204 0
11204 0
11204 0
11204 0
11204 0
11204 0
11204 0
11204 0
11204 0
11204 0
11204 1268
11204 0
11204 0
11204 0
11204 0
11204 0
11204 0
11204 0
11204 0
11204 0
11204 0
11204 0
11204 0
11204 0
11204 0
11204 0
11204 0
11204 0
11204 0
11204 0
11220 0
11220 0
11220 0
11220 0
11220 0
11220 0
11220 0
11220 0
11220 0
11220 0
11220 0
11220 168
11220 0
11220 0
11220 0
11220 0
11220 0
11220 0
11220 0
11220 0
11220 0
11220 0
11220 0
11220 0
11220 0
11220 0
11220 0
11220 0
11220 0
11220 0
11220 0
11242 0
11242 0
11242 0
11242 0
11242 0
11242 0
11242 0
11242 0
11242 0
11242 0
11242 0
11242 598
11242 0
11242 0
11242 0
11242 0
11242 0
11242 0
11242 0
11242 0
11242 0
11242 0
11242 0
11242 0
11242 0
11242 0
11242 0
11242 0
11242 0
11242 0
11242 0
12086 0
12086 0
12086 0
12086 0
12086 0
12086 0
12086 0
12086 0
12086 0
12086 0
12086 0
12086 560
12086 0
12086 0
12086 0
12086 0
12086 0
12086 0
12086 0
12086 0
12086 0
12086 0
12086 0
12086 0
12086 0
12086 0
12086 0
12086 0
12086 0
12086 0
12086 0
