pt_graph shape
8378 0
8378 0
8378 0
8378 0
8378 0
8378 0
8378 0
8378 0
8378 0
8378 0
8378 0.98
8378 0
8378 0
8378 0
8378 0
8378 0
8378 0
8378 0
8378 0
8378 0
8378 0
8378 0
8378 0
8378 0
8378 0
8378 0
8378 0
8378 0
8378 0
8378 0
8378 0
8401 0
8401 0
8401 0
8401 0
8401 0
8401 0
8401 0
8401 0
8401 0
8401 0
8401 1.7
8401 0
8401 0
8401 0
8401 0
8401 0
8401 0
8401 0
8401 0
8401 0
8401 0
8401 0
8401 0
8401 0
8401 0
8401 0
8401 0
8401 0
8401 0
8401 0
8401 0
8409 0
8409 0
8409 0
8409 0
8409 0
8409 0
8409 0
8409 0
8409 0
8409 0
8409 35
8409 0
8409 0
8409 0
8409 0
8409 0
8409 0
8409 0
8409 0
8409 0
8409 0
8409 0
8409 0
8409 0
8409 0
8409 0
8409 0
8409 0
8409 0
8409 0
8409 0
8558 0
8558 0
8558 0
8558 0
8558 0
8558 0
8558 0
8558 0
8558 0
8558 0
8558 37.2
8558 0
8558 0
8558 0
8558 0
8558 0
8558 0
8558 0
8558 0
8558 0
8558 0
8558 0
8558 0
8558 0
8558 0
8558 0
8558 0
8558 0
8558 0
8558 0
8558 0
8606 0
8606 0
8606 0
8606 0
8606 0
8606 0
8606 0
8606 0
8606 0
8606 0
8606 1.06
8606 0
8606 0
8606 0
8606 0
8606 0
8606 0
8606 0
8606 0
8606 0
8606 0
8606 0
8606 0
8606 0
8606 0
8606 0
8606 0
8606 0
8606 0
8606 0
8606 0
8616 0
8616 0
8616 0
8616 0
8616 0
8616 0
8616 0
8616 0
8616 0
8616 0
8616 37.2
8616 0
8616 0
8616 0
8616 0
8616 0
8616 0
8616 0
8616 0
8616 0
8616 0
8616 0
8616 0
8616 0
8616 0
8616 0
8616 0
8616 0
8616 0
8616 0
8616 0
8632 0
8632 0
8632 0
8632 0
8632 0
8632 0
8632 0
8632 0
8632 0
8632 0
8632 1.08
8632 0
8632 0
8632 0
8632 0
8632 0
8632 0
8632 0
8632 0
8632 0
8632 0
8632 34.39
8632 0
8632 0
8632 0
8632 0
8632 0
8632 0
8632 0
8632 0
8632 0
8695 0
8695 0
8695 0
8695 0
8695 0
8695 0
8695 0
8695 0
8695 0
8695 0
8695 1.13
8695 0
8695 0
8695 0
8695 0
8695 0
8695 0
8695 0
8695 0
8695 0
8695 0
8695 75.26
8695 0
8695 0
8695 0
8695 0
8695 0
8695 0
8695 0
8695 0
8695 0
8710 0
8710 0
8710 0
8710 0
8710 0
8710 0
8710 0
8710 0
8710 0
8710 0
8710 0.75
8710 0
8710 0
8710 0
8710 0
8710 0
8710 0
8710 0
8710 0
8710 0
8710 0
8710 0
8710 0
8710 0
8710 0
8710 0
8710 0
8710 0
8710 0
8710 0
8710 0
9786 0
9786 0
9786 0
9786 0
9786 0
9786 0
9786 0
9786 0
9786 0
9786 0
9786 1.06
9786 0
9786 0
9786 0
9786 0
9786 0
9786 0
9786 0
9786 0
9786 0
9786 0
9786 0
9786 0
9786 0
9786 0
9786 0
9786 0
9786 0
9786 0
9786 0
9786 0
10017 0
10017 0
10017 0
10017 0
10017 0
10017 0
10017 0
10017 0
10017 0
10017 0
10017 0
10017 21.96
10017 0
10017 0
10017 0
10017 0
10017 0
10017 0
10017 0
10017 0
10017 0
10017 0
10017 0
10017 0
10017 0
10017 0
10017 0
10017 0
10017 0
10017 0
10017 0
10048 0
10048 0
10048 0
10048 0
10048 0
10048 0
10048 0
10048 0
10048 0
10048 0
10048 0.75
10048 0
10048 0
10048 0
10048 0
10048 0
10048 0
10048 0
10048 0
10048 0
10048 0
10048 0
10048 0
10048 0
10048 0
10048 0
10048 0
10048 0
10048 0
10048 0
10048 0
10055 0
10055 0
10055 0
10055 0
10055 0
10055 0
10055 0
10055 0
10055 0
10055 0
10055 1.57
10055 0
10055 0
10055 0
10055 0
10055 0
10055 0
10055 0
10055 0
10055 0
10055 0
10055 0
10055 0
10055 0
10055 0
10055 0
10055 0
10055 0
10055 0
10055 0
10055 0
10085 0
10085 0
10085 0
10085 0
10085 0
10085 0
10085 0
10085 0
10085 0
10085 0
10085 2.63
10085 0
10085 0
10085 0
10085 0
10085 0
10085 0
10085 0
10085 0
10085 0
10085 0
10085 0
10085 0
10085 0
10085 0
10085 0
10085 0
10085 0
10085 0
10085 0
10085 0
10098 0
10098 0
10098 0
10098 0
10098 0
10098 0
10098 0
10098 0
10098 0
10098 0
10098 18.58
10098 0
10098 0
10098 0
10098 0
10098 0
10098 0
10098 0
10098 0
10098 0
10098 0
10098 0
10098 0
10098 0
10098 0
10098 0
10098 0
10098 0
10098 0
10098 0
10098 0
10161 0
10161 0
10161 0
10161 0
10161 0
10161 0
10161 0
10161 0
10161 0
10161 0
10161 0.75
10161 0
10161 0
10161 0
10161 0
10161 0
10161 0
10161 0
10161 0
10161 0
10161 0
10161 0
10161 0
10161 0
10161 0
10161 0
10161 0
10161 0
10161 0
10161 0
10161 0
10169 0
10169 0
10169 0
10169 0
10169 0
10169 0
10169 0
10169 0
10169 0
10169 0
10169 0.74
10169 0
10169 0
10169 0
10169 0
10169 0
10169 0
10169 0
10169 0
10169 0
10169 0
10169 0
10169 0
10169 0
10169 0
10169 0
10169 0
10169 0
10169 0
10169 0
10169 0
10175 0
10175 0
10175 0
10175 0
10175 0
10175 0
10175 0
10175 0
10175 0
10175 0
10175 1.57
10175 0
10175 0
10175 0
10175 0
10175 0
10175 0
10175 0
10175 0
10175 0
10175 0
10175 0
10175 0
10175 0
10175 0
10175 0
10175 0
10175 0
10175 0
10175 0
10175 0
10176 0
10176 0
10176 0
10176 0
10176 0
10176 0
10176 0
10176 0
10176 0
10176 0
10176 0.95
10176 0
10176 0
10176 0
10176 0
10176 0
10176 0
10176 0
10176 0
10176 0
10176 0
10176 0
10176 0
10176 0
10176 0
10176 0
10176 0
10176 0
10176 0
10176 0
10176 0
10206 0
10206 0
10206 0
10206 0
10206 0
10206 0
10206 0
10206 0
10206 0
10206 0
10206 24.47
10206 0
10206 0
10206 0
10206 0
10206 0
10206 0
10206 0
10206 0
10206 0
10206 0
10206 0
10206 0
10206 0
10206 0
10206 0
10206 0
10206 0
10206 0
10206 0
10206 0
10260 0
10260 0
10260 0
10260 0
10260 0
10260 0
10260 0
10260 0
10260 0
10260 0
10260 0.75
10260 0
10260 0
10260 0
10260 0
10260 0
10260 0
10260 0
10260 0
10260 0
10260 0
10260 0
10260 0
10260 0
10260 0
10260 0
10260 0
10260 0
10260 0
10260 0
10260 0
