pt_graph scale
8379 0
8379 0
8379 0
8379 0
8379 0
8379 0
8379 0
8379 0
8379 0
8379 0
8379 149
8379 0
8379 0
8379 0
8379 0
8379 0
8379 0
8379 0
8379 0
8379 0
8379 0
8379 0
8379 0
8379 0
8379 0
8379 0
8379 0
8379 0
8379 0
8379 0
8379 0
8403 0
8403 0
8403 0
8403 0
8403 0
8403 0
8403 0
8403 0
8403 0
8403 0
8403 239
8403 0
8403 0
8403 0
8403 0
8403 0
8403 0
8403 0
8403 0
8403 0
8403 0
8403 0
8403 0
8403 0
8403 0
8403 0
8403 0
8403 0
8403 0
8403 0
8403 0
8437 0
8437 0
8437 0
8437 0
8437 0
8437 0
8437 0
8437 0
8437 0
8437 0
8437 149
8437 0
8437 0
8437 0
8437 0
8437 0
8437 0
8437 0
8437 0
8437 0
8437 0
8437 0
8437 0
8437 0
8437 0
8437 0
8437 0
8437 0
8437 0
8437 0
8437 0
8490 0
8490 0
8490 0
8490 0
8490 0
8490 0
8490 0
8490 0
8490 0
8490 0
8490 64
8490 0
8490 0
8490 0
8490 0
8490 0
8490 0
8490 0
8490 0
8490 0
8490 0
8490 0
8490 0
8490 0
8490 0
8490 0
8490 0
8490 0
8490 0
8490 0
8490 0
8492 0
8492 0
8492 0
8492 0
8492 0
8492 0
8492 0
8492 0
8492 0
8492 0
8492 64
8492 0
8492 0
8492 0
8492 0
8492 0
8492 0
8492 0
8492 0
8492 0
8492 0
8492 0
8492 0
8492 0
8492 0
8492 0
8492 0
8492 0
8492 0
8492 0
8492 0
8505 0
8505 0
8505 0
8505 0
8505 0
8505 0
8505 0
8505 0
8505 0
8505 0
8505 64
8505 0
8505 0
8505 0
8505 0
8505 0
8505 0
8505 0
8505 0
8505 0
8505 0
8505 0
8505 0
8505 0
8505 0
8505 0
8505 0
8505 0
8505 0
8505 0
8505 0
8525 0
8525 0
8525 0
8525 0
8525 0
8525 0
8525 0
8525 0
8525 0
8525 0
8525 233
8525 0
8525 0
8525 0
8525 0
8525 0
8525 0
8525 0
8525 0
8525 0
8525 0
8525 0
8525 0
8525 0
8525 0
8525 0
8525 0
8525 0
8525 0
8525 0
8525 0
8566 0
8566 0
8566 0
8566 0
8566 0
8566 0
8566 0
8566 0
8566 0
8566 0
8566 74
8566 0
8566 0
8566 0
8566 0
8566 0
8566 0
8566 0
8566 0
8566 0
8566 0
8566 0
8566 0
8566 0
8566 0
8566 0
8566 0
8566 0
8566 0
8566 0
8566 0
8578 0
8578 0
8578 0
8578 0
8578 0
8578 0
8578 0
8578 0
8578 0
8578 0
8578 3
8578 0
8578 0
8578 0
8578 0
8578 0
8578 0
8578 0
8578 0
8578 0
8578 0
8578 0
8578 0
8578 0
8578 0
8578 0
8578 0
8578 0
8578 0
8578 0
8578 0
8581 0
8581 0
8581 0
8581 0
8581 0
8581 0
8581 0
8581 0
8581 0
8581 0
8581 146
8581 0
8581 0
8581 0
8581 0
8581 0
8581 0
8581 0
8581 0
8581 0
8581 0
8581 0
8581 0
8581 0
8581 0
8581 0
8581 0
8581 0
8581 0
8581 0
8581 0
8612 0
8612 0
8612 0
8612 0
8612 0
8612 0
8612 0
8612 0
8612 0
8612 0
8612 236
8612 0
8612 0
8612 0
8612 0
8612 0
8612 0
8612 0
8612 0
8612 0
8612 0
8612 0
8612 0
8612 0
8612 0
8612 0
8612 0
8612 0
8612 0
8612 0
8612 0
8620 0
8620 0
8620 0
8620 0
8620 0
8620 0
8620 0
8620 0
8620 0
8620 0
8620 149
8620 0
8620 0
8620 0
8620 0
8620 0
8620 0
8620 0
8620 0
8620 0
8620 0
8620 0
8620 0
8620 0
8620 0
8620 0
8620 0
8620 0
8620 0
8620 0
8620 0
8631 0
8631 0
8631 0
8631 0
8631 0
8631 0
8631 0
8631 0
8631 0
8631 0
8631 391
8631 0
8631 0
8631 0
8631 0
8631 0
8631 0
8631 0
8631 0
8631 0
8631 0
8631 0
8631 0
8631 0
8631 0
8631 0
8631 0
8631 0
8631 0
8631 0
8631 0
8643 0
8643 0
8643 0
8643 0
8643 0
8643 0
8643 0
8643 0
8643 0
8643 0
8643 239
8643 0
8643 0
8643 0
8643 0
8643 0
8643 0
8643 0
8643 0
8643 0
8643 0
8643 0
8643 0
8643 0
8643 0
8643 0
8643 0
8643 0
8643 0
8643 0
8643 0
8652 0
8652 0
8652 0
8652 0
8652 0
8652 0
8652 0
8652 0
8652 0
8652 0
8652 402
8652 0
8652 0
8652 0
8652 0
8652 0
8652 0
8652 0
8652 0
8652 0
8652 0
8652 0
8652 0
8652 0
8652 0
8652 0
8652 0
8652 0
8652 0
8652 0
8652 0
8663 0
8663 0
8663 0
8663 0
8663 0
8663 0
8663 0
8663 0
8663 0
8663 0
8663 239
8663 0
8663 0
8663 0
8663 0
8663 0
8663 0
8663 0
8663 0
8663 0
8663 0
8663 0
8663 0
8663 0
8663 0
8663 0
8663 0
8663 0
8663 0
8663 0
8663 0
8664 0
8664 0
8664 0
8664 0
8664 0
8664 0
8664 0
8664 0
8664 0
8664 0
8664 114
8664 0
8664 0
8664 0
8664 0
8664 0
8664 0
8664 0
8664 0
8664 0
8664 0
8664 0
8664 0
8664 0
8664 0
8664 0
8664 0
8664 0
8664 0
8664 0
8664 0
8682 0
8682 0
8682 0
8682 0
8682 0
8682 0
8682 0
8682 0
8682 0
8682 0
8682 305
8682 0
8682 0
8682 0
8682 0
8682 0
8682 0
8682 0
8682 0
8682 0
8682 0
8682 0
8682 0
8682 0
8682 0
8682 0
8682 0
8682 0
8682 0
8682 0
8682 0
8685 0
8685 0
8685 0
8685 0
8685 0
8685 0
8685 0
8685 0
8685 0
8685 0
8685 149
8685 0
8685 0
8685 0
8685 0
8685 0
8685 0
8685 0
8685 0
8685 0
8685 0
8685 0
8685 0
8685 0
8685 0
8685 0
8685 0
8685 0
8685 0
8685 0
8685 0
8689 0
8689 0
8689 0
8689 0
8689 0
8689 0
8689 0
8689 0
8689 0
8689 0
8689 62
8689 0
8689 0
8689 0
8689 0
8689 0
8689 0
8689 0
8689 0
8689 0
8689 0
8689 0
8689 0
8689 0
8689 0
8689 0
8689 0
8689 0
8689 0
8689 0
8689 0
8699 0
8699 0
8699 0
8699 0
8699 0
8699 0
8699 0
8699 0
8699 0
8699 0
8699 64
8699 0
8699 0
8699 0
8699 0
8699 0
8699 0
8699 0
8699 0
8699 0
8699 0
8699 0
8699 0
8699 0
8699 0
8699 0
8699 0
8699 0
8699 0
8699 0
8699 0
8710 0
8710 0
8710 0
8710 0
8710 0
8710 0
8710 0
8710 0
8710 0
8710 0
8710 64
8710 0
8710 0
8710 0
8710 0
8710 0
8710 0
8710 0
8710 0
8710 0
8710 0
8710 0
8710 0
8710 0
8710 0
8710 0
8710 0
8710 0
8710 0
8710 0
8710 0
8713 0
8713 0
8713 0
8713 0
8713 0
8713 0
8713 0
8713 0
8713 0
8713 0
8713 143
8713 0
8713 0
8713 0
8713 0
8713 0
8713 0
8713 0
8713 0
8713 0
8713 0
8713 0
8713 0
8713 0
8713 0
8713 0
8713 0
8713 0
8713 0
8713 0
8713 0
8718 0
8718 0
8718 0
8718 0
8718 0
8718 0
8718 0
8718 0
8718 0
8718 0
8718 469
8718 0
8718 0
8718 0
8718 0
8718 0
8718 0
8718 0
8718 0
8718 0
8718 0
8718 0
8718 0
8718 0
8718 0
8718 0
8718 0
8718 0
8718 0
8718 0
8718 0
8732 0
8732 0
8732 0
8732 0
8732 0
8732 0
8732 0
8732 0
8732 0
8732 0
8732 315
8732 0
8732 0
8732 0
8732 0
8732 0
8732 0
8732 0
8732 0
8732 0
8732 0
8732 0
8732 0
8732 0
8732 1
8732 0
8732 0
8732 0
8732 0
8732 0
8732 0
8734 0
8734 0
8734 0
8734 0
8734 0
8734 0
8734 0
8734 0
8734 0
8734 0
8734 64
8734 0
8734 0
8734 0
8734 0
8734 0
8734 0
8734 0
8734 0
8734 0
8734 0
8734 0
8734 0
8734 0
8734 0
8734 0
8734 0
8734 0
8734 0
8734 0
8734 0
8764 0
8764 0
8764 0
8764 0
8764 0
8764 0
8764 0
8764 0
8764 0
8764 0
8764 239
8764 0
8764 0
8764 0
8764 0
8764 0
8764 0
8764 0
8764 0
8764 0
8764 0
8764 0
8764 0
8764 0
8764 0
8764 0
8764 0
8764 0
8764 0
8764 0
8764 0
8765 0
8765 0
8765 0
8765 0
8765 0
8765 0
8765 0
8765 0
8765 0
8765 0
8765 64
8765 0
8765 0
8765 0
8765 0
8765 0
8765 0
8765 0
8765 0
8765 0
8765 0
8765 0
8765 0
8765 0
8765 0
8765 0
8765 0
8765 0
8765 0
8765 0
8765 0
8772 0
8772 0
8772 0
8772 0
8772 0
8772 0
8772 0
8772 0
8772 0
8772 0
8772 114
8772 0
8772 0
8772 0
8772 0
8772 0
8772 0
8772 0
8772 0
8772 0
8772 0
8772 0
8772 0
8772 0
8772 0
8772 0
8772 0
8772 0
8772 0
8772 0
8772 0
8774 0
8774 0
8774 0
8774 0
8774 0
8774 0
8774 0
8774 0
8774 0
8774 0
8774 149
8774 0
8774 0
8774 0
8774 0
8774 0
8774 0
8774 0
8774 0
8774 0
8774 0
8774 0
8774 0
8774 0
8774 0
8774 0
8774 0
8774 0
8774 0
8774 0
8774 0
8776 0
8776 0
8776 0
8776 0
8776 0
8776 0
8776 0
8776 0
8776 0
8776 0
8776 239
8776 0
8776 0
8776 0
8776 0
8776 0
8776 0
8776 0
8776 0
8776 0
8776 0
8776 0
8776 0
8776 0
8776 0
8776 0
8776 0
8776 0
8776 0
8776 0
8776 0
8818 0
8818 0
8818 0
8818 0
8818 0
8818 0
8818 0
8818 0
8818 0
8818 0
8818 209
8818 0
8818 0
8818 0
8818 0
8818 0
8818 0
8818 0
8818 0
8818 0
8818 0
8818 0
8818 0
8818 0
8818 0
8818 0
8818 0
8818 0
8818 0
8818 0
8818 0
8822 0
8822 0
8822 0
8822 0
8822 0
8822 0
8822 0
8822 0
8822 0
8822 0
8822 149
8822 0
8822 0
8822 0
8822 0
8822 0
8822 0
8822 0
8822 0
8822 0
8822 0
8822 0
8822 0
8822 0
8822 0
8822 0
8822 0
8822 0
8822 0
8822 0
8822 0
8825 0
8825 0
8825 0
8825 0
8825 0
8825 0
8825 0
8825 0
8825 0
8825 0
8825 64
8825 0
8825 0
8825 0
8825 0
8825 0
8825 0
8825 0
8825 0
8825 0
8825 0
8825 0
8825 0
8825 0
8825 0
8825 0
8825 0
8825 0
8825 0
8825 0
8825 0
8832 0
8832 0
8832 0
8832 0
8832 0
8832 0
8832 0
8832 0
8832 0
8832 0
8832 114
8832 0
8832 0
8832 0
8832 0
8832 0
8832 0
8832 0
8832 0
8832 0
8832 0
8832 0
8832 0
8832 0
8832 0
8832 0
8832 0
8832 0
8832 0
8832 0
8832 0
8833 0
8833 0
8833 0
8833 0
8833 0
8833 0
8833 0
8833 0
8833 0
8833 0
8833 397
8833 0
8833 0
8833 0
8833 0
8833 0
8833 0
8833 0
8833 0
8833 0
8833 0
8833 0
8833 0
8833 0
8833 0
8833 0
8833 0
8833 0
8833 0
8833 0
8833 0
8841 0
8841 0
8841 0
8841 0
8841 0
8841 0
8841 0
8841 0
8841 0
8841 0
8841 64
8841 0
8841 0
8841 0
8841 0
8841 0
8841 0
8841 0
8841 0
8841 0
8841 0
8841 0
8841 0
8841 0
8841 0
8841 0
8841 0
8841 0
8841 0
8841 0
8841 0
8848 0
8848 0
8848 0
8848 0
8848 0
8848 0
8848 0
8848 0
8848 0
8848 0
8848 161
8848 0
8848 0
8848 0
8848 0
8848 0
8848 0
8848 0
8848 0
8848 0
8848 0
8848 0
8848 0
8848 0
8848 0
8848 0
8848 0
8848 0
8848 0
8848 0
8848 0
8863 0
8863 0
8863 0
8863 0
8863 0
8863 0
8863 0
8863 0
8863 0
8863 0
8863 399
8863 0
8863 0
8863 0
8863 0
8863 0
8863 0
8863 0
8863 0
8863 0
8863 0
8863 0
8863 0
8863 0
8863 0
8863 0
8863 0
8863 0
8863 0
8863 0
8863 0
8891 0
8891 0
8891 0
8891 0
8891 0
8891 0
8891 0
8891 0
8891 0
8891 0
8891 388
8891 0
8891 0
8891 0
8891 0
8891 0
8891 0
8891 0
8891 0
8891 0
8891 0
8891 0
8891 0
8891 0
8891 1
8891 0
8891 0
8891 0
8891 0
8891 0
8891 0
8894 0
8894 0
8894 0
8894 0
8894 0
8894 0
8894 0
8894 0
8894 0
8894 0
8894 563
8894 0
8894 0
8894 0
8894 0
8894 0
8894 0
8894 0
8894 0
8894 0
8894 0
8894 0
8894 0
8894 0
8894 0
8894 0
8894 0
8894 0
8894 0
8894 0
8894 0
8901 0
8901 0
8901 0
8901 0
8901 0
8901 0
8901 0
8901 0
8901 0
8901 0
8901 146
8901 0
8901 0
8901 0
8901 0
8901 0
8901 0
8901 0
8901 0
8901 0
8901 0
8901 0
8901 0
8901 0
8901 0
8901 0
8901 0
8901 0
8901 0
8901 0
8901 0
8914 0
8914 0
8914 0
8914 0
8914 0
8914 0
8914 0
8914 0
8914 0
8914 0
8914 233
8914 0
8914 0
8914 0
8914 0
8914 0
8914 0
8914 0
8914 0
8914 0
8914 0
8914 0
8914 0
8914 0
8914 0
8914 0
8914 0
8914 0
8914 0
8914 0
8914 0
8925 0
8925 0
8925 0
8925 0
8925 0
8925 0
8925 0
8925 0
8925 0
8925 0
8925 149
8925 0
8925 0
8925 0
8925 0
8925 0
8925 0
8925 0
8925 0
8925 0
8925 0
8925 0
8925 0
8925 0
8925 0
8925 0
8925 0
8925 0
8925 0
8925 0
8925 0
8936 0
8936 0
8936 0
8936 0
8936 0
8936 0
8936 0
8936 0
8936 0
8936 0
8936 374
8936 0
8936 0
8936 0
8936 0
8936 0
8936 0
8936 0
8936 0
8936 0
8936 0
8936 0
8936 0
8936 0
8936 0
8936 0
8936 0
8936 0
8936 0
8936 0
8936 0
8937 0
8937 0
8937 0
8937 0
8937 0
8937 0
8937 0
8937 0
8937 0
8937 0
8937 174
8937 0
8937 0
8937 0
8937 0
8937 0
8937 0
8937 0
8937 0
8937 0
8937 0
8937 0
8937 0
8937 0
8937 0
8937 0
8937 0
8937 0
8937 0
8937 0
8937 0
8950 0
8950 0
8950 0
8950 0
8950 0
8950 0
8950 0
8950 0
8950 0
8950 0
8950 149
8950 0
8950 0
8950 0
8950 0
8950 0
8950 0
8950 0
8950 0
8950 0
8950 0
8950 0
8950 0
8950 0
8950 0
8950 0
8950 0
8950 0
8950 0
8950 0
8950 0
8957 0
8957 0
8957 0
8957 0
8957 0
8957 0
8957 0
8957 0
8957 0
8957 0
8957 314
8957 0
8957 0
8957 0
8957 0
8957 0
8957 0
8957 0
8957 0
8957 0
8957 0
8957 0
8957 0
8957 0
8957 1
8957 0
8957 0
8957 0
8957 0
8957 0
8957 0
8959 0
8959 0
8959 0
8959 0
8959 0
8959 0
8959 0
8959 0
8959 0
8959 0
8959 236
8959 0
8959 0
8959 0
8959 0
8959 0
8959 0
8959 0
8959 0
8959 0
8959 0
8959 0
8959 0
8959 0
8959 0
8959 0
8959 0
8959 0
8959 0
8959 0
8959 0
8969 0
8969 0
8969 0
8969 0
8969 0
8969 0
8969 0
8969 0
8969 0
8969 0
8969 333
8969 0
8969 0
8969 0
8969 0
8969 0
8969 0
8969 0
8969 0
8969 0
8969 0
8969 0
8969 0
8969 0
8969 0
8969 0
8969 0
8969 0
8969 0
8969 0
8969 0
8984 0
8984 0
8984 0
8984 0
8984 0
8984 0
8984 0
8984 0
8984 0
8984 0
8984 149
8984 0
8984 0
8984 0
8984 0
8984 0
8984 0
8984 0
8984 0
8984 0
8984 0
8984 0
8984 0
8984 0
8984 0
8984 0
8984 0
8984 0
8984 0
8984 0
8984 0
8990 0
8990 0
8990 0
8990 0
8990 0
8990 0
8990 0
8990 0
8990 0
8990 0
8990 62
8990 0
8990 0
8990 0
8990 0
8990 0
8990 0
8990 0
8990 0
8990 0
8990 0
8990 0
8990 0
8990 0
8990 0
8990 0
8990 0
8990 0
8990 0
8990 0
8990 0
9001 0
9001 0
9001 0
9001 0
9001 0
9001 0
9001 0
9001 0
9001 0
9001 0
9001 146
9001 0
9001 0
9001 0
9001 0
9001 0
9001 0
9001 0
9001 0
9001 0
9001 0
9001 0
9001 0
9001 0
9001 0
9001 0
9001 0
9001 0
9001 0
9001 0
9001 0
9025 0
9025 0
9025 0
9025 0
9025 0
9025 0
9025 0
9025 0
9025 0
9025 0
9025 23
9025 0
9025 0
9025 0
9025 0
9025 0
9025 0
9025 0
9025 0
9025 0
9025 0
9025 0
9025 0
9025 0
9025 0
9025 0
9025 0
9025 0
9025 0
9025 0
9025 0
9039 0
9039 0
9039 0
9039 0
9039 0
9039 0
9039 0
9039 0
9039 0
9039 0
9039 324
9039 0
9039 0
9039 0
9039 0
9039 0
9039 0
9039 0
9039 0
9039 0
9039 0
9039 1
9039 0
9039 0
9039 5
9039 0
9039 0
9039 0
9039 0
9039 0
9039 0
9057 0
9057 0
9057 0
9057 0
9057 0
9057 0
9057 0
9057 0
9057 0
9057 0
9057 149
9057 0
9057 0
9057 0
9057 0
9057 0
9057 0
9057 0
9057 0
9057 0
9057 0
9057 0
9057 0
9057 0
9057 0
9057 0
9057 0
9057 0
9057 0
9057 0
9057 0
9070 0
9070 0
9070 0
9070 0
9070 0
9070 0
9070 0
9070 0
9070 0
9070 0
9070 64
9070 0
9070 0
9070 0
9070 0
9070 0
9070 0
9070 0
9070 0
9070 0
9070 0
9070 0
9070 0
9070 0
9070 0
9070 0
9070 0
9070 0
9070 0
9070 0
9070 0
9074 0
9074 0
9074 0
9074 0
9074 0
9074 0
9074 0
9074 0
9074 0
9074 0
9074 402
9074 0
9074 0
9074 0
9074 0
9074 0
9074 0
9074 0
9074 0
9074 0
9074 0
9074 0
9074 0
9074 0
9074 1
9074 0
9074 0
9074 0
9074 0
9074 0
9074 0
9100 0
9100 0
9100 0
9100 0
9100 0
9100 0
9100 0
9100 0
9100 0
9100 0
9100 497
9100 0
9100 0
9100 0
9100 0
9100 0
9100 0
9100 0
9100 0
9100 0
9100 0
9100 0
9100 0
9100 0
9100 0
9100 0
9100 0
9100 0
9100 0
9100 0
9100 0
9109 0
9109 0
9109 0
9109 0
9109 0
9109 0
9109 0
9109 0
9109 0
9109 0
9109 64
9109 0
9109 0
9109 0
9109 0
9109 0
9109 0
9109 0
9109 0
9109 0
9109 0
9109 0
9109 0
9109 0
9109 0
9109 0
9109 0
9109 0
9109 0
9109 0
9109 0
9120 0
9120 0
9120 0
9120 0
9120 0
9120 0
9120 0
9120 0
9120 0
9120 0
9120 646
9120 0
9120 0
9120 0
9120 0
9120 0
9120 0
9120 0
9120 0
9120 0
9120 0
9120 0
9120 0
9120 0
9120 0
9120 0
9120 0
9120 0
9120 0
9120 0
9120 0
9121 0
9121 0
9121 0
9121 0
9121 0
9121 0
9121 0
9121 0
9121 0
9121 0
9121 146
9121 0
9121 0
9121 0
9121 0
9121 0
9121 0
9121 0
9121 0
9121 0
9121 0
9121 0
9121 0
9121 0
9121 0
9121 0
9121 0
9121 0
9121 0
9121 0
9121 0
9122 0
9122 0
9122 0
9122 0
9122 0
9122 0
9122 0
9122 0
9122 0
9122 0
9122 146
9122 0
9122 0
9122 0
9122 0
9122 0
9122 0
9122 0
9122 0
9122 0
9122 0
9122 0
9122 0
9122 0
9122 0
9122 0
9122 0
9122 0
9122 0
9122 0
9122 0
9128 0
9128 0
9128 0
9128 0
9128 0
9128 0
9128 0
9128 0
9128 0
9128 0
9128 149
9128 0
9128 0
9128 0
9128 0
9128 0
9128 0
9128 0
9128 0
9128 0
9128 0
9128 0
9128 0
9128 0
9128 0
9128 0
9128 0
9128 0
9128 0
9128 0
9128 0
9136 0
9136 0
9136 0
9136 0
9136 0
9136 0
9136 0
9136 0
9136 0
9136 0
9136 149
9136 0
9136 0
9136 0
9136 0
9136 0
9136 0
9136 0
9136 0
9136 0
9136 0
9136 0
9136 0
9136 0
9136 0
9136 0
9136 0
9136 0
9136 0
9136 0
9136 0
9142 0
9142 0
9142 0
9142 0
9142 0
9142 0
9142 0
9142 0
9142 0
9142 0
9142 149
9142 0
9142 0
9142 0
9142 0
9142 0
9142 0
9142 0
9142 0
9142 0
9142 0
9142 0
9142 0
9142 0
9142 0
9142 0
9142 0
9142 0
9142 0
9142 0
9142 0
9151 0
9151 0
9151 0
9151 0
9151 0
9151 0
9151 0
9151 0
9151 0
9151 0
9151 110
9151 0
9151 0
9151 0
9151 0
9151 0
9151 0
9151 0
9151 0
9151 0
9151 0
9151 0
9151 0
9151 0
9151 0
9151 0
9151 0
9151 0
9151 0
9151 0
9151 0
9154 0
9154 0
9154 0
9154 0
9154 0
9154 0
9154 0
9154 0
9154 0
9154 0
9154 168
9154 0
9154 0
9154 0
9154 0
9154 0
9154 0
9154 0
9154 0
9154 0
9154 0
9154 0
9154 0
9154 0
9154 0
9154 0
9154 0
9154 0
9154 0
9154 0
9154 0
9158 0
9158 0
9158 0
9158 0
9158 0
9158 0
9158 0
9158 0
9158 0
9158 0
9158 64
9158 0
9158 0
9158 0
9158 0
9158 0
9158 0
9158 0
9158 0
9158 0
9158 0
9158 0
9158 0
9158 0
9158 0
9158 0
9158 0
9158 0
9158 0
9158 0
9158 0
9167 0
9167 0
9167 0
9167 0
9167 0
9167 0
9167 0
9167 0
9167 0
9167 0
9167 233
9167 0
9167 0
9167 0
9167 0
9167 0
9167 0
9167 0
9167 0
9167 0
9167 0
9167 0
9167 0
9167 0
9167 0
9167 0
9167 0
9167 0
9167 0
9167 0
9167 0
9175 0
9175 0
9175 0
9175 0
9175 0
9175 0
9175 0
9175 0
9175 0
9175 0
9175 161
9175 0
9175 0
9175 0
9175 0
9175 0
9175 0
9175 0
9175 0
9175 0
9175 0
9175 0
9175 0
9175 0
9175 0
9175 0
9175 0
9175 0
9175 0
9175 0
9175 0
9179 0
9179 0
9179 0
9179 0
9179 0
9179 0
9179 0
9179 0
9179 0
9179 0
9179 298
9179 0
9179 0
9179 0
9179 0
9179 0
9179 0
9179 0
9179 0
9179 0
9179 0
9179 0
9179 0
9179 0
9179 0
9179 0
9179 0
9179 0
9179 0
9179 0
9179 0
9183 0
9183 0
9183 0
9183 0
9183 0
9183 0
9183 0
9183 0
9183 0
9183 0
9183 149
9183 0
9183 0
9183 0
9183 0
9183 0
9183 0
9183 0
9183 0
9183 0
9183 0
9183 0
9183 0
9183 0
9183 0
9183 0
9183 0
9183 0
9183 0
9183 0
9183 0
9195 0
9195 0
9195 0
9195 0
9195 0
9195 0
9195 0
9195 0
9195 0
9195 0
9195 165
9195 0
9195 0
9195 0
9195 0
9195 0
9195 0
9195 0
9195 0
9195 0
9195 0
9195 0
9195 0
9195 0
9195 0
9195 0
9195 0
9195 0
9195 0
9195 0
9195 0
9198 0
9198 0
9198 0
9198 0
9198 0
9198 0
9198 0
9198 0
9198 0
9198 0
9198 149
9198 0
9198 0
9198 0
9198 0
9198 0
9198 0
9198 0
9198 0
9198 0
9198 0
9198 0
9198 0
9198 0
9198 0
9198 0
9198 0
9198 0
9198 0
9198 0
9198 0
9205 0
9205 0
9205 0
9205 0
9205 0
9205 0
9205 0
9205 0
9205 0
9205 0
9205 64
9205 0
9205 0
9205 0
9205 0
9205 0
9205 0
9205 0
9205 0
9205 0
9205 0
9205 0
9205 0
9205 0
9205 0
9205 0
9205 0
9205 0
9205 0
9205 0
9205 0
9212 0
9212 0
9212 0
9212 0
9212 0
9212 0
9212 0
9212 0
9212 0
9212 0
9212 64
9212 0
9212 0
9212 0
9212 0
9212 0
9212 0
9212 0
9212 0
9212 0
9212 0
9212 0
9212 0
9212 0
9212 0
9212 0
9212 0
9212 0
9212 0
9212 0
9212 0
9214 0
9214 0
9214 0
9214 0
9214 0
9214 0
9214 0
9214 0
9214 0
9214 0
9214 146
9214 0
9214 0
9214 0
9214 0
9214 0
9214 0
9214 0
9214 0
9214 0
9214 0
9214 0
9214 0
9214 0
9214 0
9214 0
9214 0
9214 0
9214 0
9214 0
9214 0
9233 0
9233 0
9233 0
9233 0
9233 0
9233 0
9233 0
9233 0
9233 0
9233 0
9233 149
9233 0
9233 0
9233 0
9233 0
9233 0
9233 0
9233 0
9233 0
9233 0
9233 0
9233 0
9233 0
9233 0
9233 0
9233 0
9233 0
9233 0
9233 0
9233 0
9233 0
9239 0
9239 0
9239 0
9239 0
9239 0
9239 0
9239 0
9239 0
9239 0
9239 0
9239 149
9239 0
9239 0
9239 0
9239 0
9239 0
9239 0
9239 0
9239 0
9239 0
9239 0
9239 0
9239 0
9239 0
9239 0
9239 0
9239 0
9239 0
9239 0
9239 0
9239 0
9249 0
9249 0
9249 0
9249 0
9249 0
9249 0
9249 0
9249 0
9249 0
9249 0
9249 149
9249 0
9249 0
9249 0
9249 0
9249 0
9249 0
9249 0
9249 0
9249 0
9249 0
9249 0
9249 0
9249 0
9249 0
9249 0
9249 0
9249 0
9249 0
9249 0
9249 0
9288 0
9288 0
9288 0
9288 0
9288 0
9288 0
9288 0
9288 0
9288 0
9288 0
9288 64
9288 0
9288 0
9288 0
9288 0
9288 0
9288 0
9288 0
9288 0
9288 0
9288 0
9288 0
9288 0
9288 0
9288 0
9288 0
9288 0
9288 0
9288 0
9288 0
9288 0
9295 0
9295 0
9295 0
9295 0
9295 0
9295 0
9295 0
9295 0
9295 0
9295 0
9295 64
9295 0
9295 0
9295 0
9295 0
9295 0
9295 0
9295 0
9295 0
9295 0
9295 0
9295 0
9295 0
9295 0
9295 0
9295 0
9295 0
9295 0
9295 0
9295 0
9295 0
9303 0
9303 0
9303 0
9303 0
9303 0
9303 0
9303 0
9303 0
9303 0
9303 0
9303 174
9303 0
9303 0
9303 0
9303 0
9303 0
9303 0
9303 0
9303 0
9303 0
9303 0
9303 0
9303 0
9303 0
9303 0
9303 0
9303 0
9303 0
9303 0
9303 0
9303 0
9304 0
9304 0
9304 0
9304 0
9304 0
9304 0
9304 0
9304 0
9304 0
9304 0
9304 149
9304 0
9304 0
9304 0
9304 0
9304 0
9304 0
9304 0
9304 0
9304 0
9304 0
9304 0
9304 0
9304 0
9304 0
9304 0
9304 0
9304 0
9304 0
9304 0
9304 0
9307 0
9307 0
9307 0
9307 0
9307 0
9307 0
9307 0
9307 0
9307 0
9307 0
9307 305
9307 0
9307 0
9307 0
9307 0
9307 0
9307 0
9307 0
9307 0
9307 0
9307 0
9307 0
9307 0
9307 0
9307 0
9307 0
9307 0
9307 0
9307 0
9307 0
9307 0
9311 0
9311 0
9311 0
9311 0
9311 0
9311 0
9311 0
9311 0
9311 0
9311 0
9311 165
9311 0
9311 0
9311 0
9311 0
9311 0
9311 0
9311 0
9311 0
9311 0
9311 0
9311 0
9311 0
9311 0
9311 0
9311 0
9311 0
9311 0
9311 0
9311 0
9311 0
9317 0
9317 0
9317 0
9317 0
9317 0
9317 0
9317 0
9317 0
9317 0
9317 0
9317 114
9317 0
9317 0
9317 0
9317 0
9317 0
9317 0
9317 0
9317 0
9317 0
9317 0
9317 0
9317 0
9317 0
9317 0
9317 0
9317 0
9317 0
9317 0
9317 0
9317 0
9333 0
9333 0
9333 0
9333 0
9333 0
9333 0
9333 0
9333 0
9333 0
9333 0
9333 149
9333 0
9333 0
9333 0
9333 0
9333 0
9333 0
9333 0
9333 0
9333 0
9333 0
9333 0
9333 0
9333 0
9333 0
9333 0
9333 0
9333 0
9333 0
9333 0
9333 0
9334 0
9334 0
9334 0
9334 0
9334 0
9334 0
9334 0
9334 0
9334 0
9334 0
9334 64
9334 0
9334 0
9334 0
9334 0
9334 0
9334 0
9334 0
9334 0
9334 0
9334 0
9334 0
9334 0
9334 0
9334 0
9334 0
9334 0
9334 0
9334 0
9334 0
9334 0
9339 0
9339 0
9339 0
9339 0
9339 0
9339 0
9339 0
9339 0
9339 0
9339 0
9339 149
9339 0
9339 0
9339 0
9339 0
9339 0
9339 0
9339 0
9339 0
9339 0
9339 0
9339 0
9339 0
9339 0
9339 0
9339 0
9339 0
9339 0
9339 0
9339 0
9339 0
9366 0
9366 0
9366 0
9366 0
9366 0
9366 0
9366 0
9366 0
9366 0
9366 0
9366 64
9366 0
9366 0
9366 0
9366 0
9366 0
9366 0
9366 0
9366 0
9366 0
9366 0
9366 0
9366 0
9366 0
9366 0
9366 0
9366 0
9366 0
9366 0
9366 0
9366 0
9372 0
9372 0
9372 0
9372 0
9372 0
9372 0
9372 0
9372 0
9372 0
9372 0
9372 64
9372 0
9372 0
9372 0
9372 0
9372 0
9372 0
9372 0
9372 0
9372 0
9372 0
9372 0
9372 0
9372 0
9372 0
9372 0
9372 0
9372 0
9372 0
9372 0
9372 0
9404 0
9404 0
9404 0
9404 0
9404 0
9404 0
9404 0
9404 0
9404 0
9404 0
9404 174
9404 0
9404 0
9404 0
9404 0
9404 0
9404 0
9404 0
9404 0
9404 0
9404 0
9404 0
9404 0
9404 0
9404 0
9404 0
9404 0
9404 0
9404 0
9404 0
9404 0
9412 0
9412 0
9412 0
9412 0
9412 0
9412 0
9412 0
9412 0
9412 0
9412 0
9412 146
9412 0
9412 0
9412 0
9412 0
9412 0
9412 0
9412 0
9412 0
9412 0
9412 0
9412 0
9412 0
9412 0
9412 0
9412 0
9412 0
9412 0
9412 0
9412 0
9412 0
9423 0
9423 0
9423 0
9423 0
9423 0
9423 0
9423 0
9423 0
9423 0
9423 0
9423 165
9423 0
9423 0
9423 0
9423 0
9423 0
9423 0
9423 0
9423 0
9423 0
9423 0
9423 0
9423 0
9423 0
9423 0
9423 0
9423 0
9423 0
9423 0
9423 0
9423 0
9425 0
9425 0
9425 0
9425 0
9425 0
9425 0
9425 0
9425 0
9425 0
9425 0
9425 114
9425 0
9425 0
9425 0
9425 0
9425 0
9425 0
9425 0
9425 0
9425 0
9425 0
9425 0
9425 0
9425 0
9425 0
9425 0
9425 0
9425 0
9425 0
9425 0
9425 0
9435 0
9435 0
9435 0
9435 0
9435 0
9435 0
9435 0
9435 0
9435 0
9435 0
9435 149
9435 0
9435 0
9435 0
9435 0
9435 0
9435 0
9435 0
9435 0
9435 0
9435 0
9435 0
9435 0
9435 0
9435 0
9435 0
9435 0
9435 0
9435 0
9435 0
9435 0
9471 0
9471 0
9471 0
9471 0
9471 0
9471 0
9471 0
9471 0
9471 0
9471 0
9471 149
9471 0
9471 0
9471 0
9471 0
9471 0
9471 0
9471 0
9471 0
9471 0
9471 0
9471 0
9471 0
9471 0
9471 0
9471 0
9471 0
9471 0
9471 0
9471 0
9471 0
9486 0
9486 0
9486 0
9486 0
9486 0
9486 0
9486 0
9486 0
9486 0
9486 0
9486 64
9486 0
9486 0
9486 0
9486 0
9486 0
9486 0
9486 0
9486 0
9486 0
9486 0
9486 0
9486 0
9486 0
9486 0
9486 0
9486 0
9486 0
9486 0
9486 0
9486 0
9507 0
9507 0
9507 0
9507 0
9507 0
9507 0
9507 0
9507 0
9507 0
9507 0
9507 165
9507 0
9507 0
9507 0
9507 0
9507 0
9507 0
9507 0
9507 0
9507 0
9507 0
9507 0
9507 0
9507 0
9507 0
9507 0
9507 0
9507 0
9507 0
9507 0
9507 0
9524 0
9524 0
9524 0
9524 0
9524 0
9524 0
9524 0
9524 0
9524 0
9524 0
9524 62
9524 0
9524 0
9524 0
9524 0
9524 0
9524 0
9524 0
9524 0
9524 0
9524 0
9524 0
9524 0
9524 0
9524 0
9524 0
9524 0
9524 0
9524 0
9524 0
9524 0
9562 0
9562 0
9562 0
9562 0
9562 0
9562 0
9562 0
9562 0
9562 0
9562 0
9562 174
9562 0
9562 0
9562 0
9562 0
9562 0
9562 0
9562 0
9562 0
9562 0
9562 0
9562 0
9562 0
9562 0
9562 0
9562 0
9562 0
9562 0
9562 0
9562 0
9562 0
9581 0
9581 0
9581 0
9581 0
9581 0
9581 0
9581 0
9581 0
9581 0
9581 0
9581 139
9581 0
9581 0
9581 0
9581 0
9581 0
9581 0
9581 0
9581 0
9581 0
9581 0
9581 0
9581 0
9581 0
9581 0
9581 0
9581 0
9581 0
9581 0
9581 0
9581 0
9593 0
9593 0
9593 0
9593 0
9593 0
9593 0
9593 0
9593 0
9593 0
9593 0
9593 64
9593 0
9593 0
9593 0
9593 0
9593 0
9593 0
9593 0
9593 0
9593 0
9593 0
9593 0
9593 0
9593 0
9593 0
9593 0
9593 0
9593 0
9593 0
9593 0
9593 0
9622 0
9622 0
9622 0
9622 0
9622 0
9622 0
9622 0
9622 0
9622 0
9622 0
9622 62
9622 0
9622 0
9622 0
9622 0
9622 0
9622 0
9622 0
9622 0
9622 0
9622 0
9622 0
9622 0
9622 0
9622 0
9622 0
9622 0
9622 0
9622 0
9622 0
9622 0
9660 0
9660 0
9660 0
9660 0
9660 0
9660 0
9660 0
9660 0
9660 0
9660 0
9660 139
9660 0
9660 0
9660 0
9660 0
9660 0
9660 0
9660 0
9660 0
9660 0
9660 0
9660 0
9660 0
9660 0
9660 0
9660 0
9660 0
9660 0
9660 0
9660 0
9660 0
9669 0
9669 0
9669 0
9669 0
9669 0
9669 0
9669 0
9669 0
9669 0
9669 0
9669 450
9669 0
9669 0
9669 0
9669 0
9669 0
9669 0
9669 0
9669 0
9669 0
9669 0
9669 0
9669 0
9669 0
9669 0
9669 0
9669 0
9669 0
9669 0
9669 0
9669 0
9680 0
9680 0
9680 0
9680 0
9680 0
9680 0
9680 0
9680 0
9680 0
9680 0
9680 223
9680 0
9680 0
9680 0
9680 0
9680 0
9680 0
9680 0
9680 0
9680 0
9680 0
9680 0
9680 0
9680 0
9680 0
9680 0
9680 0
9680 0
9680 0
9680 0
9680 0
9688 0
9688 0
9688 0
9688 0
9688 0
9688 0
9688 0
9688 0
9688 0
9688 0
9688 343
9688 0
9688 0
9688 0
9688 0
9688 0
9688 0
9688 0
9688 0
9688 0
9688 0
9688 0
9688 0
9688 0
9688 1
9688 0
9688 0
9688 0
9688 0
9688 0
9688 0
9711 0
9711 0
9711 0
9711 0
9711 0
9711 0
9711 0
9711 0
9711 0
9711 0
9711 135
9711 0
9711 0
9711 0
9711 0
9711 0
9711 0
9711 0
9711 0
9711 0
9711 0
9711 0
9711 0
9711 0
9711 0
9711 0
9711 0
9711 0
9711 0
9711 0
9711 0
9714 0
9714 0
9714 0
9714 0
9714 0
9714 0
9714 0
9714 0
9714 0
9714 0
9714 521
9714 0
9714 0
9714 0
9714 0
9714 0
9714 0
9714 0
9714 0
9714 0
9714 0
9714 0
9714 0
9714 0
9714 0
9714 0
9714 0
9714 0
9714 0
9714 0
9714 0
9735 0
9735 0
9735 0
9735 0
9735 0
9735 0
9735 0
9735 0
9735 0
9735 0
9735 139
9735 0
9735 0
9735 0
9735 0
9735 0
9735 0
9735 0
9735 0
9735 0
9735 0
9735 0
9735 0
9735 0
9735 0
9735 0
9735 0
9735 0
9735 0
9735 0
9735 0
9753 0
9753 0
9753 0
9753 0
9753 0
9753 0
9753 0
9753 0
9753 0
9753 0
9753 218
9753 0
9753 0
9753 0
9753 0
9753 0
9753 0
9753 0
9753 0
9753 0
9753 0
9753 0
9753 0
9753 0
9753 0
9753 0
9753 0
9753 0
9753 0
9753 0
9753 0
9777 0
9777 0
9777 0
9777 0
9777 0
9777 0
9777 0
9777 0
9777 0
9777 0
9777 139
9777 0
9777 0
9777 0
9777 0
9777 0
9777 0
9777 0
9777 0
9777 0
9777 0
9777 0
9777 0
9777 0
9777 0
9777 0
9777 0
9777 0
9777 0
9777 0
9777 0
9786 0
9786 0
9786 0
9786 0
9786 0
9786 0
9786 0
9786 0
9786 0
9786 0
9786 165
9786 0
9786 0
9786 0
9786 0
9786 0
9786 0
9786 0
9786 0
9786 0
9786 0
9786 0
9786 0
9786 0
9786 0
9786 0
9786 0
9786 0
9786 0
9786 0
9786 0
9787 0
9787 0
9787 0
9787 0
9787 0
9787 0
9787 0
9787 0
9787 0
9787 0
9787 135
9787 0
9787 0
9787 0
9787 0
9787 0
9787 0
9787 0
9787 0
9787 0
9787 0
9787 0
9787 0
9787 0
9787 0
9787 0
9787 0
9787 0
9787 0
9787 0
9787 0
9801 0
9801 0
9801 0
9801 0
9801 0
9801 0
9801 0
9801 0
9801 0
9801 0
9801 135
9801 0
9801 0
9801 0
9801 0
9801 0
9801 0
9801 0
9801 0
9801 0
9801 0
9801 0
9801 0
9801 0
9801 0
9801 0
9801 0
9801 0
9801 0
9801 0
9801 0
9808 0
9808 0
9808 0
9808 0
9808 0
9808 0
9808 0
9808 0
9808 0
9808 0
9808 301
9808 0
9808 0
9808 0
9808 0
9808 0
9808 0
9808 0
9808 0
9808 0
9808 0
9808 0
9808 0
9808 0
9808 0
9808 0
9808 0
9808 0
9808 0
9808 0
9808 0
9821 0
9821 0
9821 0
9821 0
9821 0
9821 0
9821 0
9821 0
9821 0
9821 0
9821 139
9821 0
9821 0
9821 0
9821 0
9821 0
9821 0
9821 0
9821 0
9821 0
9821 0
9821 0
9821 0
9821 0
9821 0
9821 0
9821 0
9821 0
9821 0
9821 0
9821 0
9916 0
9916 0
9916 0
9916 0
9916 0
9916 0
9916 0
9916 0
9916 0
9916 0
9916 139
9916 0
9916 0
9916 0
9916 0
9916 0
9916 0
9916 0
9916 0
9916 0
9916 0
9916 0
9916 0
9916 0
9916 0
9916 0
9916 0
9916 0
9916 0
9916 0
9916 0
9922 0
9922 0
9922 0
9922 0
9922 0
9922 0
9922 0
9922 0
9922 0
9922 0
9922 135
9922 0
9922 0
9922 0
9922 0
9922 0
9922 0
9922 0
9922 0
9922 0
9922 0
9922 0
9922 0
9922 0
9922 0
9922 0
9922 0
9922 0
9922 0
9922 0
9922 0
9929 0
9929 0
9929 0
9929 0
9929 0
9929 0
9929 0
9929 0
9929 0
9929 0
9929 135
9929 0
9929 0
9929 0
9929 0
9929 0
9929 0
9929 0
9929 0
9929 0
9929 0
9929 0
9929 0
9929 0
9929 0
9929 0
9929 0
9929 0
9929 0
9929 0
9929 0
9946 0
9946 0
9946 0
9946 0
9946 0
9946 0
9946 0
9946 0
9946 0
9946 0
9946 139
9946 0
9946 0
9946 0
9946 0
9946 0
9946 0
9946 0
9946 0
9946 0
9946 0
9946 0
9946 0
9946 0
9946 0
9946 0
9946 0
9946 0
9946 0
9946 0
9946 0
10609 0
10609 0
10609 0
10609 0
10609 0
10609 0
10609 0
10609 0
10609 0
10609 0
10609 0
10609 549
10609 0
10609 0
10609 0
10609 0
10609 0
10609 0
10609 0
10609 0
10609 0
10609 0
10609 0
10609 0
10609 0
10609 0
10609 0
10609 0
10609 0
10609 0
10609 0
10867 0
10867 0
10867 0
10867 0
10867 0
10867 0
10867 0
10867 0
10867 0
10867 0
10867 0
10867 3
10867 0
10867 0
10867 0
10867 0
10867 0
10867 0
10867 0
10867 0
10867 0
10867 0
10867 0
10867 0
10867 0
10867 0
10867 0
10867 0
10867 0
10867 0
10867 0
10871 0
10871 0
10871 0
10871 0
10871 0
10871 0
10871 0
10871 0
10871 0
10871 0
10871 0
10871 176
10871 0
10871 0
10871 0
10871 0
10871 0
10871 0
10871 0
10871 0
10871 0
10871 0
10871 0
10871 0
10871 0
10871 0
10871 0
10871 0
10871 0
10871 0
10871 0
10879 0
10879 0
10879 0
10879 0
10879 0
10879 0
10879 0
10879 0
10879 0
10879 0
10879 0
10879 150
10879 0
10879 0
10879 0
10879 0
10879 0
10879 0
10879 0
10879 0
10879 0
10879 0
10879 0
10879 0
10879 0
10879 0
10879 0
10879 0
10879 0
10879 0
10879 0
10881 0
10881 0
10881 0
10881 0
10881 0
10881 0
10881 0
10881 0
10881 0
10881 0
10881 0
10881 284
10881 0
10881 0
10881 0
10881 0
10881 0
10881 0
10881 0
10881 0
10881 0
10881 0
10881 0
10881 0
10881 0
10881 0
10881 0
10881 0
10881 0
10881 0
10881 0
10889 0
10889 0
10889 0
10889 0
10889 0
10889 0
10889 0
10889 0
10889 0
10889 0
10889 0
10889 89
10889 0
10889 0
10889 0
10889 0
10889 0
10889 0
10889 0
10889 0
10889 0
10889 0
10889 0
10889 0
10889 0
10889 0
10889 0
10889 0
10889 0
10889 0
10889 0
10894 0
10894 0
10894 0
10894 0
10894 0
10894 0
10894 0
10894 0
10894 0
10894 0
10894 0
10894 369
10894 0
10894 0
10894 0
10894 0
10894 0
10894 0
10894 0
10894 0
10894 0
10894 0
10894 0
10894 0
10894 0
10894 0
10894 0
10894 0
10894 0
10894 0
10894 0
10906 0
10906 0
10906 0
10906 0
10906 0
10906 0
10906 0
10906 0
10906 0
10906 0
10906 0
10906 230
10906 0
10906 0
10906 0
10906 0
10906 0
10906 0
10906 0
10906 0
10906 0
10906 0
10906 0
10906 0
10906 0
10906 0
10906 0
10906 0
10906 0
10906 0
10906 0
10907 0
10907 0
10907 0
10907 0
10907 0
10907 0
10907 0
10907 0
10907 0
10907 0
10907 0
10907 316
10907 0
10907 0
10907 0
10907 0
10907 0
10907 0
10907 0
10907 0
10907 0
10907 0
10907 0
10907 0
10907 0
10907 0
10907 0
10907 0
10907 0
10907 0
10907 0
10995 0
10995 0
10995 0
10995 0
10995 0
10995 0
10995 0
10995 0
10995 0
10995 0
10995 0
10995 188
10995 0
10995 0
10995 0
10995 0
10995 0
10995 0
10995 0
10995 0
10995 0
10995 0
10995 0
10995 0
10995 0
10995 0
10995 0
10995 0
10995 0
10995 0
10995 0
11027 0
11027 0
11027 0
11027 0
11027 0
11027 0
11027 0
11027 0
11027 0
11027 0
11027 0
11027 188
11027 0
11027 0
11027 0
11027 0
11027 0
11027 0
11027 0
11027 0
11027 0
11027 0
11027 0
11027 0
11027 0
11027 0
11027 0
11027 0
11027 0
11027 0
11027 0
11031 0
11031 0
11031 0
11031 0
11031 0
11031 0
11031 0
11031 0
11031 0
11031 0
11031 0
11031 188
11031 0
11031 0
11031 0
11031 0
11031 0
11031 0
11031 0
11031 0
11031 0
11031 0
11031 0
11031 0
11031 0
11031 0
11031 0
11031 0
11031 0
11031 0
11031 0
11041 0
11041 0
11041 0
11041 0
11041 0
11041 0
11041 0
11041 0
11041 0
11041 0
11041 0
11041 180
11041 0
11041 0
11041 0
11041 0
11041 0
11041 0
11041 0
11041 0
11041 0
11041 0
11041 0
11041 0
11041 0
11041 0
11041 0
11041 0
11041 0
11041 0
11041 0
11046 0
11046 0
11046 0
11046 0
11046 0
11046 0
11046 0
11046 0
11046 0
11046 0
11046 0
11046 188
11046 0
11046 0
11046 0
11046 0
11046 0
11046 0
11046 0
11046 0
11046 0
11046 0
11046 0
11046 0
11046 0
11046 0
11046 0
11046 0
11046 0
11046 0
11046 0
11047 0
11047 0
11047 0
11047 0
11047 0
11047 0
11047 0
11047 0
11047 0
11047 0
11047 0
11047 188
11047 0
11047 0
11047 0
11047 0
11047 0
11047 0
11047 0
11047 0
11047 0
11047 0
11047 0
11047 0
11047 0
11047 0
11047 0
11047 0
11047 0
11047 0
11047 0
11051 0
11051 0
11051 0
11051 0
11051 0
11051 0
11051 0
11051 0
11051 0
11051 0
11051 0
11051 188
11051 0
11051 0
11051 0
11051 0
11051 0
11051 0
11051 0
11051 0
11051 0
11051 0
11051 0
11051 0
11051 0
11051 0
11051 0
11051 0
11051 0
11051 0
11051 0
11083 0
11083 0
11083 0
11083 0
11083 0
11083 0
11083 0
11083 0
11083 0
11083 0
11083 0
11083 188
11083 0
11083 0
11083 0
11083 0
11083 0
11083 0
11083 0
11083 0
11083 0
11083 0
11083 0
11083 0
11083 0
11083 0
11083 0
11083 0
11083 0
11083 0
11083 0
11089 0
11089 0
11089 0
11089 0
11089 0
11089 0
11089 0
11089 0
11089 0
11089 0
11089 0
11089 180
11089 0
11089 0
11089 0
11089 0
11089 0
11089 0
11089 0
11089 0
11089 0
11089 0
11089 0
11089 0
11089 0
11089 0
11089 0
11089 0
11089 0
11089 0
11089 0
11094 0
11094 0
11094 0
11094 0
11094 0
11094 0
11094 0
11094 0
11094 0
11094 0
11094 0
11094 188
11094 0
11094 0
11094 0
11094 0
11094 0
11094 0
11094 0
11094 0
11094 0
11094 0
11094 0
11094 0
11094 0
11094 0
11094 0
11094 0
11094 0
11094 0
11094 0
11099 0
11099 0
11099 0
11099 0
11099 0
11099 0
11099 0
11099 0
11099 0
11099 0
11099 0
11099 188
11099 0
11099 0
11099 0
11099 0
11099 0
11099 0
11099 0
11099 0
11099 0
11099 0
11099 0
11099 0
11099 0
11099 0
11099 0
11099 0
11099 0
11099 0
11099 0
11102 0
11102 0
11102 0
11102 0
11102 0
11102 0
11102 0
11102 0
11102 0
11102 0
11102 0
11102 188
11102 0
11102 0
11102 0
11102 0
11102 0
11102 0
11102 0
11102 0
11102 0
11102 0
11102 0
11102 0
11102 0
11102 0
11102 0
11102 0
11102 0
11102 0
11102 0
11122 0
11122 0
11122 0
11122 0
11122 0
11122 0
11122 0
11122 0
11122 0
11122 0
11122 0
11122 627
11122 0
11122 0
11122 0
11122 0
11122 0
11122 0
11122 0
11122 0
11122 0
11122 0
11122 0
11122 0
11122 0
11122 0
11122 0
11122 0
11122 0
11122 0
11122 0
12086 0
12086 0
12086 0
12086 0
12086 0
12086 0
12086 0
12086 0
12086 0
12086 0
12086 0
12086 251
12086 0
12086 0
12086 0
12086 0
12086 0
12086 0
12086 0
12086 0
12086 0
12086 0
12086 0
12086 0
12086 0
12086 0
12086 0
12086 0
12086 0
12086 0
12086 0
