pt_graph scale
10967 0
10967 0
10967 0
10967 0
10967 0
10967 0
10967 0
10967 0
10967 0
10967 0
10967 0
10967 1
10967 0
10967 0
10967 0
10967 0
10967 0
10967 0
10967 0
10967 0
10967 0
10967 0
10967 0
10967 0
10967 0
10967 0
10967 0
10967 0
10967 0
10967 0
10967 0
10972 0
10972 0
10972 0
10972 0
10972 0
10972 0
10972 0
10972 0
10972 0
10972 0
10972 0
10972 1
10972 0
10972 0
10972 0
10972 0
10972 0
10972 0
10972 0
10972 0
10972 0
10972 0
10972 0
10972 0
10972 0
10972 0
10972 0
10972 0
10972 0
10972 0
10972 0
10978 0
10978 0
10978 0
10978 0
10978 0
10978 0
10978 0
10978 0
10978 0
10978 0
10978 0
10978 855
10978 0
10978 0
10978 0
10978 0
10978 0
10978 0
10978 0
10978 0
10978 0
10978 0
10978 0
10978 0
10978 0
10978 0
10978 0
10978 0
10978 0
10978 0
10978 0
10979 0
10979 0
10979 0
10979 0
10979 0
10979 0
10979 0
10979 0
10979 0
10979 0
10979 0
10979 1
10979 0
10979 0
10979 0
10979 0
10979 0
10979 0
10979 0
10979 0
10979 0
10979 0
10979 0
10979 0
10979 0
10979 0
10979 0
10979 0
10979 0
10979 0
10979 0
10993 0
10993 0
10993 0
10993 0
10993 0
10993 0
10993 0
10993 0
10993 0
10993 0
10993 0
10993 27
10993 0
10993 0
10993 0
10993 0
10993 0
10993 0
10993 0
10993 0
10993 0
10993 0
10993 0
10993 0
10993 0
10993 0
10993 0
10993 0
10993 0
10993 0
10993 0
11001 0
11001 0
11001 0
11001 0
11001 0
11001 0
11001 0
11001 0
11001 0
11001 0
11001 0
11001 318
11001 0
11001 0
11001 0
11001 0
11001 0
11001 0
11001 0
11001 0
11001 0
11001 0
11001 0
11001 0
11001 0
11001 0
11001 0
11001 0
11001 0
11001 0
11001 0
11010 0
11010 0
11010 0
11010 0
11010 0
11010 0
11010 0
11010 0
11010 0
11010 0
11010 0
11010 1246
11010 0
11010 0
11010 0
11010 0
11010 0
11010 0
11010 0
11010 0
11010 0
11010 0
11010 0
11010 0
11010 0
11010 0
11010 0
11010 0
11010 0
11010 0
11010 0
11018 0
11018 0
11018 0
11018 0
11018 0
11018 0
11018 0
11018 0
11018 0
11018 0
11018 0
11018 328
11018 0
11018 0
11018 0
11018 0
11018 0
11018 0
11018 0
11018 0
11018 0
11018 0
11018 0
11018 0
11018 0
11018 0
11018 0
11018 0
11018 0
11018 0
11018 0
11023 0
11023 0
11023 0
11023 0
11023 0
11023 0
11023 0
11023 0
11023 0
11023 0
11023 0
11023 305
11023 0
11023 0
11023 0
11023 0
11023 0
11023 0
11023 0
11023 0
11023 0
11023 0
11023 0
11023 0
11023 0
11023 0
11023 0
11023 0
11023 0
11023 0
11023 0
11028 0
11028 0
11028 0
11028 0
11028 0
11028 0
11028 0
11028 0
11028 0
11028 0
11028 0
11028 608
11028 0
11028 0
11028 0
11028 0
11028 0
11028 0
11028 0
11028 0
11028 0
11028 0
11028 0
11028 0
11028 0
11028 0
11028 0
11028 0
11028 0
11028 0
11028 0
11037 0
11037 0
11037 0
11037 0
11037 0
11037 0
11037 0
11037 0
11037 0
11037 0
11037 0
11037 618
11037 0
11037 0
11037 0
11037 0
11037 0
11037 0
11037 0
11037 0
11037 0
11037 0
11037 0
11037 0
11037 0
11037 0
11037 0
11037 0
11037 0
11037 0
11037 0
11056 0
11056 0
11056 0
11056 0
11056 0
11056 0
11056 0
11056 0
11056 0
11056 0
11056 0
11056 574
11056 0
11056 0
11056 0
11056 0
11056 0
11056 0
11056 0
11056 0
11056 0
11056 0
11056 0
11056 0
11056 0
11056 0
11056 0
11056 0
11056 0
11056 0
11056 0
11060 0
11060 0
11060 0
11060 0
11060 0
11060 0
11060 0
11060 0
11060 0
11060 0
11060 0
11060 1553
11060 0
11060 0
11060 0
11060 0
11060 0
11060 0
11060 0
11060 0
11060 0
11060 0
11060 0
11060 0
11060 0
11060 0
11060 0
11060 0
11060 0
11060 0
11060 0
11068 0
11068 0
11068 0
11068 0
11068 0
11068 0
11068 0
11068 0
11068 0
11068 0
11068 0
11068 625
11068 0
11068 0
11068 0
11068 0
11068 0
11068 0
11068 0
11068 0
11068 0
11068 0
11068 0
11068 0
11068 0
11068 0
11068 0
11068 0
11068 0
11068 0
11068 0
11075 0
11075 0
11075 0
11075 0
11075 0
11075 0
11075 0
11075 0
11075 0
11075 0
11075 0
11075 466
11075 0
11075 0
11075 0
11075 0
11075 0
11075 0
11075 0
11075 0
11075 0
11075 0
11075 0
11075 0
11075 0
11075 0
11075 0
11075 0
11075 0
11075 0
11075 0
11122 0
11122 0
11122 0
11122 0
11122 0
11122 0
11122 0
11122 0
11122 0
11122 0
11122 0
11122 994
11122 0
11122 0
11122 0
11122 0
11122 0
11122 0
11122 0
11122 0
11122 0
11122 0
11122 0
11122 0
11122 0
11122 0
11122 0
11122 0
11122 0
11122 0
11122 0
11150 0
11150 0
11150 0
11150 0
11150 0
11150 0
11150 0
11150 0
11150 0
11150 0
11150 0
11150 535
11150 0
11150 0
11150 0
11150 0
11150 0
11150 0
11150 0
11150 0
11150 0
11150 0
11150 0
11150 0
11150 0
11150 0
11150 0
11150 0
11150 0
11150 0
11150 0
11169 0
11169 0
11169 0
11169 0
11169 0
11169 0
11169 0
11169 0
11169 0
11169 0
11169 0
11169 789
11169 0
11169 0
11169 0
11169 0
11169 0
11169 0
11169 0
11169 0
11169 0
11169 0
11169 0
11169 0
11169 0
11169 0
11169 0
11169 0
11169 0
11169 0
11169 0
11172 0
11172 0
11172 0
11172 0
11172 0
11172 0
11172 0
11172 0
11172 0
11172 0
11172 0
11172 526
11172 0
11172 0
11172 0
11172 0
11172 0
11172 0
11172 0
11172 0
11172 0
11172 0
11172 0
11172 0
11172 0
11172 0
11172 0
11172 0
11172 0
11172 0
11172 0
11193 0
11193 0
11193 0
11193 0
11193 0
11193 0
11193 0
11193 0
11193 0
11193 0
11193 0
11193 184
11193 0
11193 0
11193 0
11193 0
11193 0
11193 0
11193 0
11193 0
11193 0
11193 0
11193 0
11193 0
11193 0
11193 0
11193 0
11193 0
11193 0
11193 0
11193 0
11204 0
11204 0
11204 0
11204 0
11204 0
11204 0
11204 0
11204 0
11204 0
11204 0
11204 0
11204 362
11204 0
11204 0
11204 0
11204 0
11204 0
11204 0
11204 0
11204 0
11204 0
11204 0
11204 0
11204 0
11204 0
11204 0
11204 0
11204 0
11204 0
11204 0
11204 0
11220 0
11220 0
11220 0
11220 0
11220 0
11220 0
11220 0
11220 0
11220 0
11220 0
11220 0
11220 1
11220 0
11220 0
11220 0
11220 0
11220 0
11220 0
11220 0
11220 0
11220 0
11220 0
11220 0
11220 0
11220 0
11220 0
11220 0
11220 0
11220 0
11220 0
11220 0
11242 0
11242 0
11242 0
11242 0
11242 0
11242 0
11242 0
11242 0
11242 0
11242 0
11242 0
11242 466
11242 0
11242 0
11242 0
11242 0
11242 0
11242 0
11242 0
11242 0
11242 0
11242 0
11242 0
11242 0
11242 0
11242 0
11242 0
11242 0
11242 0
11242 0
11242 0
11381 0
11381 0
11381 0
11381 0
11381 0
11381 0
11381 0
11381 0
11381 0
11381 0
11381 0
11381 305
11381 0
11381 0
11381 0
11381 0
11381 0
11381 0
11381 0
11381 0
11381 0
11381 0
11381 0
11381 0
11381 0
11381 0
11381 0
11381 0
11381 0
11381 0
11381 0
12086 0
12086 0
12086 0
12086 0
12086 0
12086 0
12086 0
12086 0
12086 0
12086 0
12086 0
12086 402
12086 0
12086 0
12086 0
12086 0
12086 0
12086 0
12086 0
12086 0
12086 0
12086 0
12086 0
12086 0
12086 0
12086 0
12086 0
12086 0
12086 0
12086 0
12086 0
