pt_graph scale
494 0
494 0
494 0
494 0
494 0
494 0
494 0
494 0
494 1
494 0
494 0
494 0
494 1
494 0
494 0
494 0
494 0
494 0
494 0
494 0
494 0
494 0
494 0
494 1
494 0
494 0
494 0
494 0
494 0
494 0
494 0
523 0
523 19
523 0
523 0
523 0
523 0
523 0
523 0
523 132
523 0
523 0
523 0
523 75
523 0
523 0
523 0
523 0
523 0
523 0
523 0
523 6
523 0
523 0
523 86
523 0
523 0
523 0
523 0
523 0
523 0
523 0
548 0
548 0
548 0
548 0
548 0
548 0
548 0
548 0
548 49
548 0
548 0
548 0
548 1
548 0
548 0
548 0
548 0
548 0
548 0
548 0
548 0
548 0
548 0
548 2
548 0
548 0
548 0
548 0
548 0
548 0
548 0
576 0
576 0
576 0
576 0
576 0
576 0
576 0
576 0
576 49
576 0
576 0
576 0
576 1
576 0
576 0
576 0
576 0
576 0
576 0
576 0
576 0
576 0
576 0
576 2
576 0
576 0
576 0
576 0
576 0
576 0
576 0
652 0
652 0
652 0
652 0
652 0
652 0
652 0
652 0
652 65
652 0
652 0
652 0
652 0
652 0
652 0
652 0
652 0
652 0
652 0
652 0
652 0
652 0
652 0
652 73
652 0
652 0
652 0
652 0
652 0
652 0
652 0
737 0
737 0
737 0
737 0
737 0
737 0
737 0
737 0
737 1
737 0
737 0
737 0
737 0
737 0
737 0
737 0
737 0
737 0
737 0
737 0
737 0
737 0
737 0
737 1
737 0
737 0
737 0
737 0
737 0
737 0
737 0
743 0
743 0
743 0
743 0
743 0
743 0
743 0
743 0
743 63
743 0
743 0
743 0
743 0
743 0
743 0
743 0
743 0
743 0
743 0
743 0
743 0
743 0
743 0
743 72
743 0
743 0
743 0
743 0
743 0
743 0
743 0
744 0
744 0
744 0
744 0
744 0
744 0
744 0
744 0
744 1
744 0
744 0
744 0
744 0
744 0
744 0
744 0
744 0
744 0
744 0
744 0
744 0
744 0
744 0
744 2
744 0
744 0
744 0
744 0
744 0
744 0
744 0
853 0
853 0
853 0
853 0
853 0
853 0
853 0
853 0
853 1
853 0
853 0
853 0
853 0
853 0
853 0
853 0
853 0
853 0
853 0
853 0
853 0
853 0
853 0
853 1
853 0
853 0
853 0
853 0
853 0
853 0
853 0
855 0
855 0
855 0
855 0
855 0
855 0
855 0
855 0
855 66
855 0
855 0
855 0
855 0
855 0
855 0
855 0
855 0
855 0
855 0
855 0
855 0
855 0
855 0
855 75
855 0
855 0
855 0
855 0
855 0
855 0
855 0
859 0
859 0
859 0
859 0
859 0
859 0
859 0
859 0
859 48
859 0
859 0
859 0
859 1
859 0
859 0
859 0
859 0
859 0
859 0
859 0
859 0
859 0
859 0
859 2
859 0
859 0
859 0
859 0
859 0
859 0
859 0
1087 0
1087 188
1087 0
1087 0
1087 0
1087 0
1087 0
1087 0
1087 1231
1087 0
1087 0
1087 0
1087 39
1087 0
1087 0
1087 0
1087 0
1087 0
1087 0
1087 0
1087 0
1087 0
1087 0
1087 1349
1087 0
1087 0
1087 0
1087 0
1087 0
1087 0
1087 0
1091 0
1091 0
1091 0
1091 0
1091 0
1091 0
1091 0
1091 0
1091 1
1091 0
1091 0
1091 0
1091 1
1091 0
1091 0
1091 0
1091 0
1091 0
1091 0
1091 0
1091 0
1091 0
1091 0
1091 1
1091 0
1091 0
1091 0
1091 0
1091 0
1091 0
1091 0
1094 0
1094 0
1094 0
1094 0
1094 0
1094 0
1094 0
1094 0
1094 1
1094 0
1094 0
1094 0
1094 1
1094 0
1094 0
1094 0
1094 0
1094 0
1094 0
1094 0
1094 0
1094 0
1094 0
1094 1
1094 0
1094 0
1094 0
1094 0
1094 0
1094 0
1094 0
1098 0
1098 0
1098 0
1098 0
1098 0
1098 0
1098 0
1098 0
1098 4
1098 0
1098 0
1098 0
1098 0
1098 0
1098 0
1098 0
1098 0
1098 0
1098 0
1098 0
1098 0
1098 0
1098 0
1098 17
1098 0
1098 0
1098 0
1098 0
1098 0
1098 0
1098 0
1412 0
1412 0
1412 0
1412 0
1412 0
1412 0
1412 0
1412 0
1412 49
1412 0
1412 0
1412 0
1412 1
1412 0
1412 0
1412 0
1412 0
1412 0
1412 0
1412 0
1412 0
1412 0
1412 0
1412 2
1412 0
1412 0
1412 0
1412 0
1412 0
1412 0
1412 0
1418 0
1418 0
1418 0
1418 0
1418 0
1418 0
1418 0
1418 0
1418 1
1418 0
1418 0
1418 0
1418 1
1418 0
1418 0
1418 0
1418 0
1418 0
1418 0
1418 0
1418 0
1418 0
1418 0
1418 1
1418 0
1418 0
1418 0
1418 0
1418 0
1418 0
1418 0
1851 0
1851 0
1851 0
1851 0
1851 0
1851 0
1851 0
1851 0
1851 1
1851 0
1851 0
1851 0
1851 1
1851 0
1851 0
1851 0
1851 0
1851 0
1851 0
1851 0
1851 0
1851 0
1851 0
1851 1
1851 0
1851 0
1851 0
1851 0
1851 0
1851 0
1851 0
1860 0
1860 0
1860 0
1860 0
1860 0
1860 0
1860 0
1860 0
1860 1
1860 0
1860 0
1860 0
1860 0
1860 0
1860 0
1860 0
1860 0
1860 0
1860 0
1860 0
1860 0
1860 0
1860 0
1860 1
1860 0
1860 0
1860 0
1860 0
1860 0
1860 0
1860 0
2537 0
2537 1
2537 0
2537 0
2537 0
2537 0
2537 0
2537 0
2537 1
2537 0
2537 0
2537 0
2537 8
2537 0
2537 0
2537 0
2537 0
2537 0
2537 0
2537 0
2537 0
2537 0
2537 0
2537 9
2537 0
2537 0
2537 0
2537 0
2537 0
2537 0
2537 0
2538 0
2538 1
2538 0
2538 0
2538 0
2538 0
2538 0
2538 0
2538 3
2538 0
2538 0
2538 0
2538 0
2538 0
2538 0
2538 0
2538 0
2538 0
2538 0
2538 0
2538 0
2538 0
2538 0
2538 0
2538 0
2538 0
2538 0
2538 0
2538 0
2538 0
2538 0
3225 0
3225 1
3225 0
3225 0
3225 0
3225 0
3225 0
3225 0
3225 3
3225 0
3225 0
3225 0
3225 0
3225 0
3225 0
3225 0
3225 0
3225 0
3225 0
3225 0
3225 0
3225 0
3225 0
3225 1
3225 0
3225 0
3225 0
3225 0
3225 0
3225 0
3225 0
3226 0
3226 25
3226 0
3226 0
3226 0
3226 0
3226 0
3226 0
3226 49
3226 0
3226 0
3226 0
3226 4
3226 0
3226 0
3226 0
3226 0
3226 0
3226 0
3226 0
3226 0
3226 0
3226 0
3226 5
3226 0
3226 0
3226 0
3226 0
3226 0
3226 0
3226 0
3227 0
3227 1
3227 0
3227 0
3227 0
3227 0
3227 0
3227 0
3227 3
3227 0
3227 0
3227 0
3227 1
3227 0
3227 0
3227 0
3227 0
3227 0
3227 0
3227 0
3227 0
3227 0
3227 0
3227 1
3227 0
3227 0
3227 0
3227 0
3227 0
3227 0
3227 0
3229 0
3229 1
3229 0
3229 0
3229 0
3229 0
3229 0
3229 0
3229 3
3229 0
3229 0
3229 0
3229 0
3229 0
3229 0
3229 0
3229 0
3229 0
3229 0
3229 0
3229 0
3229 0
3229 0
3229 0
3229 0
3229 0
3229 0
3229 0
3229 0
3229 0
3229 0
3230 0
3230 1
3230 0
3230 0
3230 0
3230 0
3230 0
3230 0
3230 1
3230 0
3230 0
3230 0
3230 2
3230 0
3230 0
3230 0
3230 0
3230 0
3230 0
3230 0
3230 0
3230 0
3230 0
3230 2
3230 0
3230 0
3230 0
3230 0
3230 0
3230 0
3230 0
3319 0
3319 0
3319 0
3319 0
3319 0
3319 0
3319 0
3319 0
3319 0
3319 0
3319 0
3319 0
3319 0
3319 0
3319 0
3319 0
3319 0
3319 0
3319 0
3319 0
3319 0
3319 0
3319 0
3319 0
3319 0
3319 0
3319 0
3319 0
3319 0
3319 0
3319 0
3502 0
3502 0
3502 0
3502 0
3502 0
3502 0
3502 0
3502 0
3502 0
3502 0
3502 0
3502 0
3502 0
3502 0
3502 0
3502 0
3502 0
3502 0
3502 0
3502 0
3502 0
3502 0
3502 0
3502 0
3502 0
3502 0
3502 0
3502 0
3502 0
3502 0
3502 0
3557 0
3557 0
3557 0
3557 0
3557 0
3557 0
3557 0
3557 0
3557 0
3557 0
3557 0
3557 0
3557 0
3557 0
3557 0
3557 0
3557 0
3557 0
3557 0
3557 0
3557 0
3557 0
3557 0
3557 0
3557 0
3557 0
3557 0
3557 0
3557 0
3557 0
3557 0
3578 0
3578 0
3578 0
3578 0
3578 0
3578 0
3578 0
3578 0
3578 0
3578 0
3578 0
3578 0
3578 0
3578 0
3578 0
3578 0
3578 0
3578 0
3578 0
3578 0
3578 0
3578 0
3578 0
3578 0
3578 0
3578 0
3578 0
3578 0
3578 0
3578 0
3578 0
3707 0
3707 0
3707 0
3707 0
3707 0
3707 0
3707 0
3707 0
3707 0
3707 0
3707 0
3707 0
3707 0
3707 0
3707 0
3707 0
3707 0
3707 0
3707 0
3707 0
3707 0
3707 0
3707 0
3707 0
3707 0
3707 0
3707 0
3707 0
3707 0
3707 0
3707 0
3736 0
3736 5
3736 0
3736 0
3736 0
3736 0
3736 0
3736 0
3736 0
3736 0
3736 0
3736 0
3736 0
3736 0
3736 0
3736 0
3736 0
3736 0
3736 0
3736 0
3736 0
3736 0
3736 0
3736 0
3736 0
3736 0
3736 0
3736 0
3736 0
3736 0
3736 0
3852 0
3852 6
3852 0
3852 0
3852 0
3852 0
3852 0
3852 0
3852 15
3852 0
3852 0
3852 0
3852 0
3852 0
3852 0
3852 0
3852 0
3852 0
3852 0
3852 0
3852 0
3852 0
3852 0
3852 2
3852 0
3852 0
3852 0
3852 0
3852 0
3852 0
3852 0
3853 0
3853 16
3853 0
3853 0
3853 0
3853 0
3853 0
3853 0
3853 64
3853 0
3853 0
3853 0
3853 9
3853 0
3853 0
3853 0
3853 0
3853 0
3853 0
3853 0
3853 0
3853 0
3853 0
3853 6
3853 0
3853 0
3853 0
3853 0
3853 0
3853 0
3853 0
3854 0
3854 0
3854 0
3854 0
3854 0
3854 0
3854 0
3854 0
3854 1
3854 0
3854 0
3854 0
3854 0
3854 0
3854 0
3854 0
3854 0
3854 0
3854 0
3854 0
3854 0
3854 0
3854 0
3854 0
3854 0
3854 0
3854 0
3854 0
3854 0
3854 0
3854 0
3858 0
3858 0
3858 0
3858 0
3858 0
3858 0
3858 0
3858 0
3858 1
3858 0
3858 0
3858 0
3858 0
3858 0
3858 0
3858 0
3858 0
3858 0
3858 0
3858 0
3858 0
3858 0
3858 0
3858 0
3858 0
3858 0
3858 0
3858 0
3858 0
3858 0
3858 0
3972 0
3972 1
3972 0
3972 0
3972 0
3972 0
3972 0
3972 0
3972 0
3972 0
3972 0
3972 0
3972 0
3972 0
3972 0
3972 0
3972 0
3972 0
3972 0
3972 0
3972 0
3972 0
3972 0
3972 0
3972 0
3972 0
3972 0
3972 0
3972 0
3972 0
3972 0
3992 0
3992 0
3992 0
3992 0
3992 0
3992 0
3992 0
3992 0
3992 0
3992 0
3992 0
3992 0
3992 0
3992 0
3992 0
3992 0
3992 0
3992 0
3992 0
3992 0
3992 0
3992 0
3992 0
3992 0
3992 0
3992 0
3992 0
3992 0
3992 0
3992 0
3992 0
4012 0
4012 0
4012 0
4012 0
4012 0
4012 0
4012 0
4012 0
4012 0
4012 0
4012 0
4012 0
4012 0
4012 0
4012 0
4012 0
4012 0
4012 0
4012 0
4012 0
4012 0
4012 0
4012 0
4012 0
4012 0
4012 0
4012 0
4012 0
4012 0
4012 0
4012 0
4209 0
4209 1
4209 0
4209 0
4209 0
4209 0
4209 0
4209 0
4209 0
4209 0
4209 0
4209 0
4209 0
4209 0
4209 0
4209 0
4209 0
4209 0
4209 0
4209 0
4209 0
4209 0
4209 0
4209 0
4209 0
4209 0
4209 0
4209 0
4209 0
4209 0
4209 0
4242 0
4242 0
4242 0
4242 0
4242 0
4242 0
4242 0
4242 0
4242 0
4242 0
4242 0
4242 0
4242 0
4242 0
4242 0
4242 0
4242 0
4242 0
4242 0
4242 0
4242 0
4242 0
4242 0
4242 0
4242 0
4242 0
4242 0
4242 0
4242 0
4242 0
4242 0
4267 0
4267 1
4267 0
4267 0
4267 0
4267 0
4267 0
4267 0
4267 0
4267 0
4267 0
4267 0
4267 0
4267 0
4267 0
4267 0
4267 0
4267 0
4267 0
4267 0
4267 0
4267 0
4267 0
4267 0
4267 0
4267 0
4267 0
4267 0
4267 0
4267 0
4267 0
4428 0
4428 123
4428 0
4428 0
4428 0
4428 0
4428 0
4428 0
4428 0
4428 0
4428 0
4428 0
4428 0
4428 0
4428 0
4428 0
4428 0
4428 0
4428 0
4428 0
4428 0
4428 0
4428 0
4428 0
4428 0
4428 0
4428 0
4428 0
4428 0
4428 0
4428 0
4497 0
4497 0
4497 0
4497 0
4497 0
4497 0
4497 0
4497 0
4497 0
4497 0
4497 0
4497 0
4497 0
4497 0
4497 0
4497 0
4497 0
4497 0
4497 0
4497 0
4497 0
4497 0
4497 0
4497 0
4497 0
4497 0
4497 0
4497 0
4497 0
4497 0
4497 0
4561 0
4561 0
4561 0
4561 0
4561 0
4561 0
4561 0
4561 0
4561 0
4561 0
4561 0
4561 0
4561 0
4561 0
4561 0
4561 0
4561 0
4561 0
4561 0
4561 0
4561 0
4561 0
4561 0
4561 0
4561 0
4561 0
4561 0
4561 0
4561 0
4561 0
4561 0
4565 0
4565 2
4565 0
4565 0
4565 0
4565 0
4565 0
4565 0
4565 0
4565 0
4565 0
4565 0
4565 0
4565 0
4565 0
4565 0
4565 0
4565 0
4565 0
4565 0
4565 0
4565 0
4565 0
4565 0
4565 0
4565 0
4565 0
4565 0
4565 0
4565 0
4565 0
4566 0
4566 2
4566 0
4566 0
4566 0
4566 0
4566 0
4566 0
4566 0
4566 0
4566 0
4566 0
4566 0
4566 0
4566 0
4566 0
4566 0
4566 0
4566 0
4566 0
4566 0
4566 0
4566 0
4566 0
4566 0
4566 0
4566 0
4566 0
4566 0
4566 0
4566 0
4567 0
4567 0
4567 0
4567 0
4567 0
4567 0
4567 0
4567 0
4567 0
4567 0
4567 0
4567 0
4567 0
4567 0
4567 0
4567 0
4567 0
4567 0
4567 0
4567 0
4567 0
4567 0
4567 0
4567 0
4567 0
4567 0
4567 0
4567 0
4567 0
4567 0
4567 0
4577 0
4577 0
4577 0
4577 0
4577 0
4577 0
4577 0
4577 0
4577 0
4577 0
4577 0
4577 0
4577 0
4577 0
4577 0
4577 0
4577 0
4577 0
4577 0
4577 0
4577 0
4577 0
4577 0
4577 0
4577 0
4577 0
4577 0
4577 0
4577 0
4577 0
4577 0
4617 0
4617 0
4617 0
4617 0
4617 0
4617 0
4617 0
4617 0
4617 0
4617 0
4617 0
4617 0
4617 0
4617 0
4617 0
4617 0
4617 0
4617 0
4617 0
4617 0
4617 0
4617 0
4617 0
4617 0
4617 0
4617 0
4617 0
4617 0
4617 0
4617 0
4617 0
4653 0
4653 73
4653 0
4653 0
4653 0
4653 0
4653 0
4653 0
4653 0
4653 0
4653 0
4653 0
4653 0
4653 0
4653 0
4653 0
4653 0
4653 0
4653 0
4653 0
4653 0
4653 0
4653 0
4653 0
4653 0
4653 0
4653 0
4653 0
4653 0
4653 0
4653 0
4668 0
4668 0
4668 0
4668 0
4668 0
4668 0
4668 0
4668 0
4668 0
4668 0
4668 0
4668 0
4668 0
4668 0
4668 0
4668 0
4668 0
4668 0
4668 0
4668 0
4668 0
4668 0
4668 0
4668 0
4668 0
4668 0
4668 0
4668 0
4668 0
4668 0
4668 0
4679 0
4679 0
4679 0
4679 0
4679 0
4679 0
4679 0
4679 0
4679 0
4679 0
4679 0
4679 0
4679 0
4679 0
4679 0
4679 0
4679 0
4679 0
4679 0
4679 0
4679 0
4679 0
4679 0
4679 0
4679 0
4679 0
4679 0
4679 0
4679 0
4679 0
4679 0
4744 0
4744 5
4744 0
4744 0
4744 0
4744 0
4744 0
4744 0
4744 0
4744 0
4744 0
4744 0
4744 0
4744 0
4744 0
4744 0
4744 0
4744 0
4744 0
4744 0
4744 0
4744 0
4744 0
4744 0
4744 0
4744 0
4744 0
4744 0
4744 0
4744 0
4744 0
4860 0
4860 1
4860 0
4860 0
4860 0
4860 0
4860 0
4860 0
4860 0
4860 0
4860 0
4860 0
4860 0
4860 0
4860 0
4860 0
4860 0
4860 0
4860 0
4860 0
4860 0
4860 0
4860 0
4860 0
4860 0
4860 0
4860 0
4860 0
4860 0
4860 0
4860 0
4953 0
4953 1
4953 0
4953 0
4953 0
4953 0
4953 0
4953 0
4953 0
4953 0
4953 0
4953 0
4953 0
4953 0
4953 0
4953 0
4953 0
4953 0
4953 0
4953 0
4953 0
4953 0
4953 0
4953 0
4953 0
4953 0
4953 0
4953 0
4953 0
4953 0
4953 0
4988 0
4988 1
4988 0
4988 0
4988 0
4988 0
4988 0
4988 0
4988 0
4988 0
4988 0
4988 0
4988 0
4988 0
4988 0
4988 0
4988 0
4988 0
4988 0
4988 0
4988 0
4988 0
4988 0
4988 0
4988 0
4988 0
4988 0
4988 0
4988 0
4988 0
4988 0
5012 0
5012 562
5012 0
5012 0
5012 0
5012 0
5012 0
5012 0
5012 0
5012 0
5012 0
5012 0
5012 0
5012 0
5012 0
5012 0
5012 0
5012 0
5012 0
5012 0
5012 0
5012 0
5012 0
5012 0
5012 0
5012 0
5012 0
5012 0
5012 0
5012 0
5012 0
5056 0
5056 1
5056 0
5056 0
5056 0
5056 0
5056 0
5056 0
5056 0
5056 0
5056 0
5056 0
5056 0
5056 0
5056 0
5056 0
5056 0
5056 0
5056 0
5056 0
5056 0
5056 0
5056 0
5056 0
5056 0
5056 0
5056 0
5056 0
5056 0
5056 0
5056 0
5090 0
5090 1
5090 0
5090 0
5090 0
5090 0
5090 0
5090 0
5090 0
5090 0
5090 0
5090 0
5090 0
5090 0
5090 0
5090 0
5090 0
5090 0
5090 0
5090 0
5090 0
5090 0
5090 0
5090 0
5090 0
5090 0
5090 0
5090 0
5090 0
5090 0
5090 0
5147 0
5147 309
5147 0
5147 0
5147 0
5147 0
5147 0
5147 0
5147 0
5147 0
5147 0
5147 0
5147 0
5147 0
5147 0
5147 0
5147 0
5147 0
5147 0
5147 0
5147 0
5147 0
5147 0
5147 0
5147 0
5147 0
5147 0
5147 0
5147 0
5147 0
5147 0
5159 0
5159 2
5159 0
5159 0
5159 0
5159 0
5159 0
5159 0
5159 0
5159 0
5159 0
5159 0
5159 0
5159 0
5159 0
5159 0
5159 0
5159 0
5159 0
5159 0
5159 0
5159 0
5159 0
5159 0
5159 0
5159 0
5159 0
5159 0
5159 0
5159 0
5159 0
5214 0
5214 1
5214 0
5214 0
5214 0
5214 0
5214 0
5214 0
5214 0
5214 0
5214 0
5214 0
5214 0
5214 0
5214 0
5214 0
5214 0
5214 0
5214 0
5214 0
5214 0
5214 0
5214 0
5214 0
5214 0
5214 0
5214 0
5214 0
5214 0
5214 0
5214 0
5239 0
5239 1
5239 0
5239 0
5239 0
5239 0
5239 0
5239 0
5239 0
5239 0
5239 0
5239 0
5239 0
5239 0
5239 0
5239 0
5239 0
5239 0
5239 0
5239 0
5239 0
5239 0
5239 0
5239 0
5239 0
5239 0
5239 0
5239 0
5239 0
5239 0
5239 0
5259 0
5259 1
5259 0
5259 0
5259 0
5259 0
5259 0
5259 0
5259 0
5259 0
5259 0
5259 0
5259 0
5259 0
5259 0
5259 0
5259 0
5259 0
5259 0
5259 0
5259 0
5259 0
5259 0
5259 0
5259 0
5259 0
5259 0
5259 0
5259 0
5259 0
5259 0
5316 0
5316 1
5316 0
5316 0
5316 0
5316 0
5316 0
5316 0
5316 0
5316 0
5316 0
5316 0
5316 0
5316 0
5316 0
5316 0
5316 0
5316 0
5316 0
5316 0
5316 0
5316 0
5316 0
5316 0
5316 0
5316 0
5316 0
5316 0
5316 0
5316 0
5316 0
5336 0
5336 1
5336 0
5336 0
5336 0
5336 0
5336 0
5336 0
5336 0
5336 0
5336 0
5336 0
5336 0
5336 0
5336 0
5336 0
5336 0
5336 0
5336 0
5336 0
5336 0
5336 0
5336 0
5336 0
5336 0
5336 0
5336 0
5336 0
5336 0
5336 0
5336 0
5403 0
5403 8
5403 0
5403 0
5403 0
5403 0
5403 0
5403 0
5403 0
5403 0
5403 0
5403 0
5403 0
5403 0
5403 0
5403 0
5403 0
5403 0
5403 0
5403 0
5403 0
5403 0
5403 0
5403 0
5403 0
5403 0
5403 0
5403 0
5403 0
5403 0
5403 0
5414 0
5414 1
5414 0
5414 0
5414 0
5414 0
5414 0
5414 0
5414 0
5414 0
5414 0
5414 0
5414 0
5414 0
5414 0
5414 0
5414 0
5414 0
5414 0
5414 0
5414 0
5414 0
5414 0
5414 0
5414 0
5414 0
5414 0
5414 0
5414 0
5414 0
5414 0
5434 0
5434 2
5434 0
5434 0
5434 0
5434 0
5434 0
5434 0
5434 0
5434 0
5434 0
5434 0
5434 0
5434 0
5434 0
5434 0
5434 0
5434 0
5434 0
5434 0
5434 0
5434 0
5434 0
5434 0
5434 0
5434 0
5434 0
5434 0
5434 0
5434 0
5434 0
5438 0
5438 1
5438 0
5438 0
5438 0
5438 0
5438 0
5438 0
5438 0
5438 0
5438 0
5438 0
5438 0
5438 0
5438 0
5438 0
5438 0
5438 0
5438 0
5438 0
5438 0
5438 0
5438 0
5438 0
5438 0
5438 0
5438 0
5438 0
5438 0
5438 0
5438 0
5439 0
5439 1
5439 0
5439 0
5439 0
5439 0
5439 0
5439 0
5439 0
5439 0
5439 0
5439 0
5439 0
5439 0
5439 0
5439 0
5439 0
5439 0
5439 0
5439 0
5439 0
5439 0
5439 0
5439 0
5439 0
5439 0
5439 0
5439 0
5439 0
5439 0
5439 0
5442 0
5442 0
5442 0
5442 0
5442 0
5442 0
5442 0
5442 0
5442 0
5442 0
5442 0
5442 0
5442 0
5442 0
5442 0
5442 0
5442 0
5442 0
5442 0
5442 0
5442 0
5442 0
5442 0
5442 0
5442 0
5442 0
5442 0
5442 0
5442 0
5442 0
5442 0
5477 0
5477 1
5477 0
5477 0
5477 0
5477 0
5477 0
5477 0
5477 0
5477 0
5477 0
5477 0
5477 0
5477 0
5477 0
5477 0
5477 0
5477 0
5477 0
5477 0
5477 0
5477 0
5477 0
5477 0
5477 0
5477 0
5477 0
5477 0
5477 0
5477 0
5477 0
5506 0
5506 4
5506 0
5506 0
5506 0
5506 0
5506 0
5506 0
5506 0
5506 0
5506 0
5506 0
5506 0
5506 0
5506 0
5506 0
5506 0
5506 0
5506 0
5506 0
5506 0
5506 0
5506 0
5506 0
5506 0
5506 0
5506 0
5506 0
5506 0
5506 0
5506 0
5522 0
5522 1
5522 0
5522 0
5522 0
5522 0
5522 0
5522 0
5522 0
5522 0
5522 0
5522 0
5522 0
5522 0
5522 0
5522 0
5522 0
5522 0
5522 0
5522 0
5522 0
5522 0
5522 0
5522 0
5522 0
5522 0
5522 0
5522 0
5522 0
5522 0
5522 0
5525 0
5525 1
5525 0
5525 0
5525 0
5525 0
5525 0
5525 0
5525 0
5525 0
5525 0
5525 0
5525 0
5525 0
5525 0
5525 0
5525 0
5525 0
5525 0
5525 0
5525 0
5525 0
5525 0
5525 0
5525 0
5525 0
5525 0
5525 0
5525 0
5525 0
5525 0
5529 0
5529 1
5529 0
5529 0
5529 0
5529 0
5529 0
5529 0
5529 0
5529 0
5529 0
5529 0
5529 0
5529 0
5529 0
5529 0
5529 0
5529 0
5529 0
5529 0
5529 0
5529 0
5529 0
5529 0
5529 0
5529 0
5529 0
5529 0
5529 0
5529 0
5529 0
5534 0
5534 0
5534 0
5534 0
5534 0
5534 0
5534 0
5534 0
5534 0
5534 0
5534 0
5534 0
5534 0
5534 0
5534 0
5534 0
5534 0
5534 0
5534 0
5534 0
5534 0
5534 0
5534 0
5534 0
5534 0
5534 0
5534 0
5534 0
5534 0
5534 0
5534 0
5550 0
5550 1
5550 0
5550 0
5550 0
5550 0
5550 0
5550 0
5550 0
5550 0
5550 0
5550 0
5550 0
5550 0
5550 0
5550 0
5550 0
5550 0
5550 0
5550 0
5550 0
5550 0
5550 0
5550 0
5550 0
5550 0
5550 0
5550 0
5550 0
5550 0
5550 0
5600 0
5600 1
5600 0
5600 0
5600 0
5600 0
5600 0
5600 0
5600 0
5600 0
5600 0
5600 0
5600 0
5600 0
5600 0
5600 0
5600 0
5600 0
5600 0
5600 0
5600 0
5600 0
5600 0
5600 0
5600 0
5600 0
5600 0
5600 0
5600 0
5600 0
5600 0
5605 0
5605 6
5605 0
5605 0
5605 0
5605 0
5605 0
5605 0
5605 0
5605 0
5605 0
5605 0
5605 0
5605 0
5605 0
5605 0
5605 0
5605 0
5605 0
5605 0
5605 0
5605 0
5605 0
5605 0
5605 0
5605 0
5605 0
5605 0
5605 0
5605 0
5605 0
5611 0
5611 2
5611 0
5611 0
5611 0
5611 0
5611 0
5611 0
5611 0
5611 0
5611 0
5611 0
5611 0
5611 0
5611 0
5611 0
5611 0
5611 0
5611 0
5611 0
5611 0
5611 0
5611 0
5611 0
5611 0
5611 0
5611 0
5611 0
5611 0
5611 0
5611 0
5636 0
5636 2
5636 0
5636 0
5636 0
5636 0
5636 0
5636 0
5636 0
5636 0
5636 0
5636 0
5636 0
5636 0
5636 0
5636 0
5636 0
5636 0
5636 0
5636 0
5636 0
5636 0
5636 0
5636 0
5636 0
5636 0
5636 0
5636 0
5636 0
5636 0
5636 0
5638 0
5638 0
5638 0
5638 0
5638 0
5638 0
5638 0
5638 0
5638 0
5638 0
5638 0
5638 0
5638 0
5638 0
5638 0
5638 0
5638 0
5638 0
5638 0
5638 0
5638 0
5638 0
5638 0
5638 0
5638 0
5638 0
5638 0
5638 0
5638 0
5638 0
5638 0
5643 0
5643 2
5643 0
5643 0
5643 0
5643 0
5643 0
5643 0
5643 0
5643 0
5643 0
5643 0
5643 0
5643 0
5643 0
5643 0
5643 0
5643 0
5643 0
5643 0
5643 0
5643 0
5643 0
5643 0
5643 0
5643 0
5643 0
5643 0
5643 0
5643 0
5643 0
5647 0
5647 1
5647 0
5647 0
5647 0
5647 0
5647 0
5647 0
5647 0
5647 0
5647 0
5647 0
5647 0
5647 0
5647 0
5647 0
5647 0
5647 0
5647 0
5647 0
5647 0
5647 0
5647 0
5647 0
5647 0
5647 0
5647 0
5647 0
5647 0
5647 0
5647 0
5654 0
5654 2
5654 0
5654 0
5654 0
5654 0
5654 0
5654 0
5654 0
5654 0
5654 0
5654 0
5654 0
5654 0
5654 0
5654 0
5654 0
5654 0
5654 0
5654 0
5654 0
5654 0
5654 0
5654 0
5654 0
5654 0
5654 0
5654 0
5654 0
5654 0
5654 0
5656 0
5656 1
5656 0
5656 0
5656 0
5656 0
5656 0
5656 0
5656 0
5656 0
5656 0
5656 0
5656 0
5656 0
5656 0
5656 0
5656 0
5656 0
5656 0
5656 0
5656 0
5656 0
5656 0
5656 0
5656 0
5656 0
5656 0
5656 0
5656 0
5656 0
5656 0
5658 0
5658 3
5658 0
5658 0
5658 0
5658 0
5658 0
5658 0
5658 0
5658 0
5658 0
5658 0
5658 0
5658 0
5658 0
5658 0
5658 0
5658 0
5658 0
5658 0
5658 0
5658 0
5658 0
5658 0
5658 0
5658 0
5658 0
5658 0
5658 0
5658 0
5658 0
5661 0
5661 1
5661 0
5661 0
5661 0
5661 0
5661 0
5661 0
5661 0
5661 0
5661 0
5661 0
5661 0
5661 0
5661 0
5661 0
5661 0
5661 0
5661 0
5661 0
5661 0
5661 0
5661 0
5661 0
5661 0
5661 0
5661 0
5661 0
5661 0
5661 0
5661 0
5669 0
5669 1
5669 0
5669 0
5669 0
5669 0
5669 0
5669 0
5669 0
5669 0
5669 0
5669 0
5669 0
5669 0
5669 0
5669 0
5669 0
5669 0
5669 0
5669 0
5669 0
5669 0
5669 0
5669 0
5669 0
5669 0
5669 0
5669 0
5669 0
5669 0
5669 0
5697 0
5697 1
5697 0
5697 0
5697 0
5697 0
5697 0
5697 0
5697 0
5697 0
5697 0
5697 0
5697 0
5697 0
5697 0
5697 0
5697 0
5697 0
5697 0
5697 0
5697 0
5697 0
5697 0
5697 0
5697 0
5697 0
5697 0
5697 0
5697 0
5697 0
5697 0
5699 0
5699 1
5699 0
5699 0
5699 0
5699 0
5699 0
5699 0
5699 0
5699 0
5699 0
5699 0
5699 0
5699 0
5699 0
5699 0
5699 0
5699 0
5699 0
5699 0
5699 0
5699 0
5699 0
5699 0
5699 0
5699 0
5699 0
5699 0
5699 0
5699 0
5699 0
5701 0
5701 1
5701 0
5701 0
5701 0
5701 0
5701 0
5701 0
5701 0
5701 0
5701 0
5701 0
5701 0
5701 0
5701 0
5701 0
5701 0
5701 0
5701 0
5701 0
5701 0
5701 0
5701 0
5701 0
5701 0
5701 0
5701 0
5701 0
5701 0
5701 0
5701 0
5717 0
5717 1
5717 0
5717 0
5717 0
5717 0
5717 0
5717 0
5717 0
5717 0
5717 0
5717 0
5717 0
5717 0
5717 0
5717 0
5717 0
5717 0
5717 0
5717 0
5717 0
5717 0
5717 0
5717 0
5717 0
5717 0
5717 0
5717 0
5717 0
5717 0
5717 0
5723 0
5723 1
5723 0
5723 0
5723 0
5723 0
5723 0
5723 0
5723 0
5723 0
5723 0
5723 0
5723 0
5723 0
5723 0
5723 0
5723 0
5723 0
5723 0
5723 0
5723 0
5723 0
5723 0
5723 0
5723 0
5723 0
5723 0
5723 0
5723 0
5723 0
5723 0
5740 0
5740 1
5740 0
5740 0
5740 0
5740 0
5740 0
5740 0
5740 0
5740 0
5740 0
5740 0
5740 0
5740 0
5740 0
5740 0
5740 0
5740 0
5740 0
5740 0
5740 0
5740 0
5740 0
5740 0
5740 0
5740 0
5740 0
5740 0
5740 0
5740 0
5740 0
5783 0
5783 0
5783 0
5783 0
5783 0
5783 0
5783 0
5783 0
5783 0
5783 0
5783 0
5783 0
5783 0
5783 0
5783 0
5783 0
5783 0
5783 0
5783 0
5783 0
5783 0
5783 0
5783 0
5783 0
5783 0
5783 0
5783 0
5783 0
5783 0
5783 0
5783 0
5822 0
5822 12
5822 0
5822 0
5822 0
5822 0
5822 0
5822 0
5822 0
5822 0
5822 0
5822 0
5822 0
5822 0
5822 0
5822 0
5822 0
5822 0
5822 0
5822 0
5822 0
5822 0
5822 0
5822 0
5822 0
5822 0
5822 0
5822 0
5822 0
5822 0
5822 0
5829 0
5829 2
5829 0
5829 0
5829 0
5829 0
5829 0
5829 0
5829 0
5829 0
5829 0
5829 0
5829 0
5829 0
5829 0
5829 0
5829 0
5829 0
5829 0
5829 0
5829 0
5829 0
5829 0
5829 0
5829 0
5829 0
5829 0
5829 0
5829 0
5829 0
5829 0
5850 0
5850 1
5850 0
5850 0
5850 0
5850 0
5850 0
5850 0
5850 0
5850 0
5850 0
5850 0
5850 0
5850 0
5850 0
5850 0
5850 0
5850 0
5850 0
5850 0
5850 0
5850 0
5850 0
5850 0
5850 0
5850 0
5850 0
5850 0
5850 0
5850 0
5850 0
5857 0
5857 2
5857 0
5857 0
5857 0
5857 0
5857 0
5857 0
5857 0
5857 0
5857 0
5857 0
5857 0
5857 0
5857 0
5857 0
5857 0
5857 0
5857 0
5857 0
5857 0
5857 0
5857 0
5857 0
5857 0
5857 0
5857 0
5857 0
5857 0
5857 0
5857 0
5867 0
5867 1
5867 0
5867 0
5867 0
5867 0
5867 0
5867 0
5867 0
5867 0
5867 0
5867 0
5867 0
5867 0
5867 0
5867 0
5867 0
5867 0
5867 0
5867 0
5867 0
5867 0
5867 0
5867 0
5867 0
5867 0
5867 0
5867 0
5867 0
5867 0
5867 0
5879 0
5879 0
5879 0
5879 0
5879 0
5879 0
5879 0
5879 0
5879 0
5879 0
5879 0
5879 0
5879 0
5879 0
5879 0
5879 0
5879 0
5879 0
5879 0
5879 0
5879 0
5879 0
5879 0
5879 0
5879 0
5879 0
5879 0
5879 0
5879 0
5879 0
5879 0
5887 0
5887 1
5887 0
5887 0
5887 0
5887 0
5887 0
5887 0
5887 0
5887 0
5887 0
5887 0
5887 0
5887 0
5887 0
5887 0
5887 0
5887 0
5887 0
5887 0
5887 0
5887 0
5887 0
5887 0
5887 0
5887 0
5887 0
5887 0
5887 0
5887 0
5887 0
5890 0
5890 1
5890 0
5890 0
5890 0
5890 0
5890 0
5890 0
5890 0
5890 0
5890 0
5890 0
5890 0
5890 0
5890 0
5890 0
5890 0
5890 0
5890 0
5890 0
5890 0
5890 0
5890 0
5890 0
5890 0
5890 0
5890 0
5890 0
5890 0
5890 0
5890 0
5899 0
5899 1
5899 0
5899 0
5899 0
5899 0
5899 0
5899 0
5899 0
5899 0
5899 0
5899 0
5899 0
5899 0
5899 0
5899 0
5899 0
5899 0
5899 0
5899 0
5899 0
5899 0
5899 0
5899 0
5899 0
5899 0
5899 0
5899 0
5899 0
5899 0
5899 0
5900 0
5900 1
5900 0
5900 0
5900 0
5900 0
5900 0
5900 0
5900 0
5900 0
5900 0
5900 0
5900 0
5900 0
5900 0
5900 0
5900 0
5900 0
5900 0
5900 0
5900 0
5900 0
5900 0
5900 0
5900 0
5900 0
5900 0
5900 0
5900 0
5900 0
5900 0
5907 0
5907 2
5907 0
5907 0
5907 0
5907 0
5907 0
5907 0
5907 0
5907 0
5907 0
5907 0
5907 0
5907 0
5907 0
5907 0
5907 0
5907 0
5907 0
5907 0
5907 0
5907 0
5907 0
5907 0
5907 0
5907 0
5907 0
5907 0
5907 0
5907 0
5907 0
5911 0
5911 1
5911 0
5911 0
5911 0
5911 0
5911 0
5911 0
5911 0
5911 0
5911 0
5911 0
5911 0
5911 0
5911 0
5911 0
5911 0
5911 0
5911 0
5911 0
5911 0
5911 0
5911 0
5911 0
5911 0
5911 0
5911 0
5911 0
5911 0
5911 0
5911 0
5920 0
5920 0
5920 0
5920 0
5920 0
5920 0
5920 0
5920 0
5920 0
5920 0
5920 0
5920 0
5920 0
5920 0
5920 0
5920 0
5920 0
5920 0
5920 0
5920 0
5920 0
5920 0
5920 0
5920 0
5920 0
5920 0
5920 0
5920 0
5920 0
5920 0
5920 0
5948 0
5948 1
5948 0
5948 0
5948 0
5948 0
5948 0
5948 0
5948 0
5948 0
5948 0
5948 0
5948 0
5948 0
5948 0
5948 0
5948 0
5948 0
5948 0
5948 0
5948 0
5948 0
5948 0
5948 0
5948 0
5948 0
5948 0
5948 0
5948 0
5948 0
5948 0
5959 0
5959 0
5959 0
5959 0
5959 0
5959 0
5959 0
5959 0
5959 0
5959 0
5959 0
5959 0
5959 0
5959 0
5959 0
5959 0
5959 0
5959 0
5959 0
5959 0
5959 0
5959 0
5959 0
5959 0
5959 0
5959 0
5959 0
5959 0
5959 0
5959 0
5959 0
5968 0
5968 1
5968 0
5968 0
5968 0
5968 0
5968 0
5968 0
5968 0
5968 0
5968 0
5968 0
5968 0
5968 0
5968 0
5968 0
5968 0
5968 0
5968 0
5968 0
5968 0
5968 0
5968 0
5968 0
5968 0
5968 0
5968 0
5968 0
5968 0
5968 0
5968 0
5993 0
5993 80
5993 0
5993 0
5993 0
5993 0
5993 0
5993 0
5993 0
5993 0
5993 0
5993 0
5993 0
5993 0
5993 0
5993 0
5993 0
5993 0
5993 0
5993 0
5993 0
5993 0
5993 0
5993 0
5993 0
5993 0
5993 0
5993 0
5993 0
5993 0
5993 0
5996 0
5996 1
5996 0
5996 0
5996 0
5996 0
5996 0
5996 0
5996 0
5996 0
5996 0
5996 0
5996 0
5996 0
5996 0
5996 0
5996 0
5996 0
5996 0
5996 0
5996 0
5996 0
5996 0
5996 0
5996 0
5996 0
5996 0
5996 0
5996 0
5996 0
5996 0
5998 0
5998 1
5998 0
5998 0
5998 0
5998 0
5998 0
5998 0
5998 0
5998 0
5998 0
5998 0
5998 0
5998 0
5998 0
5998 0
5998 0
5998 0
5998 0
5998 0
5998 0
5998 0
5998 0
5998 0
5998 0
5998 0
5998 0
5998 0
5998 0
5998 0
5998 0
6023 0
6023 0
6023 0
6023 0
6023 0
6023 0
6023 0
6023 0
6023 0
6023 0
6023 0
6023 0
6023 0
6023 0
6023 0
6023 0
6023 0
6023 0
6023 0
6023 0
6023 0
6023 0
6023 0
6023 0
6023 0
6023 0
6023 0
6023 0
6023 0
6023 0
6023 0
6025 0
6025 3
6025 0
6025 0
6025 0
6025 0
6025 0
6025 0
6025 0
6025 0
6025 0
6025 0
6025 0
6025 0
6025 0
6025 0
6025 0
6025 0
6025 0
6025 0
6025 0
6025 0
6025 0
6025 0
6025 0
6025 0
6025 0
6025 0
6025 0
6025 0
6025 0
6034 0
6034 4
6034 0
6034 0
6034 0
6034 0
6034 0
6034 0
6034 0
6034 0
6034 0
6034 0
6034 0
6034 0
6034 0
6034 0
6034 0
6034 0
6034 0
6034 0
6034 0
6034 0
6034 0
6034 0
6034 0
6034 0
6034 0
6034 0
6034 0
6034 0
6034 0
6036 0
6036 1
6036 0
6036 0
6036 0
6036 0
6036 0
6036 0
6036 0
6036 0
6036 0
6036 0
6036 0
6036 0
6036 0
6036 0
6036 0
6036 0
6036 0
6036 0
6036 0
6036 0
6036 0
6036 0
6036 0
6036 0
6036 0
6036 0
6036 0
6036 0
6036 0
6049 0
6049 1
6049 0
6049 0
6049 0
6049 0
6049 0
6049 0
6049 0
6049 0
6049 0
6049 0
6049 0
6049 0
6049 0
6049 0
6049 0
6049 0
6049 0
6049 0
6049 0
6049 0
6049 0
6049 0
6049 0
6049 0
6049 0
6049 0
6049 0
6049 0
6049 0
6050 0
6050 1
6050 0
6050 0
6050 0
6050 0
6050 0
6050 0
6050 0
6050 0
6050 0
6050 0
6050 0
6050 0
6050 0
6050 0
6050 0
6050 0
6050 0
6050 0
6050 0
6050 0
6050 0
6050 0
6050 0
6050 0
6050 0
6050 0
6050 0
6050 0
6050 0
6056 0
6056 0
6056 0
6056 0
6056 0
6056 0
6056 0
6056 0
6056 0
6056 0
6056 0
6056 0
6056 0
6056 0
6056 0
6056 0
6056 0
6056 0
6056 0
6056 0
6056 0
6056 0
6056 0
6056 0
6056 0
6056 0
6056 0
6056 0
6056 0
6056 0
6056 0
6058 0
6058 1
6058 0
6058 0
6058 0
6058 0
6058 0
6058 0
6058 0
6058 0
6058 0
6058 0
6058 0
6058 0
6058 0
6058 0
6058 0
6058 0
6058 0
6058 0
6058 0
6058 0
6058 0
6058 0
6058 0
6058 0
6058 0
6058 0
6058 0
6058 0
6058 0
6062 0
6062 0
6062 0
6062 0
6062 0
6062 0
6062 0
6062 0
6062 0
6062 0
6062 0
6062 0
6062 0
6062 0
6062 0
6062 0
6062 0
6062 0
6062 0
6062 0
6062 0
6062 0
6062 0
6062 0
6062 0
6062 0
6062 0
6062 0
6062 0
6062 0
6062 0
6066 0
6066 0
6066 0
6066 0
6066 0
6066 0
6066 0
6066 0
6066 0
6066 0
6066 0
6066 0
6066 0
6066 0
6066 0
6066 0
6066 0
6066 0
6066 0
6066 0
6066 0
6066 0
6066 0
6066 0
6066 0
6066 0
6066 0
6066 0
6066 0
6066 0
6066 0
6067 0
6067 0
6067 0
6067 0
6067 0
6067 0
6067 0
6067 0
6067 0
6067 0
6067 0
6067 0
6067 0
6067 0
6067 0
6067 0
6067 0
6067 0
6067 0
6067 0
6067 0
6067 0
6067 0
6067 0
6067 0
6067 0
6067 0
6067 0
6067 0
6067 0
6067 0
6071 0
6071 1
6071 0
6071 0
6071 0
6071 0
6071 0
6071 0
6071 0
6071 0
6071 0
6071 0
6071 0
6071 0
6071 0
6071 0
6071 0
6071 0
6071 0
6071 0
6071 0
6071 0
6071 0
6071 0
6071 0
6071 0
6071 0
6071 0
6071 0
6071 0
6071 0
6096 0
6096 545
6096 0
6096 0
6096 0
6096 0
6096 0
6096 0
6096 0
6096 0
6096 0
6096 0
6096 0
6096 0
6096 0
6096 0
6096 0
6096 0
6096 0
6096 0
6096 0
6096 0
6096 0
6096 0
6096 0
6096 0
6096 0
6096 0
6096 0
6096 0
6096 0
6099 0
6099 96
6099 0
6099 0
6099 0
6099 0
6099 0
6099 0
6099 0
6099 0
6099 0
6099 0
6099 0
6099 0
6099 0
6099 0
6099 0
6099 0
6099 0
6099 0
6099 0
6099 0
6099 0
6099 0
6099 0
6099 0
6099 0
6099 0
6099 0
6099 0
6099 0
6101 0
6101 1
6101 0
6101 0
6101 0
6101 0
6101 0
6101 0
6101 0
6101 0
6101 0
6101 0
6101 0
6101 0
6101 0
6101 0
6101 0
6101 0
6101 0
6101 0
6101 0
6101 0
6101 0
6101 0
6101 0
6101 0
6101 0
6101 0
6101 0
6101 0
6101 0
6132 0
6132 0
6132 0
6132 0
6132 0
6132 0
6132 0
6132 0
6132 0
6132 0
6132 0
6132 0
6132 0
6132 0
6132 0
6132 0
6132 0
6132 0
6132 0
6132 0
6132 0
6132 0
6132 0
6132 0
6132 0
6132 0
6132 0
6132 0
6132 0
6132 0
6132 0
6155 0
6155 0
6155 0
6155 0
6155 0
6155 0
6155 0
6155 0
6155 0
6155 0
6155 0
6155 0
6155 0
6155 0
6155 0
6155 0
6155 0
6155 0
6155 0
6155 0
6155 0
6155 0
6155 0
6155 0
6155 0
6155 0
6155 0
6155 0
6155 0
6155 0
6155 0
6157 0
6157 0
6157 0
6157 0
6157 0
6157 0
6157 0
6157 0
6157 0
6157 0
6157 0
6157 0
6157 0
6157 0
6157 0
6157 0
6157 0
6157 0
6157 0
6157 0
6157 0
6157 0
6157 0
6157 0
6157 0
6157 0
6157 0
6157 0
6157 0
6157 0
6157 0
6196 0
6196 0
6196 0
6196 0
6196 0
6196 0
6196 0
6196 0
6196 0
6196 0
6196 0
6196 0
6196 0
6196 0
6196 0
6196 0
6196 0
6196 0
6196 0
6196 0
6196 0
6196 0
6196 0
6196 0
6196 0
6196 0
6196 0
6196 0
6196 0
6196 0
6196 0
6201 0
6201 1
6201 0
6201 0
6201 0
6201 0
6201 0
6201 0
6201 0
6201 0
6201 0
6201 0
6201 0
6201 0
6201 0
6201 0
6201 0
6201 0
6201 0
6201 0
6201 0
6201 0
6201 0
6201 0
6201 0
6201 0
6201 0
6201 0
6201 0
6201 0
6201 0
6207 0
6207 0
6207 0
6207 0
6207 0
6207 0
6207 0
6207 0
6207 0
6207 0
6207 0
6207 0
6207 0
6207 0
6207 0
6207 0
6207 0
6207 0
6207 0
6207 0
6207 0
6207 0
6207 0
6207 0
6207 0
6207 0
6207 0
6207 0
6207 0
6207 0
6207 0
6229 0
6229 0
6229 0
6229 0
6229 0
6229 0
6229 0
6229 0
6229 0
6229 0
6229 0
6229 0
6229 0
6229 0
6229 0
6229 0
6229 0
6229 0
6229 0
6229 0
6229 0
6229 0
6229 0
6229 0
6229 0
6229 0
6229 0
6229 0
6229 0
6229 0
6229 0
6253 0
6253 0
6253 0
6253 0
6253 0
6253 0
6253 0
6253 0
6253 0
6253 0
6253 0
6253 0
6253 0
6253 0
6253 0
6253 0
6253 0
6253 0
6253 0
6253 0
6253 0
6253 0
6253 0
6253 0
6253 0
6253 0
6253 0
6253 0
6253 0
6253 0
6253 0
6296 0
6296 0
6296 0
6296 0
6296 0
6296 0
6296 0
6296 0
6296 0
6296 0
6296 0
6296 0
6296 0
6296 0
6296 0
6296 0
6296 0
6296 0
6296 0
6296 0
6296 0
6296 0
6296 0
6296 0
6296 0
6296 0
6296 0
6296 0
6296 0
6296 0
6296 0
6317 0
6317 0
6317 0
6317 0
6317 0
6317 0
6317 0
6317 0
6317 0
6317 0
6317 0
6317 0
6317 0
6317 0
6317 0
6317 0
6317 0
6317 0
6317 0
6317 0
6317 0
6317 0
6317 0
6317 0
6317 0
6317 0
6317 0
6317 0
6317 0
6317 0
6317 0
6395 0
6395 0
6395 0
6395 0
6395 0
6395 0
6395 0
6395 0
6395 0
6395 0
6395 0
6395 0
6395 0
6395 0
6395 0
6395 0
6395 0
6395 0
6395 0
6395 0
6395 0
6395 0
6395 0
6395 0
6395 0
6395 0
6395 0
6395 0
6395 0
6395 0
6395 0
6496 0
6496 0
6496 0
6496 0
6496 0
6496 0
6496 0
6496 0
6496 0
6496 0
6496 0
6496 0
6496 0
6496 0
6496 0
6496 0
6496 0
6496 0
6496 0
6496 0
6496 0
6496 0
6496 0
6496 0
6496 0
6496 0
6496 0
6496 0
6496 0
6496 0
6496 0
6507 0
6507 0
6507 0
6507 0
6507 0
6507 0
6507 0
6507 0
6507 0
6507 0
6507 0
6507 0
6507 0
6507 0
6507 0
6507 0
6507 0
6507 0
6507 0
6507 0
6507 0
6507 0
6507 0
6507 0
6507 0
6507 0
6507 0
6507 0
6507 0
6507 0
6507 0
6511 0
6511 0
6511 0
6511 0
6511 0
6511 0
6511 0
6511 0
6511 0
6511 0
6511 0
6511 0
6511 0
6511 0
6511 0
6511 0
6511 0
6511 0
6511 0
6511 0
6511 0
6511 0
6511 0
6511 0
6511 0
6511 0
6511 0
6511 0
6511 0
6511 0
6511 0
6547 0
6547 0
6547 0
6547 0
6547 0
6547 0
6547 0
6547 0
6547 0
6547 0
6547 0
6547 0
6547 0
6547 0
6547 0
6547 0
6547 0
6547 0
6547 0
6547 0
6547 0
6547 0
6547 0
6547 0
6547 0
6547 0
6547 0
6547 0
6547 0
6547 0
6547 0
6582 0
6582 0
6582 0
6582 0
6582 0
6582 0
6582 0
6582 0
6582 0
6582 0
6582 0
6582 0
6582 0
6582 0
6582 0
6582 0
6582 0
6582 0
6582 0
6582 0
6582 0
6582 0
6582 0
6582 0
6582 0
6582 0
6582 0
6582 0
6582 0
6582 0
6582 0
6603 0
6603 0
6603 0
6603 0
6603 0
6603 0
6603 0
6603 0
6603 0
6603 0
6603 0
6603 0
6603 0
6603 0
6603 0
6603 0
6603 0
6603 0
6603 0
6603 0
6603 0
6603 0
6603 0
6603 0
6603 0
6603 0
6603 0
6603 0
6603 0
6603 0
6603 0
6621 0
6621 87
6621 0
6621 0
6621 0
6621 0
6621 0
6621 0
6621 0
6621 0
6621 0
6621 0
6621 0
6621 0
6621 0
6621 0
6621 0
6621 0
6621 0
6621 0
6621 0
6621 0
6621 0
6621 0
6621 0
6621 0
6621 0
6621 0
6621 0
6621 0
6621 0
10607 0
10607 0
10607 0
10607 0
10607 0
10607 0
10607 0
10607 0
10607 0
10607 0
10607 0
10607 129
10607 0
10607 0
10607 0
10607 0
10607 0
10607 0
10607 0
10607 0
10607 0
10607 0
10607 0
10607 0
10607 0
10607 0
10607 0
10607 0
10607 0
10607 0
10607 0
10609 0
10609 0
10609 0
10609 0
10609 0
10609 0
10609 0
10609 0
10609 0
10609 0
10609 0
10609 271
10609 0
10609 0
10609 0
10609 0
10609 0
10609 0
10609 0
10609 0
10609 0
10609 0
10609 0
10609 0
10609 0
10609 0
10609 0
10609 0
10609 0
10609 0
10609 0
10867 0
10867 0
10867 0
10867 0
10867 0
10867 0
10867 0
10867 0
10867 0
10867 0
10867 0
10867 1097
10867 0
10867 0
10867 0
10867 0
10867 0
10867 0
10867 0
10867 0
10867 0
10867 0
10867 0
10867 0
10867 0
10867 0
10867 0
10867 0
10867 0
10867 0
10867 0
10868 0
10868 0
10868 0
10868 0
10868 0
10868 0
10868 0
10868 0
10868 0
10868 0
10868 0
10868 271
10868 0
10868 0
10868 0
10868 0
10868 0
10868 0
10868 0
10868 0
10868 0
10868 0
10868 0
10868 0
10868 0
10868 0
10868 0
10868 0
10868 0
10868 0
10868 0
10873 0
10873 0
10873 0
10873 0
10873 0
10873 0
10873 0
10873 0
10873 0
10873 0
10873 0
10873 346
10873 0
10873 0
10873 0
10873 0
10873 0
10873 0
10873 0
10873 0
10873 0
10873 0
10873 0
10873 0
10873 0
10873 0
10873 0
10873 0
10873 0
10873 0
10873 0
10916 0
10916 0
10916 0
10916 0
10916 0
10916 0
10916 0
10916 0
10916 0
10916 0
10916 0
10916 129
10916 0
10916 0
10916 0
10916 0
10916 0
10916 0
10916 0
10916 0
10916 0
10916 0
10916 0
10916 0
10916 0
10916 0
10916 0
10916 0
10916 0
10916 0
10916 0
10922 0
10922 0
10922 0
10922 0
10922 0
10922 0
10922 0
10922 0
10922 0
10922 0
10922 0
10922 129
10922 0
10922 0
10922 0
10922 0
10922 0
10922 0
10922 0
10922 0
10922 0
10922 0
10922 0
10922 0
10922 0
10922 0
10922 0
10922 0
10922 0
10922 0
10922 0
10930 0
10930 0
10930 0
10930 0
10930 0
10930 0
10930 0
10930 0
10930 0
10930 0
10930 0
10930 620
10930 0
10930 0
10930 0
10930 0
10930 0
10930 0
10930 0
10930 0
10930 0
10930 0
10930 0
10930 0
10930 0
10930 0
10930 0
10930 0
10930 0
10930 0
10930 0
10936 0
10936 0
10936 0
10936 0
10936 0
10936 0
10936 0
10936 0
10936 0
10936 0
10936 0
10936 129
10936 0
10936 0
10936 0
10936 0
10936 0
10936 0
10936 0
10936 0
10936 0
10936 0
10936 0
10936 0
10936 0
10936 0
10936 0
10936 0
10936 0
10936 0
10936 0
10941 0
10941 0
10941 0
10941 0
10941 0
10941 0
10941 0
10941 0
10941 0
10941 0
10941 0
10941 125
10941 0
10941 0
10941 0
10941 0
10941 0
10941 0
10941 0
10941 0
10941 0
10941 0
10941 0
10941 0
10941 0
10941 0
10941 0
10941 0
10941 0
10941 0
10941 0
10945 0
10945 0
10945 0
10945 0
10945 0
10945 0
10945 0
10945 0
10945 0
10945 0
10945 0
10945 125
10945 0
10945 0
10945 0
10945 0
10945 0
10945 0
10945 0
10945 0
10945 0
10945 0
10945 0
10945 0
10945 0
10945 0
10945 0
10945 0
10945 0
10945 0
10945 0
10948 0
10948 0
10948 0
10948 0
10948 0
10948 0
10948 0
10948 0
10948 0
10948 0
10948 0
10948 129
10948 0
10948 0
10948 0
10948 0
10948 0
10948 0
10948 0
10948 0
10948 0
10948 0
10948 0
10948 0
10948 0
10948 0
10948 0
10948 0
10948 0
10948 0
10948 0
10953 0
10953 0
10953 0
10953 0
10953 0
10953 0
10953 0
10953 0
10953 0
10953 0
10953 0
10953 1024
10953 0
10953 0
10953 0
10953 0
10953 0
10953 0
10953 0
10953 0
10953 0
10953 0
10953 0
10953 0
10953 0
10953 0
10953 0
10953 0
10953 0
10953 0
10953 0
10959 0
10959 0
10959 0
10959 0
10959 0
10959 0
10959 0
10959 0
10959 0
10959 0
10959 0
10959 1568
10959 0
10959 0
10959 0
10959 0
10959 0
10959 0
10959 0
10959 0
10959 0
10959 0
10959 0
10959 0
10959 0
10959 0
10959 0
10959 0
10959 0
10959 0
10959 0
10961 0
10961 0
10961 0
10961 0
10961 0
10961 0
10961 0
10961 0
10961 0
10961 0
10961 0
10961 129
10961 0
10961 0
10961 0
10961 0
10961 0
10961 0
10961 0
10961 0
10961 0
10961 0
10961 0
10961 0
10961 0
10961 0
10961 0
10961 0
10961 0
10961 0
10961 0
10962 0
10962 0
10962 0
10962 0
10962 0
10962 0
10962 0
10962 0
10962 0
10962 0
10962 0
10962 1172
10962 0
10962 0
10962 0
10962 0
10962 0
10962 0
10962 0
10962 0
10962 0
10962 0
10962 0
10962 0
10962 0
10962 0
10962 0
10962 0
10962 0
10962 0
10962 0
10968 0
10968 0
10968 0
10968 0
10968 0
10968 0
10968 0
10968 0
10968 0
10968 0
10968 0
10968 915
10968 0
10968 0
10968 0
10968 0
10968 0
10968 0
10968 0
10968 0
10968 0
10968 0
10968 0
10968 0
10968 0
10968 0
10968 0
10968 0
10968 0
10968 0
10968 0
10986 0
10986 0
10986 0
10986 0
10986 0
10986 0
10986 0
10986 0
10986 0
10986 0
10986 0
10986 542
10986 0
10986 0
10986 0
10986 0
10986 0
10986 0
10986 0
10986 0
10986 0
10986 0
10986 0
10986 0
10986 0
10986 0
10986 0
10986 0
10986 0
10986 0
10986 0
10988 0
10988 0
10988 0
10988 0
10988 0
10988 0
10988 0
10988 0
10988 0
10988 0
10988 0
10988 315
10988 0
10988 0
10988 0
10988 0
10988 0
10988 0
10988 0
10988 0
10988 0
10988 0
10988 0
10988 0
10988 0
10988 0
10988 0
10988 0
10988 0
10988 0
10988 0
10993 0
10993 0
10993 0
10993 0
10993 0
10993 0
10993 0
10993 0
10993 0
10993 0
10993 0
10993 657
10993 0
10993 0
10993 0
10993 0
10993 0
10993 0
10993 0
10993 0
10993 0
10993 0
10993 0
10993 0
10993 0
10993 0
10993 0
10993 0
10993 0
10993 0
10993 0
11008 0
11008 0
11008 0
11008 0
11008 0
11008 0
11008 0
11008 0
11008 0
11008 0
11008 0
11008 471
11008 0
11008 0
11008 0
11008 0
11008 0
11008 0
11008 0
11008 0
11008 0
11008 0
11008 0
11008 0
11008 0
11008 0
11008 0
11008 0
11008 0
11008 0
11008 0
11037 0
11037 0
11037 0
11037 0
11037 0
11037 0
11037 0
11037 0
11037 0
11037 0
11037 0
11037 125
11037 0
11037 0
11037 0
11037 0
11037 0
11037 0
11037 0
11037 0
11037 0
11037 0
11037 0
11037 0
11037 0
11037 0
11037 0
11037 0
11037 0
11037 0
11037 0
11045 0
11045 0
11045 0
11045 0
11045 0
11045 0
11045 0
11045 0
11045 0
11045 0
11045 0
11045 2109
11045 0
11045 0
11045 0
11045 0
11045 0
11045 0
11045 0
11045 0
11045 0
11045 0
11045 0
11045 0
11045 0
11045 0
11045 0
11045 0
11045 0
11045 0
11045 0
11051 0
11051 0
11051 0
11051 0
11051 0
11051 0
11051 0
11051 0
11051 0
11051 0
11051 0
11051 1644
11051 0
11051 0
11051 0
11051 0
11051 0
11051 0
11051 0
11051 0
11051 0
11051 0
11051 0
11051 0
11051 0
11051 0
11051 0
11051 0
11051 0
11051 0
11051 0
11056 0
11056 0
11056 0
11056 0
11056 0
11056 0
11056 0
11056 0
11056 0
11056 0
11056 0
11056 1254
11056 0
11056 0
11056 0
11056 0
11056 0
11056 0
11056 0
11056 0
11056 0
11056 0
11056 0
11056 0
11056 0
11056 0
11056 0
11056 0
11056 0
11056 0
11056 0
