pt_graph cpue_kghour
5536 0
5536 13
5536 0
5536 0
5536 0
5536 0
5536 0
5536 0
5536 0
5536 0
5536 0
5536 0
5536 0
5536 0
5536 0
5536 0
5536 0
5536 0
5536 0
5536 0
5536 0
5536 0
5536 0
5536 0
5536 0
5536 0
5536 0
5536 0
5536 0
5536 0
5536 0
5562 0
5562 14
5562 0
5562 0
5562 0
5562 0
5562 0
5562 0
5562 0
5562 0
5562 0
5562 0
5562 0
5562 0
5562 0
5562 0
5562 0
5562 0
5562 0
5562 0
5562 0
5562 0
5562 0
5562 0
5562 0
5562 0
5562 0
5562 0
5562 0
5562 0
5562 0
5579 0
5579 13
5579 0
5579 0
5579 0
5579 0
5579 0
5579 0
5579 0
5579 0
5579 0
5579 0
5579 0
5579 0
5579 0
5579 0
5579 0
5579 0
5579 0
5579 0
5579 0
5579 0
5579 0
5579 0
5579 0
5579 0
5579 0
5579 0
5579 0
5579 0
5579 0
5596 0
5596 13
5596 0
5596 0
5596 0
5596 0
5596 0
5596 0
5596 0
5596 0
5596 0
5596 0
5596 0
5596 0
5596 0
5596 0
5596 0
5596 0
5596 0
5596 0
5596 0
5596 0
5596 0
5596 0
5596 0
5596 0
5596 0
5596 0
5596 0
5596 0
5596 0
5611 0
5611 10
5611 0
5611 0
5611 0
5611 0
5611 0
5611 0
5611 0
5611 0
5611 0
5611 0
5611 0
5611 0
5611 0
5611 0
5611 0
5611 0
5611 0
5611 0
5611 0
5611 0
5611 0
5611 0
5611 0
5611 0
5611 0
5611 0
5611 0
5611 0
5611 0
5623 0
5623 10
5623 0
5623 0
5623 0
5623 0
5623 0
5623 0
5623 0
5623 0
5623 0
5623 0
5623 0
5623 0
5623 0
5623 0
5623 0
5623 0
5623 0
5623 0
5623 0
5623 0
5623 0
5623 0
5623 0
5623 0
5623 0
5623 0
5623 0
5623 0
5623 0
5624 0
5624 11
5624 0
5624 0
5624 0
5624 0
5624 0
5624 0
5624 0
5624 0
5624 0
5624 0
5624 0
5624 0
5624 0
5624 0
5624 0
5624 0
5624 0
5624 0
5624 0
5624 0
5624 0
5624 0
5624 0
5624 0
5624 0
5624 0
5624 0
5624 0
5624 0
5636 0
5636 9
5636 0
5636 0
5636 0
5636 0
5636 0
5636 0
5636 0
5636 0
5636 0
5636 0
5636 0
5636 0
5636 0
5636 0
5636 0
5636 0
5636 0
5636 0
5636 0
5636 0
5636 0
5636 0
5636 0
5636 0
5636 0
5636 0
5636 0
5636 0
5636 0
5654 0
5654 11
5654 0
5654 0
5654 0
5654 0
5654 0
5654 0
5654 0
5654 0
5654 0
5654 0
5654 0
5654 0
5654 0
5654 0
5654 0
5654 0
5654 0
5654 0
5654 0
5654 0
5654 0
5654 0
5654 0
5654 0
5654 0
5654 0
5654 0
5654 0
5654 0
5680 0
5680 10
5680 0
5680 0
5680 0
5680 0
5680 0
5680 0
5680 0
5680 0
5680 0
5680 0
5680 0
5680 0
5680 0
5680 0
5680 0
5680 0
5680 0
5680 0
5680 0
5680 0
5680 0
5680 0
5680 0
5680 0
5680 0
5680 0
5680 0
5680 0
5680 0
5689 0
5689 10
5689 0
5689 0
5689 0
5689 0
5689 0
5689 0
5689 0
5689 0
5689 0
5689 0
5689 0
5689 0
5689 0
5689 0
5689 0
5689 0
5689 0
5689 0
5689 0
5689 0
5689 0
5689 0
5689 0
5689 0
5689 0
5689 0
5689 0
5689 0
5689 0
5697 0
5697 9
5697 0
5697 0
5697 0
5697 0
5697 0
5697 0
5697 0
5697 0
5697 0
5697 0
5697 0
5697 0
5697 0
5697 0
5697 0
5697 0
5697 0
5697 0
5697 0
5697 0
5697 0
5697 0
5697 0
5697 0
5697 0
5697 0
5697 0
5697 0
5697 0
5710 0
5710 13
5710 0
5710 0
5710 0
5710 0
5710 0
5710 0
5710 0
5710 0
5710 0
5710 0
5710 0
5710 0
5710 0
5710 0
5710 0
5710 0
5710 0
5710 0
5710 0
5710 0
5710 0
5710 0
5710 0
5710 0
5710 0
5710 0
5710 0
5710 0
5710 0
5719 0
5719 10
5719 0
5719 0
5719 0
5719 0
5719 0
5719 0
5719 0
5719 0
5719 0
5719 0
5719 0
5719 0
5719 0
5719 0
5719 0
5719 0
5719 0
5719 0
5719 0
5719 0
5719 0
5719 0
5719 0
5719 0
5719 0
5719 0
5719 0
5719 0
5719 0
5741 0
5741 12
5741 0
5741 0
5741 0
5741 0
5741 0
5741 0
5741 0
5741 0
5741 0
5741 0
5741 0
5741 0
5741 0
5741 0
5741 0
5741 0
5741 0
5741 0
5741 0
5741 0
5741 0
5741 0
5741 0
5741 0
5741 0
5741 0
5741 0
5741 0
5741 0
5744 0
5744 11
5744 0
5744 0
5744 0
5744 0
5744 0
5744 0
5744 0
5744 0
5744 0
5744 0
5744 0
5744 0
5744 0
5744 0
5744 0
5744 0
5744 0
5744 0
5744 0
5744 0
5744 0
5744 0
5744 0
5744 0
5744 0
5744 0
5744 0
5744 0
5744 0
5770 0
5770 13
5770 0
5770 0
5770 0
5770 0
5770 0
5770 0
5770 0
5770 0
5770 0
5770 0
5770 0
5770 0
5770 0
5770 0
5770 0
5770 0
5770 0
5770 0
5770 0
5770 0
5770 0
5770 0
5770 0
5770 0
5770 0
5770 0
5770 0
5770 0
5770 0
5829 0
5829 11
5829 0
5829 0
5829 0
5829 0
5829 0
5829 0
5829 0
5829 0
5829 0
5829 0
5829 0
5829 0
5829 0
5829 0
5829 0
5829 0
5829 0
5829 0
5829 0
5829 0
5829 0
5829 0
5829 0
5829 0
5829 0
5829 0
5829 0
5829 0
5829 0
5859 0
5859 10
5859 0
5859 0
5859 0
5859 0
5859 0
5859 0
5859 0
5859 0
5859 0
5859 0
5859 0
5859 0
5859 0
5859 0
5859 0
5859 0
5859 0
5859 0
5859 0
5859 0
5859 0
5859 0
5859 0
5859 0
5859 0
5859 0
5859 0
5859 0
5859 0
5870 0
5870 14
5870 0
5870 0
5870 0
5870 0
5870 0
5870 0
5870 0
5870 0
5870 0
5870 0
5870 0
5870 0
5870 0
5870 0
5870 0
5870 0
5870 0
5870 0
5870 0
5870 0
5870 0
5870 0
5870 0
5870 0
5870 0
5870 0
5870 0
5870 0
5870 0
5879 0
5879 8
5879 0
5879 0
5879 0
5879 0
5879 0
5879 0
5879 0
5879 0
5879 0
5879 0
5879 0
5879 0
5879 0
5879 0
5879 0
5879 0
5879 0
5879 0
5879 0
5879 0
5879 0
5879 0
5879 0
5879 0
5879 0
5879 0
5879 0
5879 0
5879 0
5890 0
5890 13
5890 0
5890 0
5890 0
5890 0
5890 0
5890 0
5890 0
5890 0
5890 0
5890 0
5890 0
5890 0
5890 0
5890 0
5890 0
5890 0
5890 0
5890 0
5890 0
5890 0
5890 0
5890 0
5890 0
5890 0
5890 0
5890 0
5890 0
5890 0
5890 0
5899 0
5899 10
5899 0
5899 0
5899 0
5899 0
5899 0
5899 0
5899 0
5899 0
5899 0
5899 0
5899 0
5899 0
5899 0
5899 0
5899 0
5899 0
5899 0
5899 0
5899 0
5899 0
5899 0
5899 0
5899 0
5899 0
5899 0
5899 0
5899 0
5899 0
5899 0
5907 0
5907 11
5907 0
5907 0
5907 0
5907 0
5907 0
5907 0
5907 0
5907 0
5907 0
5907 0
5907 0
5907 0
5907 0
5907 0
5907 0
5907 0
5907 0
5907 0
5907 0
5907 0
5907 0
5907 0
5907 0
5907 0
5907 0
5907 0
5907 0
5907 0
5907 0
5911 0
5911 8
5911 0
5911 0
5911 0
5911 0
5911 0
5911 0
5911 0
5911 0
5911 0
5911 0
5911 0
5911 0
5911 0
5911 0
5911 0
5911 0
5911 0
5911 0
5911 0
5911 0
5911 0
5911 0
5911 0
5911 0
5911 0
5911 0
5911 0
5911 0
5911 0
5919 0
5919 11
5919 0
5919 0
5919 0
5919 0
5919 0
5919 0
5919 0
5919 0
5919 0
5919 0
5919 0
5919 0
5919 0
5919 0
5919 0
5919 0
5919 0
5919 0
5919 0
5919 0
5919 0
5919 0
5919 0
5919 0
5919 0
5919 0
5919 0
5919 0
5919 0
5959 0
5959 11
5959 0
5959 0
5959 0
5959 0
5959 0
5959 0
5959 0
5959 0
5959 0
5959 0
5959 0
5959 0
5959 0
5959 0
5959 0
5959 0
5959 0
5959 0
5959 0
5959 0
5959 0
5959 0
5959 0
5959 0
5959 0
5959 0
5959 0
5959 0
5959 0
5971 0
5971 2
5971 0
5971 0
5971 0
5971 0
5971 0
5971 0
5971 0
5971 0
5971 0
5971 0
5971 0
5971 0
5971 0
5971 0
5971 0
5971 0
5971 0
5971 0
5971 0
5971 0
5971 0
5971 0
5971 0
5971 0
5971 0
5971 0
5971 0
5971 0
5971 0
5973 0
5973 10
5973 0
5973 0
5973 0
5973 0
5973 0
5973 0
5973 0
5973 0
5973 0
5973 0
5973 0
5973 0
5973 0
5973 0
5973 0
5973 0
5973 0
5973 0
5973 0
5973 0
5973 0
5973 0
5973 0
5973 0
5973 0
5973 0
5973 0
5973 0
5973 0
5977 0
5977 12
5977 0
5977 0
5977 0
5977 0
5977 0
5977 0
5977 0
5977 0
5977 0
5977 0
5977 0
5977 0
5977 0
5977 0
5977 0
5977 0
5977 0
5977 0
5977 0
5977 0
5977 0
5977 0
5977 0
5977 0
5977 0
5977 0
5977 0
5977 0
5977 0
5981 0
5981 16
5981 0
5981 0
5981 0
5981 0
5981 0
5981 0
5981 0
5981 0
5981 0
5981 0
5981 0
5981 0
5981 0
5981 0
5981 0
5981 0
5981 0
5981 0
5981 0
5981 0
5981 0
5981 0
5981 0
5981 0
5981 0
5981 0
5981 0
5981 0
5981 0
5996 0
5996 10
5996 0
5996 0
5996 0
5996 0
5996 0
5996 0
5996 0
5996 0
5996 0
5996 0
5996 0
5996 0
5996 0
5996 0
5996 0
5996 0
5996 0
5996 0
5996 0
5996 0
5996 0
5996 0
5996 0
5996 0
5996 0
5996 0
5996 0
5996 0
5996 0
5998 0
5998 10
5998 0
5998 0
5998 0
5998 0
5998 0
5998 0
5998 0
5998 0
5998 0
5998 0
5998 0
5998 0
5998 0
5998 0
5998 0
5998 0
5998 0
5998 0
5998 0
5998 0
5998 0
5998 0
5998 0
5998 0
5998 0
5998 0
5998 0
5998 0
5998 0
6002 0
6002 11
6002 0
6002 0
6002 0
6002 0
6002 0
6002 0
6002 0
6002 0
6002 0
6002 0
6002 0
6002 0
6002 0
6002 0
6002 0
6002 0
6002 0
6002 0
6002 0
6002 0
6002 0
6002 0
6002 0
6002 0
6002 0
6002 0
6002 0
6002 0
6002 0
6025 0
6025 11
6025 0
6025 0
6025 0
6025 0
6025 0
6025 0
6025 0
6025 0
6025 0
6025 0
6025 0
6025 0
6025 0
6025 0
6025 0
6025 0
6025 0
6025 0
6025 0
6025 0
6025 0
6025 0
6025 0
6025 0
6025 0
6025 0
6025 0
6025 0
6025 0
6030 0
6030 14
6030 0
6030 0
6030 0
6030 0
6030 0
6030 0
6030 0
6030 0
6030 0
6030 0
6030 0
6030 0
6030 0
6030 0
6030 0
6030 0
6030 0
6030 0
6030 0
6030 0
6030 0
6030 0
6030 0
6030 0
6030 0
6030 0
6030 0
6030 0
6030 0
6032 0
6032 10
6032 0
6032 0
6032 0
6032 0
6032 0
6032 0
6032 0
6032 0
6032 0
6032 0
6032 0
6032 0
6032 0
6032 0
6032 0
6032 0
6032 0
6032 0
6032 0
6032 0
6032 0
6032 0
6032 0
6032 0
6032 0
6032 0
6032 0
6032 0
6032 0
6036 0
6036 14
6036 0
6036 0
6036 0
6036 0
6036 0
6036 0
6036 0
6036 0
6036 0
6036 0
6036 0
6036 0
6036 0
6036 0
6036 0
6036 0
6036 0
6036 0
6036 0
6036 0
6036 0
6036 0
6036 0
6036 0
6036 0
6036 0
6036 0
6036 0
6036 0
6038 0
6038 12
6038 0
6038 0
6038 0
6038 0
6038 0
6038 0
6038 0
6038 0
6038 0
6038 0
6038 0
6038 0
6038 0
6038 0
6038 0
6038 0
6038 0
6038 0
6038 0
6038 0
6038 0
6038 0
6038 0
6038 0
6038 0
6038 0
6038 0
6038 0
6038 0
6046 0
6046 11
6046 0
6046 0
6046 0
6046 0
6046 0
6046 0
6046 0
6046 0
6046 0
6046 0
6046 0
6046 0
6046 0
6046 0
6046 0
6046 0
6046 0
6046 0
6046 0
6046 0
6046 0
6046 0
6046 0
6046 0
6046 0
6046 0
6046 0
6046 0
6046 0
6050 0
6050 10
6050 0
6050 0
6050 0
6050 0
6050 0
6050 0
6050 0
6050 0
6050 0
6050 0
6050 0
6050 0
6050 0
6050 0
6050 0
6050 0
6050 0
6050 0
6050 0
6050 0
6050 0
6050 0
6050 0
6050 0
6050 0
6050 0
6050 0
6050 0
6050 0
6062 0
6062 12
6062 0
6062 0
6062 0
6062 0
6062 0
6062 0
6062 0
6062 0
6062 0
6062 0
6062 0
6062 0
6062 0
6062 0
6062 0
6062 0
6062 0
6062 0
6062 0
6062 0
6062 0
6062 0
6062 0
6062 0
6062 0
6062 0
6062 0
6062 0
6062 0
6066 0
6066 20
6066 0
6066 0
6066 0
6066 0
6066 0
6066 0
6066 0
6066 0
6066 0
6066 0
6066 0
6066 0
6066 0
6066 0
6066 0
6066 0
6066 0
6066 0
6066 0
6066 0
6066 0
6066 0
6066 0
6066 0
6066 0
6066 0
6066 0
6066 0
6066 0
6067 0
6067 12
6067 0
6067 0
6067 0
6067 0
6067 0
6067 0
6067 0
6067 0
6067 0
6067 0
6067 0
6067 0
6067 0
6067 0
6067 0
6067 0
6067 0
6067 0
6067 0
6067 0
6067 0
6067 0
6067 0
6067 0
6067 0
6067 0
6067 0
6067 0
6067 0
6086 0
6086 12
6086 0
6086 0
6086 0
6086 0
6086 0
6086 0
6086 0
6086 0
6086 0
6086 0
6086 0
6086 0
6086 0
6086 0
6086 0
6086 0
6086 0
6086 0
6086 0
6086 0
6086 0
6086 0
6086 0
6086 0
6086 0
6086 0
6086 0
6086 0
6086 0
6087 0
6087 11
6087 0
6087 0
6087 0
6087 0
6087 0
6087 0
6087 0
6087 0
6087 0
6087 0
6087 0
6087 0
6087 0
6087 0
6087 0
6087 0
6087 0
6087 0
6087 0
6087 0
6087 0
6087 0
6087 0
6087 0
6087 0
6087 0
6087 0
6087 0
6087 0
6088 0
6088 6
6088 0
6088 0
6088 0
6088 0
6088 0
6088 0
6088 0
6088 0
6088 0
6088 0
6088 0
6088 0
6088 0
6088 0
6088 0
6088 0
6088 0
6088 0
6088 0
6088 0
6088 0
6088 0
6088 0
6088 0
6088 0
6088 0
6088 0
6088 0
6088 0
6093 0
6093 12
6093 0
6093 0
6093 0
6093 0
6093 0
6093 0
6093 0
6093 0
6093 0
6093 0
6093 0
6093 0
6093 0
6093 0
6093 0
6093 0
6093 0
6093 0
6093 0
6093 0
6093 0
6093 0
6093 0
6093 0
6093 0
6093 0
6093 0
6093 0
6093 0
6109 0
6109 13
6109 0
6109 0
6109 0
6109 0
6109 0
6109 0
6109 0
6109 0
6109 0
6109 0
6109 0
6109 0
6109 0
6109 0
6109 0
6109 0
6109 0
6109 0
6109 0
6109 0
6109 0
6109 0
6109 0
6109 0
6109 0
6109 0
6109 0
6109 0
6109 0
6112 0
6112 13
6112 0
6112 0
6112 0
6112 0
6112 0
6112 0
6112 0
6112 0
6112 0
6112 0
6112 0
6112 0
6112 0
6112 0
6112 0
6112 0
6112 0
6112 0
6112 0
6112 0
6112 0
6112 0
6112 0
6112 0
6112 0
6112 0
6112 0
6112 0
6112 0
6127 0
6127 15
6127 0
6127 0
6127 0
6127 0
6127 0
6127 0
6127 0
6127 0
6127 0
6127 0
6127 0
6127 0
6127 0
6127 0
6127 0
6127 0
6127 0
6127 0
6127 0
6127 0
6127 0
6127 0
6127 0
6127 0
6127 0
6127 0
6127 0
6127 0
6127 0
6130 0
6130 14
6130 0
6130 0
6130 0
6130 0
6130 0
6130 0
6130 0
6130 0
6130 0
6130 0
6130 0
6130 0
6130 0
6130 0
6130 0
6130 0
6130 0
6130 0
6130 0
6130 0
6130 0
6130 0
6130 0
6130 0
6130 0
6130 0
6130 0
6130 0
6130 0
6142 0
6142 9
6142 0
6142 0
6142 0
6142 0
6142 0
6142 0
6142 0
6142 0
6142 0
6142 0
6142 0
6142 0
6142 0
6142 0
6142 0
6142 0
6142 0
6142 0
6142 0
6142 0
6142 0
6142 0
6142 0
6142 0
6142 0
6142 0
6142 0
6142 0
6142 0
6143 0
6143 12
6143 0
6143 0
6143 0
6143 0
6143 0
6143 0
6143 0
6143 0
6143 0
6143 0
6143 0
6143 0
6143 0
6143 0
6143 0
6143 0
6143 0
6143 0
6143 0
6143 0
6143 0
6143 0
6143 0
6143 0
6143 0
6143 0
6143 0
6143 0
6143 0
6153 0
6153 17
6153 0
6153 0
6153 0
6153 0
6153 0
6153 0
6153 0
6153 0
6153 0
6153 0
6153 0
6153 0
6153 0
6153 0
6153 0
6153 0
6153 0
6153 0
6153 0
6153 0
6153 0
6153 0
6153 0
6153 0
6153 0
6153 0
6153 0
6153 0
6153 0
6156 0
6156 12
6156 0
6156 0
6156 0
6156 0
6156 0
6156 0
6156 0
6156 0
6156 0
6156 0
6156 0
6156 0
6156 0
6156 0
6156 0
6156 0
6156 0
6156 0
6156 0
6156 0
6156 0
6156 0
6156 0
6156 0
6156 0
6156 0
6156 0
6156 0
6156 0
6160 0
6160 11
6160 0
6160 0
6160 0
6160 0
6160 0
6160 0
6160 0
6160 0
6160 0
6160 0
6160 0
6160 0
6160 0
6160 0
6160 0
6160 0
6160 0
6160 0
6160 0
6160 0
6160 0
6160 0
6160 0
6160 0
6160 0
6160 0
6160 0
6160 0
6160 0
6185 0
6185 17
6185 0
6185 0
6185 0
6185 0
6185 0
6185 0
6185 0
6185 0
6185 0
6185 0
6185 0
6185 0
6185 0
6185 0
6185 0
6185 0
6185 0
6185 0
6185 0
6185 0
6185 0
6185 0
6185 0
6185 0
6185 0
6185 0
6185 0
6185 0
6185 0
6200 0
6200 16
6200 0
6200 0
6200 0
6200 0
6200 0
6200 0
6200 0
6200 0
6200 0
6200 0
6200 0
6200 0
6200 0
6200 0
6200 0
6200 0
6200 0
6200 0
6200 0
6200 0
6200 0
6200 0
6200 0
6200 0
6200 0
6200 0
6200 0
6200 0
6200 0
6213 0
6213 18
6213 0
6213 0
6213 0
6213 0
6213 0
6213 0
6213 0
6213 0
6213 0
6213 0
6213 0
6213 0
6213 0
6213 0
6213 0
6213 0
6213 0
6213 0
6213 0
6213 0
6213 0
6213 0
6213 0
6213 0
6213 0
6213 0
6213 0
6213 0
6213 0
6243 0
6243 15
6243 0
6243 0
6243 0
6243 0
6243 0
6243 0
6243 0
6243 0
6243 0
6243 0
6243 0
6243 0
6243 0
6243 0
6243 0
6243 0
6243 0
6243 0
6243 0
6243 0
6243 0
6243 0
6243 0
6243 0
6243 0
6243 0
6243 0
6243 0
6243 0
6267 0
6267 8
6267 0
6267 0
6267 0
6267 0
6267 0
6267 0
6267 0
6267 0
6267 0
6267 0
6267 0
6267 0
6267 0
6267 0
6267 0
6267 0
6267 0
6267 0
6267 0
6267 0
6267 0
6267 0
6267 0
6267 0
6267 0
6267 0
6267 0
6267 0
6267 0
6268 0
6268 10
6268 0
6268 0
6268 0
6268 0
6268 0
6268 0
6268 0
6268 0
6268 0
6268 0
6268 0
6268 0
6268 0
6268 0
6268 0
6268 0
6268 0
6268 0
6268 0
6268 0
6268 0
6268 0
6268 0
6268 0
6268 0
6268 0
6268 0
6268 0
6268 0
6271 0
6271 20
6271 0
6271 0
6271 0
6271 0
6271 0
6271 0
6271 0
6271 0
6271 0
6271 0
6271 0
6271 0
6271 0
6271 0
6271 0
6271 0
6271 0
6271 0
6271 0
6271 0
6271 0
6271 0
6271 0
6271 0
6271 0
6271 0
6271 0
6271 0
6271 0
6272 0
6272 5
6272 0
6272 0
6272 0
6272 0
6272 0
6272 0
6272 0
6272 0
6272 0
6272 0
6272 0
6272 0
6272 0
6272 0
6272 0
6272 0
6272 0
6272 0
6272 0
6272 0
6272 0
6272 0
6272 0
6272 0
6272 0
6272 0
6272 0
6272 0
6272 0
6273 0
6273 22
6273 0
6273 0
6273 0
6273 0
6273 0
6273 0
6273 0
6273 0
6273 0
6273 0
6273 0
6273 0
6273 0
6273 0
6273 0
6273 0
6273 0
6273 0
6273 0
6273 0
6273 0
6273 0
6273 0
6273 0
6273 0
6273 0
6273 0
6273 0
6273 0
6284 0
6284 4
6284 0
6284 0
6284 0
6284 0
6284 0
6284 0
6284 0
6284 0
6284 0
6284 0
6284 0
6284 0
6284 0
6284 0
6284 0
6284 0
6284 0
6284 0
6284 0
6284 0
6284 0
6284 0
6284 0
6284 0
6284 0
6284 0
6284 0
6284 0
6284 0
6285 0
6285 12
6285 0
6285 0
6285 0
6285 0
6285 0
6285 0
6285 0
6285 0
6285 0
6285 0
6285 0
6285 0
6285 0
6285 0
6285 0
6285 0
6285 0
6285 0
6285 0
6285 0
6285 0
6285 0
6285 0
6285 0
6285 0
6285 0
6285 0
6285 0
6285 0
6309 0
6309 12
6309 0
6309 0
6309 0
6309 0
6309 0
6309 0
6309 0
6309 0
6309 0
6309 0
6309 0
6309 0
6309 0
6309 0
6309 0
6309 0
6309 0
6309 0
6309 0
6309 0
6309 0
6309 0
6309 0
6309 0
6309 0
6309 0
6309 0
6309 0
6309 0
6312 0
6312 14
6312 0
6312 0
6312 0
6312 0
6312 0
6312 0
6312 0
6312 0
6312 0
6312 0
6312 0
6312 0
6312 0
6312 0
6312 0
6312 0
6312 0
6312 0
6312 0
6312 0
6312 0
6312 0
6312 0
6312 0
6312 0
6312 0
6312 0
6312 0
6312 0
6315 0
6315 23
6315 0
6315 0
6315 0
6315 0
6315 0
6315 0
6315 0
6315 0
6315 0
6315 0
6315 0
6315 0
6315 0
6315 0
6315 0
6315 0
6315 0
6315 0
6315 0
6315 0
6315 0
6315 0
6315 0
6315 0
6315 0
6315 0
6315 0
6315 0
6315 0
6327 0
6327 20
6327 0
6327 0
6327 0
6327 0
6327 0
6327 0
6327 0
6327 0
6327 0
6327 0
6327 0
6327 0
6327 0
6327 0
6327 0
6327 0
6327 0
6327 0
6327 0
6327 0
6327 0
6327 0
6327 0
6327 0
6327 0
6327 0
6327 0
6327 0
6327 0
6331 0
6331 13
6331 0
6331 0
6331 0
6331 0
6331 0
6331 0
6331 0
6331 0
6331 0
6331 0
6331 0
6331 0
6331 0
6331 0
6331 0
6331 0
6331 0
6331 0
6331 0
6331 0
6331 0
6331 0
6331 0
6331 0
6331 0
6331 0
6331 0
6331 0
6331 0
6334 0
6334 8
6334 0
6334 0
6334 0
6334 0
6334 0
6334 0
6334 0
6334 0
6334 0
6334 0
6334 0
6334 0
6334 0
6334 0
6334 0
6334 0
6334 0
6334 0
6334 0
6334 0
6334 0
6334 0
6334 0
6334 0
6334 0
6334 0
6334 0
6334 0
6334 0
6339 0
6339 16
6339 0
6339 0
6339 0
6339 0
6339 0
6339 0
6339 0
6339 0
6339 0
6339 0
6339 0
6339 0
6339 0
6339 0
6339 0
6339 0
6339 0
6339 0
6339 0
6339 0
6339 0
6339 0
6339 0
6339 0
6339 0
6339 0
6339 0
6339 0
6339 0
6356 0
6356 27
6356 0
6356 0
6356 0
6356 0
6356 0
6356 0
6356 0
6356 0
6356 0
6356 0
6356 0
6356 0
6356 0
6356 0
6356 0
6356 0
6356 0
6356 0
6356 0
6356 0
6356 0
6356 0
6356 0
6356 0
6356 0
6356 0
6356 0
6356 0
6356 0
6367 0
6367 14
6367 0
6367 0
6367 0
6367 0
6367 0
6367 0
6367 0
6367 0
6367 0
6367 0
6367 0
6367 0
6367 0
6367 0
6367 0
6367 0
6367 0
6367 0
6367 0
6367 0
6367 0
6367 0
6367 0
6367 0
6367 0
6367 0
6367 0
6367 0
6367 0
6402 0
6402 12
6402 0
6402 0
6402 0
6402 0
6402 0
6402 0
6402 0
6402 0
6402 0
6402 0
6402 0
6402 0
6402 0
6402 0
6402 0
6402 0
6402 0
6402 0
6402 0
6402 0
6402 0
6402 0
6402 0
6402 0
6402 0
6402 0
6402 0
6402 0
6402 0
6410 0
6410 21
6410 0
6410 0
6410 0
6410 0
6410 0
6410 0
6410 0
6410 0
6410 0
6410 0
6410 0
6410 0
6410 0
6410 0
6410 0
6410 0
6410 0
6410 0
6410 0
6410 0
6410 0
6410 0
6410 0
6410 0
6410 0
6410 0
6410 0
6410 0
6410 0
6419 0
6419 15
6419 0
6419 0
6419 0
6419 0
6419 0
6419 0
6419 0
6419 0
6419 0
6419 0
6419 0
6419 0
6419 0
6419 0
6419 0
6419 0
6419 0
6419 0
6419 0
6419 0
6419 0
6419 0
6419 0
6419 0
6419 0
6419 0
6419 0
6419 0
6419 0
6420 0
6420 17
6420 0
6420 0
6420 0
6420 0
6420 0
6420 0
6420 0
6420 0
6420 0
6420 0
6420 0
6420 0
6420 0
6420 0
6420 0
6420 0
6420 0
6420 0
6420 0
6420 0
6420 0
6420 0
6420 0
6420 0
6420 0
6420 0
6420 0
6420 0
6420 0
6426 0
6426 8
6426 0
6426 0
6426 0
6426 0
6426 0
6426 0
6426 0
6426 0
6426 0
6426 0
6426 0
6426 0
6426 0
6426 0
6426 0
6426 0
6426 0
6426 0
6426 0
6426 0
6426 0
6426 0
6426 0
6426 0
6426 0
6426 0
6426 0
6426 0
6426 0
6431 0
6431 15
6431 0
6431 0
6431 0
6431 0
6431 0
6431 0
6431 0
6431 0
6431 0
6431 0
6431 0
6431 0
6431 0
6431 0
6431 0
6431 0
6431 0
6431 0
6431 0
6431 0
6431 0
6431 0
6431 0
6431 0
6431 0
6431 0
6431 0
6431 0
6431 0
6433 0
6433 18
6433 0
6433 0
6433 0
6433 0
6433 0
6433 0
6433 0
6433 0
6433 0
6433 0
6433 0
6433 0
6433 0
6433 0
6433 0
6433 0
6433 0
6433 0
6433 0
6433 0
6433 0
6433 0
6433 0
6433 0
6433 0
6433 0
6433 0
6433 0
6433 0
6480 0
6480 22
6480 0
6480 0
6480 0
6480 0
6480 0
6480 0
6480 0
6480 0
6480 0
6480 0
6480 0
6480 0
6480 0
6480 0
6480 0
6480 0
6480 0
6480 0
6480 0
6480 0
6480 0
6480 0
6480 0
6480 0
6480 0
6480 0
6480 0
6480 0
6480 0
6481 0
6481 13
6481 0
6481 0
6481 0
6481 0
6481 0
6481 0
6481 0
6481 0
6481 0
6481 0
6481 0
6481 0
6481 0
6481 0
6481 0
6481 0
6481 0
6481 0
6481 0
6481 0
6481 0
6481 0
6481 0
6481 0
6481 0
6481 0
6481 0
6481 0
6481 0
6482 0
6482 18
6482 0
6482 0
6482 0
6482 0
6482 0
6482 0
6482 0
6482 0
6482 0
6482 0
6482 0
6482 0
6482 0
6482 0
6482 0
6482 0
6482 0
6482 0
6482 0
6482 0
6482 0
6482 0
6482 0
6482 0
6482 0
6482 0
6482 0
6482 0
6482 0
6483 0
6483 18
6483 0
6483 0
6483 0
6483 0
6483 0
6483 0
6483 0
6483 0
6483 0
6483 0
6483 0
6483 0
6483 0
6483 0
6483 0
6483 0
6483 0
6483 0
6483 0
6483 0
6483 0
6483 0
6483 0
6483 0
6483 0
6483 0
6483 0
6483 0
6483 0
6488 0
6488 12
6488 0
6488 0
6488 0
6488 0
6488 0
6488 0
6488 0
6488 0
6488 0
6488 0
6488 0
6488 0
6488 0
6488 0
6488 0
6488 0
6488 0
6488 0
6488 0
6488 0
6488 0
6488 0
6488 0
6488 0
6488 0
6488 0
6488 0
6488 0
6488 0
6556 0
6556 9
6556 0
6556 0
6556 0
6556 0
6556 0
6556 0
6556 0
6556 0
6556 0
6556 0
6556 0
6556 0
6556 0
6556 0
6556 0
6556 0
6556 0
6556 0
6556 0
6556 0
6556 0
6556 0
6556 0
6556 0
6556 0
6556 0
6556 0
6556 0
6556 0
6557 0
6557 20
6557 0
6557 0
6557 0
6557 0
6557 0
6557 0
6557 0
6557 0
6557 0
6557 0
6557 0
6557 0
6557 0
6557 0
6557 0
6557 0
6557 0
6557 0
6557 0
6557 0
6557 0
6557 0
6557 0
6557 0
6557 0
6557 0
6557 0
6557 0
6557 0
6564 0
6564 8
6564 0
6564 0
6564 0
6564 0
6564 0
6564 0
6564 0
6564 0
6564 0
6564 0
6564 0
6564 0
6564 0
6564 0
6564 0
6564 0
6564 0
6564 0
6564 0
6564 0
6564 0
6564 0
6564 0
6564 0
6564 0
6564 0
6564 0
6564 0
6564 0
6593 0
6593 14
6593 0
6593 0
6593 0
6593 0
6593 0
6593 0
6593 0
6593 0
6593 0
6593 0
6593 0
6593 0
6593 0
6593 0
6593 0
6593 0
6593 0
6593 0
6593 0
6593 0
6593 0
6593 0
6593 0
6593 0
6593 0
6593 0
6593 0
6593 0
6593 0
6594 0
6594 11
6594 0
6594 0
6594 0
6594 0
6594 0
6594 0
6594 0
6594 0
6594 0
6594 0
6594 0
6594 0
6594 0
6594 0
6594 0
6594 0
6594 0
6594 0
6594 0
6594 0
6594 0
6594 0
6594 0
6594 0
6594 0
6594 0
6594 0
6594 0
6594 0
6632 0
6632 11
6632 0
6632 0
6632 0
6632 0
6632 0
6632 0
6632 0
6632 0
6632 0
6632 0
6632 0
6632 0
6632 0
6632 0
6632 0
6632 0
6632 0
6632 0
6632 0
6632 0
6632 0
6632 0
6632 0
6632 0
6632 0
6632 0
6632 0
6632 0
6632 0
6642 0
6642 12
6642 0
6642 0
6642 0
6642 0
6642 0
6642 0
6642 0
6642 0
6642 0
6642 0
6642 0
6642 0
6642 0
6642 0
6642 0
6642 0
6642 0
6642 0
6642 0
6642 0
6642 0
6642 0
6642 0
6642 0
6642 0
6642 0
6642 0
6642 0
6642 0
6675 0
6675 14
6675 0
6675 0
6675 0
6675 0
6675 0
6675 0
6675 0
6675 0
6675 0
6675 0
6675 0
6675 0
6675 0
6675 0
6675 0
6675 0
6675 0
6675 0
6675 0
6675 0
6675 0
6675 0
6675 0
6675 0
6675 0
6675 0
6675 0
6675 0
6675 0
6683 0
6683 14
6683 0
6683 0
6683 0
6683 0
6683 0
6683 0
6683 0
6683 0
6683 0
6683 0
6683 0
6683 0
6683 0
6683 0
6683 0
6683 0
6683 0
6683 0
6683 0
6683 0
6683 0
6683 0
6683 0
6683 0
6683 0
6683 0
6683 0
6683 0
6683 0
6686 0
6686 10
6686 0
6686 0
6686 0
6686 0
6686 0
6686 0
6686 0
6686 0
6686 0
6686 0
6686 0
6686 0
6686 0
6686 0
6686 0
6686 0
6686 0
6686 0
6686 0
6686 0
6686 0
6686 0
6686 0
6686 0
6686 0
6686 0
6686 0
6686 0
6686 0
6707 0
6707 13
6707 0
6707 0
6707 0
6707 0
6707 0
6707 0
6707 0
6707 0
6707 0
6707 0
6707 0
6707 0
6707 0
6707 0
6707 0
6707 0
6707 0
6707 0
6707 0
6707 0
6707 0
6707 0
6707 0
6707 0
6707 0
6707 0
6707 0
6707 0
6707 0
6710 0
6710 10
6710 0
6710 0
6710 0
6710 0
6710 0
6710 0
6710 0
6710 0
6710 0
6710 0
6710 0
6710 0
6710 0
6710 0
6710 0
6710 0
6710 0
6710 0
6710 0
6710 0
6710 0
6710 0
6710 0
6710 0
6710 0
6710 0
6710 0
6710 0
6710 0
6734 0
6734 14
6734 0
6734 0
6734 0
6734 0
6734 0
6734 0
6734 0
6734 0
6734 0
6734 0
6734 0
6734 0
6734 0
6734 0
6734 0
6734 0
6734 0
6734 0
6734 0
6734 0
6734 0
6734 0
6734 0
6734 0
6734 0
6734 0
6734 0
6734 0
6734 0
6746 0
6746 15
6746 0
6746 0
6746 0
6746 0
6746 0
6746 0
6746 0
6746 0
6746 0
6746 0
6746 0
6746 0
6746 0
6746 0
6746 0
6746 0
6746 0
6746 0
6746 0
6746 0
6746 0
6746 0
6746 0
6746 0
6746 0
6746 0
6746 0
6746 0
6746 0
6752 0
6752 24
6752 0
6752 0
6752 0
6752 0
6752 0
6752 0
6752 0
6752 0
6752 0
6752 0
6752 0
6752 0
6752 0
6752 0
6752 0
6752 0
6752 0
6752 0
6752 0
6752 0
6752 0
6752 0
6752 0
6752 0
6752 0
6752 0
6752 0
6752 0
6752 0
6756 0
6756 12
6756 0
6756 0
6756 0
6756 0
6756 0
6756 0
6756 0
6756 0
6756 0
6756 0
6756 0
6756 0
6756 0
6756 0
6756 0
6756 0
6756 0
6756 0
6756 0
6756 0
6756 0
6756 0
6756 0
6756 0
6756 0
6756 0
6756 0
6756 0
6756 0
6766 0
6766 11
6766 0
6766 0
6766 0
6766 0
6766 0
6766 0
6766 0
6766 0
6766 0
6766 0
6766 0
6766 0
6766 0
6766 0
6766 0
6766 0
6766 0
6766 0
6766 0
6766 0
6766 0
6766 0
6766 0
6766 0
6766 0
6766 0
6766 0
6766 0
6766 0
6768 0
6768 16
6768 0
6768 0
6768 0
6768 0
6768 0
6768 0
6768 0
6768 0
6768 0
6768 0
6768 0
6768 0
6768 0
6768 0
6768 0
6768 0
6768 0
6768 0
6768 0
6768 0
6768 0
6768 0
6768 0
6768 0
6768 0
6768 0
6768 0
6768 0
6768 0
6789 0
6789 14
6789 0
6789 0
6789 0
6789 0
6789 0
6789 0
6789 0
6789 0
6789 0
6789 0
6789 0
6789 0
6789 0
6789 0
6789 0
6789 0
6789 0
6789 0
6789 0
6789 0
6789 0
6789 0
6789 0
6789 0
6789 0
6789 0
6789 0
6789 0
6789 0
6815 0
6815 11
6815 0
6815 0
6815 0
6815 0
6815 0
6815 0
6815 0
6815 0
6815 0
6815 0
6815 0
6815 0
6815 0
6815 0
6815 0
6815 0
6815 0
6815 0
6815 0
6815 0
6815 0
6815 0
6815 0
6815 0
6815 0
6815 0
6815 0
6815 0
6815 0
6816 0
6816 8
6816 0
6816 0
6816 0
6816 0
6816 0
6816 0
6816 0
6816 0
6816 0
6816 0
6816 0
6816 0
6816 0
6816 0
6816 0
6816 0
6816 0
6816 0
6816 0
6816 0
6816 0
6816 0
6816 0
6816 0
6816 0
6816 0
6816 0
6816 0
6816 0
6846 0
6846 12
6846 0
6846 0
6846 0
6846 0
6846 0
6846 0
6846 0
6846 0
6846 0
6846 0
6846 0
6846 0
6846 0
6846 0
6846 0
6846 0
6846 0
6846 0
6846 0
6846 0
6846 0
6846 0
6846 0
6846 0
6846 0
6846 0
6846 0
6846 0
6846 0
6890 0
6890 12
6890 0
6890 0
6890 0
6890 0
6890 0
6890 0
6890 0
6890 0
6890 0
6890 0
6890 0
6890 0
6890 0
6890 0
6890 0
6890 0
6890 0
6890 0
6890 0
6890 0
6890 0
6890 0
6890 0
6890 0
6890 0
6890 0
6890 0
6890 0
6890 0
