pt_graph shape
10609 0
10609 0
10609 0
10609 0
10609 0
10609 0
10609 0
10609 0
10609 0
10609 0
10609 0
10609 0.65
10609 0
10609 0
10609 0
10609 0
10609 0
10609 0
10609 0
10609 0
10609 0
10609 0
10609 0
10609 0
10609 0
10609 0
10609 0
10609 0
10609 0
10609 0
10609 0
10867 0
10867 0
10867 0
10867 0
10867 0
10867 0
10867 0
10867 0
10867 0
10867 0
10867 0
10867 1.52
10867 0
10867 0
10867 0
10867 0
10867 0
10867 0
10867 0
10867 0
10867 0
10867 0
10867 0
10867 0
10867 0
10867 0
10867 0
10867 0
10867 0
10867 0
10867 0
10878 0
10878 0
10878 0
10878 0
10878 0
10878 0
10878 0
10878 0
10878 0
10878 0
10878 0
10878 1.56
10878 0
10878 0
10878 0
10878 0
10878 0
10878 0
10878 0
10878 0
10878 0
10878 0
10878 0
10878 0
10878 0
10878 0
10878 0
10878 0
10878 0
10878 0
10878 0
10881 0
10881 0
10881 0
10881 0
10881 0
10881 0
10881 0
10881 0
10881 0
10881 0
10881 0
10881 1.56
10881 0
10881 0
10881 0
10881 0
10881 0
10881 0
10881 0
10881 0
10881 0
10881 0
10881 0
10881 0
10881 0
10881 0
10881 0
10881 0
10881 0
10881 0
10881 0
10901 0
10901 0
10901 0
10901 0
10901 0
10901 0
10901 0
10901 0
10901 0
10901 0
10901 0
10901 0.74
10901 0
10901 0
10901 0
10901 0
10901 0
10901 0
10901 0
10901 0
10901 0
10901 0
10901 0
10901 0
10901 0
10901 0
10901 0
10901 0
10901 0
10901 0
10901 0
10902 0
10902 0
10902 0
10902 0
10902 0
10902 0
10902 0
10902 0
10902 0
10902 0
10902 0
10902 0.58
10902 0
10902 0
10902 0
10902 0
10902 0
10902 0
10902 0
10902 0
10902 0
10902 0
10902 0
10902 0
10902 0
10902 0
10902 0
10902 0
10902 0
10902 0
10902 0
10907 0
10907 0
10907 0
10907 0
10907 0
10907 0
10907 0
10907 0
10907 0
10907 0
10907 0
10907 1.64
10907 0
10907 0
10907 0
10907 0
10907 0
10907 0
10907 0
10907 0
10907 0
10907 0
10907 0
10907 0
10907 0
10907 0
10907 0
10907 0
10907 0
10907 0
10907 0
10913 0
10913 0
10913 0
10913 0
10913 0
10913 0
10913 0
10913 0
10913 0
10913 0
10913 0
10913 1.56
10913 0
10913 0
10913 0
10913 0
10913 0
10913 0
10913 0
10913 0
10913 0
10913 0
10913 0
10913 0
10913 0
10913 0
10913 0
10913 0
10913 0
10913 0
10913 0
10914 0
10914 0
10914 0
10914 0
10914 0
10914 0
10914 0
10914 0
10914 0
10914 0
10914 0
10914 1.56
10914 0
10914 0
10914 0
10914 0
10914 0
10914 0
10914 0
10914 0
10914 0
10914 0
10914 0
10914 0
10914 0
10914 0
10914 0
10914 0
10914 0
10914 0
10914 0
10918 0
10918 0
10918 0
10918 0
10918 0
10918 0
10918 0
10918 0
10918 0
10918 0
10918 0
10918 1.14
10918 0
10918 0
10918 0
10918 0
10918 0
10918 0
10918 0
10918 0
10918 0
10918 0
10918 0
10918 0
10918 0
10918 0
10918 0
10918 0
10918 0
10918 0
10918 0
10925 0
10925 0
10925 0
10925 0
10925 0
10925 0
10925 0
10925 0
10925 0
10925 0
10925 0
10925 0.75
10925 0
10925 0
10925 0
10925 0
10925 0
10925 0
10925 0
10925 0
10925 0
10925 0
10925 0
10925 0
10925 0
10925 0
10925 0
10925 0
10925 0
10925 0
10925 0
10929 0
10929 0
10929 0
10929 0
10929 0
10929 0
10929 0
10929 0
10929 0
10929 0
10929 0
10929 1.47
10929 0
10929 0
10929 0
10929 0
10929 0
10929 0
10929 0
10929 0
10929 0
10929 0
10929 0
10929 0
10929 0
10929 0
10929 0
10929 0
10929 0
10929 0
10929 0
10930 0
10930 0
10930 0
10930 0
10930 0
10930 0
10930 0
10930 0
10930 0
10930 0
10930 0
10930 0.94
10930 0
10930 0
10930 0
10930 0
10930 0
10930 0
10930 0
10930 0
10930 0
10930 0
10930 0
10930 0
10930 0
10930 0
10930 0
10930 0
10930 0
10930 0
10930 0
10935 0
10935 0
10935 0
10935 0
10935 0
10935 0
10935 0
10935 0
10935 0
10935 0
10935 0
10935 1.48
10935 0
10935 0
10935 0
10935 0
10935 0
10935 0
10935 0
10935 0
10935 0
10935 0
10935 0
10935 0
10935 0
10935 0
10935 0
10935 0
10935 0
10935 0
10935 0
10939 0
10939 0
10939 0
10939 0
10939 0
10939 0
10939 0
10939 0
10939 0
10939 0
10939 0
10939 0.94
10939 0
10939 0
10939 0
10939 0
10939 0
10939 0
10939 0
10939 0
10939 0
10939 0
10939 0
10939 0
10939 0
10939 0
10939 0
10939 0
10939 0
10939 0
10939 0
10940 0
10940 0
10940 0
10940 0
10940 0
10940 0
10940 0
10940 0
10940 0
10940 0
10940 0
10940 1.48
10940 0
10940 0
10940 0
10940 0
10940 0
10940 0
10940 0
10940 0
10940 0
10940 0
10940 0
10940 0
10940 0
10940 0
10940 0
10940 0
10940 0
10940 0
10940 0
10945 0
10945 0
10945 0
10945 0
10945 0
10945 0
10945 0
10945 0
10945 0
10945 0
10945 0
10945 1.48
10945 0
10945 0
10945 0
10945 0
10945 0
10945 0
10945 0
10945 0
10945 0
10945 0
10945 0
10945 0
10945 0
10945 0
10945 0
10945 0
10945 0
10945 0
10945 0
10946 0
10946 0
10946 0
10946 0
10946 0
10946 0
10946 0
10946 0
10946 0
10946 0
10946 0
10946 0.75
10946 0
10946 0
10946 0
10946 0
10946 0
10946 0
10946 0
10946 0
10946 0
10946 0
10946 0
10946 0
10946 0
10946 0
10946 0
10946 0
10946 0
10946 0
10946 0
10953 0
10953 0
10953 0
10953 0
10953 0
10953 0
10953 0
10953 0
10953 0
10953 0
10953 0
10953 0.5
10953 0
10953 0
10953 0
10953 0
10953 0
10953 0
10953 0
10953 0
10953 0
10953 0
10953 0
10953 0
10953 0
10953 0
10953 0
10953 0
10953 0
10953 0
10953 0
10956 0
10956 0
10956 0
10956 0
10956 0
10956 0
10956 0
10956 0
10956 0
10956 0
10956 0
10956 1.56
10956 0
10956 0
10956 0
10956 0
10956 0
10956 0
10956 0
10956 0
10956 0
10956 0
10956 0
10956 0
10956 0
10956 0
10956 0
10956 0
10956 0
10956 0
10956 0
10958 0
10958 0
10958 0
10958 0
10958 0
10958 0
10958 0
10958 0
10958 0
10958 0
10958 0
10958 0.92
10958 0
10958 0
10958 0
10958 0
10958 0
10958 0
10958 0
10958 0
10958 0
10958 0
10958 0
10958 0
10958 0
10958 0
10958 0
10958 0
10958 0
10958 0
10958 0
10959 0
10959 0
10959 0
10959 0
10959 0
10959 0
10959 0
10959 0
10959 0
10959 0
10959 0
10959 1.15
10959 0
10959 0
10959 0
10959 0
10959 0
10959 0
10959 0
10959 0
10959 0
10959 0
10959 0
10959 0
10959 0
10959 0
10959 0
10959 0
10959 0
10959 0
10959 0
10962 0
10962 0
10962 0
10962 0
10962 0
10962 0
10962 0
10962 0
10962 0
10962 0
10962 0
10962 0.94
10962 0
10962 0
10962 0
10962 0
10962 0
10962 0
10962 0
10962 0
10962 0
10962 0
10962 0
10962 0
10962 0
10962 0
10962 0
10962 0
10962 0
10962 0
10962 0
10964 0
10964 0
10964 0
10964 0
10964 0
10964 0
10964 0
10964 0
10964 0
10964 0
10964 0
10964 0.65
10964 0
10964 0
10964 0
10964 0
10964 0
10964 0
10964 0
10964 0
10964 0
10964 0
10964 0
10964 0
10964 0
10964 0
10964 0
10964 0
10964 0
10964 0
10964 0
10967 0
10967 0
10967 0
10967 0
10967 0
10967 0
10967 0
10967 0
10967 0
10967 0
10967 0
10967 1.6
10967 0
10967 0
10967 0
10967 0
10967 0
10967 0
10967 0
10967 0
10967 0
10967 0
10967 0
10967 0
10967 0
10967 0
10967 0
10967 0
10967 0
10967 0
10967 0
10968 0
10968 0
10968 0
10968 0
10968 0
10968 0
10968 0
10968 0
10968 0
10968 0
10968 0
10968 0.58
10968 0
10968 0
10968 0
10968 0
10968 0
10968 0
10968 0
10968 0
10968 0
10968 0
10968 0
10968 0
10968 0
10968 0
10968 0
10968 0
10968 0
10968 0
10968 0
10969 0
10969 0
10969 0
10969 0
10969 0
10969 0
10969 0
10969 0
10969 0
10969 0
10969 0
10969 1.49
10969 0
10969 0
10969 0
10969 0
10969 0
10969 0
10969 0
10969 0
10969 0
10969 0
10969 0
10969 0
10969 0
10969 0
10969 0
10969 0
10969 0
10969 0
10969 0
10970 0
10970 0
10970 0
10970 0
10970 0
10970 0
10970 0
10970 0
10970 0
10970 0
10970 0
10970 1.5
10970 0
10970 0
10970 0
10970 0
10970 0
10970 0
10970 0
10970 0
10970 0
10970 0
10970 0
10970 0
10970 0
10970 0
10970 0
10970 0
10970 0
10970 0
10970 0
10971 0
10971 0
10971 0
10971 0
10971 0
10971 0
10971 0
10971 0
10971 0
10971 0
10971 0
10971 1.61
10971 0
10971 0
10971 0
10971 0
10971 0
10971 0
10971 0
10971 0
10971 0
10971 0
10971 0
10971 0
10971 0
10971 0
10971 0
10971 0
10971 0
10971 0
10971 0
10972 0
10972 0
10972 0
10972 0
10972 0
10972 0
10972 0
10972 0
10972 0
10972 0
10972 0
10972 1.49
10972 0
10972 0
10972 0
10972 0
10972 0
10972 0
10972 0
10972 0
10972 0
10972 0
10972 0
10972 0
10972 0
10972 0
10972 0
10972 0
10972 0
10972 0
10972 0
10973 0
10973 0
10973 0
10973 0
10973 0
10973 0
10973 0
10973 0
10973 0
10973 0
10973 0
10973 1.52
10973 0
10973 0
10973 0
10973 0
10973 0
10973 0
10973 0
10973 0
10973 0
10973 0
10973 0
10973 0
10973 0
10973 0
10973 0
10973 0
10973 0
10973 0
10973 0
10975 0
10975 0
10975 0
10975 0
10975 0
10975 0
10975 0
10975 0
10975 0
10975 0
10975 0
10975 1.61
10975 0
10975 0
10975 0
10975 0
10975 0
10975 0
10975 0
10975 0
10975 0
10975 0
10975 0
10975 0
10975 0
10975 0
10975 0
10975 0
10975 0
10975 0
10975 0
10977 0
10977 0
10977 0
10977 0
10977 0
10977 0
10977 0
10977 0
10977 0
10977 0
10977 0
10977 1.61
10977 0
10977 0
10977 0
10977 0
10977 0
10977 0
10977 0
10977 0
10977 0
10977 0
10977 0
10977 0
10977 0
10977 0
10977 0
10977 0
10977 0
10977 0
10977 0
10978 0
10978 0
10978 0
10978 0
10978 0
10978 0
10978 0
10978 0
10978 0
10978 0
10978 0
10978 1.56
10978 0
10978 0
10978 0
10978 0
10978 0
10978 0
10978 0
10978 0
10978 0
10978 0
10978 0
10978 0
10978 0
10978 0
10978 0
10978 0
10978 0
10978 0
10978 0
10983 0
10983 0
10983 0
10983 0
10983 0
10983 0
10983 0
10983 0
10983 0
10983 0
10983 0
10983 1.61
10983 0
10983 0
10983 0
10983 0
10983 0
10983 0
10983 0
10983 0
10983 0
10983 0
10983 0
10983 0
10983 0
10983 0
10983 0
10983 0
10983 0
10983 0
10983 0
10984 0
10984 0
10984 0
10984 0
10984 0
10984 0
10984 0
10984 0
10984 0
10984 0
10984 0
10984 0.52
10984 0
10984 0
10984 0
10984 0
10984 0
10984 0
10984 0
10984 0
10984 0
10984 0
10984 0
10984 0
10984 0
10984 0
10984 0
10984 0
10984 0
10984 0
10984 0
10985 0
10985 0
10985 0
10985 0
10985 0
10985 0
10985 0
10985 0
10985 0
10985 0
10985 0
10985 0.65
10985 0
10985 0
10985 0
10985 0
10985 0
10985 0
10985 0
10985 0
10985 0
10985 0
10985 0
10985 0
10985 0
10985 0
10985 0
10985 0
10985 0
10985 0
10985 0
10986 0
10986 0
10986 0
10986 0
10986 0
10986 0
10986 0
10986 0
10986 0
10986 0
10986 0
10986 0.53
10986 0
10986 0
10986 0
10986 0
10986 0
10986 0
10986 0
10986 0
10986 0
10986 0
10986 0
10986 0
10986 0
10986 0
10986 0
10986 0
10986 0
10986 0
10986 0
10988 0
10988 0
10988 0
10988 0
10988 0
10988 0
10988 0
10988 0
10988 0
10988 0
10988 0
10988 0.5
10988 0
10988 0
10988 0
10988 0
10988 0
10988 0
10988 0
10988 0
10988 0
10988 0
10988 0
10988 0
10988 0
10988 0
10988 0
10988 0
10988 0
10988 0
10988 0
10989 0
10989 0
10989 0
10989 0
10989 0
10989 0
10989 0
10989 0
10989 0
10989 0
10989 0
10989 0.9
10989 0
10989 0
10989 0
10989 0
10989 0
10989 0
10989 0
10989 0
10989 0
10989 0
10989 0
10989 0
10989 0
10989 0
10989 0
10989 0
10989 0
10989 0
10989 0
10993 0
10993 0
10993 0
10993 0
10993 0
10993 0
10993 0
10993 0
10993 0
10993 0
10993 0
10993 1.14
10993 0
10993 0
10993 0
10993 0
10993 0
10993 0
10993 0
10993 0
10993 0
10993 0
10993 0
10993 0
10993 0
10993 0
10993 0
10993 0
10993 0
10993 0
10993 0
10994 0
10994 0
10994 0
10994 0
10994 0
10994 0
10994 0
10994 0
10994 0
10994 0
10994 0
10994 0.55
10994 0
10994 0
10994 0
10994 0
10994 0
10994 0
10994 0
10994 0
10994 0
10994 0
10994 0
10994 0
10994 0
10994 0
10994 0
10994 0
10994 0
10994 0
10994 0
10995 0
10995 0
10995 0
10995 0
10995 0
10995 0
10995 0
10995 0
10995 0
10995 0
10995 0
10995 0.94
10995 0
10995 0
10995 0
10995 0
10995 0
10995 0
10995 0
10995 0
10995 0
10995 0
10995 0
10995 0
10995 0
10995 0
10995 0
10995 0
10995 0
10995 0
10995 0
10999 0
10999 0
10999 0
10999 0
10999 0
10999 0
10999 0
10999 0
10999 0
10999 0
10999 0
10999 1.61
10999 0
10999 0
10999 0
10999 0
10999 0
10999 0
10999 0
10999 0
10999 0
10999 0
10999 0
10999 0
10999 0
10999 0
10999 0
10999 0
10999 0
10999 0
10999 0
11000 0
11000 0
11000 0
11000 0
11000 0
11000 0
11000 0
11000 0
11000 0
11000 0
11000 0
11000 0.65
11000 0
11000 0
11000 0
11000 0
11000 0
11000 0
11000 0
11000 0
11000 0
11000 0
11000 0
11000 0
11000 0
11000 0
11000 0
11000 0
11000 0
11000 0
11000 0
11002 0
11002 0
11002 0
11002 0
11002 0
11002 0
11002 0
11002 0
11002 0
11002 0
11002 0
11002 1.56
11002 0
11002 0
11002 0
11002 0
11002 0
11002 0
11002 0
11002 0
11002 0
11002 0
11002 0
11002 0
11002 0
11002 0
11002 0
11002 0
11002 0
11002 0
11002 0
11003 0
11003 0
11003 0
11003 0
11003 0
11003 0
11003 0
11003 0
11003 0
11003 0
11003 0
11003 0.94
11003 0
11003 0
11003 0
11003 0
11003 0
11003 0
11003 0
11003 0
11003 0
11003 0
11003 0
11003 0
11003 0
11003 0
11003 0
11003 0
11003 0
11003 0
11003 0
11004 0
11004 0
11004 0
11004 0
11004 0
11004 0
11004 0
11004 0
11004 0
11004 0
11004 0
11004 1.61
11004 0
11004 0
11004 0
11004 0
11004 0
11004 0
11004 0
11004 0
11004 0
11004 0
11004 0
11004 0
11004 0
11004 0
11004 0
11004 0
11004 0
11004 0
11004 0
11005 0
11005 0
11005 0
11005 0
11005 0
11005 0
11005 0
11005 0
11005 0
11005 0
11005 0
11005 1.56
11005 0
11005 0
11005 0
11005 0
11005 0
11005 0
11005 0
11005 0
11005 0
11005 0
11005 0
11005 0
11005 0
11005 0
11005 0
11005 0
11005 0
11005 0
11005 0
11006 0
11006 0
11006 0
11006 0
11006 0
11006 0
11006 0
11006 0
11006 0
11006 0
11006 0
11006 1.61
11006 0
11006 0
11006 0
11006 0
11006 0
11006 0
11006 0
11006 0
11006 0
11006 0
11006 0
11006 0
11006 0
11006 0
11006 0
11006 0
11006 0
11006 0
11006 0
11008 0
11008 0
11008 0
11008 0
11008 0
11008 0
11008 0
11008 0
11008 0
11008 0
11008 0
11008 0.8
11008 0
11008 0
11008 0
11008 0
11008 0
11008 0
11008 0
11008 0
11008 0
11008 0
11008 0
11008 0
11008 0
11008 0
11008 0
11008 0
11008 0
11008 0
11008 0
11011 0
11011 0
11011 0
11011 0
11011 0
11011 0
11011 0
11011 0
11011 0
11011 0
11011 0
11011 1.61
11011 0
11011 0
11011 0
11011 0
11011 0
11011 0
11011 0
11011 0
11011 0
11011 0
11011 0
11011 0
11011 0
11011 0
11011 0
11011 0
11011 0
11011 0
11011 0
11014 0
11014 0
11014 0
11014 0
11014 0
11014 0
11014 0
11014 0
11014 0
11014 0
11014 0
11014 0.75
11014 0
11014 0
11014 0
11014 0
11014 0
11014 0
11014 0
11014 0
11014 0
11014 0
11014 0
11014 0
11014 0
11014 0
11014 0
11014 0
11014 0
11014 0
11014 0
11017 0
11017 0
11017 0
11017 0
11017 0
11017 0
11017 0
11017 0
11017 0
11017 0
11017 0
11017 1.56
11017 0
11017 0
11017 0
11017 0
11017 0
11017 0
11017 0
11017 0
11017 0
11017 0
11017 0
11017 0
11017 0
11017 0
11017 0
11017 0
11017 0
11017 0
11017 0
11018 0
11018 0
11018 0
11018 0
11018 0
11018 0
11018 0
11018 0
11018 0
11018 0
11018 0
11018 1.56
11018 0
11018 0
11018 0
11018 0
11018 0
11018 0
11018 0
11018 0
11018 0
11018 0
11018 0
11018 0
11018 0
11018 0
11018 0
11018 0
11018 0
11018 0
11018 0
11019 0
11019 0
11019 0
11019 0
11019 0
11019 0
11019 0
11019 0
11019 0
11019 0
11019 0
11019 0.75
11019 0
11019 0
11019 0
11019 0
11019 0
11019 0
11019 0
11019 0
11019 0
11019 0
11019 0
11019 0
11019 0
11019 0
11019 0
11019 0
11019 0
11019 0
11019 0
11022 0
11022 0
11022 0
11022 0
11022 0
11022 0
11022 0
11022 0
11022 0
11022 0
11022 0
11022 1.56
11022 0
11022 0
11022 0
11022 0
11022 0
11022 0
11022 0
11022 0
11022 0
11022 0
11022 0
11022 0
11022 0
11022 0
11022 0
11022 0
11022 0
11022 0
11022 0
11023 0
11023 0
11023 0
11023 0
11023 0
11023 0
11023 0
11023 0
11023 0
11023 0
11023 0
11023 0.57
11023 0
11023 0
11023 0
11023 0
11023 0
11023 0
11023 0
11023 0
11023 0
11023 0
11023 0
11023 0
11023 0
11023 0
11023 0
11023 0
11023 0
11023 0
11023 0
11024 0
11024 0
11024 0
11024 0
11024 0
11024 0
11024 0
11024 0
11024 0
11024 0
11024 0
11024 1.56
11024 0
11024 0
11024 0
11024 0
11024 0
11024 0
11024 0
11024 0
11024 0
11024 0
11024 0
11024 0
11024 0
11024 0
11024 0
11024 0
11024 0
11024 0
11024 0
11027 0
11027 0
11027 0
11027 0
11027 0
11027 0
11027 0
11027 0
11027 0
11027 0
11027 0
11027 1.6
11027 0
11027 0
11027 0
11027 0
11027 0
11027 0
11027 0
11027 0
11027 0
11027 0
11027 0
11027 0
11027 0
11027 0
11027 0
11027 0
11027 0
11027 0
11027 0
11028 0
11028 0
11028 0
11028 0
11028 0
11028 0
11028 0
11028 0
11028 0
11028 0
11028 0
11028 0.75
11028 0
11028 0
11028 0
11028 0
11028 0
11028 0
11028 0
11028 0
11028 0
11028 0
11028 0
11028 0
11028 0
11028 0
11028 0
11028 0
11028 0
11028 0
11028 0
11031 0
11031 0
11031 0
11031 0
11031 0
11031 0
11031 0
11031 0
11031 0
11031 0
11031 0
11031 1.61
11031 0
11031 0
11031 0
11031 0
11031 0
11031 0
11031 0
11031 0
11031 0
11031 0
11031 0
11031 0
11031 0
11031 0
11031 0
11031 0
11031 0
11031 0
11031 0
11035 0
11035 0
11035 0
11035 0
11035 0
11035 0
11035 0
11035 0
11035 0
11035 0
11035 0
11035 1.56
11035 0
11035 0
11035 0
11035 0
11035 0
11035 0
11035 0
11035 0
11035 0
11035 0
11035 0
11035 0
11035 0
11035 0
11035 0
11035 0
11035 0
11035 0
11035 0
11037 0
11037 0
11037 0
11037 0
11037 0
11037 0
11037 0
11037 0
11037 0
11037 0
11037 0
11037 0.94
11037 0
11037 0
11037 0
11037 0
11037 0
11037 0
11037 0
11037 0
11037 0
11037 0
11037 0
11037 0
11037 0
11037 0
11037 0
11037 0
11037 0
11037 0
11037 0
11051 0
11051 0
11051 0
11051 0
11051 0
11051 0
11051 0
11051 0
11051 0
11051 0
11051 0
11051 1.49
11051 0
11051 0
11051 0
11051 0
11051 0
11051 0
11051 0
11051 0
11051 0
11051 0
11051 0
11051 0
11051 0
11051 0
11051 0
11051 0
11051 0
11051 0
11051 0
11056 0
11056 0
11056 0
11056 0
11056 0
11056 0
11056 0
11056 0
11056 0
11056 0
11056 0
11056 1.5
11056 0
11056 0
11056 0
11056 0
11056 0
11056 0
11056 0
11056 0
11056 0
11056 0
11056 0
11056 0
11056 0
11056 0
11056 0
11056 0
11056 0
11056 0
11056 0
11060 0
11060 0
11060 0
11060 0
11060 0
11060 0
11060 0
11060 0
11060 0
11060 0
11060 0
11060 0.93
11060 0
11060 0
11060 0
11060 0
11060 0
11060 0
11060 0
11060 0
11060 0
11060 0
11060 0
11060 0
11060 0
11060 0
11060 0
11060 0
11060 0
11060 0
11060 0
11068 0
11068 0
11068 0
11068 0
11068 0
11068 0
11068 0
11068 0
11068 0
11068 0
11068 0
11068 0.74
11068 0
11068 0
11068 0
11068 0
11068 0
11068 0
11068 0
11068 0
11068 0
11068 0
11068 0
11068 0
11068 0
11068 0
11068 0
11068 0
11068 0
11068 0
11068 0
11122 0
11122 0
11122 0
11122 0
11122 0
11122 0
11122 0
11122 0
11122 0
11122 0
11122 0
11122 0.6
11122 0
11122 0
11122 0
11122 0
11122 0
11122 0
11122 0
11122 0
11122 0
11122 0
11122 0
11122 0
11122 0
11122 0
11122 0
11122 0
11122 0
11122 0
11122 0
11138 0
11138 0
11138 0
11138 0
11138 0
11138 0
11138 0
11138 0
11138 0
11138 0
11138 0
11138 0.65
11138 0
11138 0
11138 0
11138 0
11138 0
11138 0
11138 0
11138 0
11138 0
11138 0
11138 0
11138 0
11138 0
11138 0
11138 0
11138 0
11138 0
11138 0
11138 0
11143 0
11143 0
11143 0
11143 0
11143 0
11143 0
11143 0
11143 0
11143 0
11143 0
11143 0
11143 0.58
11143 0
11143 0
11143 0
11143 0
11143 0
11143 0
11143 0
11143 0
11143 0
11143 0
11143 0
11143 0
11143 0
11143 0
11143 0
11143 0
11143 0
11143 0
11143 0
11146 0
11146 0
11146 0
11146 0
11146 0
11146 0
11146 0
11146 0
11146 0
11146 0
11146 0
11146 0.58
11146 0
11146 0
11146 0
11146 0
11146 0
11146 0
11146 0
11146 0
11146 0
11146 0
11146 0
11146 0
11146 0
11146 0
11146 0
11146 0
11146 0
11146 0
11146 0
11150 0
11150 0
11150 0
11150 0
11150 0
11150 0
11150 0
11150 0
11150 0
11150 0
11150 0
11150 1.47
11150 0
11150 0
11150 0
11150 0
11150 0
11150 0
11150 0
11150 0
11150 0
11150 0
11150 0
11150 0
11150 0
11150 0
11150 0
11150 0
11150 0
11150 0
11150 0
11162 0
11162 0
11162 0
11162 0
11162 0
11162 0
11162 0
11162 0
11162 0
11162 0
11162 0
11162 1.47
11162 0
11162 0
11162 0
11162 0
11162 0
11162 0
11162 0
11162 0
11162 0
11162 0
11162 0
11162 0
11162 0
11162 0
11162 0
11162 0
11162 0
11162 0
11162 0
11169 0
11169 0
11169 0
11169 0
11169 0
11169 0
11169 0
11169 0
11169 0
11169 0
11169 0
11169 0.93
11169 0
11169 0
11169 0
11169 0
11169 0
11169 0
11169 0
11169 0
11169 0
11169 0
11169 0
11169 0
11169 0
11169 0
11169 0
11169 0
11169 0
11169 0
11169 0
11193 0
11193 0
11193 0
11193 0
11193 0
11193 0
11193 0
11193 0
11193 0
11193 0
11193 0
11193 1.48
11193 0
11193 0
11193 0
11193 0
11193 0
11193 0
11193 0
11193 0
11193 0
11193 0
11193 0
11193 0
11193 0
11193 0
11193 0
11193 0
11193 0
11193 0
11193 0
11220 0
11220 0
11220 0
11220 0
11220 0
11220 0
11220 0
11220 0
11220 0
11220 0
11220 0
11220 1.03
11220 0
11220 0
11220 0
11220 0
11220 0
11220 0
11220 0
11220 0
11220 0
11220 0
11220 0
11220 0
11220 0
11220 0
11220 0
11220 0
11220 0
11220 0
11220 0
11242 0
11242 0
11242 0
11242 0
11242 0
11242 0
11242 0
11242 0
11242 0
11242 0
11242 0
11242 1.6
11242 0
11242 0
11242 0
11242 0
11242 0
11242 0
11242 0
11242 0
11242 0
11242 0
11242 0
11242 0
11242 0
11242 0
11242 0
11242 0
11242 0
11242 0
11242 0
11381 0
11381 0
11381 0
11381 0
11381 0
11381 0
11381 0
11381 0
11381 0
11381 0
11381 0
11381 0.94
11381 0
11381 0
11381 0
11381 0
11381 0
11381 0
11381 0
11381 0
11381 0
11381 0
11381 0
11381 0
11381 0
11381 0
11381 0
11381 0
11381 0
11381 0
11381 0
11437 0
11437 0
11437 0
11437 0
11437 0
11437 0
11437 0
11437 0
11437 0
11437 0
11437 0
11437 1.03
11437 0
11437 0
11437 0
11437 0
11437 0
11437 0
11437 0
11437 0
11437 0
11437 0
11437 0
11437 0
11437 0
11437 0
11437 0
11437 0
11437 0
11437 0
11437 0
11492 0
11492 0
11492 0
11492 0
11492 0
11492 0
11492 0
11492 0
11492 0
11492 0
11492 0
11492 0.74
11492 0
11492 0
11492 0
11492 0
11492 0
11492 0
11492 0
11492 0
11492 0
11492 0
11492 0
11492 0
11492 0
11492 0
11492 0
11492 0
11492 0
11492 0
11492 0
11507 0
11507 0
11507 0
11507 0
11507 0
11507 0
11507 0
11507 0
11507 0
11507 0
11507 0
11507 1.48
11507 0
11507 0
11507 0
11507 0
11507 0
11507 0
11507 0
11507 0
11507 0
11507 0
11507 0
11507 0
11507 0
11507 0
11507 0
11507 0
11507 0
11507 0
11507 0
12086 0
12086 0
12086 0
12086 0
12086 0
12086 0
12086 0
12086 0
12086 0
12086 0
12086 0
12086 0.53
12086 0
12086 0
12086 0
12086 0
12086 0
12086 0
12086 0
12086 0
12086 0
12086 0
12086 0
12086 0
12086 0
12086 0
12086 0
12086 0
12086 0
12086 0
12086 0
