pt_graph scale
10015 0
10015 0
10015 0
10015 0
10015 0
10015 0
10015 0
10015 0
10015 0
10015 0
10015 0
10015 526
10015 0
10015 0
10015 0
10015 0
10015 0
10015 0
10015 0
10015 0
10015 0
10015 1
10015 0
10015 0
10015 0
10015 0
10015 0
10015 0
10015 0
10015 0
10015 0
10330 0
10330 0
10330 0
10330 0
10330 0
10330 0
10330 0
10330 0
10330 0
10330 0
10330 0
10330 339
10330 0
10330 0
10330 0
10330 0
10330 0
10330 0
10330 0
10330 0
10330 0
10330 0
10330 0
10330 0
10330 0
10330 0
10330 0
10330 0
10330 0
10330 0
10330 0
10609 0
10609 0
10609 0
10609 0
10609 0
10609 0
10609 0
10609 0
10609 0
10609 0
10609 0
10609 867
10609 0
10609 0
10609 0
10609 0
10609 0
10609 0
10609 0
10609 0
10609 0
10609 0
10609 0
10609 0
10609 0
10609 0
10609 0
10609 0
10609 0
10609 0
10609 0
10867 0
10867 0
10867 0
10867 0
10867 0
10867 0
10867 0
10867 0
10867 0
10867 0
10867 0
10867 600
10867 0
10867 0
10867 0
10867 0
10867 0
10867 0
10867 0
10867 0
10867 0
10867 0
10867 0
10867 0
10867 0
10867 0
10867 0
10867 0
10867 0
10867 0
10867 0
10906 0
10906 0
10906 0
10906 0
10906 0
10906 0
10906 0
10906 0
10906 0
10906 0
10906 0
10906 176
10906 0
10906 0
10906 0
10906 0
10906 0
10906 0
10906 0
10906 0
10906 0
10906 0
10906 0
10906 0
10906 0
10906 0
10906 0
10906 0
10906 0
10906 0
10906 0
10927 0
10927 0
10927 0
10927 0
10927 0
10927 0
10927 0
10927 0
10927 0
10927 0
10927 0
10927 174
10927 0
10927 0
10927 0
10927 0
10927 0
10927 0
10927 0
10927 0
10927 0
10927 0
10927 0
10927 0
10927 0
10927 0
10927 0
10927 0
10927 0
10927 0
10927 0
10964 0
10964 0
10964 0
10964 0
10964 0
10964 0
10964 0
10964 0
10964 0
10964 0
10964 0
10964 51
10964 0
10964 0
10964 0
10964 0
10964 0
10964 0
10964 0
10964 0
10964 0
10964 0
10964 0
10964 0
10964 0
10964 0
10964 0
10964 0
10964 0
10964 0
10964 0
10985 0
10985 0
10985 0
10985 0
10985 0
10985 0
10985 0
10985 0
10985 0
10985 0
10985 0
10985 117
10985 0
10985 0
10985 0
10985 0
10985 0
10985 0
10985 0
10985 0
10985 0
10985 0
10985 0
10985 0
10985 0
10985 0
10985 0
10985 0
10985 0
10985 0
10985 0
10992 0
10992 0
10992 0
10992 0
10992 0
10992 0
10992 0
10992 0
10992 0
10992 0
10992 0
10992 459
10992 0
10992 0
10992 0
10992 0
10992 0
10992 0
10992 0
10992 0
10992 0
10992 0
10992 0
10992 0
10992 0
10992 0
10992 0
10992 0
10992 0
10992 0
10992 0
11008 0
11008 0
11008 0
11008 0
11008 0
11008 0
11008 0
11008 0
11008 0
11008 0
11008 0
11008 108
11008 0
11008 0
11008 0
11008 0
11008 0
11008 0
11008 0
11008 0
11008 0
11008 0
11008 0
11008 0
11008 0
11008 0
11008 0
11008 0
11008 0
11008 0
11008 0
11014 0
11014 0
11014 0
11014 0
11014 0
11014 0
11014 0
11014 0
11014 0
11014 0
11014 0
11014 51
11014 0
11014 0
11014 0
11014 0
11014 0
11014 0
11014 0
11014 0
11014 0
11014 0
11014 0
11014 0
11014 0
11014 0
11014 0
11014 0
11014 0
11014 0
11014 0
11027 0
11027 0
11027 0
11027 0
11027 0
11027 0
11027 0
11027 0
11027 0
11027 0
11027 0
11027 174
11027 0
11027 0
11027 0
11027 0
11027 0
11027 0
11027 0
11027 0
11027 0
11027 0
11027 0
11027 0
11027 0
11027 0
11027 0
11027 0
11027 0
11027 0
11027 0
11028 0
11028 0
11028 0
11028 0
11028 0
11028 0
11028 0
11028 0
11028 0
11028 0
11028 0
11028 225
11028 0
11028 0
11028 0
11028 0
11028 0
11028 0
11028 0
11028 0
11028 0
11028 0
11028 0
11028 0
11028 0
11028 0
11028 0
11028 0
11028 0
11028 0
11028 0
11031 0
11031 0
11031 0
11031 0
11031 0
11031 0
11031 0
11031 0
11031 0
11031 0
11031 0
11031 339
11031 0
11031 0
11031 0
11031 0
11031 0
11031 0
11031 0
11031 0
11031 0
11031 0
11031 0
11031 0
11031 0
11031 0
11031 0
11031 0
11031 0
11031 0
11031 0
11037 0
11037 0
11037 0
11037 0
11037 0
11037 0
11037 0
11037 0
11037 0
11037 0
11037 0
11037 236
11037 0
11037 0
11037 0
11037 0
11037 0
11037 0
11037 0
11037 0
11037 0
11037 0
11037 0
11037 0
11037 0
11037 0
11037 0
11037 0
11037 0
11037 0
11037 0
11039 0
11039 0
11039 0
11039 0
11039 0
11039 0
11039 0
11039 0
11039 0
11039 0
11039 0
11039 345
11039 0
11039 0
11039 0
11039 0
11039 0
11039 0
11039 0
11039 0
11039 0
11039 0
11039 0
11039 0
11039 0
11039 0
11039 0
11039 0
11039 0
11039 0
11039 0
11041 0
11041 0
11041 0
11041 0
11041 0
11041 0
11041 0
11041 0
11041 0
11041 0
11041 0
11041 343
11041 0
11041 0
11041 0
11041 0
11041 0
11041 0
11041 0
11041 0
11041 0
11041 0
11041 0
11041 0
11041 0
11041 0
11041 0
11041 0
11041 0
11041 0
11041 0
11045 0
11045 0
11045 0
11045 0
11045 0
11045 0
11045 0
11045 0
11045 0
11045 0
11045 0
11045 27
11045 0
11045 0
11045 0
11045 0
11045 0
11045 0
11045 0
11045 0
11045 0
11045 0
11045 0
11045 0
11045 0
11045 0
11045 0
11045 0
11045 0
11045 0
11045 0
11046 0
11046 0
11046 0
11046 0
11046 0
11046 0
11046 0
11046 0
11046 0
11046 0
11046 0
11046 339
11046 0
11046 0
11046 0
11046 0
11046 0
11046 0
11046 0
11046 0
11046 0
11046 0
11046 0
11046 0
11046 0
11046 0
11046 0
11046 0
11046 0
11046 0
11046 0
11049 0
11049 0
11049 0
11049 0
11049 0
11049 0
11049 0
11049 0
11049 0
11049 0
11049 0
11049 102
11049 0
11049 0
11049 0
11049 0
11049 0
11049 0
11049 0
11049 0
11049 0
11049 0
11049 0
11049 0
11049 0
11049 0
11049 0
11049 0
11049 0
11049 0
11049 0
11051 0
11051 0
11051 0
11051 0
11051 0
11051 0
11051 0
11051 0
11051 0
11051 0
11051 0
11051 491
11051 0
11051 0
11051 0
11051 0
11051 0
11051 0
11051 0
11051 0
11051 0
11051 1
11051 0
11051 0
11051 0
11051 0
11051 0
11051 0
11051 0
11051 0
11051 0
11054 0
11054 0
11054 0
11054 0
11054 0
11054 0
11054 0
11054 0
11054 0
11054 0
11054 0
11054 105
11054 0
11054 0
11054 0
11054 0
11054 0
11054 0
11054 0
11054 0
11054 0
11054 0
11054 0
11054 0
11054 0
11054 0
11054 0
11054 0
11054 0
11054 0
11054 0
11056 0
11056 0
11056 0
11056 0
11056 0
11056 0
11056 0
11056 0
11056 0
11056 0
11056 0
11056 1360
11056 0
11056 0
11056 0
11056 0
11056 0
11056 0
11056 0
11056 0
11056 0
11056 3
11056 0
11056 0
11056 1
11056 0
11056 0
11056 0
11056 0
11056 0
11056 0
11058 0
11058 0
11058 0
11058 0
11058 0
11058 0
11058 0
11058 0
11058 0
11058 0
11058 0
11058 105
11058 0
11058 0
11058 0
11058 0
11058 0
11058 0
11058 0
11058 0
11058 0
11058 0
11058 0
11058 0
11058 0
11058 0
11058 0
11058 0
11058 0
11058 0
11058 0
11060 0
11060 0
11060 0
11060 0
11060 0
11060 0
11060 0
11060 0
11060 0
11060 0
11060 0
11060 612
11060 0
11060 0
11060 0
11060 0
11060 0
11060 0
11060 0
11060 0
11060 0
11060 1
11060 0
11060 0
11060 0
11060 0
11060 0
11060 0
11060 0
11060 0
11060 0
11068 0
11068 0
11068 0
11068 0
11068 0
11068 0
11068 0
11068 0
11068 0
11068 0
11068 0
11068 592
11068 0
11068 0
11068 0
11068 0
11068 0
11068 0
11068 0
11068 0
11068 0
11068 1
11068 0
11068 0
11068 0
11068 0
11068 0
11068 0
11068 0
11068 0
11068 0
11122 0
11122 0
11122 0
11122 0
11122 0
11122 0
11122 0
11122 0
11122 0
11122 0
11122 0
11122 149
11122 0
11122 0
11122 0
11122 0
11122 0
11122 0
11122 0
11122 0
11122 0
11122 3
11122 0
11122 0
11122 2
11122 0
11122 0
11122 0
11122 0
11122 0
11122 0
11193 0
11193 0
11193 0
11193 0
11193 0
11193 0
11193 0
11193 0
11193 0
11193 0
11193 0
11193 155
11193 0
11193 0
11193 0
11193 0
11193 0
11193 0
11193 0
11193 0
11193 0
11193 0
11193 0
11193 0
11193 0
11193 0
11193 0
11193 0
11193 0
11193 0
11193 0
11204 0
11204 0
11204 0
11204 0
11204 0
11204 0
11204 0
11204 0
11204 0
11204 0
11204 0
11204 96
11204 0
11204 0
11204 0
11204 0
11204 0
11204 0
11204 0
11204 0
11204 0
11204 0
11204 0
11204 0
11204 0
11204 0
11204 0
11204 0
11204 0
11204 0
11204 0
11242 0
11242 0
11242 0
11242 0
11242 0
11242 0
11242 0
11242 0
11242 0
11242 0
11242 0
11242 260
11242 0
11242 0
11242 0
11242 0
11242 0
11242 0
11242 0
11242 0
11242 0
11242 0
11242 0
11242 0
11242 0
11242 0
11242 0
11242 0
11242 0
11242 0
11242 0
12086 0
12086 0
12086 0
12086 0
12086 0
12086 0
12086 0
12086 0
12086 0
12086 0
12086 0
12086 37
12086 0
12086 0
12086 0
12086 0
12086 0
12086 0
12086 0
12086 0
12086 0
12086 1
12086 0
12086 0
12086 0
12086 0
12086 0
12086 0
12086 0
12086 0
12086 0
