pt_graph cpue_kghour
8870 0
8870 0
8870 0
8870 0
8870 0
8870 0
8870 0
8870 0
8870 0
8870 0
8870 1375
8870 0
8870 0
8870 0
8870 0
8870 0
8870 0
8870 0
8870 0
8870 0
8870 0
8870 0
8870 0
8870 0
8870 0
8870 0
8870 0
8870 0
8870 0
8870 0
8870 0
8966 0
8966 0
8966 0
8966 0
8966 0
8966 0
8966 0
8966 0
8966 0
8966 0
8966 1375
8966 0
8966 0
8966 0
8966 0
8966 0
8966 0
8966 0
8966 0
8966 0
8966 0
8966 0
8966 0
8966 0
8966 0
8966 0
8966 0
8966 0
8966 0
8966 0
8966 0
9022 0
9022 0
9022 0
9022 0
9022 0
9022 0
9022 0
9022 0
9022 0
9022 0
9022 902
9022 0
9022 0
9022 0
9022 5
9022 0
9022 0
9022 0
9022 0
9022 0
9022 0
9022 0
9022 0
9022 0
9022 0
9022 0
9022 0
9022 0
9022 0
9022 0
9022 0
9089 0
9089 0
9089 0
9089 0
9089 0
9089 0
9089 0
9089 0
9089 0
9089 0
9089 1375
9089 0
9089 0
9089 0
9089 0
9089 0
9089 0
9089 0
9089 0
9089 0
9089 0
9089 0
9089 0
9089 0
9089 0
9089 0
9089 0
9089 0
9089 0
9089 0
9089 0
9100 0
9100 0
9100 0
9100 0
9100 0
9100 0
9100 0
9100 0
9100 0
9100 0
9100 320
9100 0
9100 0
9100 0
9100 2
9100 0
9100 0
9100 0
9100 0
9100 0
9100 0
9100 0
9100 0
9100 0
9100 0
9100 0
9100 0
9100 0
9100 0
9100 0
9100 0
9102 0
9102 0
9102 0
9102 0
9102 0
9102 0
9102 0
9102 0
9102 0
9102 0
9102 331
9102 0
9102 0
9102 0
9102 2
9102 0
9102 0
9102 0
9102 0
9102 0
9102 0
9102 0
9102 0
9102 0
9102 0
9102 0
9102 0
9102 0
9102 0
9102 0
9102 0
9112 0
9112 0
9112 0
9112 0
9112 0
9112 0
9112 0
9112 0
9112 0
9112 0
9112 331
9112 0
9112 0
9112 0
9112 2
9112 0
9112 0
9112 0
9112 0
9112 0
9112 0
9112 0
9112 0
9112 0
9112 0
9112 0
9112 0
9112 0
9112 0
9112 0
9112 0
9129 0
9129 0
9129 0
9129 0
9129 0
9129 0
9129 0
9129 0
9129 0
9129 0
9129 331
9129 0
9129 0
9129 0
9129 2
9129 0
9129 0
9129 0
9129 0
9129 0
9129 0
9129 0
9129 0
9129 0
9129 0
9129 0
9129 0
9129 0
9129 0
9129 0
9129 0
9151 0
9151 0
9151 0
9151 0
9151 0
9151 0
9151 0
9151 0
9151 0
9151 0
9151 1375
9151 0
9151 0
9151 0
9151 0
9151 0
9151 0
9151 0
9151 0
9151 0
9151 0
9151 0
9151 0
9151 0
9151 0
9151 0
9151 0
9151 0
9151 0
9151 0
9151 0
9201 0
9201 0
9201 0
9201 0
9201 0
9201 0
9201 0
9201 0
9201 0
9201 0
9201 331
9201 0
9201 0
9201 0
9201 2
9201 0
9201 0
9201 0
9201 0
9201 0
9201 0
9201 0
9201 0
9201 0
9201 0
9201 0
9201 0
9201 0
9201 0
9201 0
9201 0
9207 0
9207 0
9207 0
9207 0
9207 0
9207 0
9207 0
9207 0
9207 0
9207 0
9207 640
9207 0
9207 0
9207 0
9207 3
9207 0
9207 0
9207 0
9207 0
9207 0
9207 0
9207 0
9207 0
9207 0
9207 0
9207 0
9207 0
9207 0
9207 0
9207 0
9207 0
9239 0
9239 0
9239 0
9239 0
9239 0
9239 0
9239 0
9239 0
9239 0
9239 0
9239 331
9239 0
9239 0
9239 0
9239 2
9239 0
9239 0
9239 0
9239 0
9239 0
9239 0
9239 0
9239 0
9239 0
9239 0
9239 0
9239 0
9239 0
9239 0
9239 0
9239 0
9354 0
9354 0
9354 0
9354 0
9354 0
9354 0
9354 0
9354 0
9354 0
9354 0
9354 331
9354 0
9354 0
9354 0
9354 2
9354 0
9354 0
9354 0
9354 0
9354 0
9354 0
9354 0
9354 0
9354 0
9354 0
9354 0
9354 0
9354 0
9354 0
9354 0
9354 0
9366 0
9366 0
9366 0
9366 0
9366 0
9366 0
9366 0
9366 0
9366 0
9366 0
9366 343
9366 0
9366 0
9366 0
9366 8
9366 0
9366 0
9366 0
9366 0
9366 0
9366 0
9366 0
9366 0
9366 0
9366 4
9366 0
9366 0
9366 0
9366 0
9366 0
9366 0
9411 0
9411 0
9411 0
9411 0
9411 0
9411 0
9411 0
9411 0
9411 0
9411 0
9411 343
9411 0
9411 0
9411 0
9411 8
9411 0
9411 0
9411 0
9411 0
9411 0
9411 0
9411 0
9411 0
9411 0
9411 4
9411 0
9411 0
9411 0
9411 0
9411 0
9411 0
9485 0
9485 0
9485 0
9485 0
9485 0
9485 0
9485 0
9485 0
9485 0
9485 0
9485 331
9485 0
9485 0
9485 0
9485 2
9485 0
9485 0
9485 0
9485 0
9485 0
9485 0
9485 0
9485 0
9485 0
9485 0
9485 0
9485 0
9485 0
9485 0
9485 0
9485 0
9536 0
9536 0
9536 0
9536 0
9536 0
9536 0
9536 0
9536 0
9536 0
9536 0
9536 343
9536 0
9536 0
9536 0
9536 8
9536 0
9536 0
9536 0
9536 0
9536 0
9536 0
9536 0
9536 0
9536 0
9536 4
9536 0
9536 0
9536 0
9536 0
9536 0
9536 0
9584 0
9584 0
9584 0
9584 0
9584 0
9584 0
9584 0
9584 0
9584 0
9584 0
9584 827
9584 0
9584 0
9584 0
9584 4
9584 0
9584 0
9584 0
9584 0
9584 0
9584 0
9584 0
9584 0
9584 0
9584 0
9584 0
9584 0
9584 0
9584 0
9584 0
9584 0
9614 0
9614 0
9614 0
9614 0
9614 0
9614 0
9614 0
9614 0
9614 0
9614 0
9614 343
9614 0
9614 0
9614 0
9614 8
9614 0
9614 0
9614 0
9614 0
9614 0
9614 0
9614 0
9614 0
9614 0
9614 4
9614 0
9614 0
9614 0
9614 0
9614 0
9614 0
9643 0
9643 0
9643 0
9643 0
9643 0
9643 0
9643 0
9643 0
9643 0
9643 0
9643 332
9643 0
9643 0
9643 0
9643 8
9643 0
9643 0
9643 0
9643 0
9643 0
9643 0
9643 0
9643 0
9643 0
9643 4
9643 0
9643 0
9643 0
9643 0
9643 0
9643 0
9644 0
9644 0
9644 0
9644 0
9644 0
9644 0
9644 0
9644 0
9644 0
9644 0
9644 343
9644 0
9644 0
9644 0
9644 8
9644 0
9644 0
9644 0
9644 0
9644 0
9644 0
9644 0
9644 0
9644 0
9644 4
9644 0
9644 0
9644 0
9644 0
9644 0
9644 0
9656 0
9656 0
9656 0
9656 0
9656 0
9656 0
9656 0
9656 0
9656 0
9656 0
9656 343
9656 0
9656 0
9656 0
9656 8
9656 0
9656 0
9656 0
9656 0
9656 0
9656 0
9656 0
9656 0
9656 0
9656 4
9656 0
9656 0
9656 0
9656 0
9656 0
9656 0
9693 0
9693 0
9693 0
9693 0
9693 0
9693 0
9693 0
9693 0
9693 0
9693 0
9693 205
9693 0
9693 0
9693 0
9693 1
9693 0
9693 0
9693 0
9693 0
9693 0
9693 0
9693 0
9693 0
9693 0
9693 0
9693 0
9693 0
9693 0
9693 0
9693 0
9693 0
9855 0
9855 0
9855 0
9855 0
9855 0
9855 0
9855 0
9855 0
9855 0
9855 0
9855 307
9855 0
9855 0
9855 0
9855 1
9855 0
9855 0
9855 0
9855 0
9855 0
9855 0
9855 0
9855 0
9855 0
9855 0
9855 0
9855 0
9855 0
9855 0
9855 0
9855 0
9979 0
9979 0
9979 0
9979 0
9979 0
9979 0
9979 0
9979 0
9979 0
9979 0
9979 307
9979 0
9979 0
9979 0
9979 1
9979 0
9979 0
9979 0
9979 0
9979 0
9979 0
9979 0
9979 0
9979 0
9979 0
9979 0
9979 0
9979 0
9979 0
9979 0
9979 0
9993 0
9993 0
9993 0
9993 0
9993 0
9993 0
9993 0
9993 0
9993 0
9993 0
9993 286
9993 0
9993 0
9993 0
9993 0
9993 0
9993 0
9993 0
9993 0
9993 0
9993 0
9993 0
9993 0
9993 0
9993 3
9993 0
9993 0
9993 1
9993 0
9993 0
9993 0
10016 0
10016 0
10016 0
10016 0
10016 0
10016 0
10016 0
10016 0
10016 0
10016 0
10016 0
10016 286
10016 0
10016 0
10016 0
10016 0
10016 0
10016 0
10016 0
10016 0
10016 0
10016 0
10016 0
10016 0
10016 3
10016 0
10016 0
10016 1
10016 0
10016 0
10016 0
10017 0
10017 0
10017 0
10017 0
10017 0
10017 0
10017 0
10017 0
10017 0
10017 0
10017 0
10017 286
10017 0
10017 0
10017 0
10017 0
10017 0
10017 0
10017 0
10017 0
10017 0
10017 0
10017 0
10017 0
10017 3
10017 0
10017 0
10017 1
10017 0
10017 0
10017 0
10033 0
10033 0
10033 0
10033 0
10033 0
10033 0
10033 0
10033 0
10033 0
10033 0
10033 307
10033 0
10033 0
10033 0
10033 1
10033 0
10033 0
10033 0
10033 0
10033 0
10033 0
10033 0
10033 0
10033 0
10033 0
10033 0
10033 0
10033 0
10033 0
10033 0
10033 0
10055 0
10055 0
10055 0
10055 0
10055 0
10055 0
10055 0
10055 0
10055 0
10055 0
10055 394
10055 0
10055 0
10055 0
10055 0
10055 0
10055 0
10055 0
10055 0
10055 0
10055 0
10055 0
10055 0
10055 0
10055 0
10055 0
10055 0
10055 0
10055 0
10055 0
10055 0
10085 0
10085 0
10085 0
10085 0
10085 0
10085 0
10085 0
10085 0
10085 0
10085 0
10085 498
10085 0
10085 0
10085 0
10085 0
10085 0
10085 0
10085 0
10085 0
10085 0
10085 0
10085 0
10085 0
10085 0
10085 7
10085 0
10085 0
10085 1
10085 0
10085 0
10085 0
10164 0
10164 0
10164 0
10164 0
10164 0
10164 0
10164 0
10164 0
10164 0
10164 0
10164 302
10164 0
10164 0
10164 0
10164 1
10164 0
10164 0
10164 0
10164 0
10164 0
10164 0
10164 0
10164 0
10164 0
10164 0
10164 0
10164 0
10164 0
10164 0
10164 0
10164 0
10176 0
10176 0
10176 0
10176 0
10176 0
10176 0
10176 0
10176 0
10176 0
10176 0
10176 347
10176 0
10176 0
10176 0
10176 0
10176 0
10176 0
10176 0
10176 0
10176 0
10176 0
10176 0
10176 0
10176 0
10176 2
10176 0
10176 0
10176 1
10176 0
10176 0
10176 0
10212 0
10212 0
10212 0
10212 0
10212 0
10212 0
10212 0
10212 0
10212 0
10212 0
10212 720
10212 0
10212 0
10212 0
10212 0
10212 0
10212 0
10212 0
10212 0
10212 0
10212 0
10212 0
10212 0
10212 0
10212 11
10212 0
10212 0
10212 1
10212 0
10212 0
10212 0
10327 0
10327 0
10327 0
10327 0
10327 0
10327 0
10327 0
10327 0
10327 0
10327 0
10327 0
10327 362
10327 0
10327 0
10327 0
10327 0
10327 0
10327 0
10327 0
10327 0
10327 0
10327 0
10327 0
10327 0
10327 1
10327 0
10327 0
10327 1
10327 0
10327 0
10327 0
10328 0
10328 0
10328 0
10328 0
10328 0
10328 0
10328 0
10328 0
10328 0
10328 0
10328 0
10328 635
10328 0
10328 0
10328 0
10328 0
10328 0
10328 0
10328 0
10328 0
10328 0
10328 0
10328 0
10328 0
10328 8
10328 0
10328 0
10328 1
10328 0
10328 0
10328 0
10330 0
10330 0
10330 0
10330 0
10330 0
10330 0
10330 0
10330 0
10330 0
10330 0
10330 0
10330 224
10330 0
10330 0
10330 0
10330 0
10330 0
10330 0
10330 0
10330 0
10330 0
10330 0
10330 0
10330 0
10330 1
10330 0
10330 0
10330 0
10330 0
10330 0
10330 0
10513 0
10513 0
10513 0
10513 0
10513 0
10513 0
10513 0
10513 0
10513 0
10513 0
10513 1375
10513 0
10513 0
10513 0
10513 0
10513 0
10513 0
10513 0
10513 0
10513 0
10513 0
10513 0
10513 0
10513 0
10513 0
10513 0
10513 0
10513 0
10513 0
10513 0
10513 0
10603 0
10603 0
10603 0
10603 0
10603 0
10603 0
10603 0
10603 0
10603 0
10603 0
10603 0
10603 280
10603 0
10603 0
10603 0
10603 0
10603 0
10603 0
10603 0
10603 0
10603 0
10603 0
10603 0
10603 0
10603 2
10603 0
10603 0
10603 0
10603 0
10603 0
10603 0
10607 0
10607 0
10607 0
10607 0
10607 0
10607 0
10607 0
10607 0
10607 0
10607 0
10607 0
10607 429
10607 0
10607 0
10607 0
10607 0
10607 0
10607 0
10607 0
10607 0
10607 0
10607 0
10607 0
10607 0
10607 0
10607 0
10607 0
10607 0
10607 0
10607 0
10607 0
10609 0
10609 0
10609 0
10609 0
10609 0
10609 0
10609 0
10609 0
10609 0
10609 0
10609 0
10609 331
10609 0
10609 0
10609 0
10609 0
10609 0
10609 0
10609 0
10609 0
10609 0
10609 0
10609 0
10609 0
10609 3
10609 0
10609 0
10609 0
10609 0
10609 0
10609 0
10612 0
10612 0
10612 0
10612 0
10612 0
10612 0
10612 0
10612 0
10612 0
10612 0
10612 1375
10612 0
10612 0
10612 0
10612 0
10612 0
10612 0
10612 0
10612 0
10612 0
10612 0
10612 0
10612 0
10612 0
10612 0
10612 0
10612 0
10612 0
10612 0
10612 0
10612 0
10711 0
10711 0
10711 0
10711 0
10711 0
10711 0
10711 0
10711 0
10711 0
10711 0
10711 1331
10711 0
10711 0
10711 0
10711 0
10711 0
10711 0
10711 0
10711 0
10711 0
10711 0
10711 0
10711 0
10711 0
10711 0
10711 0
10711 0
10711 0
10711 0
10711 0
10711 0
10844 0
10844 0
10844 0
10844 0
10844 0
10844 0
10844 0
10844 0
10844 0
10844 0
10844 505
10844 0
10844 0
10844 0
10844 0
10844 0
10844 0
10844 0
10844 0
10844 0
10844 0
10844 0
10844 0
10844 0
10844 3
10844 0
10844 0
10844 0
10844 0
10844 0
10844 0
10850 0
10850 0
10850 0
10850 0
10850 0
10850 0
10850 0
10850 0
10850 0
10850 0
10850 489
10850 0
10850 0
10850 0
10850 0
10850 0
10850 0
10850 0
10850 0
10850 0
10850 0
10850 0
10850 0
10850 0
10850 3
10850 0
10850 0
10850 0
10850 0
10850 0
10850 0
10854 0
10854 0
10854 0
10854 0
10854 0
10854 0
10854 0
10854 0
10854 0
10854 0
10854 1375
10854 0
10854 0
10854 0
10854 0
10854 0
10854 0
10854 0
10854 0
10854 0
10854 0
10854 0
10854 0
10854 0
10854 0
10854 0
10854 0
10854 0
10854 0
10854 0
10854 0
10861 0
10861 0
10861 0
10861 0
10861 0
10861 0
10861 0
10861 0
10861 0
10861 0
10861 505
10861 0
10861 0
10861 0
10861 0
10861 0
10861 0
10861 0
10861 0
10861 0
10861 0
10861 0
10861 0
10861 0
10861 3
10861 0
10861 0
10861 0
10861 0
10861 0
10861 0
10867 0
10867 0
10867 0
10867 0
10867 0
10867 0
10867 0
10867 0
10867 0
10867 0
10867 0
10867 430
10867 0
10867 0
10867 0
10867 0
10867 0
10867 0
10867 0
10867 0
10867 0
10867 0
10867 0
10867 0
10867 4
10867 0
10867 0
10867 0
10867 0
10867 0
10867 0
10880 0
10880 0
10880 0
10880 0
10880 0
10880 0
10880 0
10880 0
10880 0
10880 0
10880 0
10880 660
10880 0
10880 0
10880 0
10880 0
10880 0
10880 0
10880 0
10880 0
10880 0
10880 0
10880 0
10880 0
10880 0
10880 0
10880 0
10880 0
10880 0
10880 0
10880 0
10883 0
10883 0
10883 0
10883 0
10883 0
10883 0
10883 0
10883 0
10883 0
10883 0
10883 0
10883 502
10883 0
10883 0
10883 0
10883 0
10883 0
10883 0
10883 0
10883 0
10883 0
10883 0
10883 0
10883 0
10883 3
10883 0
10883 0
10883 0
10883 0
10883 0
10883 0
10891 0
10891 0
10891 0
10891 0
10891 0
10891 0
10891 0
10891 0
10891 0
10891 0
10891 0
10891 649
10891 0
10891 0
10891 0
10891 0
10891 0
10891 0
10891 0
10891 0
10891 0
10891 0
10891 0
10891 0
10891 0
10891 0
10891 0
10891 0
10891 0
10891 0
10891 0
10897 0
10897 0
10897 0
10897 0
10897 0
10897 0
10897 0
10897 0
10897 0
10897 0
10897 0
10897 406
10897 0
10897 0
10897 0
10897 0
10897 0
10897 0
10897 0
10897 0
10897 0
10897 0
10897 0
10897 0
10897 0
10897 0
10897 0
10897 0
10897 0
10897 0
10897 0
10902 0
10902 0
10902 0
10902 0
10902 0
10902 0
10902 0
10902 0
10902 0
10902 0
10902 0
10902 434
10902 0
10902 0
10902 0
10902 0
10902 0
10902 0
10902 0
10902 0
10902 0
10902 0
10902 0
10902 0
10902 0
10902 0
10902 0
10902 0
10902 0
10902 0
10902 0
10905 0
10905 0
10905 0
10905 0
10905 0
10905 0
10905 0
10905 0
10905 0
10905 0
10905 0
10905 618
10905 0
10905 0
10905 0
10905 0
10905 0
10905 0
10905 0
10905 0
10905 0
10905 0
10905 0
10905 0
10905 1
10905 0
10905 0
10905 0
10905 0
10905 0
10905 0
10909 0
10909 0
10909 0
10909 0
10909 0
10909 0
10909 0
10909 0
10909 0
10909 0
10909 0
10909 513
10909 0
10909 0
10909 0
10909 0
10909 0
10909 0
10909 0
10909 0
10909 0
10909 0
10909 0
10909 0
10909 0
10909 0
10909 0
10909 0
10909 0
10909 0
10909 0
10913 0
10913 0
10913 0
10913 0
10913 0
10913 0
10913 0
10913 0
10913 0
10913 0
10913 0
10913 436
10913 0
10913 0
10913 0
10913 0
10913 0
10913 0
10913 0
10913 0
10913 0
10913 0
10913 0
10913 0
10913 0
10913 0
10913 0
10913 0
10913 0
10913 0
10913 0
10916 0
10916 0
10916 0
10916 0
10916 0
10916 0
10916 0
10916 0
10916 0
10916 0
10916 0
10916 472
10916 0
10916 0
10916 0
10916 0
10916 0
10916 0
10916 0
10916 0
10916 0
10916 0
10916 0
10916 0
10916 0
10916 0
10916 0
10916 0
10916 0
10916 0
10916 0
10918 0
10918 0
10918 0
10918 0
10918 0
10918 0
10918 0
10918 0
10918 0
10918 0
10918 0
10918 436
10918 0
10918 0
10918 0
10918 0
10918 0
10918 0
10918 0
10918 0
10918 0
10918 0
10918 0
10918 0
10918 0
10918 0
10918 0
10918 0
10918 0
10918 0
10918 0
10920 0
10920 0
10920 0
10920 0
10920 0
10920 0
10920 0
10920 0
10920 0
10920 0
10920 0
10920 745
10920 0
10920 0
10920 0
10920 0
10920 0
10920 0
10920 0
10920 0
10920 0
10920 0
10920 0
10920 0
10920 0
10920 0
10920 0
10920 0
10920 0
10920 0
10920 0
10924 0
10924 0
10924 0
10924 0
10924 0
10924 0
10924 0
10924 0
10924 0
10924 0
10924 0
10924 530
10924 0
10924 0
10924 0
10924 0
10924 0
10924 0
10924 0
10924 0
10924 0
10924 0
10924 0
10924 0
10924 0
10924 0
10924 0
10924 0
10924 0
10924 0
10924 0
10926 0
10926 0
10926 0
10926 0
10926 0
10926 0
10926 0
10926 0
10926 0
10926 0
10926 0
10926 341
10926 0
10926 0
10926 0
10926 0
10926 0
10926 0
10926 0
10926 0
10926 0
10926 0
10926 0
10926 0
10926 0
10926 0
10926 0
10926 0
10926 0
10926 0
10926 0
10929 0
10929 0
10929 0
10929 0
10929 0
10929 0
10929 0
10929 0
10929 0
10929 0
10929 0
10929 406
10929 0
10929 0
10929 0
10929 0
10929 0
10929 0
10929 0
10929 0
10929 0
10929 0
10929 0
10929 0
10929 0
10929 0
10929 0
10929 0
10929 0
10929 0
10929 0
10930 0
10930 0
10930 0
10930 0
10930 0
10930 0
10930 0
10930 0
10930 0
10930 0
10930 0
10930 436
10930 0
10930 0
10930 0
10930 0
10930 0
10930 0
10930 0
10930 0
10930 0
10930 0
10930 0
10930 0
10930 0
10930 0
10930 0
10930 0
10930 0
10930 0
10930 0
10934 0
10934 0
10934 0
10934 0
10934 0
10934 0
10934 0
10934 0
10934 0
10934 0
10934 0
10934 198
10934 0
10934 0
10934 0
10934 0
10934 0
10934 0
10934 0
10934 0
10934 0
10934 0
10934 0
10934 0
10934 0
10934 0
10934 0
10934 0
10934 0
10934 0
10934 0
10935 0
10935 0
10935 0
10935 0
10935 0
10935 0
10935 0
10935 0
10935 0
10935 0
10935 0
10935 548
10935 0
10935 0
10935 0
10935 0
10935 0
10935 0
10935 0
10935 0
10935 0
10935 0
10935 0
10935 0
10935 0
10935 0
10935 0
10935 0
10935 0
10935 0
10935 0
10936 0
10936 0
10936 0
10936 0
10936 0
10936 0
10936 0
10936 0
10936 0
10936 0
10936 0
10936 1319
10936 0
10936 0
10936 0
10936 0
10936 0
10936 0
10936 0
10936 0
10936 0
10936 0
10936 0
10936 0
10936 0
10936 0
10936 0
10936 0
10936 0
10936 0
10936 0
10940 0
10940 0
10940 0
10940 0
10940 0
10940 0
10940 0
10940 0
10940 0
10940 0
10940 0
10940 436
10940 0
10940 0
10940 0
10940 0
10940 0
10940 0
10940 0
10940 0
10940 0
10940 0
10940 0
10940 0
10940 0
10940 0
10940 0
10940 0
10940 0
10940 0
10940 0
10943 0
10943 0
10943 0
10943 0
10943 0
10943 0
10943 0
10943 0
10943 0
10943 0
10943 0
10943 475
10943 0
10943 0
10943 0
10943 0
10943 0
10943 0
10943 0
10943 0
10943 0
10943 0
10943 0
10943 0
10943 0
10943 0
10943 0
10943 0
10943 0
10943 0
10943 0
10953 0
10953 0
10953 0
10953 0
10953 0
10953 0
10953 0
10953 0
10953 0
10953 0
10953 0
10953 442
10953 0
10953 0
10953 0
10953 0
10953 0
10953 0
10953 0
10953 0
10953 0
10953 0
10953 0
10953 0
10953 0
10953 0
10953 0
10953 0
10953 0
10953 0
10953 0
10955 0
10955 0
10955 0
10955 0
10955 0
10955 0
10955 0
10955 0
10955 0
10955 0
10955 0
10955 362
10955 0
10955 0
10955 0
10955 0
10955 0
10955 0
10955 0
10955 0
10955 0
10955 0
10955 0
10955 0
10955 0
10955 0
10955 0
10955 0
10955 0
10955 0
10955 0
10959 0
10959 0
10959 0
10959 0
10959 0
10959 0
10959 0
10959 0
10959 0
10959 0
10959 0
10959 396
10959 0
10959 0
10959 0
10959 0
10959 0
10959 0
10959 0
10959 0
10959 0
10959 0
10959 0
10959 0
10959 0
10959 0
10959 0
10959 0
10959 0
10959 0
10959 0
10961 0
10961 0
10961 0
10961 0
10961 0
10961 0
10961 0
10961 0
10961 0
10961 0
10961 0
10961 476
10961 0
10961 0
10961 0
10961 0
10961 0
10961 0
10961 0
10961 0
10961 0
10961 0
10961 0
10961 0
10961 0
10961 0
10961 0
10961 0
10961 0
10961 0
10961 0
10962 0
10962 0
10962 0
10962 0
10962 0
10962 0
10962 0
10962 0
10962 0
10962 0
10962 0
10962 409
10962 0
10962 0
10962 0
10962 0
10962 0
10962 0
10962 0
10962 0
10962 0
10962 0
10962 0
10962 0
10962 0
10962 0
10962 0
10962 0
10962 0
10962 0
10962 0
10963 0
10963 0
10963 0
10963 0
10963 0
10963 0
10963 0
10963 0
10963 0
10963 0
10963 0
10963 447
10963 0
10963 0
10963 0
10963 0
10963 0
10963 0
10963 0
10963 0
10963 0
10963 0
10963 0
10963 0
10963 0
10963 0
10963 0
10963 0
10963 0
10963 0
10963 0
10968 0
10968 0
10968 0
10968 0
10968 0
10968 0
10968 0
10968 0
10968 0
10968 0
10968 0
10968 435
10968 0
10968 0
10968 0
10968 0
10968 0
10968 0
10968 0
10968 0
10968 0
10968 0
10968 0
10968 0
10968 0
10968 0
10968 0
10968 0
10968 0
10968 0
10968 0
10976 0
10976 0
10976 0
10976 0
10976 0
10976 0
10976 0
10976 0
10976 0
10976 0
10976 0
10976 638
10976 0
10976 0
10976 0
10976 0
10976 0
10976 0
10976 0
10976 0
10976 0
10976 0
10976 0
10976 0
10976 0
10976 0
10976 0
10976 0
10976 0
10976 0
10976 0
10986 0
10986 0
10986 0
10986 0
10986 0
10986 0
10986 0
10986 0
10986 0
10986 0
10986 0
10986 619
10986 0
10986 0
10986 0
10986 0
10986 0
10986 0
10986 0
10986 0
10986 0
10986 0
10986 0
10986 0
10986 0
10986 0
10986 0
10986 0
10986 0
10986 0
10986 0
10988 0
10988 0
10988 0
10988 0
10988 0
10988 0
10988 0
10988 0
10988 0
10988 0
10988 0
10988 446
10988 0
10988 0
10988 0
10988 0
10988 0
10988 0
10988 0
10988 0
10988 0
10988 0
10988 0
10988 0
10988 0
10988 0
10988 0
10988 0
10988 0
10988 0
10988 0
10989 0
10989 0
10989 0
10989 0
10989 0
10989 0
10989 0
10989 0
10989 0
10989 0
10989 0
10989 394
10989 0
10989 0
10989 0
10989 0
10989 0
10989 0
10989 0
10989 0
10989 0
10989 0
10989 0
10989 0
10989 0
10989 0
10989 0
10989 0
10989 0
10989 0
10989 0
10992 0
10992 0
10992 0
10992 0
10992 0
10992 0
10992 0
10992 0
10992 0
10992 0
10992 0
10992 2
10992 0
10992 0
10992 0
10992 0
10992 0
10992 0
10992 0
10992 0
10992 0
10992 0
10992 0
10992 0
10992 0
10992 0
10992 0
10992 0
10992 0
10992 0
10992 0
10993 0
10993 0
10993 0
10993 0
10993 0
10993 0
10993 0
10993 0
10993 0
10993 0
10993 0
10993 397
10993 0
10993 0
10993 0
10993 0
10993 0
10993 0
10993 0
10993 0
10993 0
10993 0
10993 0
10993 0
10993 0
10993 0
10993 0
10993 0
10993 0
10993 0
10993 0
10994 0
10994 0
10994 0
10994 0
10994 0
10994 0
10994 0
10994 0
10994 0
10994 0
10994 0
10994 472
10994 0
10994 0
10994 0
10994 0
10994 0
10994 0
10994 0
10994 0
10994 0
10994 0
10994 0
10994 0
10994 0
10994 0
10994 0
10994 0
10994 0
10994 0
10994 0
11008 0
11008 0
11008 0
11008 0
11008 0
11008 0
11008 0
11008 0
11008 0
11008 0
11008 0
11008 605
11008 0
11008 0
11008 0
11008 0
11008 0
11008 0
11008 0
11008 0
11008 0
11008 0
11008 0
11008 0
11008 0
11008 0
11008 0
11008 0
11008 0
11008 0
11008 0
11027 0
11027 0
11027 0
11027 0
11027 0
11027 0
11027 0
11027 0
11027 0
11027 0
11027 0
11027 2
11027 0
11027 0
11027 0
11027 0
11027 0
11027 0
11027 0
11027 0
11027 0
11027 0
11027 0
11027 0
11027 0
11027 0
11027 0
11027 0
11027 0
11027 0
11027 0
11030 0
11030 0
11030 0
11030 0
11030 0
11030 0
11030 0
11030 0
11030 0
11030 0
11030 0
11030 520
11030 0
11030 0
11030 0
11030 0
11030 0
11030 0
11030 0
11030 0
11030 0
11030 11
11030 0
11030 0
11030 0
11030 0
11030 0
11030 0
11030 0
11030 0
11030 0
11032 0
11032 0
11032 0
11032 0
11032 0
11032 0
11032 0
11032 0
11032 0
11032 0
11032 0
11032 520
11032 0
11032 0
11032 0
11032 0
11032 0
11032 0
11032 0
11032 0
11032 0
11032 11
11032 0
11032 0
11032 0
11032 0
11032 0
11032 0
11032 0
11032 0
11032 0
11037 0
11037 0
11037 0
11037 0
11037 0
11037 0
11037 0
11037 0
11037 0
11037 0
11037 0
11037 503
11037 0
11037 0
11037 0
11037 0
11037 0
11037 0
11037 0
11037 0
11037 0
11037 11
11037 0
11037 0
11037 0
11037 0
11037 0
11037 0
11037 0
11037 0
11037 0
11045 0
11045 0
11045 0
11045 0
11045 0
11045 0
11045 0
11045 0
11045 0
11045 0
11045 0
11045 458
11045 0
11045 0
11045 0
11045 0
11045 0
11045 0
11045 0
11045 0
11045 0
11045 0
11045 0
11045 0
11045 0
11045 0
11045 0
11045 0
11045 0
11045 0
11045 0
11051 0
11051 0
11051 0
11051 0
11051 0
11051 0
11051 0
11051 0
11051 0
11051 0
11051 0
11051 460
11051 0
11051 0
11051 0
11051 0
11051 0
11051 0
11051 0
11051 0
11051 0
11051 1
11051 0
11051 0
11051 0
11051 0
11051 0
11051 0
11051 0
11051 0
11051 0
11056 0
11056 0
11056 0
11056 0
11056 0
11056 0
11056 0
11056 0
11056 0
11056 0
11056 0
11056 462
11056 0
11056 0
11056 0
11056 0
11056 0
11056 0
11056 0
11056 0
11056 0
11056 2
11056 0
11056 0
11056 0
11056 0
11056 0
11056 0
11056 0
11056 0
11056 0
11060 0
11060 0
11060 0
11060 0
11060 0
11060 0
11060 0
11060 0
11060 0
11060 0
11060 0
11060 370
11060 0
11060 0
11060 0
11060 0
11060 0
11060 0
11060 0
11060 0
11060 0
11060 0
11060 0
11060 0
11060 0
11060 0
11060 0
11060 0
11060 0
11060 0
11060 0
11068 0
11068 0
11068 0
11068 0
11068 0
11068 0
11068 0
11068 0
11068 0
11068 0
11068 0
11068 400
11068 0
11068 0
11068 0
11068 0
11068 0
11068 0
11068 0
11068 0
11068 0
11068 0
11068 0
11068 0
11068 0
11068 0
11068 0
11068 0
11068 0
11068 0
11068 0
11122 0
11122 0
11122 0
11122 0
11122 0
11122 0
11122 0
11122 0
11122 0
11122 0
11122 0
11122 356
11122 0
11122 0
11122 0
11122 0
11122 0
11122 0
11122 0
11122 0
11122 0
11122 0
11122 0
11122 0
11122 0
11122 0
11122 0
11122 0
11122 0
11122 0
11122 0
11242 0
11242 0
11242 0
11242 0
11242 0
11242 0
11242 0
11242 0
11242 0
11242 0
11242 0
11242 511
11242 0
11242 0
11242 0
11242 0
11242 0
11242 0
11242 0
11242 0
11242 0
11242 11
11242 0
11242 0
11242 0
11242 0
11242 0
11242 0
11242 0
11242 0
11242 0
11381 0
11381 0
11381 0
11381 0
11381 0
11381 0
11381 0
11381 0
11381 0
11381 0
11381 0
11381 520
11381 0
11381 0
11381 0
11381 0
11381 0
11381 0
11381 0
11381 0
11381 0
11381 11
11381 0
11381 0
11381 0
11381 0
11381 0
11381 0
11381 0
11381 0
11381 0
11437 0
11437 0
11437 0
11437 0
11437 0
11437 0
11437 0
11437 0
11437 0
11437 0
11437 0
11437 511
11437 0
11437 0
11437 0
11437 0
11437 0
11437 0
11437 0
11437 0
11437 0
11437 11
11437 0
11437 0
11437 0
11437 0
11437 0
11437 0
11437 0
11437 0
11437 0
11492 0
11492 0
11492 0
11492 0
11492 0
11492 0
11492 0
11492 0
11492 0
11492 0
11492 0
11492 526
11492 0
11492 0
11492 0
11492 0
11492 0
11492 0
11492 0
11492 0
11492 0
11492 11
11492 0
11492 0
11492 0
11492 0
11492 0
11492 0
11492 0
11492 0
11492 0
11507 0
11507 0
11507 0
11507 0
11507 0
11507 0
11507 0
11507 0
11507 0
11507 0
11507 0
11507 520
11507 0
11507 0
11507 0
11507 0
11507 0
11507 0
11507 0
11507 0
11507 0
11507 11
11507 0
11507 0
11507 0
11507 0
11507 0
11507 0
11507 0
11507 0
11507 0
11582 0
11582 0
11582 0
11582 0
11582 0
11582 0
11582 0
11582 0
11582 0
11582 0
11582 0
11582 520
11582 0
11582 0
11582 0
11582 0
11582 0
11582 0
11582 0
11582 0
11582 0
11582 11
11582 0
11582 0
11582 0
11582 0
11582 0
11582 0
11582 0
11582 0
11582 0
11635 0
11635 0
11635 0
11635 0
11635 0
11635 0
11635 0
11635 0
11635 0
11635 0
11635 0
11635 520
11635 0
11635 0
11635 0
11635 0
11635 0
11635 0
11635 0
11635 0
11635 0
11635 11
11635 0
11635 0
11635 0
11635 0
11635 0
11635 0
11635 0
11635 0
11635 0
12086 0
12086 0
12086 0
12086 0
12086 0
12086 0
12086 0
12086 0
12086 0
12086 0
12086 0
12086 167
12086 0
12086 0
12086 0
12086 0
12086 0
12086 0
12086 0
12086 0
12086 0
12086 1
12086 0
12086 0
12086 0
12086 0
12086 0
12086 0
12086 0
12086 0
12086 0
12087 0
12087 0
12087 0
12087 0
12087 0
12087 0
12087 0
12087 0
12087 0
12087 0
12087 0
12087 503
12087 0
12087 0
12087 0
12087 0
12087 0
12087 0
12087 0
12087 0
12087 0
12087 11
12087 0
12087 0
12087 0
12087 0
12087 0
12087 0
12087 0
12087 0
12087 0
