pt_graph scale
8483 0
8483 0
8483 0
8483 0
8483 0
8483 0
8483 0
8483 0
8483 0
8483 0
8483 234
8483 0
8483 0
8483 0
8483 0
8483 0
8483 0
8483 0
8483 0
8483 0
8483 0
8483 0
8483 0
8483 0
8483 0
8483 0
8483 0
8483 0
8483 0
8483 0
8483 0
8498 0
8498 0
8498 0
8498 0
8498 0
8498 0
8498 0
8498 0
8498 0
8498 0
8498 222
8498 0
8498 0
8498 0
8498 0
8498 0
8498 0
8498 0
8498 0
8498 0
8498 0
8498 0
8498 0
8498 0
8498 0
8498 0
8498 0
8498 0
8498 0
8498 0
8498 0
8537 0
8537 0
8537 0
8537 0
8537 0
8537 0
8537 0
8537 0
8537 0
8537 0
8537 132
8537 0
8537 0
8537 0
8537 0
8537 0
8537 0
8537 0
8537 0
8537 0
8537 0
8537 0
8537 0
8537 0
8537 0
8537 0
8537 0
8537 0
8537 0
8537 0
8537 0
8592 0
8592 0
8592 0
8592 0
8592 0
8592 0
8592 0
8592 0
8592 0
8592 0
8592 234
8592 0
8592 0
8592 0
8592 0
8592 0
8592 0
8592 0
8592 0
8592 0
8592 0
8592 0
8592 0
8592 0
8592 0
8592 0
8592 0
8592 0
8592 0
8592 0
8592 0
8632 0
8632 0
8632 0
8632 0
8632 0
8632 0
8632 0
8632 0
8632 0
8632 0
8632 532
8632 0
8632 0
8632 0
8632 0
8632 0
8632 0
8632 0
8632 0
8632 0
8632 0
8632 0
8632 0
8632 0
8632 1
8632 0
8632 0
8632 0
8632 0
8632 0
8632 0
8664 0
8664 0
8664 0
8664 0
8664 0
8664 0
8664 0
8664 0
8664 0
8664 0
8664 234
8664 0
8664 0
8664 0
8664 0
8664 0
8664 0
8664 0
8664 0
8664 0
8664 0
8664 0
8664 0
8664 0
8664 0
8664 0
8664 0
8664 0
8664 0
8664 0
8664 0
8695 0
8695 0
8695 0
8695 0
8695 0
8695 0
8695 0
8695 0
8695 0
8695 0
8695 117
8695 0
8695 0
8695 0
8695 0
8695 0
8695 0
8695 0
8695 0
8695 0
8695 0
8695 0
8695 0
8695 0
8695 0
8695 0
8695 0
8695 0
8695 0
8695 0
8695 0
8732 0
8732 0
8732 0
8732 0
8732 0
8732 0
8732 0
8732 0
8732 0
8732 0
8732 729
8732 0
8732 0
8732 0
8732 0
8732 0
8732 0
8732 0
8732 0
8732 0
8732 0
8732 1
8732 0
8732 0
8732 4
8732 0
8732 0
8732 1
8732 0
8732 0
8732 0
8768 0
8768 0
8768 0
8768 0
8768 0
8768 0
8768 0
8768 0
8768 0
8768 0
8768 117
8768 0
8768 0
8768 0
8768 0
8768 0
8768 0
8768 0
8768 0
8768 0
8768 0
8768 0
8768 0
8768 0
8768 0
8768 0
8768 0
8768 0
8768 0
8768 0
8768 0
8772 0
8772 0
8772 0
8772 0
8772 0
8772 0
8772 0
8772 0
8772 0
8772 0
8772 859
8772 0
8772 0
8772 0
8772 0
8772 0
8772 0
8772 0
8772 0
8772 0
8772 0
8772 0
8772 0
8772 0
8772 0
8772 0
8772 0
8772 0
8772 0
8772 0
8772 0
8779 0
8779 0
8779 0
8779 0
8779 0
8779 0
8779 0
8779 0
8779 0
8779 0
8779 132
8779 0
8779 0
8779 0
8779 0
8779 0
8779 0
8779 0
8779 0
8779 0
8779 0
8779 0
8779 0
8779 0
8779 0
8779 0
8779 0
8779 0
8779 0
8779 0
8779 0
8811 0
8811 0
8811 0
8811 0
8811 0
8811 0
8811 0
8811 0
8811 0
8811 0
8811 132
8811 0
8811 0
8811 0
8811 0
8811 0
8811 0
8811 0
8811 0
8811 0
8811 0
8811 0
8811 0
8811 0
8811 0
8811 0
8811 0
8811 0
8811 0
8811 0
8811 0
8829 0
8829 0
8829 0
8829 0
8829 0
8829 0
8829 0
8829 0
8829 0
8829 0
8829 160
8829 0
8829 0
8829 0
8829 0
8829 0
8829 0
8829 0
8829 0
8829 0
8829 0
8829 0
8829 0
8829 0
8829 0
8829 0
8829 0
8829 0
8829 0
8829 0
8829 0
8832 0
8832 0
8832 0
8832 0
8832 0
8832 0
8832 0
8832 0
8832 0
8832 0
8832 522
8832 0
8832 0
8832 0
8832 0
8832 0
8832 0
8832 0
8832 0
8832 0
8832 0
8832 1
8832 0
8832 0
8832 1
8832 0
8832 0
8832 1
8832 0
8832 0
8832 0
8834 0
8834 0
8834 0
8834 0
8834 0
8834 0
8834 0
8834 0
8834 0
8834 0
8834 132
8834 0
8834 0
8834 0
8834 0
8834 0
8834 0
8834 0
8834 0
8834 0
8834 0
8834 0
8834 0
8834 0
8834 0
8834 0
8834 0
8834 0
8834 0
8834 0
8834 0
8848 0
8848 0
8848 0
8848 0
8848 0
8848 0
8848 0
8848 0
8848 0
8848 0
8848 1707
8848 0
8848 0
8848 0
8848 1
8848 0
8848 0
8848 0
8848 0
8848 0
8848 0
8848 8
8848 0
8848 0
8848 2
8848 0
8848 0
8848 3
8848 0
8848 0
8848 0
8854 0
8854 0
8854 0
8854 0
8854 0
8854 0
8854 0
8854 0
8854 0
8854 0
8854 246
8854 0
8854 0
8854 0
8854 0
8854 0
8854 0
8854 0
8854 0
8854 0
8854 0
8854 0
8854 0
8854 0
8854 0
8854 0
8854 0
8854 0
8854 0
8854 0
8854 0
8859 0
8859 0
8859 0
8859 0
8859 0
8859 0
8859 0
8859 0
8859 0
8859 0
8859 128
8859 0
8859 0
8859 0
8859 0
8859 0
8859 0
8859 0
8859 0
8859 0
8859 0
8859 0
8859 0
8859 0
8859 0
8859 0
8859 0
8859 0
8859 0
8859 0
8859 0
8864 0
8864 0
8864 0
8864 0
8864 0
8864 0
8864 0
8864 0
8864 0
8864 0
8864 522
8864 0
8864 0
8864 0
8864 0
8864 0
8864 0
8864 0
8864 0
8864 0
8864 0
8864 1
8864 0
8864 0
8864 0
8864 0
8864 0
8864 0
8864 0
8864 0
8864 0
8891 0
8891 0
8891 0
8891 0
8891 0
8891 0
8891 0
8891 0
8891 0
8891 0
8891 4197
8891 0
8891 0
8891 0
8891 2
8891 0
8891 0
8891 0
8891 0
8891 0
8891 0
8891 15
8891 0
8891 0
8891 5
8891 0
8891 0
8891 5
8891 0
8891 0
8891 0
8918 0
8918 0
8918 0
8918 0
8918 0
8918 0
8918 0
8918 0
8918 0
8918 0
8918 128
8918 0
8918 0
8918 0
8918 0
8918 0
8918 0
8918 0
8918 0
8918 0
8918 0
8918 0
8918 0
8918 0
8918 0
8918 0
8918 0
8918 0
8918 0
8918 0
8918 0
8922 0
8922 0
8922 0
8922 0
8922 0
8922 0
8922 0
8922 0
8922 0
8922 0
8922 224
8922 0
8922 0
8922 0
8922 0
8922 0
8922 0
8922 0
8922 0
8922 0
8922 0
8922 0
8922 0
8922 0
8922 0
8922 0
8922 0
8922 0
8922 0
8922 0
8922 0
8937 0
8937 0
8937 0
8937 0
8937 0
8937 0
8937 0
8937 0
8937 0
8937 0
8937 1316
8937 0
8937 0
8937 0
8937 0
8937 0
8937 0
8937 0
8937 0
8937 0
8937 0
8937 2
8937 0
8937 0
8937 1
8937 0
8937 0
8937 1
8937 0
8937 0
8937 0
8951 0
8951 0
8951 0
8951 0
8951 0
8951 0
8951 0
8951 0
8951 0
8951 0
8951 234
8951 0
8951 0
8951 0
8951 0
8951 0
8951 0
8951 0
8951 0
8951 0
8951 0
8951 0
8951 0
8951 0
8951 0
8951 0
8951 0
8951 0
8951 0
8951 0
8951 0
8957 0
8957 0
8957 0
8957 0
8957 0
8957 0
8957 0
8957 0
8957 0
8957 0
8957 132
8957 0
8957 0
8957 0
8957 0
8957 0
8957 0
8957 0
8957 0
8957 0
8957 0
8957 0
8957 0
8957 0
8957 0
8957 0
8957 0
8957 0
8957 0
8957 0
8957 0
8960 0
8960 0
8960 0
8960 0
8960 0
8960 0
8960 0
8960 0
8960 0
8960 0
8960 643
8960 0
8960 0
8960 0
8960 0
8960 0
8960 0
8960 0
8960 0
8960 0
8960 0
8960 0
8960 0
8960 0
8960 0
8960 0
8960 0
8960 0
8960 0
8960 0
8960 0
8966 0
8966 0
8966 0
8966 0
8966 0
8966 0
8966 0
8966 0
8966 0
8966 0
8966 617
8966 0
8966 0
8966 0
8966 0
8966 0
8966 0
8966 0
8966 0
8966 0
8966 0
8966 0
8966 0
8966 0
8966 0
8966 0
8966 0
8966 0
8966 0
8966 0
8966 0
8971 0
8971 0
8971 0
8971 0
8971 0
8971 0
8971 0
8971 0
8971 0
8971 0
8971 234
8971 0
8971 0
8971 0
8971 0
8971 0
8971 0
8971 0
8971 0
8971 0
8971 0
8971 0
8971 0
8971 0
8971 0
8971 0
8971 0
8971 0
8971 0
8971 0
8971 0
8990 0
8990 0
8990 0
8990 0
8990 0
8990 0
8990 0
8990 0
8990 0
8990 0
8990 277
8990 0
8990 0
8990 0
8990 0
8990 0
8990 0
8990 0
8990 0
8990 0
8990 0
8990 0
8990 0
8990 0
8990 0
8990 0
8990 0
8990 0
8990 0
8990 0
8990 0
9022 0
9022 0
9022 0
9022 0
9022 0
9022 0
9022 0
9022 0
9022 0
9022 0
9022 132
9022 0
9022 0
9022 0
9022 0
9022 0
9022 0
9022 0
9022 0
9022 0
9022 0
9022 0
9022 0
9022 0
9022 0
9022 0
9022 0
9022 0
9022 0
9022 0
9022 0
9023 0
9023 0
9023 0
9023 0
9023 0
9023 0
9023 0
9023 0
9023 0
9023 0
9023 106
9023 0
9023 0
9023 0
9023 0
9023 0
9023 0
9023 0
9023 0
9023 0
9023 0
9023 0
9023 0
9023 0
9023 0
9023 0
9023 0
9023 0
9023 0
9023 0
9023 0
9038 0
9038 0
9038 0
9038 0
9038 0
9038 0
9038 0
9038 0
9038 0
9038 0
9038 132
9038 0
9038 0
9038 0
9038 0
9038 0
9038 0
9038 0
9038 0
9038 0
9038 0
9038 0
9038 0
9038 0
9038 0
9038 0
9038 0
9038 0
9038 0
9038 0
9038 0
9039 0
9039 0
9039 0
9039 0
9039 0
9039 0
9039 0
9039 0
9039 0
9039 0
9039 1563
9039 0
9039 0
9039 0
9039 0
9039 0
9039 0
9039 0
9039 0
9039 0
9039 0
9039 3
9039 0
9039 0
9039 1
9039 0
9039 0
9039 1
9039 0
9039 0
9039 0
9069 0
9069 0
9069 0
9069 0
9069 0
9069 0
9069 0
9069 0
9069 0
9069 0
9069 392
9069 0
9069 0
9069 0
9069 0
9069 0
9069 0
9069 0
9069 0
9069 0
9069 0
9069 0
9069 0
9069 0
9069 0
9069 0
9069 0
9069 0
9069 0
9069 0
9069 0
9074 0
9074 0
9074 0
9074 0
9074 0
9074 0
9074 0
9074 0
9074 0
9074 0
9074 534
9074 0
9074 0
9074 0
9074 2
9074 0
9074 0
9074 0
9074 0
9074 0
9074 0
9074 4
9074 0
9074 0
9074 2
9074 0
9074 0
9074 2
9074 0
9074 0
9074 0
9089 0
9089 0
9089 0
9089 0
9089 0
9089 0
9089 0
9089 0
9089 0
9089 0
9089 606
9089 0
9089 0
9089 0
9089 0
9089 0
9089 0
9089 0
9089 0
9089 0
9089 0
9089 0
9089 0
9089 0
9089 0
9089 0
9089 0
9089 0
9089 0
9089 0
9089 0
9108 0
9108 0
9108 0
9108 0
9108 0
9108 0
9108 0
9108 0
9108 0
9108 0
9108 106
9108 0
9108 0
9108 0
9108 0
9108 0
9108 0
9108 0
9108 0
9108 0
9108 0
9108 0
9108 0
9108 0
9108 0
9108 0
9108 0
9108 0
9108 0
9108 0
9108 0
9117 0
9117 0
9117 0
9117 0
9117 0
9117 0
9117 0
9117 0
9117 0
9117 0
9117 222
9117 0
9117 0
9117 0
9117 0
9117 0
9117 0
9117 0
9117 0
9117 0
9117 0
9117 0
9117 0
9117 0
9117 0
9117 0
9117 0
9117 0
9117 0
9117 0
9117 0
9151 0
9151 0
9151 0
9151 0
9151 0
9151 0
9151 0
9151 0
9151 0
9151 0
9151 234
9151 0
9151 0
9151 0
9151 0
9151 0
9151 0
9151 0
9151 0
9151 0
9151 0
9151 0
9151 0
9151 0
9151 0
9151 0
9151 0
9151 0
9151 0
9151 0
9151 0
9154 0
9154 0
9154 0
9154 0
9154 0
9154 0
9154 0
9154 0
9154 0
9154 0
9154 253
9154 0
9154 0
9154 0
9154 0
9154 0
9154 0
9154 0
9154 0
9154 0
9154 0
9154 0
9154 0
9154 0
9154 0
9154 0
9154 0
9154 0
9154 0
9154 0
9154 0
9175 0
9175 0
9175 0
9175 0
9175 0
9175 0
9175 0
9175 0
9175 0
9175 0
9175 491
9175 0
9175 0
9175 0
9175 0
9175 0
9175 0
9175 0
9175 0
9175 0
9175 0
9175 0
9175 0
9175 0
9175 0
9175 0
9175 0
9175 0
9175 0
9175 0
9175 0
9190 0
9190 0
9190 0
9190 0
9190 0
9190 0
9190 0
9190 0
9190 0
9190 0
9190 132
9190 0
9190 0
9190 0
9190 0
9190 0
9190 0
9190 0
9190 0
9190 0
9190 0
9190 0
9190 0
9190 0
9190 0
9190 0
9190 0
9190 0
9190 0
9190 0
9190 0
9200 0
9200 0
9200 0
9200 0
9200 0
9200 0
9200 0
9200 0
9200 0
9200 0
9200 602
9200 0
9200 0
9200 0
9200 0
9200 0
9200 0
9200 0
9200 0
9200 0
9200 0
9200 0
9200 0
9200 0
9200 0
9200 0
9200 0
9200 0
9200 0
9200 0
9200 0
9222 0
9222 0
9222 0
9222 0
9222 0
9222 0
9222 0
9222 0
9222 0
9222 0
9222 132
9222 0
9222 0
9222 0
9222 0
9222 0
9222 0
9222 0
9222 0
9222 0
9222 0
9222 0
9222 0
9222 0
9222 0
9222 0
9222 0
9222 0
9222 0
9222 0
9222 0
9295 0
9295 0
9295 0
9295 0
9295 0
9295 0
9295 0
9295 0
9295 0
9295 0
9295 132
9295 0
9295 0
9295 0
9295 0
9295 0
9295 0
9295 0
9295 0
9295 0
9295 0
9295 0
9295 0
9295 0
9295 0
9295 0
9295 0
9295 0
9295 0
9295 0
9295 0
9303 0
9303 0
9303 0
9303 0
9303 0
9303 0
9303 0
9303 0
9303 0
9303 0
9303 234
9303 0
9303 0
9303 0
9303 0
9303 0
9303 0
9303 0
9303 0
9303 0
9303 0
9303 0
9303 0
9303 0
9303 0
9303 0
9303 0
9303 0
9303 0
9303 0
9303 0
9311 0
9311 0
9311 0
9311 0
9311 0
9311 0
9311 0
9311 0
9311 0
9311 0
9311 363
9311 0
9311 0
9311 0
9311 0
9311 0
9311 0
9311 0
9311 0
9311 0
9311 0
9311 0
9311 0
9311 0
9311 0
9311 0
9311 0
9311 0
9311 0
9311 0
9311 0
9316 0
9316 0
9316 0
9316 0
9316 0
9316 0
9316 0
9316 0
9316 0
9316 0
9316 132
9316 0
9316 0
9316 0
9316 0
9316 0
9316 0
9316 0
9316 0
9316 0
9316 0
9316 0
9316 0
9316 0
9316 0
9316 0
9316 0
9316 0
9316 0
9316 0
9316 0
9317 0
9317 0
9317 0
9317 0
9317 0
9317 0
9317 0
9317 0
9317 0
9317 0
9317 106
9317 0
9317 0
9317 0
9317 0
9317 0
9317 0
9317 0
9317 0
9317 0
9317 0
9317 0
9317 0
9317 0
9317 0
9317 0
9317 0
9317 0
9317 0
9317 0
9317 0
9330 0
9330 0
9330 0
9330 0
9330 0
9330 0
9330 0
9330 0
9330 0
9330 0
9330 132
9330 0
9330 0
9330 0
9330 0
9330 0
9330 0
9330 0
9330 0
9330 0
9330 0
9330 0
9330 0
9330 0
9330 0
9330 0
9330 0
9330 0
9330 0
9330 0
9330 0
9335 0
9335 0
9335 0
9335 0
9335 0
9335 0
9335 0
9335 0
9335 0
9335 0
9335 132
9335 0
9335 0
9335 0
9335 0
9335 0
9335 0
9335 0
9335 0
9335 0
9335 0
9335 0
9335 0
9335 0
9335 0
9335 0
9335 0
9335 0
9335 0
9335 0
9335 0
9404 0
9404 0
9404 0
9404 0
9404 0
9404 0
9404 0
9404 0
9404 0
9404 0
9404 395
9404 0
9404 0
9404 0
9404 0
9404 0
9404 0
9404 0
9404 0
9404 0
9404 0
9404 0
9404 0
9404 0
9404 1
9404 0
9404 0
9404 0
9404 0
9404 0
9404 0
9423 0
9423 0
9423 0
9423 0
9423 0
9423 0
9423 0
9423 0
9423 0
9423 0
9423 132
9423 0
9423 0
9423 0
9423 0
9423 0
9423 0
9423 0
9423 0
9423 0
9423 0
9423 0
9423 0
9423 0
9423 0
9423 0
9423 0
9423 0
9423 0
9423 0
9423 0
9425 0
9425 0
9425 0
9425 0
9425 0
9425 0
9425 0
9425 0
9425 0
9425 0
9425 220
9425 0
9425 0
9425 0
9425 0
9425 0
9425 0
9425 0
9425 0
9425 0
9425 0
9425 0
9425 0
9425 0
9425 0
9425 0
9425 0
9425 0
9425 0
9425 0
9425 0
9445 0
9445 0
9445 0
9445 0
9445 0
9445 0
9445 0
9445 0
9445 0
9445 0
9445 128
9445 0
9445 0
9445 0
9445 0
9445 0
9445 0
9445 0
9445 0
9445 0
9445 0
9445 0
9445 0
9445 0
9445 0
9445 0
9445 0
9445 0
9445 0
9445 0
9445 0
9465 0
9465 0
9465 0
9465 0
9465 0
9465 0
9465 0
9465 0
9465 0
9465 0
9465 128
9465 0
9465 0
9465 0
9465 0
9465 0
9465 0
9465 0
9465 0
9465 0
9465 0
9465 0
9465 0
9465 0
9465 0
9465 0
9465 0
9465 0
9465 0
9465 0
9465 0
9481 0
9481 0
9481 0
9481 0
9481 0
9481 0
9481 0
9481 0
9481 0
9481 0
9481 132
9481 0
9481 0
9481 0
9481 0
9481 0
9481 0
9481 0
9481 0
9481 0
9481 0
9481 0
9481 0
9481 0
9481 0
9481 0
9481 0
9481 0
9481 0
9481 0
9481 0
9497 0
9497 0
9497 0
9497 0
9497 0
9497 0
9497 0
9497 0
9497 0
9497 0
9497 1425
9497 0
9497 0
9497 0
9497 0
9497 0
9497 0
9497 0
9497 0
9497 0
9497 0
9497 23
9497 0
9497 0
9497 0
9497 0
9497 0
9497 0
9497 0
9497 0
9497 0
9507 0
9507 0
9507 0
9507 0
9507 0
9507 0
9507 0
9507 0
9507 0
9507 0
9507 494
9507 0
9507 0
9507 0
9507 0
9507 0
9507 0
9507 0
9507 0
9507 0
9507 0
9507 0
9507 0
9507 0
9507 1
9507 0
9507 0
9507 0
9507 0
9507 0
9507 0
9562 0
9562 0
9562 0
9562 0
9562 0
9562 0
9562 0
9562 0
9562 0
9562 0
9562 253
9562 0
9562 0
9562 0
9562 0
9562 0
9562 0
9562 0
9562 0
9562 0
9562 0
9562 0
9562 0
9562 0
9562 0
9562 0
9562 0
9562 0
9562 0
9562 0
9562 0
9581 0
9581 0
9581 0
9581 0
9581 0
9581 0
9581 0
9581 0
9581 0
9581 0
9581 106
9581 0
9581 0
9581 0
9581 0
9581 0
9581 0
9581 0
9581 0
9581 0
9581 0
9581 0
9581 0
9581 0
9581 0
9581 0
9581 0
9581 0
9581 0
9581 0
9581 0
9590 0
9590 0
9590 0
9590 0
9590 0
9590 0
9590 0
9590 0
9590 0
9590 0
9590 106
9590 0
9590 0
9590 0
9590 0
9590 0
9590 0
9590 0
9590 0
9590 0
9590 0
9590 0
9590 0
9590 0
9590 0
9590 0
9590 0
9590 0
9590 0
9590 0
9590 0
9599 0
9599 0
9599 0
9599 0
9599 0
9599 0
9599 0
9599 0
9599 0
9599 0
9599 292
9599 0
9599 0
9599 0
9599 0
9599 0
9599 0
9599 0
9599 0
9599 0
9599 0
9599 0
9599 0
9599 0
9599 0
9599 0
9599 0
9599 0
9599 0
9599 0
9599 0
9685 0
9685 0
9685 0
9685 0
9685 0
9685 0
9685 0
9685 0
9685 0
9685 0
9685 102
9685 0
9685 0
9685 0
9685 0
9685 0
9685 0
9685 0
9685 0
9685 0
9685 0
9685 0
9685 0
9685 0
9685 0
9685 0
9685 0
9685 0
9685 0
9685 0
9685 0
9688 0
9688 0
9688 0
9688 0
9688 0
9688 0
9688 0
9688 0
9688 0
9688 0
9688 106
9688 0
9688 0
9688 0
9688 0
9688 0
9688 0
9688 0
9688 0
9688 0
9688 0
9688 0
9688 0
9688 0
9688 0
9688 0
9688 0
9688 0
9688 0
9688 0
9688 0
9748 0
9748 0
9748 0
9748 0
9748 0
9748 0
9748 0
9748 0
9748 0
9748 0
9748 106
9748 0
9748 0
9748 0
9748 0
9748 0
9748 0
9748 0
9748 0
9748 0
9748 0
9748 0
9748 0
9748 0
9748 0
9748 0
9748 0
9748 0
9748 0
9748 0
9748 0
9801 0
9801 0
9801 0
9801 0
9801 0
9801 0
9801 0
9801 0
9801 0
9801 0
9801 136
9801 0
9801 0
9801 0
9801 0
9801 0
9801 0
9801 0
9801 0
9801 0
9801 0
9801 0
9801 0
9801 0
9801 0
9801 0
9801 0
9801 0
9801 0
9801 0
9801 0
9808 0
9808 0
9808 0
9808 0
9808 0
9808 0
9808 0
9808 0
9808 0
9808 0
9808 102
9808 0
9808 0
9808 0
9808 0
9808 0
9808 0
9808 0
9808 0
9808 0
9808 0
9808 0
9808 0
9808 0
9808 0
9808 0
9808 0
9808 0
9808 0
9808 0
9808 0
10609 0
10609 0
10609 0
10609 0
10609 0
10609 0
10609 0
10609 0
10609 0
10609 0
10609 0
10609 444
10609 0
10609 0
10609 0
10609 0
10609 0
10609 0
10609 0
10609 0
10609 0
10609 0
10609 0
10609 0
10609 0
10609 0
10609 0
10609 0
10609 0
10609 0
10609 0
10871 0
10871 0
10871 0
10871 0
10871 0
10871 0
10871 0
10871 0
10871 0
10871 0
10871 0
10871 92
10871 0
10871 0
10871 0
10871 0
10871 0
10871 0
10871 0
10871 0
10871 0
10871 0
10871 0
10871 0
10871 0
10871 0
10871 0
10871 0
10871 0
10871 0
10871 0
10879 0
10879 0
10879 0
10879 0
10879 0
10879 0
10879 0
10879 0
10879 0
10879 0
10879 0
10879 186
10879 0
10879 0
10879 0
10879 0
10879 0
10879 0
10879 0
10879 0
10879 0
10879 0
10879 0
10879 0
10879 0
10879 0
10879 0
10879 0
10879 0
10879 0
10879 0
10898 0
10898 0
10898 0
10898 0
10898 0
10898 0
10898 0
10898 0
10898 0
10898 0
10898 0
10898 92
10898 0
10898 0
10898 0
10898 0
10898 0
10898 0
10898 0
10898 0
10898 0
10898 0
10898 0
10898 0
10898 0
10898 0
10898 0
10898 0
10898 0
10898 0
10898 0
10906 0
10906 0
10906 0
10906 0
10906 0
10906 0
10906 0
10906 0
10906 0
10906 0
10906 0
10906 93
10906 0
10906 0
10906 0
10906 0
10906 0
10906 0
10906 0
10906 0
10906 0
10906 0
10906 0
10906 0
10906 0
10906 0
10906 0
10906 0
10906 0
10906 0
10906 0
10927 0
10927 0
10927 0
10927 0
10927 0
10927 0
10927 0
10927 0
10927 0
10927 0
10927 0
10927 121
10927 0
10927 0
10927 0
10927 0
10927 0
10927 0
10927 0
10927 0
10927 0
10927 0
10927 0
10927 0
10927 0
10927 0
10927 0
10927 0
10927 0
10927 0
10927 0
10956 0
10956 0
10956 0
10956 0
10956 0
10956 0
10956 0
10956 0
10956 0
10956 0
10956 0
10956 437
10956 0
10956 0
10956 0
10956 0
10956 0
10956 0
10956 0
10956 0
10956 0
10956 0
10956 0
10956 0
10956 0
10956 0
10956 0
10956 0
10956 0
10956 0
10956 0
10985 0
10985 0
10985 0
10985 0
10985 0
10985 0
10985 0
10985 0
10985 0
10985 0
10985 0
10985 1063
10985 0
10985 0
10985 0
10985 0
10985 0
10985 0
10985 0
10985 0
10985 0
10985 0
10985 0
10985 0
10985 1
10985 0
10985 0
10985 0
10985 0
10985 0
10985 0
10992 0
10992 0
10992 0
10992 0
10992 0
10992 0
10992 0
10992 0
10992 0
10992 0
10992 0
10992 613
10992 0
10992 0
10992 0
10992 0
10992 0
10992 0
10992 0
10992 0
10992 0
10992 0
10992 0
10992 0
10992 0
10992 0
10992 0
10992 0
10992 0
10992 0
10992 0
10995 0
10995 0
10995 0
10995 0
10995 0
10995 0
10995 0
10995 0
10995 0
10995 0
10995 0
10995 288
10995 0
10995 0
10995 0
10995 0
10995 0
10995 0
10995 0
10995 0
10995 0
10995 0
10995 0
10995 0
10995 0
10995 0
10995 0
10995 0
10995 0
10995 0
10995 0
11014 0
11014 0
11014 0
11014 0
11014 0
11014 0
11014 0
11014 0
11014 0
11014 0
11014 0
11014 153
11014 0
11014 0
11014 0
11014 0
11014 0
11014 0
11014 0
11014 0
11014 0
11014 0
11014 0
11014 0
11014 0
11014 0
11014 0
11014 0
11014 0
11014 0
11014 0
11019 0
11019 0
11019 0
11019 0
11019 0
11019 0
11019 0
11019 0
11019 0
11019 0
11019 0
11019 153
11019 0
11019 0
11019 0
11019 0
11019 0
11019 0
11019 0
11019 0
11019 0
11019 0
11019 0
11019 0
11019 0
11019 0
11019 0
11019 0
11019 0
11019 0
11019 0
11027 0
11027 0
11027 0
11027 0
11027 0
11027 0
11027 0
11027 0
11027 0
11027 0
11027 0
11027 153
11027 0
11027 0
11027 0
11027 0
11027 0
11027 0
11027 0
11027 0
11027 0
11027 0
11027 0
11027 0
11027 0
11027 0
11027 0
11027 0
11027 0
11027 0
11027 0
11028 0
11028 0
11028 0
11028 0
11028 0
11028 0
11028 0
11028 0
11028 0
11028 0
11028 0
11028 856
11028 0
11028 0
11028 0
11028 0
11028 0
11028 0
11028 0
11028 0
11028 0
11028 0
11028 0
11028 0
11028 0
11028 0
11028 0
11028 0
11028 0
11028 0
11028 0
11037 0
11037 0
11037 0
11037 0
11037 0
11037 0
11037 0
11037 0
11037 0
11037 0
11037 0
11037 114
11037 0
11037 0
11037 0
11037 0
11037 0
11037 0
11037 0
11037 0
11037 0
11037 0
11037 0
11037 0
11037 0
11037 0
11037 0
11037 0
11037 0
11037 0
11037 0
11039 0
11039 0
11039 0
11039 0
11039 0
11039 0
11039 0
11039 0
11039 0
11039 0
11039 0
11039 153
11039 0
11039 0
11039 0
11039 0
11039 0
11039 0
11039 0
11039 0
11039 0
11039 0
11039 0
11039 0
11039 0
11039 0
11039 0
11039 0
11039 0
11039 0
11039 0
11045 0
11045 0
11045 0
11045 0
11045 0
11045 0
11045 0
11045 0
11045 0
11045 0
11045 0
11045 180
11045 0
11045 0
11045 0
11045 0
11045 0
11045 0
11045 0
11045 0
11045 0
11045 0
11045 0
11045 0
11045 0
11045 0
11045 0
11045 0
11045 0
11045 0
11045 0
11051 0
11051 0
11051 0
11051 0
11051 0
11051 0
11051 0
11051 0
11051 0
11051 0
11051 0
11051 437
11051 0
11051 0
11051 0
11051 0
11051 0
11051 0
11051 0
11051 0
11051 0
11051 0
11051 0
11051 0
11051 0
11051 0
11051 0
11051 0
11051 0
11051 0
11051 0
