pt_graph scale
5524 0
5524 1
5524 0
5524 0
5524 0
5524 0
5524 0
5524 0
5524 0
5524 0
5524 0
5524 0
5524 0
5524 0
5524 0
5524 0
5524 0
5524 0
5524 0
5524 0
5524 0
5524 0
5524 0
5524 0
5524 0
5524 0
5524 0
5524 0
5524 0
5524 0
5524 0
5534 0
5534 2
5534 0
5534 0
5534 0
5534 0
5534 0
5534 0
5534 0
5534 0
5534 0
5534 0
5534 0
5534 0
5534 0
5534 0
5534 0
5534 0
5534 0
5534 0
5534 0
5534 0
5534 0
5534 0
5534 0
5534 0
5534 0
5534 0
5534 0
5534 0
5534 0
5611 0
5611 1
5611 0
5611 0
5611 0
5611 0
5611 0
5611 0
5611 0
5611 0
5611 0
5611 0
5611 0
5611 0
5611 0
5611 0
5611 0
5611 0
5611 0
5611 0
5611 0
5611 0
5611 0
5611 0
5611 0
5611 0
5611 0
5611 0
5611 0
5611 0
5611 0
5612 0
5612 1
5612 0
5612 0
5612 0
5612 0
5612 0
5612 0
5612 0
5612 0
5612 0
5612 0
5612 0
5612 0
5612 0
5612 0
5612 0
5612 0
5612 0
5612 0
5612 0
5612 0
5612 0
5612 0
5612 0
5612 0
5612 0
5612 0
5612 0
5612 0
5612 0
5636 0
5636 1
5636 0
5636 0
5636 0
5636 0
5636 0
5636 0
5636 0
5636 0
5636 0
5636 0
5636 0
5636 0
5636 0
5636 0
5636 0
5636 0
5636 0
5636 0
5636 0
5636 0
5636 0
5636 0
5636 0
5636 0
5636 0
5636 0
5636 0
5636 0
5636 0
5654 0
5654 0
5654 0
5654 0
5654 0
5654 0
5654 0
5654 0
5654 0
5654 0
5654 0
5654 0
5654 0
5654 0
5654 0
5654 0
5654 0
5654 0
5654 0
5654 0
5654 0
5654 0
5654 0
5654 0
5654 0
5654 0
5654 0
5654 0
5654 0
5654 0
5654 0
5697 0
5697 1
5697 0
5697 0
5697 0
5697 0
5697 0
5697 0
5697 0
5697 0
5697 0
5697 0
5697 0
5697 0
5697 0
5697 0
5697 0
5697 0
5697 0
5697 0
5697 0
5697 0
5697 0
5697 0
5697 0
5697 0
5697 0
5697 0
5697 0
5697 0
5697 0
5719 0
5719 1
5719 0
5719 0
5719 0
5719 0
5719 0
5719 0
5719 0
5719 0
5719 0
5719 0
5719 0
5719 0
5719 0
5719 0
5719 0
5719 0
5719 0
5719 0
5719 0
5719 0
5719 0
5719 0
5719 0
5719 0
5719 0
5719 0
5719 0
5719 0
5719 0
5741 0
5741 1
5741 0
5741 0
5741 0
5741 0
5741 0
5741 0
5741 0
5741 0
5741 0
5741 0
5741 0
5741 0
5741 0
5741 0
5741 0
5741 0
5741 0
5741 0
5741 0
5741 0
5741 0
5741 0
5741 0
5741 0
5741 0
5741 0
5741 0
5741 0
5741 0
5744 0
5744 1
5744 0
5744 0
5744 0
5744 0
5744 0
5744 0
5744 0
5744 0
5744 0
5744 0
5744 0
5744 0
5744 0
5744 0
5744 0
5744 0
5744 0
5744 0
5744 0
5744 0
5744 0
5744 0
5744 0
5744 0
5744 0
5744 0
5744 0
5744 0
5744 0
5750 0
5750 0
5750 0
5750 0
5750 0
5750 0
5750 0
5750 0
5750 0
5750 0
5750 0
5750 0
5750 0
5750 0
5750 0
5750 0
5750 0
5750 0
5750 0
5750 0
5750 0
5750 0
5750 0
5750 0
5750 0
5750 0
5750 0
5750 0
5750 0
5750 0
5750 0
5822 0
5822 1
5822 0
5822 0
5822 0
5822 0
5822 0
5822 0
5822 0
5822 0
5822 0
5822 0
5822 0
5822 0
5822 0
5822 0
5822 0
5822 0
5822 0
5822 0
5822 0
5822 0
5822 0
5822 0
5822 0
5822 0
5822 0
5822 0
5822 0
5822 0
5822 0
5829 0
5829 0
5829 0
5829 0
5829 0
5829 0
5829 0
5829 0
5829 0
5829 0
5829 0
5829 0
5829 0
5829 0
5829 0
5829 0
5829 0
5829 0
5829 0
5829 0
5829 0
5829 0
5829 0
5829 0
5829 0
5829 0
5829 0
5829 0
5829 0
5829 0
5829 0
5859 0
5859 1
5859 0
5859 0
5859 0
5859 0
5859 0
5859 0
5859 0
5859 0
5859 0
5859 0
5859 0
5859 0
5859 0
5859 0
5859 0
5859 0
5859 0
5859 0
5859 0
5859 0
5859 0
5859 0
5859 0
5859 0
5859 0
5859 0
5859 0
5859 0
5859 0
5870 0
5870 1
5870 0
5870 0
5870 0
5870 0
5870 0
5870 0
5870 0
5870 0
5870 0
5870 0
5870 0
5870 0
5870 0
5870 0
5870 0
5870 0
5870 0
5870 0
5870 0
5870 0
5870 0
5870 0
5870 0
5870 0
5870 0
5870 0
5870 0
5870 0
5870 0
5879 0
5879 1
5879 0
5879 0
5879 0
5879 0
5879 0
5879 0
5879 0
5879 0
5879 0
5879 0
5879 0
5879 0
5879 0
5879 0
5879 0
5879 0
5879 0
5879 0
5879 0
5879 0
5879 0
5879 0
5879 0
5879 0
5879 0
5879 0
5879 0
5879 0
5879 0
5887 0
5887 1
5887 0
5887 0
5887 0
5887 0
5887 0
5887 0
5887 0
5887 0
5887 0
5887 0
5887 0
5887 0
5887 0
5887 0
5887 0
5887 0
5887 0
5887 0
5887 0
5887 0
5887 0
5887 0
5887 0
5887 0
5887 0
5887 0
5887 0
5887 0
5887 0
5890 0
5890 1
5890 0
5890 0
5890 0
5890 0
5890 0
5890 0
5890 0
5890 0
5890 0
5890 0
5890 0
5890 0
5890 0
5890 0
5890 0
5890 0
5890 0
5890 0
5890 0
5890 0
5890 0
5890 0
5890 0
5890 0
5890 0
5890 0
5890 0
5890 0
5890 0
5899 0
5899 1
5899 0
5899 0
5899 0
5899 0
5899 0
5899 0
5899 0
5899 0
5899 0
5899 0
5899 0
5899 0
5899 0
5899 0
5899 0
5899 0
5899 0
5899 0
5899 0
5899 0
5899 0
5899 0
5899 0
5899 0
5899 0
5899 0
5899 0
5899 0
5899 0
5907 0
5907 1
5907 0
5907 0
5907 0
5907 0
5907 0
5907 0
5907 0
5907 0
5907 0
5907 0
5907 0
5907 0
5907 0
5907 0
5907 0
5907 0
5907 0
5907 0
5907 0
5907 0
5907 0
5907 0
5907 0
5907 0
5907 0
5907 0
5907 0
5907 0
5907 0
5911 0
5911 1
5911 0
5911 0
5911 0
5911 0
5911 0
5911 0
5911 0
5911 0
5911 0
5911 0
5911 0
5911 0
5911 0
5911 0
5911 0
5911 0
5911 0
5911 0
5911 0
5911 0
5911 0
5911 0
5911 0
5911 0
5911 0
5911 0
5911 0
5911 0
5911 0
5919 0
5919 1
5919 0
5919 0
5919 0
5919 0
5919 0
5919 0
5919 0
5919 0
5919 0
5919 0
5919 0
5919 0
5919 0
5919 0
5919 0
5919 0
5919 0
5919 0
5919 0
5919 0
5919 0
5919 0
5919 0
5919 0
5919 0
5919 0
5919 0
5919 0
5919 0
5945 0
5945 1
5945 0
5945 0
5945 0
5945 0
5945 0
5945 0
5945 0
5945 0
5945 0
5945 0
5945 0
5945 0
5945 0
5945 0
5945 0
5945 0
5945 0
5945 0
5945 0
5945 0
5945 0
5945 0
5945 0
5945 0
5945 0
5945 0
5945 0
5945 0
5945 0
5981 0
5981 10
5981 0
5981 0
5981 0
5981 0
5981 0
5981 0
5981 0
5981 0
5981 0
5981 0
5981 0
5981 0
5981 0
5981 0
5981 0
5981 0
5981 0
5981 0
5981 0
5981 0
5981 0
5981 0
5981 0
5981 0
5981 0
5981 0
5981 0
5981 0
5981 0
5996 0
5996 1
5996 0
5996 0
5996 0
5996 0
5996 0
5996 0
5996 0
5996 0
5996 0
5996 0
5996 0
5996 0
5996 0
5996 0
5996 0
5996 0
5996 0
5996 0
5996 0
5996 0
5996 0
5996 0
5996 0
5996 0
5996 0
5996 0
5996 0
5996 0
5996 0
6025 0
6025 0
6025 0
6025 0
6025 0
6025 0
6025 0
6025 0
6025 0
6025 0
6025 0
6025 0
6025 0
6025 0
6025 0
6025 0
6025 0
6025 0
6025 0
6025 0
6025 0
6025 0
6025 0
6025 0
6025 0
6025 0
6025 0
6025 0
6025 0
6025 0
6025 0
6032 0
6032 1
6032 0
6032 0
6032 0
6032 0
6032 0
6032 0
6032 0
6032 0
6032 0
6032 0
6032 0
6032 0
6032 0
6032 0
6032 0
6032 0
6032 0
6032 0
6032 0
6032 0
6032 0
6032 0
6032 0
6032 0
6032 0
6032 0
6032 0
6032 0
6032 0
6036 0
6036 1
6036 0
6036 0
6036 0
6036 0
6036 0
6036 0
6036 0
6036 0
6036 0
6036 0
6036 0
6036 0
6036 0
6036 0
6036 0
6036 0
6036 0
6036 0
6036 0
6036 0
6036 0
6036 0
6036 0
6036 0
6036 0
6036 0
6036 0
6036 0
6036 0
6046 0
6046 15
6046 0
6046 0
6046 0
6046 0
6046 0
6046 0
6046 0
6046 0
6046 0
6046 0
6046 0
6046 0
6046 0
6046 0
6046 0
6046 0
6046 0
6046 0
6046 0
6046 0
6046 0
6046 0
6046 0
6046 0
6046 0
6046 0
6046 0
6046 0
6046 0
6087 0
6087 5
6087 0
6087 0
6087 0
6087 0
6087 0
6087 0
6087 0
6087 0
6087 0
6087 0
6087 0
6087 0
6087 0
6087 0
6087 0
6087 0
6087 0
6087 0
6087 0
6087 0
6087 0
6087 0
6087 0
6087 0
6087 0
6087 0
6087 0
6087 0
6087 0
6088 0
6088 1
6088 0
6088 0
6088 0
6088 0
6088 0
6088 0
6088 0
6088 0
6088 0
6088 0
6088 0
6088 0
6088 0
6088 0
6088 0
6088 0
6088 0
6088 0
6088 0
6088 0
6088 0
6088 0
6088 0
6088 0
6088 0
6088 0
6088 0
6088 0
6088 0
6109 0
6109 0
6109 0
6109 0
6109 0
6109 0
6109 0
6109 0
6109 0
6109 0
6109 0
6109 0
6109 0
6109 0
6109 0
6109 0
6109 0
6109 0
6109 0
6109 0
6109 0
6109 0
6109 0
6109 0
6109 0
6109 0
6109 0
6109 0
6109 0
6109 0
6109 0
6142 0
6142 6
6142 0
6142 0
6142 0
6142 0
6142 0
6142 0
6142 0
6142 0
6142 0
6142 0
6142 0
6142 0
6142 0
6142 0
6142 0
6142 0
6142 0
6142 0
6142 0
6142 0
6142 0
6142 0
6142 0
6142 0
6142 0
6142 0
6142 0
6142 0
6142 0
6153 0
6153 53
6153 0
6153 0
6153 0
6153 0
6153 0
6153 0
6153 0
6153 0
6153 0
6153 0
6153 0
6153 0
6153 0
6153 0
6153 0
6153 0
6153 0
6153 0
6153 0
6153 0
6153 0
6153 0
6153 0
6153 0
6153 0
6153 0
6153 0
6153 0
6153 0
6160 0
6160 1
6160 0
6160 0
6160 0
6160 0
6160 0
6160 0
6160 0
6160 0
6160 0
6160 0
6160 0
6160 0
6160 0
6160 0
6160 0
6160 0
6160 0
6160 0
6160 0
6160 0
6160 0
6160 0
6160 0
6160 0
6160 0
6160 0
6160 0
6160 0
6160 0
6271 0
6271 1
6271 0
6271 0
6271 0
6271 0
6271 0
6271 0
6271 0
6271 0
6271 0
6271 0
6271 0
6271 0
6271 0
6271 0
6271 0
6271 0
6271 0
6271 0
6271 0
6271 0
6271 0
6271 0
6271 0
6271 0
6271 0
6271 0
6271 0
6271 0
6271 0
6272 0
6272 1
6272 0
6272 0
6272 0
6272 0
6272 0
6272 0
6272 0
6272 0
6272 0
6272 0
6272 0
6272 0
6272 0
6272 0
6272 0
6272 0
6272 0
6272 0
6272 0
6272 0
6272 0
6272 0
6272 0
6272 0
6272 0
6272 0
6272 0
6272 0
6272 0
6330 0
6330 1
6330 0
6330 0
6330 0
6330 0
6330 0
6330 0
6330 0
6330 0
6330 0
6330 0
6330 0
6330 0
6330 0
6330 0
6330 0
6330 0
6330 0
6330 0
6330 0
6330 0
6330 0
6330 0
6330 0
6330 0
6330 0
6330 0
6330 0
6330 0
6330 0
6331 0
6331 8
6331 0
6331 0
6331 0
6331 0
6331 0
6331 0
6331 0
6331 0
6331 0
6331 0
6331 0
6331 0
6331 0
6331 0
6331 0
6331 0
6331 0
6331 0
6331 0
6331 0
6331 0
6331 0
6331 0
6331 0
6331 0
6331 0
6331 0
6331 0
6331 0
6351 0
6351 0
6351 0
6351 0
6351 0
6351 0
6351 0
6351 0
6351 0
6351 0
6351 0
6351 0
6351 0
6351 0
6351 0
6351 0
6351 0
6351 0
6351 0
6351 0
6351 0
6351 0
6351 0
6351 0
6351 0
6351 0
6351 0
6351 0
6351 0
6351 0
6351 0
8761 0
8761 0
8761 0
8761 0
8761 0
8761 0
8761 0
8761 0
8761 0
8761 0
8761 353
8761 0
8761 0
8761 0
8761 0
8761 0
8761 0
8761 0
8761 0
8761 0
8761 0
8761 0
8761 0
8761 0
8761 0
8761 0
8761 0
8761 0
8761 0
8761 0
8761 0
8877 0
8877 0
8877 0
8877 0
8877 0
8877 0
8877 0
8877 0
8877 0
8877 0
8877 365
8877 0
8877 0
8877 0
8877 0
8877 0
8877 0
8877 0
8877 0
8877 0
8877 0
8877 0
8877 0
8877 0
8877 0
8877 0
8877 0
8877 0
8877 0
8877 0
8877 0
8916 0
8916 0
8916 0
8916 0
8916 0
8916 0
8916 0
8916 0
8916 0
8916 0
8916 365
8916 0
8916 0
8916 0
8916 0
8916 0
8916 0
8916 0
8916 0
8916 0
8916 0
8916 0
8916 0
8916 0
8916 0
8916 0
8916 0
8916 0
8916 0
8916 0
8916 0
8934 0
8934 0
8934 0
8934 0
8934 0
8934 0
8934 0
8934 0
8934 0
8934 0
8934 365
8934 0
8934 0
8934 0
8934 0
8934 0
8934 0
8934 0
8934 0
8934 0
8934 0
8934 0
8934 0
8934 0
8934 0
8934 0
8934 0
8934 0
8934 0
8934 0
8934 0
9100 0
9100 0
9100 0
9100 0
9100 0
9100 0
9100 0
9100 0
9100 0
9100 0
9100 723
9100 0
9100 0
9100 0
9100 0
9100 0
9100 0
9100 0
9100 0
9100 0
9100 0
9100 0
9100 0
9100 0
9100 0
9100 0
9100 0
9100 0
9100 0
9100 0
9100 0
9130 0
9130 0
9130 0
9130 0
9130 0
9130 0
9130 0
9130 0
9130 0
9130 0
9130 365
9130 0
9130 0
9130 0
9130 0
9130 0
9130 0
9130 0
9130 0
9130 0
9130 0
9130 0
9130 0
9130 0
9130 0
9130 0
9130 0
9130 0
9130 0
9130 0
9130 0
9142 0
9142 0
9142 0
9142 0
9142 0
9142 0
9142 0
9142 0
9142 0
9142 0
9142 365
9142 0
9142 0
9142 0
9142 0
9142 0
9142 0
9142 0
9142 0
9142 0
9142 0
9142 0
9142 0
9142 0
9142 0
9142 0
9142 0
9142 0
9142 0
9142 0
9142 0
9201 0
9201 0
9201 0
9201 0
9201 0
9201 0
9201 0
9201 0
9201 0
9201 0
9201 365
9201 0
9201 0
9201 0
9201 0
9201 0
9201 0
9201 0
9201 0
9201 0
9201 0
9201 0
9201 0
9201 0
9201 0
9201 0
9201 0
9201 0
9201 0
9201 0
9201 0
9233 0
9233 0
9233 0
9233 0
9233 0
9233 0
9233 0
9233 0
9233 0
9233 0
9233 353
9233 0
9233 0
9233 0
9233 0
9233 0
9233 0
9233 0
9233 0
9233 0
9233 0
9233 0
9233 0
9233 0
9233 0
9233 0
9233 0
9233 0
9233 0
9233 0
9233 0
9235 0
9235 0
9235 0
9235 0
9235 0
9235 0
9235 0
9235 0
9235 0
9235 0
9235 353
9235 0
9235 0
9235 0
9235 0
9235 0
9235 0
9235 0
9235 0
9235 0
9235 0
9235 0
9235 0
9235 0
9235 0
9235 0
9235 0
9235 0
9235 0
9235 0
9235 0
9274 0
9274 0
9274 0
9274 0
9274 0
9274 0
9274 0
9274 0
9274 0
9274 0
9274 365
9274 0
9274 0
9274 0
9274 0
9274 0
9274 0
9274 0
9274 0
9274 0
9274 0
9274 0
9274 0
9274 0
9274 0
9274 0
9274 0
9274 0
9274 0
9274 0
9274 0
9288 0
9288 0
9288 0
9288 0
9288 0
9288 0
9288 0
9288 0
9288 0
9288 0
9288 258
9288 0
9288 0
9288 0
9288 0
9288 0
9288 0
9288 0
9288 0
9288 0
9288 0
9288 0
9288 0
9288 0
9288 0
9288 0
9288 0
9288 0
9288 0
9288 0
9288 0
9295 0
9295 0
9295 0
9295 0
9295 0
9295 0
9295 0
9295 0
9295 0
9295 0
9295 353
9295 0
9295 0
9295 0
9295 0
9295 0
9295 0
9295 0
9295 0
9295 0
9295 0
9295 0
9295 0
9295 0
9295 0
9295 0
9295 0
9295 0
9295 0
9295 0
9295 0
9304 0
9304 0
9304 0
9304 0
9304 0
9304 0
9304 0
9304 0
9304 0
9304 0
9304 245
9304 0
9304 0
9304 0
9304 0
9304 0
9304 0
9304 0
9304 0
9304 0
9304 0
9304 0
9304 0
9304 0
9304 0
9304 0
9304 0
9304 0
9304 0
9304 0
9304 0
9333 0
9333 0
9333 0
9333 0
9333 0
9333 0
9333 0
9333 0
9333 0
9333 0
9333 365
9333 0
9333 0
9333 0
9333 0
9333 0
9333 0
9333 0
9333 0
9333 0
9333 0
9333 0
9333 0
9333 0
9333 0
9333 0
9333 0
9333 0
9333 0
9333 0
9333 0
9335 0
9335 0
9335 0
9335 0
9335 0
9335 0
9335 0
9335 0
9335 0
9335 0
9335 245
9335 0
9335 0
9335 0
9335 0
9335 0
9335 0
9335 0
9335 0
9335 0
9335 0
9335 0
9335 0
9335 0
9335 0
9335 0
9335 0
9335 0
9335 0
9335 0
9335 0
9339 0
9339 0
9339 0
9339 0
9339 0
9339 0
9339 0
9339 0
9339 0
9339 0
9339 637
9339 0
9339 0
9339 0
9339 0
9339 0
9339 0
9339 0
9339 0
9339 0
9339 0
9339 0
9339 0
9339 0
9339 0
9339 0
9339 0
9339 0
9339 0
9339 0
9339 0
9345 0
9345 0
9345 0
9345 0
9345 0
9345 0
9345 0
9345 0
9345 0
9345 0
9345 1002
9345 0
9345 0
9345 0
9345 0
9345 0
9345 0
9345 0
9345 0
9345 0
9345 0
9345 0
9345 0
9345 0
9345 0
9345 0
9345 0
9345 0
9345 0
9345 0
9345 0
9386 0
9386 0
9386 0
9386 0
9386 0
9386 0
9386 0
9386 0
9386 0
9386 0
9386 365
9386 0
9386 0
9386 0
9386 0
9386 0
9386 0
9386 0
9386 0
9386 0
9386 0
9386 0
9386 0
9386 0
9386 0
9386 0
9386 0
9386 0
9386 0
9386 0
9386 0
9392 0
9392 0
9392 0
9392 0
9392 0
9392 0
9392 0
9392 0
9392 0
9392 0
9392 258
9392 0
9392 0
9392 0
9392 0
9392 0
9392 0
9392 0
9392 0
9392 0
9392 0
9392 0
9392 0
9392 0
9392 0
9392 0
9392 0
9392 0
9392 0
9392 0
9392 0
9411 0
9411 0
9411 0
9411 0
9411 0
9411 0
9411 0
9411 0
9411 0
9411 0
9411 365
9411 0
9411 0
9411 0
9411 0
9411 0
9411 0
9411 0
9411 0
9411 0
9411 0
9411 0
9411 0
9411 0
9411 0
9411 0
9411 0
9411 0
9411 0
9411 0
9411 0
9412 0
9412 0
9412 0
9412 0
9412 0
9412 0
9412 0
9412 0
9412 0
9412 0
9412 626
9412 0
9412 0
9412 0
9412 0
9412 0
9412 0
9412 0
9412 0
9412 0
9412 0
9412 0
9412 0
9412 0
9412 0
9412 0
9412 0
9412 0
9412 0
9412 0
9412 0
9435 0
9435 0
9435 0
9435 0
9435 0
9435 0
9435 0
9435 0
9435 0
9435 0
9435 1002
9435 0
9435 0
9435 0
9435 0
9435 0
9435 0
9435 0
9435 0
9435 0
9435 0
9435 0
9435 0
9435 0
9435 0
9435 0
9435 0
9435 0
9435 0
9435 0
9435 0
9439 0
9439 0
9439 0
9439 0
9439 0
9439 0
9439 0
9439 0
9439 0
9439 0
9439 365
9439 0
9439 0
9439 0
9439 0
9439 0
9439 0
9439 0
9439 0
9439 0
9439 0
9439 0
9439 0
9439 0
9439 0
9439 0
9439 0
9439 0
9439 0
9439 0
9439 0
9441 0
9441 0
9441 0
9441 0
9441 0
9441 0
9441 0
9441 0
9441 0
9441 0
9441 245
9441 0
9441 0
9441 0
9441 0
9441 0
9441 0
9441 0
9441 0
9441 0
9441 0
9441 0
9441 0
9441 0
9441 0
9441 0
9441 0
9441 0
9441 0
9441 0
9441 0
9456 0
9456 0
9456 0
9456 0
9456 0
9456 0
9456 0
9456 0
9456 0
9456 0
9456 365
9456 0
9456 0
9456 0
9456 0
9456 0
9456 0
9456 0
9456 0
9456 0
9456 0
9456 0
9456 0
9456 0
9456 0
9456 0
9456 0
9456 0
9456 0
9456 0
9456 0
9493 0
9493 0
9493 0
9493 0
9493 0
9493 0
9493 0
9493 0
9493 0
9493 0
9493 258
9493 0
9493 0
9493 0
9493 0
9493 0
9493 0
9493 0
9493 0
9493 0
9493 0
9493 0
9493 0
9493 0
9493 0
9493 0
9493 0
9493 0
9493 0
9493 0
9493 0
9497 0
9497 0
9497 0
9497 0
9497 0
9497 0
9497 0
9497 0
9497 0
9497 0
9497 258
9497 0
9497 0
9497 0
9497 0
9497 0
9497 0
9497 0
9497 0
9497 0
9497 0
9497 0
9497 0
9497 0
9497 0
9497 0
9497 0
9497 0
9497 0
9497 0
9497 0
9510 0
9510 0
9510 0
9510 0
9510 0
9510 0
9510 0
9510 0
9510 0
9510 0
9510 365
9510 0
9510 0
9510 0
9510 0
9510 0
9510 0
9510 0
9510 0
9510 0
9510 0
9510 0
9510 0
9510 0
9510 0
9510 0
9510 0
9510 0
9510 0
9510 0
9510 0
9524 0
9524 0
9524 0
9524 0
9524 0
9524 0
9524 0
9524 0
9524 0
9524 0
9524 353
9524 0
9524 0
9524 0
9524 0
9524 0
9524 0
9524 0
9524 0
9524 0
9524 0
9524 0
9524 0
9524 0
9524 0
9524 0
9524 0
9524 0
9524 0
9524 0
9524 0
9526 0
9526 0
9526 0
9526 0
9526 0
9526 0
9526 0
9526 0
9526 0
9526 0
9526 637
9526 0
9526 0
9526 0
9526 0
9526 0
9526 0
9526 0
9526 0
9526 0
9526 0
9526 0
9526 0
9526 0
9526 0
9526 0
9526 0
9526 0
9526 0
9526 0
9526 0
9556 0
9556 0
9556 0
9556 0
9556 0
9556 0
9556 0
9556 0
9556 0
9556 0
9556 735
9556 0
9556 0
9556 0
9556 0
9556 0
9556 0
9556 0
9556 0
9556 0
9556 0
9556 0
9556 0
9556 0
9556 0
9556 0
9556 0
9556 0
9556 0
9556 0
9556 0
9593 0
9593 0
9593 0
9593 0
9593 0
9593 0
9593 0
9593 0
9593 0
9593 0
9593 258
9593 0
9593 0
9593 0
9593 0
9593 0
9593 0
9593 0
9593 0
9593 0
9593 0
9593 0
9593 0
9593 0
9593 0
9593 0
9593 0
9593 0
9593 0
9593 0
9593 0
9609 0
9609 0
9609 0
9609 0
9609 0
9609 0
9609 0
9609 0
9609 0
9609 0
9609 258
9609 0
9609 0
9609 0
9609 0
9609 0
9609 0
9609 0
9609 0
9609 0
9609 0
9609 0
9609 0
9609 0
9609 0
9609 0
9609 0
9609 0
9609 0
9609 0
9609 0
9614 0
9614 0
9614 0
9614 0
9614 0
9614 0
9614 0
9614 0
9614 0
9614 0
9614 637
9614 0
9614 0
9614 0
9614 0
9614 0
9614 0
9614 0
9614 0
9614 0
9614 0
9614 0
9614 0
9614 0
9614 0
9614 0
9614 0
9614 0
9614 0
9614 0
9614 0
9641 0
9641 0
9641 0
9641 0
9641 0
9641 0
9641 0
9641 0
9641 0
9641 0
9641 531
9641 0
9641 0
9641 0
9641 0
9641 0
9641 0
9641 0
9641 0
9641 0
9641 0
9641 0
9641 0
9641 0
9641 0
9641 0
9641 0
9641 0
9641 0
9641 0
9641 0
9676 0
9676 0
9676 0
9676 0
9676 0
9676 0
9676 0
9676 0
9676 0
9676 0
9676 245
9676 0
9676 0
9676 0
9676 0
9676 0
9676 0
9676 0
9676 0
9676 0
9676 0
9676 0
9676 0
9676 0
9676 0
9676 0
9676 0
9676 0
9676 0
9676 0
9676 0
9682 0
9682 0
9682 0
9682 0
9682 0
9682 0
9682 0
9682 0
9682 0
9682 0
9682 418
9682 0
9682 0
9682 0
9682 0
9682 0
9682 0
9682 0
9682 0
9682 0
9682 0
9682 0
9682 0
9682 0
9682 0
9682 0
9682 0
9682 0
9682 0
9682 0
9682 0
9688 0
9688 0
9688 0
9688 0
9688 0
9688 0
9688 0
9688 0
9688 0
9688 0
9688 258
9688 0
9688 0
9688 0
9688 0
9688 0
9688 0
9688 0
9688 0
9688 0
9688 0
9688 0
9688 0
9688 0
9688 0
9688 0
9688 0
9688 0
9688 0
9688 0
9688 0
9693 0
9693 0
9693 0
9693 0
9693 0
9693 0
9693 0
9693 0
9693 0
9693 0
9693 258
9693 0
9693 0
9693 0
9693 0
9693 0
9693 0
9693 0
9693 0
9693 0
9693 0
9693 0
9693 0
9693 0
9693 0
9693 0
9693 0
9693 0
9693 0
9693 0
9693 0
9723 0
9723 0
9723 0
9723 0
9723 0
9723 0
9723 0
9723 0
9723 0
9723 0
9723 365
9723 0
9723 0
9723 0
9723 0
9723 0
9723 0
9723 0
9723 0
9723 0
9723 0
9723 0
9723 0
9723 0
9723 0
9723 0
9723 0
9723 0
9723 0
9723 0
9723 0
9726 0
9726 0
9726 0
9726 0
9726 0
9726 0
9726 0
9726 0
9726 0
9726 0
9726 1440
9726 0
9726 0
9726 0
9726 0
9726 0
9726 0
9726 0
9726 0
9726 0
9726 0
9726 0
9726 0
9726 0
9726 0
9726 0
9726 0
9726 0
9726 0
9726 0
9726 0
9741 0
9741 0
9741 0
9741 0
9741 0
9741 0
9741 0
9741 0
9741 0
9741 0
9741 531
9741 0
9741 0
9741 0
9741 0
9741 0
9741 0
9741 0
9741 0
9741 0
9741 0
9741 0
9741 0
9741 0
9741 0
9741 0
9741 0
9741 0
9741 0
9741 0
9741 0
9766 0
9766 0
9766 0
9766 0
9766 0
9766 0
9766 0
9766 0
9766 0
9766 0
9766 540
9766 0
9766 0
9766 0
9766 0
9766 0
9766 0
9766 0
9766 0
9766 0
9766 0
9766 0
9766 0
9766 0
9766 0
9766 0
9766 0
9766 0
9766 0
9766 0
9766 0
9799 0
9799 0
9799 0
9799 0
9799 0
9799 0
9799 0
9799 0
9799 0
9799 0
9799 851
9799 0
9799 0
9799 0
9799 0
9799 0
9799 0
9799 0
9799 0
9799 0
9799 0
9799 0
9799 0
9799 0
9799 0
9799 0
9799 0
9799 0
9799 0
9799 0
9799 0
9801 0
9801 0
9801 0
9801 0
9801 0
9801 0
9801 0
9801 0
9801 0
9801 0
9801 258
9801 0
9801 0
9801 0
9801 0
9801 0
9801 0
9801 0
9801 0
9801 0
9801 0
9801 0
9801 0
9801 0
9801 0
9801 0
9801 0
9801 0
9801 0
9801 0
9801 0
9806 0
9806 0
9806 0
9806 0
9806 0
9806 0
9806 0
9806 0
9806 0
9806 0
9806 258
9806 0
9806 0
9806 0
9806 0
9806 0
9806 0
9806 0
9806 0
9806 0
9806 0
9806 0
9806 0
9806 0
9806 0
9806 0
9806 0
9806 0
9806 0
9806 0
9806 0
9813 0
9813 0
9813 0
9813 0
9813 0
9813 0
9813 0
9813 0
9813 0
9813 0
9813 531
9813 0
9813 0
9813 0
9813 0
9813 0
9813 0
9813 0
9813 0
9813 0
9813 0
9813 0
9813 0
9813 0
9813 0
9813 0
9813 0
9813 0
9813 0
9813 0
9813 0
9858 0
9858 0
9858 0
9858 0
9858 0
9858 0
9858 0
9858 0
9858 0
9858 0
9858 245
9858 0
9858 0
9858 0
9858 0
9858 0
9858 0
9858 0
9858 0
9858 0
9858 0
9858 0
9858 0
9858 0
9858 0
9858 0
9858 0
9858 0
9858 0
9858 0
9858 0
9914 0
9914 0
9914 0
9914 0
9914 0
9914 0
9914 0
9914 0
9914 0
9914 0
9914 637
9914 0
9914 0
9914 0
9914 0
9914 0
9914 0
9914 0
9914 0
9914 0
9914 0
9914 0
9914 0
9914 0
9914 0
9914 0
9914 0
9914 0
9914 0
9914 0
9914 0
10058 0
10058 0
10058 0
10058 0
10058 0
10058 0
10058 0
10058 0
10058 0
10058 0
10058 353
10058 0
10058 0
10058 0
10058 0
10058 0
10058 0
10058 0
10058 0
10058 0
10058 0
10058 0
10058 0
10058 0
10058 0
10058 0
10058 0
10058 0
10058 0
10058 0
10058 0
10182 0
10182 0
10182 0
10182 0
10182 0
10182 0
10182 0
10182 0
10182 0
10182 0
10182 365
10182 0
10182 0
10182 0
10182 0
10182 0
10182 0
10182 0
10182 0
10182 0
10182 0
10182 0
10182 0
10182 0
10182 0
10182 0
10182 0
10182 0
10182 0
10182 0
10182 0
10276 0
10276 0
10276 0
10276 0
10276 0
10276 0
10276 0
10276 0
10276 0
10276 0
10276 365
10276 0
10276 0
10276 0
10276 0
10276 0
10276 0
10276 0
10276 0
10276 0
10276 0
10276 0
10276 0
10276 0
10276 0
10276 0
10276 0
10276 0
10276 0
10276 0
10276 0
10330 0
10330 0
10330 0
10330 0
10330 0
10330 0
10330 0
10330 0
10330 0
10330 0
10330 0
10330 75
10330 0
10330 0
10330 0
10330 0
10330 0
10330 0
10330 0
10330 0
10330 0
10330 0
10330 0
10330 0
10330 0
10330 0
10330 0
10330 0
10330 0
10330 0
10330 0
10603 0
10603 0
10603 0
10603 0
10603 0
10603 0
10603 0
10603 0
10603 0
10603 0
10603 0
10603 72
10603 0
10603 0
10603 0
10603 0
10603 0
10603 0
10603 0
10603 0
10603 0
10603 0
10603 0
10603 0
10603 0
10603 0
10603 0
10603 0
10603 0
10603 0
10603 0
10609 0
10609 0
10609 0
10609 0
10609 0
10609 0
10609 0
10609 0
10609 0
10609 0
10609 0
10609 116
10609 0
10609 0
10609 0
10609 0
10609 0
10609 0
10609 0
10609 0
10609 0
10609 0
10609 0
10609 0
10609 0
10609 0
10609 0
10609 0
10609 0
10609 0
10609 0
10867 0
10867 0
10867 0
10867 0
10867 0
10867 0
10867 0
10867 0
10867 0
10867 0
10867 0
10867 521
10867 0
10867 0
10867 0
10867 0
10867 0
10867 0
10867 0
10867 0
10867 0
10867 0
10867 0
10867 0
10867 0
10867 0
10867 0
10867 0
10867 0
10867 0
10867 0
10873 0
10873 0
10873 0
10873 0
10873 0
10873 0
10873 0
10873 0
10873 0
10873 0
10873 0
10873 75
10873 0
10873 0
10873 0
10873 0
10873 0
10873 0
10873 0
10873 0
10873 0
10873 0
10873 0
10873 0
10873 0
10873 0
10873 0
10873 0
10873 0
10873 0
10873 0
10881 0
10881 0
10881 0
10881 0
10881 0
10881 0
10881 0
10881 0
10881 0
10881 0
10881 0
10881 84
10881 0
10881 0
10881 0
10881 0
10881 0
10881 0
10881 0
10881 0
10881 0
10881 0
10881 0
10881 0
10881 0
10881 0
10881 0
10881 0
10881 0
10881 0
10881 0
10889 0
10889 0
10889 0
10889 0
10889 0
10889 0
10889 0
10889 0
10889 0
10889 0
10889 0
10889 172
10889 0
10889 0
10889 0
10889 0
10889 0
10889 0
10889 0
10889 0
10889 0
10889 0
10889 0
10889 0
10889 0
10889 0
10889 0
10889 0
10889 0
10889 0
10889 0
10927 0
10927 0
10927 0
10927 0
10927 0
10927 0
10927 0
10927 0
10927 0
10927 0
10927 0
10927 105
10927 0
10927 0
10927 0
10927 0
10927 0
10927 0
10927 0
10927 0
10927 0
10927 0
10927 0
10927 0
10927 0
10927 0
10927 0
10927 0
10927 0
10927 0
10927 0
10936 0
10936 0
10936 0
10936 0
10936 0
10936 0
10936 0
10936 0
10936 0
10936 0
10936 0
10936 114
10936 0
10936 0
10936 0
10936 0
10936 0
10936 0
10936 0
10936 0
10936 0
10936 0
10936 0
10936 0
10936 0
10936 0
10936 0
10936 0
10936 0
10936 0
10936 0
10945 0
10945 0
10945 0
10945 0
10945 0
10945 0
10945 0
10945 0
10945 0
10945 0
10945 0
10945 208
10945 0
10945 0
10945 0
10945 0
10945 0
10945 0
10945 0
10945 0
10945 0
10945 0
10945 0
10945 0
10945 0
10945 0
10945 0
10945 0
10945 0
10945 0
10945 0
10949 0
10949 0
10949 0
10949 0
10949 0
10949 0
10949 0
10949 0
10949 0
10949 0
10949 0
10949 208
10949 0
10949 0
10949 0
10949 0
10949 0
10949 0
10949 0
10949 0
10949 0
10949 0
10949 0
10949 0
10949 0
10949 0
10949 0
10949 0
10949 0
10949 0
10949 0
10953 0
10953 0
10953 0
10953 0
10953 0
10953 0
10953 0
10953 0
10953 0
10953 0
10953 0
10953 723
10953 0
10953 0
10953 0
10953 0
10953 0
10953 0
10953 0
10953 0
10953 0
10953 0
10953 0
10953 0
10953 0
10953 0
10953 0
10953 0
10953 0
10953 0
10953 0
10956 0
10956 0
10956 0
10956 0
10956 0
10956 0
10956 0
10956 0
10956 0
10956 0
10956 0
10956 105
10956 0
10956 0
10956 0
10956 0
10956 0
10956 0
10956 0
10956 0
10956 0
10956 0
10956 0
10956 0
10956 0
10956 0
10956 0
10956 0
10956 0
10956 0
10956 0
10958 0
10958 0
10958 0
10958 0
10958 0
10958 0
10958 0
10958 0
10958 0
10958 0
10958 0
10958 105
10958 0
10958 0
10958 0
10958 0
10958 0
10958 0
10958 0
10958 0
10958 0
10958 0
10958 0
10958 0
10958 0
10958 0
10958 0
10958 0
10958 0
10958 0
10958 0
10961 0
10961 0
10961 0
10961 0
10961 0
10961 0
10961 0
10961 0
10961 0
10961 0
10961 0
10961 757
10961 0
10961 0
10961 0
10961 0
10961 0
10961 0
10961 0
10961 0
10961 0
10961 0
10961 0
10961 0
10961 0
10961 0
10961 0
10961 0
10961 0
10961 0
10961 0
10967 0
10967 0
10967 0
10967 0
10967 0
10967 0
10967 0
10967 0
10967 0
10967 0
10967 0
10967 223
10967 0
10967 0
10967 0
10967 0
10967 0
10967 0
10967 0
10967 0
10967 0
10967 0
10967 0
10967 0
10967 0
10967 0
10967 0
10967 0
10967 0
10967 0
10967 0
10968 0
10968 0
10968 0
10968 0
10968 0
10968 0
10968 0
10968 0
10968 0
10968 0
10968 0
10968 836
10968 0
10968 0
10968 0
10968 0
10968 0
10968 0
10968 0
10968 0
10968 0
10968 0
10968 0
10968 0
10968 0
10968 0
10968 0
10968 0
10968 0
10968 0
10968 0
10970 0
10970 0
10970 0
10970 0
10970 0
10970 0
10970 0
10970 0
10970 0
10970 0
10970 0
10970 219
10970 0
10970 0
10970 0
10970 0
10970 0
10970 0
10970 0
10970 0
10970 0
10970 0
10970 0
10970 0
10970 0
10970 0
10970 0
10970 0
10970 0
10970 0
10970 0
10971 0
10971 0
10971 0
10971 0
10971 0
10971 0
10971 0
10971 0
10971 0
10971 0
10971 0
10971 105
10971 0
10971 0
10971 0
10971 0
10971 0
10971 0
10971 0
10971 0
10971 0
10971 0
10971 0
10971 0
10971 0
10971 0
10971 0
10971 0
10971 0
10971 0
10971 0
10972 0
10972 0
10972 0
10972 0
10972 0
10972 0
10972 0
10972 0
10972 0
10972 0
10972 0
10972 102
10972 0
10972 0
10972 0
10972 0
10972 0
10972 0
10972 0
10972 0
10972 0
10972 0
10972 0
10972 0
10972 0
10972 0
10972 0
10972 0
10972 0
10972 0
10972 0
10973 0
10973 0
10973 0
10973 0
10973 0
10973 0
10973 0
10973 0
10973 0
10973 0
10973 0
10973 105
10973 0
10973 0
10973 0
10973 0
10973 0
10973 0
10973 0
10973 0
10973 0
10973 0
10973 0
10973 0
10973 0
10973 0
10973 0
10973 0
10973 0
10973 0
10973 0
10986 0
10986 0
10986 0
10986 0
10986 0
10986 0
10986 0
10986 0
10986 0
10986 0
10986 0
10986 1093
10986 0
10986 0
10986 0
10986 0
10986 0
10986 0
10986 0
10986 0
10986 0
10986 0
10986 0
10986 0
10986 0
10986 0
10986 0
10986 0
10986 0
10986 0
10986 0
10988 0
10988 0
10988 0
10988 0
10988 0
10988 0
10988 0
10988 0
10988 0
10988 0
10988 0
10988 241
10988 0
10988 0
10988 0
10988 0
10988 0
10988 0
10988 0
10988 0
10988 0
10988 0
10988 0
10988 0
10988 0
10988 0
10988 0
10988 0
10988 0
10988 0
10988 0
10993 0
10993 0
10993 0
10993 0
10993 0
10993 0
10993 0
10993 0
10993 0
10993 0
10993 0
10993 723
10993 0
10993 0
10993 0
10993 0
10993 0
10993 0
10993 0
10993 0
10993 0
10993 0
10993 0
10993 0
10993 0
10993 0
10993 0
10993 0
10993 0
10993 0
10993 0
11008 0
11008 0
11008 0
11008 0
11008 0
11008 0
11008 0
11008 0
11008 0
11008 0
11008 0
11008 783
11008 0
11008 0
11008 0
11008 0
11008 0
11008 0
11008 0
11008 0
11008 0
11008 0
11008 0
11008 0
11008 0
11008 0
11008 0
11008 0
11008 0
11008 0
11008 0
11015 0
11015 0
11015 0
11015 0
11015 0
11015 0
11015 0
11015 0
11015 0
11015 0
11015 0
11015 503
11015 0
11015 0
11015 0
11015 0
11015 0
11015 0
11015 0
11015 0
11015 0
11015 0
11015 0
11015 0
11015 0
11015 0
11015 0
11015 0
11015 0
11015 0
11015 0
11023 0
11023 0
11023 0
11023 0
11023 0
11023 0
11023 0
11023 0
11023 0
11023 0
11023 0
11023 1072
11023 0
11023 0
11023 0
11023 0
11023 0
11023 0
11023 0
11023 0
11023 0
11023 0
11023 0
11023 0
11023 0
11023 0
11023 0
11023 0
11023 0
11023 0
11023 0
11028 0
11028 0
11028 0
11028 0
11028 0
11028 0
11028 0
11028 0
11028 0
11028 0
11028 0
11028 444
11028 0
11028 0
11028 0
11028 0
11028 0
11028 0
11028 0
11028 0
11028 0
11028 0
11028 0
11028 0
11028 0
11028 0
11028 0
11028 0
11028 0
11028 0
11028 0
11037 0
11037 0
11037 0
11037 0
11037 0
11037 0
11037 0
11037 0
11037 0
11037 0
11037 0
11037 219
11037 0
11037 0
11037 0
11037 0
11037 0
11037 0
11037 0
11037 0
11037 0
11037 0
11037 0
11037 0
11037 0
11037 0
11037 0
11037 0
11037 0
11037 0
11037 0
11045 0
11045 0
11045 0
11045 0
11045 0
11045 0
11045 0
11045 0
11045 0
11045 0
11045 0
11045 662
11045 0
11045 0
11045 0
11045 0
11045 0
11045 0
11045 0
11045 0
11045 0
11045 0
11045 0
11045 0
11045 0
11045 0
11045 0
11045 0
11045 0
11045 0
11045 0
11051 0
11051 0
11051 0
11051 0
11051 0
11051 0
11051 0
11051 0
11051 0
11051 0
11051 0
11051 1046
11051 0
11051 0
11051 0
11051 0
11051 0
11051 0
11051 0
11051 0
11051 0
11051 0
11051 0
11051 0
11051 0
11051 0
11051 0
11051 0
11051 0
11051 0
11051 0
11056 0
11056 0
11056 0
11056 0
11056 0
11056 0
11056 0
11056 0
11056 0
11056 0
11056 0
11056 947
11056 0
11056 0
11056 0
11056 0
11056 0
11056 0
11056 0
11056 0
11056 0
11056 0
11056 0
11056 0
11056 0
11056 0
11056 0
11056 0
11056 0
11056 0
11056 0
11122 0
11122 0
11122 0
11122 0
11122 0
11122 0
11122 0
11122 0
11122 0
11122 0
11122 0
11122 954
11122 0
11122 0
11122 0
11122 0
11122 0
11122 0
11122 0
11122 0
11122 0
11122 0
11122 0
11122 0
11122 0
11122 0
11122 0
11122 0
11122 0
11122 0
11122 0
11193 0
11193 0
11193 0
11193 0
11193 0
11193 0
11193 0
11193 0
11193 0
11193 0
11193 0
11193 428
11193 0
11193 0
11193 0
11193 0
11193 0
11193 0
11193 0
11193 0
11193 0
11193 0
11193 0
11193 0
11193 0
11193 0
11193 0
11193 0
11193 0
11193 0
11193 0
11220 0
11220 0
11220 0
11220 0
11220 0
11220 0
11220 0
11220 0
11220 0
11220 0
11220 0
11220 178
11220 0
11220 0
11220 0
11220 0
11220 0
11220 0
11220 0
11220 0
11220 0
11220 0
11220 0
11220 0
11220 0
11220 0
11220 0
11220 0
11220 0
11220 0
11220 0
12086 0
12086 0
12086 0
12086 0
12086 0
12086 0
12086 0
12086 0
12086 0
12086 0
12086 0
12086 213
12086 0
12086 0
12086 0
12086 0
12086 0
12086 0
12086 0
12086 0
12086 0
12086 0
12086 0
12086 0
12086 0
12086 0
12086 0
12086 0
12086 0
12086 0
12086 0
