pt_graph scale
8772 0
8772 0
8772 0
8772 0
8772 0
8772 0
8772 0
8772 0
8772 0
8772 0
8772 80
8772 0
8772 0
8772 0
8772 0
8772 0
8772 0
8772 0
8772 0
8772 0
8772 0
8772 0
8772 0
8772 0
8772 0
8772 0
8772 0
8772 0
8772 0
8772 0
8772 0
10934 0
10934 0
10934 0
10934 0
10934 0
10934 0
10934 0
10934 0
10934 0
10934 0
10934 0
10934 305
10934 0
10934 0
10934 0
10934 0
10934 0
10934 0
10934 0
10934 0
10934 0
10934 0
10934 0
10934 0
10934 0
10934 0
10934 0
10934 0
10934 0
10934 0
10934 0
10942 0
10942 0
10942 0
10942 0
10942 0
10942 0
10942 0
10942 0
10942 0
10942 0
10942 0
10942 305
10942 0
10942 0
10942 0
10942 0
10942 0
10942 0
10942 0
10942 0
10942 0
10942 0
10942 0
10942 0
10942 0
10942 0
10942 0
10942 0
10942 0
10942 0
10942 0
10953 0
10953 0
10953 0
10953 0
10953 0
10953 0
10953 0
10953 0
10953 0
10953 0
10953 0
10953 664
10953 0
10953 0
10953 0
10953 0
10953 0
10953 0
10953 0
10953 0
10953 0
10953 0
10953 0
10953 0
10953 0
10953 0
10953 0
10953 0
10953 0
10953 0
10953 0
10959 0
10959 0
10959 0
10959 0
10959 0
10959 0
10959 0
10959 0
10959 0
10959 0
10959 0
10959 1220
10959 0
10959 0
10959 0
10959 0
10959 0
10959 0
10959 0
10959 0
10959 0
10959 0
10959 0
10959 0
10959 0
10959 0
10959 0
10959 0
10959 0
10959 0
10959 0
10962 0
10962 0
10962 0
10962 0
10962 0
10962 0
10962 0
10962 0
10962 0
10962 0
10962 0
10962 810
10962 0
10962 0
10962 0
10962 0
10962 0
10962 0
10962 0
10962 0
10962 0
10962 0
10962 0
10962 0
10962 0
10962 0
10962 0
10962 0
10962 0
10962 0
10962 0
10963 0
10963 0
10963 0
10963 0
10963 0
10963 0
10963 0
10963 0
10963 0
10963 0
10963 0
10963 266
10963 0
10963 0
10963 0
10963 0
10963 0
10963 0
10963 0
10963 0
10963 0
10963 0
10963 0
10963 0
10963 0
10963 0
10963 0
10963 0
10963 0
10963 0
10963 0
10984 0
10984 0
10984 0
10984 0
10984 0
10984 0
10984 0
10984 0
10984 0
10984 0
10984 0
10984 524
10984 0
10984 0
10984 0
10984 0
10984 0
10984 0
10984 0
10984 0
10984 0
10984 0
10984 0
10984 0
10984 0
10984 0
10984 0
10984 0
10984 0
10984 0
10984 0
10986 0
10986 0
10986 0
10986 0
10986 0
10986 0
10986 0
10986 0
10986 0
10986 0
10986 0
10986 1233
10986 0
10986 0
10986 0
10986 0
10986 0
10986 0
10986 0
10986 0
10986 0
10986 0
10986 0
10986 0
10986 0
10986 0
10986 0
10986 0
10986 0
10986 0
10986 0
10988 0
10988 0
10988 0
10988 0
10988 0
10988 0
10988 0
10988 0
10988 0
10988 0
10988 0
10988 506
10988 0
10988 0
10988 0
10988 0
10988 0
10988 0
10988 0
10988 0
10988 0
10988 0
10988 0
10988 0
10988 0
10988 0
10988 0
10988 0
10988 0
10988 0
10988 0
10989 0
10989 0
10989 0
10989 0
10989 0
10989 0
10989 0
10989 0
10989 0
10989 0
10989 0
10989 397
10989 0
10989 0
10989 0
10989 0
10989 0
10989 0
10989 0
10989 0
10989 0
10989 0
10989 0
10989 0
10989 0
10989 0
10989 0
10989 0
10989 0
10989 0
10989 0
10993 0
10993 0
10993 0
10993 0
10993 0
10993 0
10993 0
10993 0
10993 0
10993 0
10993 0
10993 407
10993 0
10993 0
10993 0
10993 0
10993 0
10993 0
10993 0
10993 0
10993 0
10993 0
10993 0
10993 0
10993 0
10993 0
10993 0
10993 0
10993 0
10993 0
10993 0
10994 0
10994 0
10994 0
10994 0
10994 0
10994 0
10994 0
10994 0
10994 0
10994 0
10994 0
10994 2443
10994 0
10994 0
10994 0
10994 0
10994 0
10994 0
10994 0
10994 0
10994 0
10994 0
10994 0
10994 0
10994 0
10994 0
10994 0
10994 0
10994 0
10994 0
10994 0
11008 0
11008 0
11008 0
11008 0
11008 0
11008 0
11008 0
11008 0
11008 0
11008 0
11008 0
11008 1219
11008 0
11008 0
11008 0
11008 0
11008 0
11008 0
11008 0
11008 0
11008 0
11008 0
11008 0
11008 0
11008 0
11008 0
11008 0
11008 0
11008 0
11008 0
11008 0
11023 0
11023 0
11023 0
11023 0
11023 0
11023 0
11023 0
11023 0
11023 0
11023 0
11023 0
11023 824
11023 0
11023 0
11023 0
11023 0
11023 0
11023 0
11023 0
11023 0
11023 0
11023 0
11023 0
11023 0
11023 0
11023 0
11023 0
11023 0
11023 0
11023 0
11023 0
11060 0
11060 0
11060 0
11060 0
11060 0
11060 0
11060 0
11060 0
11060 0
11060 0
11060 0
11060 954
11060 0
11060 0
11060 0
11060 0
11060 0
11060 0
11060 0
11060 0
11060 0
11060 0
11060 0
11060 0
11060 0
11060 0
11060 0
11060 0
11060 0
11060 0
11060 0
11068 0
11068 0
11068 0
11068 0
11068 0
11068 0
11068 0
11068 0
11068 0
11068 0
11068 0
11068 2355
11068 0
11068 0
11068 0
11068 0
11068 0
11068 0
11068 0
11068 0
11068 0
11068 0
11068 0
11068 0
11068 0
11068 0
11068 0
11068 0
11068 0
11068 0
11068 0
11122 0
11122 0
11122 0
11122 0
11122 0
11122 0
11122 0
11122 0
11122 0
11122 0
11122 0
11122 2185
11122 0
11122 0
11122 0
11122 0
11122 0
11122 0
11122 0
11122 0
11122 0
11122 0
11122 0
11122 0
11122 0
11122 0
11122 0
11122 0
11122 0
11122 0
11122 0
11193 0
11193 0
11193 0
11193 0
11193 0
11193 0
11193 0
11193 0
11193 0
11193 0
11193 0
11193 458
11193 0
11193 0
11193 0
11193 0
11193 0
11193 0
11193 0
11193 0
11193 0
11193 0
11193 0
11193 0
11193 0
11193 0
11193 0
11193 0
11193 0
11193 0
11193 0
11204 0
11204 0
11204 0
11204 0
11204 0
11204 0
11204 0
11204 0
11204 0
11204 0
11204 0
11204 1858
11204 0
11204 0
11204 0
11204 0
11204 0
11204 0
11204 0
11204 0
11204 0
11204 0
11204 0
11204 0
11204 0
11204 0
11204 0
11204 0
11204 0
11204 0
11204 0
11220 0
11220 0
11220 0
11220 0
11220 0
11220 0
11220 0
11220 0
11220 0
11220 0
11220 0
11220 1370
11220 0
11220 0
11220 0
11220 0
11220 0
11220 0
11220 0
11220 0
11220 0
11220 0
11220 0
11220 0
11220 0
11220 0
11220 0
11220 0
11220 0
11220 0
11220 0
11242 0
11242 0
11242 0
11242 0
11242 0
11242 0
11242 0
11242 0
11242 0
11242 0
11242 0
11242 2033
11242 0
11242 0
11242 0
11242 0
11242 0
11242 0
11242 0
11242 0
11242 0
11242 0
11242 0
11242 0
11242 0
11242 0
11242 0
11242 0
11242 0
11242 0
11242 0
11363 0
11363 0
11363 0
11363 0
11363 0
11363 0
11363 0
11363 0
11363 0
11363 0
11363 0
11363 925
11363 0
11363 0
11363 0
11363 0
11363 0
11363 0
11363 0
11363 0
11363 0
11363 0
11363 0
11363 0
11363 0
11363 0
11363 0
11363 0
11363 0
11363 0
11363 0
11381 0
11381 0
11381 0
11381 0
11381 0
11381 0
11381 0
11381 0
11381 0
11381 0
11381 0
11381 1530
11381 0
11381 0
11381 0
11381 0
11381 0
11381 0
11381 0
11381 0
11381 0
11381 0
11381 0
11381 0
11381 0
11381 0
11381 0
11381 0
11381 0
11381 0
11381 0
11437 0
11437 0
11437 0
11437 0
11437 0
11437 0
11437 0
11437 0
11437 0
11437 0
11437 0
11437 3426
11437 0
11437 0
11437 0
11437 0
11437 0
11437 0
11437 0
11437 0
11437 0
11437 0
11437 0
11437 0
11437 0
11437 0
11437 0
11437 0
11437 0
11437 0
11437 0
11492 0
11492 0
11492 0
11492 0
11492 0
11492 0
11492 0
11492 0
11492 0
11492 0
11492 0
11492 1083
11492 0
11492 0
11492 0
11492 0
11492 0
11492 0
11492 0
11492 0
11492 0
11492 0
11492 0
11492 0
11492 0
11492 0
11492 0
11492 0
11492 0
11492 0
11492 0
11507 0
11507 0
11507 0
11507 0
11507 0
11507 0
11507 0
11507 0
11507 0
11507 0
11507 0
11507 1222
11507 0
11507 0
11507 0
11507 0
11507 0
11507 0
11507 0
11507 0
11507 0
11507 0
11507 0
11507 0
11507 0
11507 0
11507 0
11507 0
11507 0
11507 0
11507 0
11582 0
11582 0
11582 0
11582 0
11582 0
11582 0
11582 0
11582 0
11582 0
11582 0
11582 0
11582 588
11582 0
11582 0
11582 0
11582 0
11582 0
11582 0
11582 0
11582 0
11582 0
11582 0
11582 0
11582 0
11582 0
11582 0
11582 0
11582 0
11582 0
11582 0
11582 0
11635 0
11635 0
11635 0
11635 0
11635 0
11635 0
11635 0
11635 0
11635 0
11635 0
11635 0
11635 1242
11635 0
11635 0
11635 0
11635 0
11635 0
11635 0
11635 0
11635 0
11635 0
11635 0
11635 0
11635 0
11635 0
11635 0
11635 0
11635 0
11635 0
11635 0
11635 0
12086 0
12086 0
12086 0
12086 0
12086 0
12086 0
12086 0
12086 0
12086 0
12086 0
12086 0
12086 2234
12086 0
12086 0
12086 0
12086 0
12086 0
12086 0
12086 0
12086 0
12086 0
12086 0
12086 0
12086 0
12086 0
12086 0
12086 0
12086 0
12086 0
12086 0
12086 0
12087 0
12087 0
12087 0
12087 0
12087 0
12087 0
12087 0
12087 0
12087 0
12087 0
12087 0
12087 1863
12087 0
12087 0
12087 0
12087 0
12087 0
12087 0
12087 0
12087 0
12087 0
12087 0
12087 0
12087 0
12087 0
12087 0
12087 0
12087 0
12087 0
12087 0
12087 0
