pt_graph cpue_kghour
8397 0
8397 0
8397 0
8397 0
8397 0
8397 0
8397 0
8397 0
8397 0
8397 0
8397 87
8397 0
8397 0
8397 0
8397 0
8397 0
8397 0
8397 0
8397 0
8397 0
8397 0
8397 0
8397 0
8397 0
8397 11
8397 0
8397 0
8397 0
8397 0
8397 0
8397 0
8499 0
8499 0
8499 0
8499 0
8499 0
8499 0
8499 0
8499 0
8499 0
8499 0
8499 88
8499 0
8499 0
8499 0
8499 0
8499 0
8499 0
8499 0
8499 0
8499 0
8499 0
8499 0
8499 0
8499 0
8499 11
8499 0
8499 0
8499 0
8499 0
8499 0
8499 0
8592 0
8592 0
8592 0
8592 0
8592 0
8592 0
8592 0
8592 0
8592 0
8592 0
8592 90
8592 0
8592 0
8592 0
8592 0
8592 0
8592 0
8592 0
8592 0
8592 0
8592 0
8592 0
8592 0
8592 0
8592 11
8592 0
8592 0
8592 0
8592 0
8592 0
8592 0
8606 0
8606 0
8606 0
8606 0
8606 0
8606 0
8606 0
8606 0
8606 0
8606 0
8606 597
8606 0
8606 0
8606 0
8606 0
8606 0
8606 0
8606 0
8606 0
8606 0
8606 0
8606 0
8606 0
8606 0
8606 73
8606 0
8606 0
8606 0
8606 0
8606 0
8606 0
8647 0
8647 0
8647 0
8647 0
8647 0
8647 0
8647 0
8647 0
8647 0
8647 0
8647 121
8647 0
8647 0
8647 0
8647 0
8647 0
8647 0
8647 0
8647 0
8647 0
8647 0
8647 0
8647 0
8647 0
8647 11
8647 0
8647 0
8647 0
8647 0
8647 0
8647 0
8689 0
8689 0
8689 0
8689 0
8689 0
8689 0
8689 0
8689 0
8689 0
8689 0
8689 219
8689 0
8689 0
8689 0
8689 1
8689 0
8689 0
8689 0
8689 0
8689 0
8689 0
8689 0
8689 0
8689 0
8689 8
8689 0
8689 0
8689 0
8689 0
8689 0
8689 0
8724 0
8724 0
8724 0
8724 0
8724 0
8724 0
8724 0
8724 0
8724 0
8724 0
8724 90
8724 0
8724 0
8724 0
8724 0
8724 0
8724 0
8724 0
8724 0
8724 0
8724 0
8724 0
8724 0
8724 0
8724 11
8724 0
8724 0
8724 0
8724 0
8724 0
8724 0
8732 0
8732 0
8732 0
8732 0
8732 0
8732 0
8732 0
8732 0
8732 0
8732 0
8732 90
8732 0
8732 0
8732 0
8732 0
8732 0
8732 0
8732 0
8732 0
8732 0
8732 0
8732 0
8732 0
8732 0
8732 11
8732 0
8732 0
8732 0
8732 0
8732 0
8732 0
8767 0
8767 0
8767 0
8767 0
8767 0
8767 0
8767 0
8767 0
8767 0
8767 0
8767 147
8767 0
8767 0
8767 0
8767 1
8767 0
8767 0
8767 0
8767 0
8767 0
8767 0
8767 0
8767 0
8767 0
8767 6
8767 0
8767 0
8767 0
8767 0
8767 0
8767 0
8772 0
8772 0
8772 0
8772 0
8772 0
8772 0
8772 0
8772 0
8772 0
8772 0
8772 128
8772 0
8772 0
8772 0
8772 0
8772 0
8772 0
8772 0
8772 0
8772 0
8772 0
8772 0
8772 0
8772 0
8772 16
8772 0
8772 0
8772 0
8772 0
8772 0
8772 0
8809 0
8809 0
8809 0
8809 0
8809 0
8809 0
8809 0
8809 0
8809 0
8809 0
8809 147
8809 0
8809 0
8809 0
8809 1
8809 0
8809 0
8809 0
8809 0
8809 0
8809 0
8809 0
8809 0
8809 0
8809 6
8809 0
8809 0
8809 0
8809 0
8809 0
8809 0
8829 0
8829 0
8829 0
8829 0
8829 0
8829 0
8829 0
8829 0
8829 0
8829 0
8829 245
8829 0
8829 0
8829 0
8829 1
8829 0
8829 0
8829 0
8829 0
8829 0
8829 0
8829 0
8829 0
8829 0
8829 14
8829 0
8829 0
8829 0
8829 0
8829 0
8829 0
8832 0
8832 0
8832 0
8832 0
8832 0
8832 0
8832 0
8832 0
8832 0
8832 0
8832 87
8832 0
8832 0
8832 0
8832 0
8832 0
8832 0
8832 0
8832 0
8832 0
8832 0
8832 0
8832 0
8832 0
8832 11
8832 0
8832 0
8832 0
8832 0
8832 0
8832 0
8854 0
8854 0
8854 0
8854 0
8854 0
8854 0
8854 0
8854 0
8854 0
8854 0
8854 2204
8854 0
8854 0
8854 0
8854 13
8854 0
8854 0
8854 0
8854 0
8854 0
8854 0
8854 0
8854 0
8854 0
8854 85
8854 0
8854 0
8854 1
8854 0
8854 0
8854 0
8918 0
8918 0
8918 0
8918 0
8918 0
8918 0
8918 0
8918 0
8918 0
8918 0
8918 161
8918 0
8918 0
8918 0
8918 1
8918 0
8918 0
8918 0
8918 0
8918 0
8918 0
8918 0
8918 0
8918 0
8918 8
8918 0
8918 0
8918 0
8918 0
8918 0
8918 0
8922 0
8922 0
8922 0
8922 0
8922 0
8922 0
8922 0
8922 0
8922 0
8922 0
8922 90
8922 0
8922 0
8922 0
8922 0
8922 0
8922 0
8922 0
8922 0
8922 0
8922 0
8922 0
8922 0
8922 0
8922 11
8922 0
8922 0
8922 0
8922 0
8922 0
8922 0
8945 0
8945 0
8945 0
8945 0
8945 0
8945 0
8945 0
8945 0
8945 0
8945 0
8945 367
8945 0
8945 0
8945 0
8945 2
8945 0
8945 0
8945 0
8945 0
8945 0
8945 0
8945 0
8945 0
8945 0
8945 14
8945 0
8945 0
8945 0
8945 0
8945 0
8945 0
8956 0
8956 0
8956 0
8956 0
8956 0
8956 0
8956 0
8956 0
8956 0
8956 0
8956 146
8956 0
8956 0
8956 0
8956 1
8956 0
8956 0
8956 0
8956 0
8956 0
8956 0
8956 0
8956 0
8956 0
8956 10
8956 0
8956 0
8956 0
8956 0
8956 0
8956 0
8997 0
8997 0
8997 0
8997 0
8997 0
8997 0
8997 0
8997 0
8997 0
8997 0
8997 190
8997 0
8997 0
8997 0
8997 1
8997 0
8997 0
8997 0
8997 0
8997 0
8997 0
8997 0
8997 0
8997 0
8997 14
8997 0
8997 0
8997 0
8997 0
8997 0
8997 0
9006 0
9006 0
9006 0
9006 0
9006 0
9006 0
9006 0
9006 0
9006 0
9006 0
9006 76
9006 0
9006 0
9006 0
9006 0
9006 0
9006 0
9006 0
9006 0
9006 0
9006 0
9006 0
9006 0
9006 0
9006 8
9006 0
9006 0
9006 0
9006 0
9006 0
9006 0
9008 0
9008 0
9008 0
9008 0
9008 0
9008 0
9008 0
9008 0
9008 0
9008 0
9008 294
9008 0
9008 0
9008 0
9008 2
9008 0
9008 0
9008 0
9008 0
9008 0
9008 0
9008 0
9008 0
9008 0
9008 11
9008 0
9008 0
9008 0
9008 0
9008 0
9008 0
9012 0
9012 0
9012 0
9012 0
9012 0
9012 0
9012 0
9012 0
9012 0
9012 0
9012 126
9012 0
9012 0
9012 0
9012 0
9012 0
9012 0
9012 0
9012 0
9012 0
9012 0
9012 0
9012 0
9012 0
9012 13
9012 0
9012 0
9012 0
9012 0
9012 0
9012 0
9038 0
9038 0
9038 0
9038 0
9038 0
9038 0
9038 0
9038 0
9038 0
9038 0
9038 233
9038 0
9038 0
9038 0
9038 1
9038 0
9038 0
9038 0
9038 0
9038 0
9038 0
9038 0
9038 0
9038 0
9038 12
9038 0
9038 0
9038 0
9038 0
9038 0
9038 0
9053 0
9053 0
9053 0
9053 0
9053 0
9053 0
9053 0
9053 0
9053 0
9053 0
9053 294
9053 0
9053 0
9053 0
9053 2
9053 0
9053 0
9053 0
9053 0
9053 0
9053 0
9053 0
9053 0
9053 0
9053 11
9053 0
9053 0
9053 0
9053 0
9053 0
9053 0
9097 0
9097 0
9097 0
9097 0
9097 0
9097 0
9097 0
9097 0
9097 0
9097 0
9097 90
9097 0
9097 0
9097 0
9097 0
9097 0
9097 0
9097 0
9097 0
9097 0
9097 0
9097 0
9097 0
9097 0
9097 11
9097 0
9097 0
9097 0
9097 0
9097 0
9097 0
9099 0
9099 0
9099 0
9099 0
9099 0
9099 0
9099 0
9099 0
9099 0
9099 0
9099 194
9099 0
9099 0
9099 0
9099 1
9099 0
9099 0
9099 0
9099 0
9099 0
9099 0
9099 0
9099 0
9099 0
9099 14
9099 0
9099 0
9099 0
9099 0
9099 0
9099 0
9102 0
9102 0
9102 0
9102 0
9102 0
9102 0
9102 0
9102 0
9102 0
9102 0
9102 19
9102 0
9102 0
9102 0
9102 0
9102 0
9102 0
9102 0
9102 0
9102 0
9102 0
9102 0
9102 0
9102 0
9102 2
9102 0
9102 0
9102 0
9102 0
9102 0
9102 0
9129 0
9129 0
9129 0
9129 0
9129 0
9129 0
9129 0
9129 0
9129 0
9129 0
9129 119
9129 0
9129 0
9129 0
9129 0
9129 0
9129 0
9129 0
9129 0
9129 0
9129 0
9129 0
9129 0
9129 0
9129 8
9129 0
9129 0
9129 0
9129 0
9129 0
9129 0
9139 0
9139 0
9139 0
9139 0
9139 0
9139 0
9139 0
9139 0
9139 0
9139 0
9139 176
9139 0
9139 0
9139 0
9139 1
9139 0
9139 0
9139 0
9139 0
9139 0
9139 0
9139 0
9139 0
9139 0
9139 11
9139 0
9139 0
9139 0
9139 0
9139 0
9139 0
9174 0
9174 0
9174 0
9174 0
9174 0
9174 0
9174 0
9174 0
9174 0
9174 0
9174 176
9174 0
9174 0
9174 0
9174 1
9174 0
9174 0
9174 0
9174 0
9174 0
9174 0
9174 0
9174 0
9174 0
9174 7
9174 0
9174 0
9174 0
9174 0
9174 0
9174 0
9186 0
9186 0
9186 0
9186 0
9186 0
9186 0
9186 0
9186 0
9186 0
9186 0
9186 171
9186 0
9186 0
9186 0
9186 0
9186 0
9186 0
9186 0
9186 0
9186 0
9186 0
9186 0
9186 0
9186 0
9186 18
9186 0
9186 0
9186 0
9186 0
9186 0
9186 0
9222 0
9222 0
9222 0
9222 0
9222 0
9222 0
9222 0
9222 0
9222 0
9222 0
9222 126
9222 0
9222 0
9222 0
9222 1
9222 0
9222 0
9222 0
9222 0
9222 0
9222 0
9222 0
9222 0
9222 0
9222 7
9222 0
9222 0
9222 0
9222 0
9222 0
9222 0
9237 0
9237 0
9237 0
9237 0
9237 0
9237 0
9237 0
9237 0
9237 0
9237 0
9237 76
9237 0
9237 0
9237 0
9237 0
9237 0
9237 0
9237 0
9237 0
9237 0
9237 0
9237 0
9237 0
9237 0
9237 8
9237 0
9237 0
9237 0
9237 0
9237 0
9237 0
9240 0
9240 0
9240 0
9240 0
9240 0
9240 0
9240 0
9240 0
9240 0
9240 0
9240 4408
9240 0
9240 0
9240 0
9240 27
9240 0
9240 0
9240 0
9240 0
9240 0
9240 0
9240 0
9240 0
9240 0
9240 170
9240 0
9240 0
9240 1
9240 0
9240 0
9240 0
9267 0
9267 0
9267 0
9267 0
9267 0
9267 0
9267 0
9267 0
9267 0
9267 0
9267 85
9267 0
9267 0
9267 0
9267 0
9267 0
9267 0
9267 0
9267 0
9267 0
9267 0
9267 0
9267 0
9267 0
9267 9
9267 0
9267 0
9267 0
9267 0
9267 0
9267 0
9293 0
9293 0
9293 0
9293 0
9293 0
9293 0
9293 0
9293 0
9293 0
9293 0
9293 76
9293 0
9293 0
9293 0
9293 0
9293 0
9293 0
9293 0
9293 0
9293 0
9293 0
9293 0
9293 0
9293 0
9293 8
9293 0
9293 0
9293 0
9293 0
9293 0
9293 0
9297 0
9297 0
9297 0
9297 0
9297 0
9297 0
9297 0
9297 0
9297 0
9297 0
9297 111
9297 0
9297 0
9297 0
9297 0
9297 0
9297 0
9297 0
9297 0
9297 0
9297 0
9297 0
9297 0
9297 0
9297 11
9297 0
9297 0
9297 0
9297 0
9297 0
9297 0
9330 0
9330 0
9330 0
9330 0
9330 0
9330 0
9330 0
9330 0
9330 0
9330 0
9330 339
9330 0
9330 0
9330 0
9330 2
9330 0
9330 0
9330 0
9330 0
9330 0
9330 0
9330 0
9330 0
9330 0
9330 13
9330 0
9330 0
9330 0
9330 0
9330 0
9330 0
9331 0
9331 0
9331 0
9331 0
9331 0
9331 0
9331 0
9331 0
9331 0
9331 0
9331 108
9331 0
9331 0
9331 0
9331 0
9331 0
9331 0
9331 0
9331 0
9331 0
9331 0
9331 0
9331 0
9331 0
9331 11
9331 0
9331 0
9331 0
9331 0
9331 0
9331 0
9352 0
9352 0
9352 0
9352 0
9352 0
9352 0
9352 0
9352 0
9352 0
9352 0
9352 108
9352 0
9352 0
9352 0
9352 0
9352 0
9352 0
9352 0
9352 0
9352 0
9352 0
9352 0
9352 0
9352 0
9352 7
9352 0
9352 0
9352 0
9352 0
9352 0
9352 0
9403 0
9403 0
9403 0
9403 0
9403 0
9403 0
9403 0
9403 0
9403 0
9403 0
9403 116
9403 0
9403 0
9403 0
9403 0
9403 0
9403 0
9403 0
9403 0
9403 0
9403 0
9403 0
9403 0
9403 0
9403 12
9403 0
9403 0
9403 0
9403 0
9403 0
9403 0
9415 0
9415 0
9415 0
9415 0
9415 0
9415 0
9415 0
9415 0
9415 0
9415 0
9415 137
9415 0
9415 0
9415 0
9415 1
9415 0
9415 0
9415 0
9415 0
9415 0
9415 0
9415 0
9415 0
9415 0
9415 7
9415 0
9415 0
9415 0
9415 0
9415 0
9415 0
9434 0
9434 0
9434 0
9434 0
9434 0
9434 0
9434 0
9434 0
9434 0
9434 0
9434 73
9434 0
9434 0
9434 0
9434 0
9434 0
9434 0
9434 0
9434 0
9434 0
9434 0
9434 0
9434 0
9434 0
9434 8
9434 0
9434 0
9434 0
9434 0
9434 0
9434 0
9447 0
9447 0
9447 0
9447 0
9447 0
9447 0
9447 0
9447 0
9447 0
9447 0
9447 76
9447 0
9447 0
9447 0
9447 0
9447 0
9447 0
9447 0
9447 0
9447 0
9447 0
9447 0
9447 0
9447 0
9447 8
9447 0
9447 0
9447 0
9447 0
9447 0
9447 0
9457 0
9457 0
9457 0
9457 0
9457 0
9457 0
9457 0
9457 0
9457 0
9457 0
9457 453
9457 0
9457 0
9457 0
9457 0
9457 0
9457 0
9457 0
9457 0
9457 0
9457 0
9457 0
9457 0
9457 0
9457 47
9457 0
9457 0
9457 0
9457 0
9457 0
9457 0
9481 0
9481 0
9481 0
9481 0
9481 0
9481 0
9481 0
9481 0
9481 0
9481 0
9481 147
9481 0
9481 0
9481 0
9481 1
9481 0
9481 0
9481 0
9481 0
9481 0
9481 0
9481 0
9481 0
9481 0
9481 6
9481 0
9481 0
9481 0
9481 0
9481 0
9481 0
9544 0
9544 0
9544 0
9544 0
9544 0
9544 0
9544 0
9544 0
9544 0
9544 0
9544 188
9544 0
9544 0
9544 0
9544 1
9544 0
9544 0
9544 0
9544 0
9544 0
9544 0
9544 0
9544 0
9544 0
9544 7
9544 0
9544 0
9544 0
9544 0
9544 0
9544 0
9552 0
9552 0
9552 0
9552 0
9552 0
9552 0
9552 0
9552 0
9552 0
9552 0
9552 103
9552 0
9552 0
9552 0
9552 0
9552 0
9552 0
9552 0
9552 0
9552 0
9552 0
9552 0
9552 0
9552 0
9552 11
9552 0
9552 0
9552 0
9552 0
9552 0
9552 0
9572 0
9572 0
9572 0
9572 0
9572 0
9572 0
9572 0
9572 0
9572 0
9572 0
9572 148
9572 0
9572 0
9572 0
9572 1
9572 0
9572 0
9572 0
9572 0
9572 0
9572 0
9572 0
9572 0
9572 0
9572 9
9572 0
9572 0
9572 0
9572 0
9572 0
9572 0
9656 0
9656 0
9656 0
9656 0
9656 0
9656 0
9656 0
9656 0
9656 0
9656 0
9656 425
9656 0
9656 0
9656 0
9656 0
9656 0
9656 0
9656 0
9656 0
9656 0
9656 0
9656 0
9656 0
9656 0
9656 44
9656 0
9656 0
9656 0
9656 0
9656 0
9656 0
9670 0
9670 0
9670 0
9670 0
9670 0
9670 0
9670 0
9670 0
9670 0
9670 0
9670 389
9670 0
9670 0
9670 0
9670 2
9670 0
9670 0
9670 0
9670 0
9670 0
9670 0
9670 0
9670 0
9670 0
9670 15
9670 0
9670 0
9670 0
9670 0
9670 0
9670 0
9685 0
9685 0
9685 0
9685 0
9685 0
9685 0
9685 0
9685 0
9685 0
9685 0
9685 147
9685 0
9685 0
9685 0
9685 1
9685 0
9685 0
9685 0
9685 0
9685 0
9685 0
9685 0
9685 0
9685 0
9685 6
9685 0
9685 0
9685 0
9685 0
9685 0
9685 0
9726 0
9726 0
9726 0
9726 0
9726 0
9726 0
9726 0
9726 0
9726 0
9726 0
9726 84
9726 0
9726 0
9726 0
9726 0
9726 0
9726 0
9726 0
9726 0
9726 0
9726 0
9726 0
9726 0
9726 0
9726 9
9726 0
9726 0
9726 0
9726 0
9726 0
9726 0
9741 0
9741 0
9741 0
9741 0
9741 0
9741 0
9741 0
9741 0
9741 0
9741 0
9741 157
9741 0
9741 0
9741 0
9741 1
9741 0
9741 0
9741 0
9741 0
9741 0
9741 0
9741 0
9741 0
9741 0
9741 6
9741 0
9741 0
9741 0
9741 0
9741 0
9741 0
9748 0
9748 0
9748 0
9748 0
9748 0
9748 0
9748 0
9748 0
9748 0
9748 0
9748 4408
9748 0
9748 0
9748 0
9748 27
9748 0
9748 0
9748 0
9748 0
9748 0
9748 0
9748 0
9748 0
9748 0
9748 170
9748 0
9748 0
9748 1
9748 0
9748 0
9748 0
9766 0
9766 0
9766 0
9766 0
9766 0
9766 0
9766 0
9766 0
9766 0
9766 0
9766 147
9766 0
9766 0
9766 0
9766 1
9766 0
9766 0
9766 0
9766 0
9766 0
9766 0
9766 0
9766 0
9766 0
9766 6
9766 0
9766 0
9766 0
9766 0
9766 0
9766 0
9808 0
9808 0
9808 0
9808 0
9808 0
9808 0
9808 0
9808 0
9808 0
9808 0
9808 142
9808 0
9808 0
9808 0
9808 1
9808 0
9808 0
9808 0
9808 0
9808 0
9808 0
9808 0
9808 0
9808 0
9808 5
9808 0
9808 0
9808 0
9808 0
9808 0
9808 0
9835 0
9835 0
9835 0
9835 0
9835 0
9835 0
9835 0
9835 0
9835 0
9835 0
9835 276
9835 0
9835 0
9835 0
9835 2
9835 0
9835 0
9835 0
9835 0
9835 0
9835 0
9835 0
9835 0
9835 0
9835 11
9835 0
9835 0
9835 0
9835 0
9835 0
9835 0
9844 0
9844 0
9844 0
9844 0
9844 0
9844 0
9844 0
9844 0
9844 0
9844 0
9844 453
9844 0
9844 0
9844 0
9844 0
9844 0
9844 0
9844 0
9844 0
9844 0
9844 0
9844 0
9844 0
9844 0
9844 47
9844 0
9844 0
9844 0
9844 0
9844 0
9844 0
9896 0
9896 0
9896 0
9896 0
9896 0
9896 0
9896 0
9896 0
9896 0
9896 0
9896 78
9896 0
9896 0
9896 0
9896 0
9896 0
9896 0
9896 0
9896 0
9896 0
9896 0
9896 0
9896 0
9896 0
9896 5
9896 0
9896 0
9896 0
9896 0
9896 0
9896 0
9950 0
9950 0
9950 0
9950 0
9950 0
9950 0
9950 0
9950 0
9950 0
9950 0
9950 147
9950 0
9950 0
9950 0
9950 1
9950 0
9950 0
9950 0
9950 0
9950 0
9950 0
9950 0
9950 0
9950 0
9950 6
9950 0
9950 0
9950 0
9950 0
9950 0
9950 0
9989 0
9989 0
9989 0
9989 0
9989 0
9989 0
9989 0
9989 0
9989 0
9989 0
9989 152
9989 0
9989 0
9989 0
9989 1
9989 0
9989 0
9989 0
9989 0
9989 0
9989 0
9989 0
9989 0
9989 0
9989 6
9989 0
9989 0
9989 0
9989 0
9989 0
9989 0
10102 0
10102 0
10102 0
10102 0
10102 0
10102 0
10102 0
10102 0
10102 0
10102 0
10102 76
10102 0
10102 0
10102 0
10102 0
10102 0
10102 0
10102 0
10102 0
10102 0
10102 0
10102 0
10102 0
10102 0
10102 8
10102 0
10102 0
10102 0
10102 0
10102 0
10102 0
10167 0
10167 0
10167 0
10167 0
10167 0
10167 0
10167 0
10167 0
10167 0
10167 0
10167 73
10167 0
10167 0
10167 0
10167 0
10167 0
10167 0
10167 0
10167 0
10167 0
10167 0
10167 0
10167 0
10167 0
10167 8
10167 0
10167 0
10167 0
10167 0
10167 0
10167 0
10222 0
10222 0
10222 0
10222 0
10222 0
10222 0
10222 0
10222 0
10222 0
10222 0
10222 73
10222 0
10222 0
10222 0
10222 0
10222 0
10222 0
10222 0
10222 0
10222 0
10222 0
10222 0
10222 0
10222 0
10222 8
10222 0
10222 0
10222 0
10222 0
10222 0
10222 0
10238 0
10238 0
10238 0
10238 0
10238 0
10238 0
10238 0
10238 0
10238 0
10238 0
10238 76
10238 0
10238 0
10238 0
10238 0
10238 0
10238 0
10238 0
10238 0
10238 0
10238 0
10238 0
10238 0
10238 0
10238 8
10238 0
10238 0
10238 0
10238 0
10238 0
10238 0
10242 0
10242 0
10242 0
10242 0
10242 0
10242 0
10242 0
10242 0
10242 0
10242 0
10242 76
10242 0
10242 0
10242 0
10242 0
10242 0
10242 0
10242 0
10242 0
10242 0
10242 0
10242 0
10242 0
10242 0
10242 8
10242 0
10242 0
10242 0
10242 0
10242 0
10242 0
10276 0
10276 0
10276 0
10276 0
10276 0
10276 0
10276 0
10276 0
10276 0
10276 0
10276 76
10276 0
10276 0
10276 0
10276 0
10276 0
10276 0
10276 0
10276 0
10276 0
10276 0
10276 0
10276 0
10276 0
10276 8
10276 0
10276 0
10276 0
10276 0
10276 0
10276 0
10304 0
10304 0
10304 0
10304 0
10304 0
10304 0
10304 0
10304 0
10304 0
10304 0
10304 76
10304 0
10304 0
10304 0
10304 0
10304 0
10304 0
10304 0
10304 0
10304 0
10304 0
10304 0
10304 0
10304 0
10304 8
10304 0
10304 0
10304 0
10304 0
10304 0
10304 0
10995 0
10995 0
10995 0
10995 0
10995 0
10995 0
10995 0
10995 0
10995 0
10995 0
10995 0
10995 104
10995 0
10995 0
10995 0
10995 0
10995 0
10995 0
10995 0
10995 0
10995 0
10995 0
10995 0
10995 0
10995 0
10995 0
10995 0
10995 0
10995 0
10995 0
10995 0
11027 0
11027 0
11027 0
11027 0
11027 0
11027 0
11027 0
11027 0
11027 0
11027 0
11027 0
11027 167
11027 0
11027 0
11027 0
11027 0
11027 0
11027 0
11027 0
11027 0
11027 0
11027 0
11027 0
11027 0
11027 0
11027 0
11027 0
11027 0
11027 0
11027 0
11027 0
11031 0
11031 0
11031 0
11031 0
11031 0
11031 0
11031 0
11031 0
11031 0
11031 0
11031 0
11031 304
11031 0
11031 0
11031 0
11031 0
11031 0
11031 0
11031 0
11031 0
11031 0
11031 0
11031 0
11031 0
11031 0
11031 0
11031 0
11031 0
11031 0
11031 0
11031 0
11041 0
11041 0
11041 0
11041 0
11041 0
11041 0
11041 0
11041 0
11041 0
11041 0
11041 0
11041 34
11041 0
11041 0
11041 0
11041 0
11041 0
11041 0
11041 0
11041 0
11041 0
11041 0
11041 0
11041 0
11041 0
11041 0
11041 0
11041 0
11041 0
11041 0
11041 0
11045 0
11045 0
11045 0
11045 0
11045 0
11045 0
11045 0
11045 0
11045 0
11045 0
11045 0
11045 80
11045 0
11045 0
11045 0
11045 0
11045 0
11045 0
11045 0
11045 0
11045 0
11045 0
11045 0
11045 0
11045 0
11045 0
11045 0
11045 0
11045 0
11045 0
11045 0
11056 0
11056 0
11056 0
11056 0
11056 0
11056 0
11056 0
11056 0
11056 0
11056 0
11056 0
11056 111
11056 0
11056 0
11056 0
11056 0
11056 0
11056 0
11056 0
11056 0
11056 0
11056 0
11056 0
11056 0
11056 0
11056 0
11056 0
11056 0
11056 0
11056 0
11056 0
11060 0
11060 0
11060 0
11060 0
11060 0
11060 0
11060 0
11060 0
11060 0
11060 0
11060 0
11060 111
11060 0
11060 0
11060 0
11060 0
11060 0
11060 0
11060 0
11060 0
11060 0
11060 0
11060 0
11060 0
11060 0
11060 0
11060 0
11060 0
11060 0
11060 0
11060 0
11062 0
11062 0
11062 0
11062 0
11062 0
11062 0
11062 0
11062 0
11062 0
11062 0
11062 0
11062 111
11062 0
11062 0
11062 0
11062 0
11062 0
11062 0
11062 0
11062 0
11062 0
11062 0
11062 0
11062 0
11062 0
11062 0
11062 0
11062 0
11062 0
11062 0
11062 0
11068 0
11068 0
11068 0
11068 0
11068 0
11068 0
11068 0
11068 0
11068 0
11068 0
11068 0
11068 108
11068 0
11068 0
11068 0
11068 0
11068 0
11068 0
11068 0
11068 0
11068 0
11068 0
11068 0
11068 0
11068 0
11068 0
11068 0
11068 0
11068 0
11068 0
11068 0
11122 0
11122 0
11122 0
11122 0
11122 0
11122 0
11122 0
11122 0
11122 0
11122 0
11122 0
11122 118
11122 0
11122 0
11122 0
11122 0
11122 0
11122 0
11122 0
11122 0
11122 0
11122 0
11122 0
11122 0
11122 0
11122 0
11122 0
11122 0
11122 0
11122 0
11122 0
11242 0
11242 0
11242 0
11242 0
11242 0
11242 0
11242 0
11242 0
11242 0
11242 0
11242 0
11242 113
11242 0
11242 0
11242 0
11242 0
11242 0
11242 0
11242 0
11242 0
11242 0
11242 0
11242 0
11242 0
11242 0
11242 0
11242 0
11242 0
11242 0
11242 0
11242 0
12086 0
12086 0
12086 0
12086 0
12086 0
12086 0
12086 0
12086 0
12086 0
12086 0
12086 0
12086 106
12086 0
12086 0
12086 0
12086 0
12086 0
12086 0
12086 0
12086 0
12086 0
12086 0
12086 0
12086 0
12086 0
12086 0
12086 0
12086 0
12086 0
12086 0
12086 0
