pt_graph scale
5350 0
5350 0
5350 0
5350 0
5350 0
5350 0
5350 0
5350 0
5350 0
5350 0
5350 0
5350 0
5350 0
5350 0
5350 0
5350 0
5350 0
5350 0
5350 0
5350 0
5350 0
5350 0
5350 0
5350 0
5350 0
5350 0
5350 0
5350 0
5350 0
5350 0
5350 0
5387 0
5387 0
5387 0
5387 0
5387 0
5387 0
5387 0
5387 0
5387 0
5387 0
5387 0
5387 0
5387 0
5387 0
5387 0
5387 0
5387 0
5387 0
5387 0
5387 0
5387 0
5387 0
5387 0
5387 0
5387 0
5387 0
5387 0
5387 0
5387 0
5387 0
5387 0
5414 0
5414 0
5414 0
5414 0
5414 0
5414 0
5414 0
5414 0
5414 0
5414 0
5414 0
5414 0
5414 0
5414 0
5414 0
5414 0
5414 0
5414 0
5414 0
5414 0
5414 0
5414 0
5414 0
5414 0
5414 0
5414 0
5414 0
5414 0
5414 0
5414 0
5414 0
5439 0
5439 0
5439 0
5439 0
5439 0
5439 0
5439 0
5439 0
5439 0
5439 0
5439 0
5439 0
5439 0
5439 0
5439 0
5439 0
5439 0
5439 0
5439 0
5439 0
5439 0
5439 0
5439 0
5439 0
5439 0
5439 0
5439 0
5439 0
5439 0
5439 0
5439 0
5449 0
5449 0
5449 0
5449 0
5449 0
5449 0
5449 0
5449 0
5449 0
5449 0
5449 0
5449 0
5449 0
5449 0
5449 0
5449 0
5449 0
5449 0
5449 0
5449 0
5449 0
5449 0
5449 0
5449 0
5449 0
5449 0
5449 0
5449 0
5449 0
5449 0
5449 0
5474 0
5474 0
5474 0
5474 0
5474 0
5474 0
5474 0
5474 0
5474 0
5474 0
5474 0
5474 0
5474 0
5474 0
5474 0
5474 0
5474 0
5474 0
5474 0
5474 0
5474 0
5474 0
5474 0
5474 0
5474 0
5474 0
5474 0
5474 0
5474 0
5474 0
5474 0
5489 0
5489 0
5489 0
5489 0
5489 0
5489 0
5489 0
5489 0
5489 0
5489 0
5489 0
5489 0
5489 0
5489 0
5489 0
5489 0
5489 0
5489 0
5489 0
5489 0
5489 0
5489 0
5489 0
5489 0
5489 0
5489 0
5489 0
5489 0
5489 0
5489 0
5489 0
5501 0
5501 0
5501 0
5501 0
5501 0
5501 0
5501 0
5501 0
5501 0
5501 0
5501 0
5501 0
5501 0
5501 0
5501 0
5501 0
5501 0
5501 0
5501 0
5501 0
5501 0
5501 0
5501 0
5501 0
5501 0
5501 0
5501 0
5501 0
5501 0
5501 0
5501 0
5506 0
5506 13
5506 0
5506 0
5506 0
5506 0
5506 0
5506 0
5506 0
5506 9
5506 0
5506 0
5506 0
5506 1
5506 0
5506 0
5506 0
5506 0
5506 0
5506 0
5506 0
5506 0
5506 0
5506 1
5506 0
5506 0
5506 0
5506 0
5506 0
5506 0
5506 0
5522 0
5522 0
5522 0
5522 0
5522 0
5522 0
5522 0
5522 0
5522 0
5522 0
5522 0
5522 0
5522 0
5522 0
5522 0
5522 0
5522 0
5522 0
5522 0
5522 0
5522 0
5522 0
5522 0
5522 0
5522 0
5522 0
5522 0
5522 0
5522 0
5522 0
5522 0
5534 0
5534 1
5534 0
5534 0
5534 0
5534 0
5534 0
5534 0
5534 0
5534 0
5534 0
5534 0
5534 0
5534 0
5534 0
5534 0
5534 0
5534 0
5534 0
5534 0
5534 0
5534 0
5534 0
5534 0
5534 0
5534 0
5534 0
5534 0
5534 0
5534 0
5534 0
5541 0
5541 0
5541 0
5541 0
5541 0
5541 0
5541 0
5541 0
5541 0
5541 0
5541 0
5541 0
5541 0
5541 0
5541 0
5541 0
5541 0
5541 0
5541 0
5541 0
5541 0
5541 0
5541 0
5541 0
5541 0
5541 0
5541 0
5541 0
5541 0
5541 0
5541 0
5566 0
5566 0
5566 0
5566 0
5566 0
5566 0
5566 0
5566 0
5566 0
5566 0
5566 0
5566 0
5566 0
5566 0
5566 0
5566 0
5566 0
5566 0
5566 0
5566 0
5566 0
5566 0
5566 0
5566 0
5566 0
5566 0
5566 0
5566 0
5566 0
5566 0
5566 0
5579 0
5579 1
5579 0
5579 0
5579 0
5579 0
5579 0
5579 0
5579 0
5579 0
5579 0
5579 0
5579 0
5579 0
5579 0
5579 0
5579 0
5579 0
5579 0
5579 0
5579 0
5579 0
5579 0
5579 0
5579 0
5579 0
5579 0
5579 0
5579 0
5579 0
5579 0
5596 0
5596 0
5596 0
5596 0
5596 0
5596 0
5596 0
5596 0
5596 0
5596 0
5596 0
5596 0
5596 0
5596 0
5596 0
5596 0
5596 0
5596 0
5596 0
5596 0
5596 0
5596 0
5596 0
5596 0
5596 0
5596 0
5596 0
5596 0
5596 0
5596 0
5596 0
5605 0
5605 0
5605 0
5605 0
5605 0
5605 0
5605 0
5605 0
5605 0
5605 0
5605 0
5605 0
5605 0
5605 0
5605 0
5605 0
5605 0
5605 0
5605 0
5605 0
5605 0
5605 0
5605 0
5605 0
5605 0
5605 0
5605 0
5605 0
5605 0
5605 0
5605 0
5611 0
5611 0
5611 0
5611 0
5611 0
5611 0
5611 0
5611 0
5611 0
5611 0
5611 0
5611 0
5611 0
5611 0
5611 0
5611 0
5611 0
5611 0
5611 0
5611 0
5611 0
5611 0
5611 0
5611 0
5611 0
5611 0
5611 0
5611 0
5611 0
5611 0
5611 0
5625 0
5625 24
5625 0
5625 0
5625 0
5625 0
5625 0
5625 0
5625 0
5625 67
5625 0
5625 0
5625 0
5625 0
5625 0
5625 0
5625 0
5625 0
5625 0
5625 0
5625 0
5625 0
5625 0
5625 90
5625 0
5625 0
5625 0
5625 0
5625 0
5625 0
5625 0
5636 0
5636 1
5636 0
5636 0
5636 0
5636 0
5636 0
5636 0
5636 0
5636 0
5636 0
5636 0
5636 0
5636 0
5636 0
5636 0
5636 0
5636 0
5636 0
5636 0
5636 0
5636 0
5636 0
5636 0
5636 0
5636 0
5636 0
5636 0
5636 0
5636 0
5636 0
5638 0
5638 0
5638 0
5638 0
5638 0
5638 0
5638 0
5638 0
5638 0
5638 0
5638 0
5638 0
5638 0
5638 0
5638 0
5638 0
5638 0
5638 0
5638 0
5638 0
5638 0
5638 0
5638 0
5638 0
5638 0
5638 0
5638 0
5638 0
5638 0
5638 0
5638 0
5643 0
5643 0
5643 0
5643 0
5643 0
5643 0
5643 0
5643 0
5643 0
5643 0
5643 0
5643 0
5643 0
5643 0
5643 0
5643 0
5643 0
5643 0
5643 0
5643 0
5643 0
5643 0
5643 0
5643 0
5643 0
5643 0
5643 0
5643 0
5643 0
5643 0
5643 0
5658 0
5658 0
5658 0
5658 0
5658 0
5658 0
5658 0
5658 0
5658 0
5658 0
5658 0
5658 0
5658 0
5658 0
5658 0
5658 0
5658 0
5658 0
5658 0
5658 0
5658 0
5658 0
5658 0
5658 0
5658 0
5658 0
5658 0
5658 0
5658 0
5658 0
5658 0
5661 0
5661 0
5661 0
5661 0
5661 0
5661 0
5661 0
5661 0
5661 0
5661 0
5661 0
5661 0
5661 0
5661 0
5661 0
5661 0
5661 0
5661 0
5661 0
5661 0
5661 0
5661 0
5661 0
5661 0
5661 0
5661 0
5661 0
5661 0
5661 0
5661 0
5661 0
5674 0
5674 0
5674 0
5674 0
5674 0
5674 0
5674 0
5674 0
5674 0
5674 0
5674 0
5674 0
5674 0
5674 0
5674 0
5674 0
5674 0
5674 0
5674 0
5674 0
5674 0
5674 0
5674 0
5674 0
5674 0
5674 0
5674 0
5674 0
5674 0
5674 0
5674 0
5680 0
5680 0
5680 0
5680 0
5680 0
5680 0
5680 0
5680 0
5680 0
5680 0
5680 0
5680 0
5680 0
5680 0
5680 0
5680 0
5680 0
5680 0
5680 0
5680 0
5680 0
5680 0
5680 0
5680 0
5680 0
5680 0
5680 0
5680 0
5680 0
5680 0
5680 0
5697 0
5697 0
5697 0
5697 0
5697 0
5697 0
5697 0
5697 0
5697 0
5697 2
5697 0
5697 0
5697 0
5697 0
5697 0
5697 0
5697 0
5697 0
5697 0
5697 0
5697 0
5697 0
5697 0
5697 0
5697 0
5697 0
5697 0
5697 0
5697 0
5697 0
5697 0
5750 0
5750 0
5750 0
5750 0
5750 0
5750 0
5750 0
5750 0
5750 0
5750 0
5750 0
5750 0
5750 0
5750 0
5750 0
5750 0
5750 0
5750 0
5750 0
5750 0
5750 0
5750 0
5750 0
5750 0
5750 0
5750 0
5750 0
5750 0
5750 0
5750 0
5750 0
5769 0
5769 0
5769 0
5769 0
5769 0
5769 0
5769 0
5769 0
5769 0
5769 0
5769 0
5769 0
5769 0
5769 0
5769 0
5769 0
5769 0
5769 0
5769 0
5769 0
5769 0
5769 0
5769 0
5769 0
5769 0
5769 0
5769 0
5769 0
5769 0
5769 0
5769 0
5782 0
5782 0
5782 0
5782 0
5782 0
5782 0
5782 0
5782 0
5782 0
5782 0
5782 0
5782 0
5782 0
5782 0
5782 0
5782 0
5782 0
5782 0
5782 0
5782 0
5782 0
5782 0
5782 0
5782 0
5782 0
5782 0
5782 0
5782 0
5782 0
5782 0
5782 0
5783 0
5783 0
5783 0
5783 0
5783 0
5783 0
5783 0
5783 0
5783 0
5783 0
5783 0
5783 0
5783 0
5783 0
5783 0
5783 0
5783 0
5783 0
5783 0
5783 0
5783 0
5783 0
5783 0
5783 0
5783 0
5783 0
5783 0
5783 0
5783 0
5783 0
5783 0
5850 0
5850 0
5850 0
5850 0
5850 0
5850 0
5850 0
5850 0
5850 0
5850 0
5850 0
5850 0
5850 0
5850 0
5850 0
5850 0
5850 0
5850 0
5850 0
5850 0
5850 0
5850 0
5850 0
5850 0
5850 0
5850 0
5850 0
5850 0
5850 0
5850 0
5850 0
5857 0
5857 0
5857 0
5857 0
5857 0
5857 0
5857 0
5857 0
5857 0
5857 0
5857 0
5857 0
5857 0
5857 0
5857 0
5857 0
5857 0
5857 0
5857 0
5857 0
5857 0
5857 0
5857 0
5857 0
5857 0
5857 0
5857 0
5857 0
5857 0
5857 0
5857 0
5877 0
5877 0
5877 0
5877 0
5877 0
5877 0
5877 0
5877 0
5877 0
5877 0
5877 0
5877 0
5877 0
5877 0
5877 0
5877 0
5877 0
5877 0
5877 0
5877 0
5877 0
5877 0
5877 0
5877 0
5877 0
5877 0
5877 0
5877 0
5877 0
5877 0
5877 0
5878 0
5878 0
5878 0
5878 0
5878 0
5878 0
5878 0
5878 0
5878 0
5878 0
5878 0
5878 0
5878 0
5878 0
5878 0
5878 0
5878 0
5878 0
5878 0
5878 0
5878 0
5878 0
5878 0
5878 0
5878 0
5878 0
5878 0
5878 0
5878 0
5878 0
5878 0
8878 0
8878 0
8878 0
8878 0
8878 0
8878 0
8878 0
8878 0
8878 0
8878 0
8878 325
8878 0
8878 0
8878 0
8878 0
8878 0
8878 0
8878 0
8878 0
8878 0
8878 0
8878 0
8878 0
8878 0
8878 55
8878 0
8878 0
8878 0
8878 0
8878 0
8878 0
8956 0
8956 0
8956 0
8956 0
8956 0
8956 0
8956 0
8956 0
8956 0
8956 0
8956 262
8956 0
8956 0
8956 0
8956 0
8956 0
8956 0
8956 0
8956 0
8956 0
8956 0
8956 0
8956 0
8956 0
8956 29
8956 0
8956 0
8956 0
8956 0
8956 0
8956 0
8959 0
8959 0
8959 0
8959 0
8959 0
8959 0
8959 0
8959 0
8959 0
8959 0
8959 133
8959 0
8959 0
8959 0
8959 0
8959 0
8959 0
8959 0
8959 0
8959 0
8959 0
8959 0
8959 0
8959 0
8959 1
8959 0
8959 0
8959 0
8959 0
8959 0
8959 0
8972 0
8972 0
8972 0
8972 0
8972 0
8972 0
8972 0
8972 0
8972 0
8972 0
8972 133
8972 0
8972 0
8972 0
8972 0
8972 0
8972 0
8972 0
8972 0
8972 0
8972 0
8972 0
8972 0
8972 0
8972 1
8972 0
8972 0
8972 0
8972 0
8972 0
8972 0
8978 0
8978 0
8978 0
8978 0
8978 0
8978 0
8978 0
8978 0
8978 0
8978 0
8978 143
8978 0
8978 0
8978 0
8978 0
8978 0
8978 0
8978 0
8978 0
8978 0
8978 0
8978 0
8978 0
8978 0
8978 1
8978 0
8978 0
8978 0
8978 0
8978 0
8978 0
8986 0
8986 0
8986 0
8986 0
8986 0
8986 0
8986 0
8986 0
8986 0
8986 0
8986 143
8986 0
8986 0
8986 0
8986 0
8986 0
8986 0
8986 0
8986 0
8986 0
8986 0
8986 0
8986 0
8986 0
8986 1
8986 0
8986 0
8986 0
8986 0
8986 0
8986 0
8994 0
8994 0
8994 0
8994 0
8994 0
8994 0
8994 0
8994 0
8994 0
8994 0
8994 148
8994 0
8994 0
8994 0
8994 0
8994 0
8994 0
8994 0
8994 0
8994 0
8994 0
8994 0
8994 0
8994 0
8994 3
8994 0
8994 0
8994 0
8994 0
8994 0
8994 0
8997 0
8997 0
8997 0
8997 0
8997 0
8997 0
8997 0
8997 0
8997 0
8997 0
8997 316
8997 0
8997 0
8997 0
8997 1
8997 0
8997 0
8997 0
8997 0
8997 0
8997 0
8997 0
8997 0
8997 0
8997 38
8997 0
8997 0
8997 0
8997 0
8997 0
8997 0
9008 0
9008 0
9008 0
9008 0
9008 0
9008 0
9008 0
9008 0
9008 0
9008 0
9008 140
9008 0
9008 0
9008 0
9008 0
9008 0
9008 0
9008 0
9008 0
9008 0
9008 0
9008 0
9008 0
9008 0
9008 1
9008 0
9008 0
9008 0
9008 0
9008 0
9008 0
9012 0
9012 0
9012 0
9012 0
9012 0
9012 0
9012 0
9012 0
9012 0
9012 0
9012 148
9012 0
9012 0
9012 0
9012 0
9012 0
9012 0
9012 0
9012 0
9012 0
9012 0
9012 0
9012 0
9012 0
9012 3
9012 0
9012 0
9012 0
9012 0
9012 0
9012 0
9023 0
9023 0
9023 0
9023 0
9023 0
9023 0
9023 0
9023 0
9023 0
9023 0
9023 148
9023 0
9023 0
9023 0
9023 0
9023 0
9023 0
9023 0
9023 0
9023 0
9023 0
9023 0
9023 0
9023 0
9023 3
9023 0
9023 0
9023 0
9023 0
9023 0
9023 0
9029 0
9029 0
9029 0
9029 0
9029 0
9029 0
9029 0
9029 0
9029 0
9029 0
9029 590
9029 0
9029 0
9029 0
9029 2
9029 0
9029 0
9029 0
9029 0
9029 0
9029 0
9029 0
9029 0
9029 0
9029 98
9029 0
9029 0
9029 0
9029 0
9029 0
9029 0
9037 0
9037 0
9037 0
9037 0
9037 0
9037 0
9037 0
9037 0
9037 0
9037 0
9037 133
9037 0
9037 0
9037 0
9037 0
9037 0
9037 0
9037 0
9037 0
9037 0
9037 0
9037 0
9037 0
9037 0
9037 1
9037 0
9037 0
9037 0
9037 0
9037 0
9037 0
9038 0
9038 0
9038 0
9038 0
9038 0
9038 0
9038 0
9038 0
9038 0
9038 0
9038 143
9038 0
9038 0
9038 0
9038 0
9038 0
9038 0
9038 0
9038 0
9038 0
9038 0
9038 0
9038 0
9038 0
9038 1
9038 0
9038 0
9038 0
9038 0
9038 0
9038 0
9039 0
9039 0
9039 0
9039 0
9039 0
9039 0
9039 0
9039 0
9039 0
9039 0
9039 274
9039 0
9039 0
9039 0
9039 0
9039 0
9039 0
9039 0
9039 0
9039 0
9039 0
9039 0
9039 0
9039 0
9039 31
9039 0
9039 0
9039 0
9039 0
9039 0
9039 0
9069 0
9069 0
9069 0
9069 0
9069 0
9069 0
9069 0
9069 0
9069 0
9069 0
9069 143
9069 0
9069 0
9069 0
9069 0
9069 0
9069 0
9069 0
9069 0
9069 0
9069 0
9069 0
9069 0
9069 0
9069 1
9069 0
9069 0
9069 0
9069 0
9069 0
9069 0
9090 0
9090 0
9090 0
9090 0
9090 0
9090 0
9090 0
9090 0
9090 0
9090 0
9090 130
9090 0
9090 0
9090 0
9090 0
9090 0
9090 0
9090 0
9090 0
9090 0
9090 0
9090 0
9090 0
9090 0
9090 1
9090 0
9090 0
9090 0
9090 0
9090 0
9090 0
9097 0
9097 0
9097 0
9097 0
9097 0
9097 0
9097 0
9097 0
9097 0
9097 0
9097 54
9097 0
9097 0
9097 0
9097 0
9097 0
9097 0
9097 0
9097 0
9097 0
9097 0
9097 0
9097 0
9097 0
9097 0
9097 0
9097 0
9097 0
9097 0
9097 0
9097 0
9099 0
9099 0
9099 0
9099 0
9099 0
9099 0
9099 0
9099 0
9099 0
9099 0
9099 148
9099 0
9099 0
9099 0
9099 0
9099 0
9099 0
9099 0
9099 0
9099 0
9099 0
9099 0
9099 0
9099 0
9099 3
9099 0
9099 0
9099 0
9099 0
9099 0
9099 0
9129 0
9129 0
9129 0
9129 0
9129 0
9129 0
9129 0
9129 0
9129 0
9129 0
9129 448
9129 0
9129 0
9129 0
9129 1
9129 0
9129 0
9129 0
9129 0
9129 0
9129 0
9129 0
9129 0
9129 0
9129 71
9129 0
9129 0
9129 0
9129 0
9129 0
9129 0
9142 0
9142 0
9142 0
9142 0
9142 0
9142 0
9142 0
9142 0
9142 0
9142 0
9142 133
9142 0
9142 0
9142 0
9142 0
9142 0
9142 0
9142 0
9142 0
9142 0
9142 0
9142 0
9142 0
9142 0
9142 1
9142 0
9142 0
9142 0
9142 0
9142 0
9142 0
9222 0
9222 0
9222 0
9222 0
9222 0
9222 0
9222 0
9222 0
9222 0
9222 0
9222 274
9222 0
9222 0
9222 0
9222 0
9222 0
9222 0
9222 0
9222 0
9222 0
9222 0
9222 0
9222 0
9222 0
9222 31
9222 0
9222 0
9222 0
9222 0
9222 0
9222 0
9295 0
9295 0
9295 0
9295 0
9295 0
9295 0
9295 0
9295 0
9295 0
9295 0
9295 130
9295 0
9295 0
9295 0
9295 0
9295 0
9295 0
9295 0
9295 0
9295 0
9295 0
9295 0
9295 0
9295 0
9295 1
9295 0
9295 0
9295 0
9295 0
9295 0
9295 0
9298 0
9298 0
9298 0
9298 0
9298 0
9298 0
9298 0
9298 0
9298 0
9298 0
9298 133
9298 0
9298 0
9298 0
9298 0
9298 0
9298 0
9298 0
9298 0
9298 0
9298 0
9298 0
9298 0
9298 0
9298 1
9298 0
9298 0
9298 0
9298 0
9298 0
9298 0
9394 0
9394 0
9394 0
9394 0
9394 0
9394 0
9394 0
9394 0
9394 0
9394 0
9394 137
9394 0
9394 0
9394 0
9394 0
9394 0
9394 0
9394 0
9394 0
9394 0
9394 0
9394 0
9394 0
9394 0
9394 1
9394 0
9394 0
9394 0
9394 0
9394 0
9394 0
9431 0
9431 0
9431 0
9431 0
9431 0
9431 0
9431 0
9431 0
9431 0
9431 0
9431 130
9431 0
9431 0
9431 0
9431 0
9431 0
9431 0
9431 0
9431 0
9431 0
9431 0
9431 0
9431 0
9431 0
9431 1
9431 0
9431 0
9431 0
9431 0
9431 0
9431 0
9656 0
9656 0
9656 0
9656 0
9656 0
9656 0
9656 0
9656 0
9656 0
9656 0
9656 112
9656 0
9656 0
9656 0
9656 0
9656 0
9656 0
9656 0
9656 0
9656 0
9656 0
9656 0
9656 0
9656 0
9656 1
9656 0
9656 0
9656 0
9656 0
9656 0
9656 0
9808 0
9808 0
9808 0
9808 0
9808 0
9808 0
9808 0
9808 0
9808 0
9808 0
9808 480
9808 0
9808 0
9808 0
9808 0
9808 0
9808 0
9808 0
9808 0
9808 0
9808 0
9808 0
9808 0
9808 0
9808 0
9808 0
9808 0
9808 0
9808 0
9808 0
9808 0
9855 0
9855 0
9855 0
9855 0
9855 0
9855 0
9855 0
9855 0
9855 0
9855 0
9855 116
9855 0
9855 0
9855 0
9855 0
9855 0
9855 0
9855 0
9855 0
9855 0
9855 0
9855 0
9855 0
9855 0
9855 1
9855 0
9855 0
9855 0
9855 0
9855 0
9855 0
9914 0
9914 0
9914 0
9914 0
9914 0
9914 0
9914 0
9914 0
9914 0
9914 0
9914 7770
9914 0
9914 0
9914 0
9914 0
9914 0
9914 0
9914 0
9914 0
9914 0
9914 0
9914 0
9914 0
9914 0
9914 238
9914 0
9914 0
9914 0
9914 0
9914 0
9914 0
9989 0
9989 0
9989 0
9989 0
9989 0
9989 0
9989 0
9989 0
9989 0
9989 0
9989 116
9989 0
9989 0
9989 0
9989 0
9989 0
9989 0
9989 0
9989 0
9989 0
9989 0
9989 0
9989 0
9989 0
9989 1
9989 0
9989 0
9989 0
9989 0
9989 0
9989 0
10102 0
10102 0
10102 0
10102 0
10102 0
10102 0
10102 0
10102 0
10102 0
10102 0
10102 116
10102 0
10102 0
10102 0
10102 0
10102 0
10102 0
10102 0
10102 0
10102 0
10102 0
10102 0
10102 0
10102 0
10102 1
10102 0
10102 0
10102 0
10102 0
10102 0
10102 0
10116 0
10116 0
10116 0
10116 0
10116 0
10116 0
10116 0
10116 0
10116 0
10116 0
10116 514
10116 0
10116 0
10116 0
10116 0
10116 0
10116 0
10116 0
10116 0
10116 0
10116 0
10116 0
10116 0
10116 0
10116 0
10116 0
10116 0
10116 0
10116 0
10116 0
10116 0
10222 0
10222 0
10222 0
10222 0
10222 0
10222 0
10222 0
10222 0
10222 0
10222 0
10222 1904
10222 0
10222 0
10222 0
10222 0
10222 0
10222 0
10222 0
10222 0
10222 0
10222 0
10222 0
10222 0
10222 0
10222 406
10222 0
10222 0
10222 0
10222 0
10222 0
10222 0
10238 0
10238 0
10238 0
10238 0
10238 0
10238 0
10238 0
10238 0
10238 0
10238 0
10238 8272
10238 0
10238 0
10238 0
10238 0
10238 0
10238 0
10238 0
10238 0
10238 0
10238 0
10238 0
10238 0
10238 0
10238 250
10238 0
10238 0
10238 0
10238 0
10238 0
10238 0
10327 0
10327 0
10327 0
10327 0
10327 0
10327 0
10327 0
10327 0
10327 0
10327 0
10327 0
10327 3092
10327 0
10327 0
10327 0
10327 0
10327 0
10327 0
10327 0
10327 0
10327 0
10327 331
10327 0
10327 0
10327 35
10327 0
10327 0
10327 0
10327 0
10327 0
10327 0
10330 0
10330 0
10330 0
10330 0
10330 0
10330 0
10330 0
10330 0
10330 0
10330 0
10330 0
10330 954
10330 0
10330 0
10330 0
10330 0
10330 0
10330 0
10330 0
10330 0
10330 0
10330 0
10330 0
10330 0
10330 25
10330 0
10330 0
10330 1
10330 0
10330 0
10330 0
10603 0
10603 0
10603 0
10603 0
10603 0
10603 0
10603 0
10603 0
10603 0
10603 0
10603 0
10603 739
10603 0
10603 0
10603 0
10603 0
10603 0
10603 0
10603 0
10603 0
10603 0
10603 0
10603 0
10603 0
10603 11
10603 0
10603 0
10603 0
10603 0
10603 0
10603 0
10607 0
10607 0
10607 0
10607 0
10607 0
10607 0
10607 0
10607 0
10607 0
10607 0
10607 0
10607 247
10607 0
10607 0
10607 0
10607 0
10607 0
10607 0
10607 0
10607 0
10607 0
10607 0
10607 0
10607 0
10607 1
10607 0
10607 0
10607 0
10607 0
10607 0
10607 0
10609 0
10609 0
10609 0
10609 0
10609 0
10609 0
10609 0
10609 0
10609 0
10609 0
10609 0
10609 543
10609 0
10609 0
10609 0
10609 0
10609 0
10609 0
10609 0
10609 0
10609 0
10609 2
10609 0
10609 0
10609 4
10609 0
10609 0
10609 0
10609 0
10609 0
10609 0
10867 0
10867 0
10867 0
10867 0
10867 0
10867 0
10867 0
10867 0
10867 0
10867 0
10867 0
10867 505
10867 0
10867 0
10867 0
10867 0
10867 0
10867 0
10867 0
10867 0
10867 0
10867 3
10867 0
10867 0
10867 6
10867 0
10867 0
10867 0
10867 0
10867 0
10867 0
10868 0
10868 0
10868 0
10868 0
10868 0
10868 0
10868 0
10868 0
10868 0
10868 0
10868 0
10868 255
10868 0
10868 0
10868 0
10868 0
10868 0
10868 0
10868 0
10868 0
10868 0
10868 0
10868 0
10868 0
10868 1
10868 0
10868 0
10868 0
10868 0
10868 0
10868 0
10873 0
10873 0
10873 0
10873 0
10873 0
10873 0
10873 0
10873 0
10873 0
10873 0
10873 0
10873 539
10873 0
10873 0
10873 0
10873 0
10873 0
10873 0
10873 0
10873 0
10873 0
10873 0
10873 0
10873 0
10873 8
10873 0
10873 0
10873 0
10873 0
10873 0
10873 0
10878 0
10878 0
10878 0
10878 0
10878 0
10878 0
10878 0
10878 0
10878 0
10878 0
10878 0
10878 148
10878 0
10878 0
10878 0
10878 0
10878 0
10878 0
10878 0
10878 0
10878 0
10878 61
10878 0
10878 0
10878 0
10878 0
10878 0
10878 0
10878 0
10878 0
10878 0
10879 0
10879 0
10879 0
10879 0
10879 0
10879 0
10879 0
10879 0
10879 0
10879 0
10879 0
10879 155
10879 0
10879 0
10879 0
10879 0
10879 0
10879 0
10879 0
10879 0
10879 0
10879 0
10879 0
10879 0
10879 0
10879 0
10879 0
10879 0
10879 0
10879 0
10879 0
10881 0
10881 0
10881 0
10881 0
10881 0
10881 0
10881 0
10881 0
10881 0
10881 0
10881 0
10881 340
10881 0
10881 0
10881 0
10881 0
10881 0
10881 0
10881 0
10881 0
10881 0
10881 4
10881 0
10881 0
10881 0
10881 0
10881 0
10881 0
10881 0
10881 0
10881 0
10889 0
10889 0
10889 0
10889 0
10889 0
10889 0
10889 0
10889 0
10889 0
10889 0
10889 0
10889 288
10889 0
10889 0
10889 0
10889 0
10889 0
10889 0
10889 0
10889 0
10889 0
10889 0
10889 0
10889 0
10889 0
10889 0
10889 0
10889 0
10889 0
10889 0
10889 0
10894 0
10894 0
10894 0
10894 0
10894 0
10894 0
10894 0
10894 0
10894 0
10894 0
10894 0
10894 540
10894 0
10894 0
10894 0
10894 0
10894 0
10894 0
10894 0
10894 0
10894 0
10894 0
10894 0
10894 0
10894 0
10894 0
10894 0
10894 0
10894 0
10894 0
10894 0
10902 0
10902 0
10902 0
10902 0
10902 0
10902 0
10902 0
10902 0
10902 0
10902 0
10902 0
10902 401
10902 0
10902 0
10902 0
10902 0
10902 0
10902 0
10902 0
10902 0
10902 0
10902 5
10902 0
10902 0
10902 0
10902 0
10902 0
10902 0
10902 0
10902 0
10902 0
10906 0
10906 0
10906 0
10906 0
10906 0
10906 0
10906 0
10906 0
10906 0
10906 0
10906 0
10906 155
10906 0
10906 0
10906 0
10906 0
10906 0
10906 0
10906 0
10906 0
10906 0
10906 0
10906 0
10906 0
10906 0
10906 0
10906 0
10906 0
10906 0
10906 0
10906 0
10907 0
10907 0
10907 0
10907 0
10907 0
10907 0
10907 0
10907 0
10907 0
10907 0
10907 0
10907 5865
10907 0
10907 0
10907 0
10907 0
10907 0
10907 0
10907 0
10907 0
10907 0
10907 67
10907 0
10907 0
10907 12
10907 0
10907 0
10907 0
10907 0
10907 0
10907 0
10916 0
10916 0
10916 0
10916 0
10916 0
10916 0
10916 0
10916 0
10916 0
10916 0
10916 0
10916 371
10916 0
10916 0
10916 0
10916 0
10916 0
10916 0
10916 0
10916 0
10916 0
10916 0
10916 0
10916 0
10916 0
10916 0
10916 0
10916 0
10916 0
10916 0
10916 0
10918 0
10918 0
10918 0
10918 0
10918 0
10918 0
10918 0
10918 0
10918 0
10918 0
10918 0
10918 554
10918 0
10918 0
10918 0
10918 0
10918 0
10918 0
10918 0
10918 0
10918 0
10918 0
10918 0
10918 0
10918 0
10918 0
10918 0
10918 0
10918 0
10918 0
10918 0
10934 0
10934 0
10934 0
10934 0
10934 0
10934 0
10934 0
10934 0
10934 0
10934 0
10934 0
10934 158
10934 0
10934 0
10934 0
10934 0
10934 0
10934 0
10934 0
10934 0
10934 0
10934 0
10934 0
10934 0
10934 0
10934 0
10934 0
10934 0
10934 0
10934 0
10934 0
10935 0
10935 0
10935 0
10935 0
10935 0
10935 0
10935 0
10935 0
10935 0
10935 0
10935 0
10935 155
10935 0
10935 0
10935 0
10935 0
10935 0
10935 0
10935 0
10935 0
10935 0
10935 0
10935 0
10935 0
10935 0
10935 0
10935 0
10935 0
10935 0
10935 0
10935 0
10936 0
10936 0
10936 0
10936 0
10936 0
10936 0
10936 0
10936 0
10936 0
10936 0
10936 0
10936 365
10936 0
10936 0
10936 0
10936 0
10936 0
10936 0
10936 0
10936 0
10936 0
10936 0
10936 0
10936 0
10936 0
10936 0
10936 0
10936 0
10936 0
10936 0
10936 0
10938 0
10938 0
10938 0
10938 0
10938 0
10938 0
10938 0
10938 0
10938 0
10938 0
10938 0
10938 158
10938 0
10938 0
10938 0
10938 0
10938 0
10938 0
10938 0
10938 0
10938 0
10938 0
10938 0
10938 0
10938 0
10938 0
10938 0
10938 0
10938 0
10938 0
10938 0
10940 0
10940 0
10940 0
10940 0
10940 0
10940 0
10940 0
10940 0
10940 0
10940 0
10940 0
10940 152
10940 0
10940 0
10940 0
10940 0
10940 0
10940 0
10940 0
10940 0
10940 0
10940 0
10940 0
10940 0
10940 0
10940 0
10940 0
10940 0
10940 0
10940 0
10940 0
10942 0
10942 0
10942 0
10942 0
10942 0
10942 0
10942 0
10942 0
10942 0
10942 0
10942 0
10942 551
10942 0
10942 0
10942 0
10942 0
10942 0
10942 0
10942 0
10942 0
10942 0
10942 0
10942 0
10942 0
10942 0
10942 0
10942 0
10942 0
10942 0
10942 0
10942 0
10945 0
10945 0
10945 0
10945 0
10945 0
10945 0
10945 0
10945 0
10945 0
10945 0
10945 0
10945 158
10945 0
10945 0
10945 0
10945 0
10945 0
10945 0
10945 0
10945 0
10945 0
10945 0
10945 0
10945 0
10945 0
10945 0
10945 0
10945 0
10945 0
10945 0
10945 0
10946 0
10946 0
10946 0
10946 0
10946 0
10946 0
10946 0
10946 0
10946 0
10946 0
10946 0
10946 158
10946 0
10946 0
10946 0
10946 0
10946 0
10946 0
10946 0
10946 0
10946 0
10946 0
10946 0
10946 0
10946 0
10946 0
10946 0
10946 0
10946 0
10946 0
10946 0
10953 0
10953 0
10953 0
10953 0
10953 0
10953 0
10953 0
10953 0
10953 0
10953 0
10953 0
10953 155
10953 0
10953 0
10953 0
10953 0
10953 0
10953 0
10953 0
10953 0
10953 0
10953 0
10953 0
10953 0
10953 0
10953 0
10953 0
10953 0
10953 0
10953 0
10953 0
10961 0
10961 0
10961 0
10961 0
10961 0
10961 0
10961 0
10961 0
10961 0
10961 0
10961 0
10961 345
10961 0
10961 0
10961 0
10961 0
10961 0
10961 0
10961 0
10961 0
10961 0
10961 0
10961 0
10961 0
10961 0
10961 0
10961 0
10961 0
10961 0
10961 0
10961 0
10966 0
10966 0
10966 0
10966 0
10966 0
10966 0
10966 0
10966 0
10966 0
10966 0
10966 0
10966 155
10966 0
10966 0
10966 0
10966 0
10966 0
10966 0
10966 0
10966 0
10966 0
10966 0
10966 0
10966 0
10966 0
10966 0
10966 0
10966 0
10966 0
10966 0
10966 0
10967 0
10967 0
10967 0
10967 0
10967 0
10967 0
10967 0
10967 0
10967 0
10967 0
10967 0
10967 158
10967 0
10967 0
10967 0
10967 0
10967 0
10967 0
10967 0
10967 0
10967 0
10967 0
10967 0
10967 0
10967 0
10967 0
10967 0
10967 0
10967 0
10967 0
10967 0
10968 0
10968 0
10968 0
10968 0
10968 0
10968 0
10968 0
10968 0
10968 0
10968 0
10968 0
10968 2273
10968 0
10968 0
10968 0
10968 0
10968 0
10968 0
10968 0
10968 0
10968 0
10968 423
10968 0
10968 0
10968 70
10968 0
10968 0
10968 0
10968 0
10968 0
10968 0
10972 0
10972 0
10972 0
10972 0
10972 0
10972 0
10972 0
10972 0
10972 0
10972 0
10972 0
10972 149
10972 0
10972 0
10972 0
10972 0
10972 0
10972 0
10972 0
10972 0
10972 0
10972 0
10972 0
10972 0
10972 0
10972 0
10972 0
10972 0
10972 0
10972 0
10972 0
10973 0
10973 0
10973 0
10973 0
10973 0
10973 0
10973 0
10973 0
10973 0
10973 0
10973 0
10973 158
10973 0
10973 0
10973 0
10973 0
10973 0
10973 0
10973 0
10973 0
10973 0
10973 0
10973 0
10973 0
10973 0
10973 0
10973 0
10973 0
10973 0
10973 0
10973 0
10975 0
10975 0
10975 0
10975 0
10975 0
10975 0
10975 0
10975 0
10975 0
10975 0
10975 0
10975 155
10975 0
10975 0
10975 0
10975 0
10975 0
10975 0
10975 0
10975 0
10975 0
10975 0
10975 0
10975 0
10975 0
10975 0
10975 0
10975 0
10975 0
10975 0
10975 0
10976 0
10976 0
10976 0
10976 0
10976 0
10976 0
10976 0
10976 0
10976 0
10976 0
10976 0
10976 370
10976 0
10976 0
10976 0
10976 0
10976 0
10976 0
10976 0
10976 0
10976 0
10976 0
10976 0
10976 0
10976 1
10976 0
10976 0
10976 0
10976 0
10976 0
10976 0
10986 0
10986 0
10986 0
10986 0
10986 0
10986 0
10986 0
10986 0
10986 0
10986 0
10986 0
10986 635
10986 0
10986 0
10986 0
10986 0
10986 0
10986 0
10986 0
10986 0
10986 0
10986 0
10986 0
10986 0
10986 0
10986 0
10986 0
10986 0
10986 0
10986 0
10986 0
10988 0
10988 0
10988 0
10988 0
10988 0
10988 0
10988 0
10988 0
10988 0
10988 0
10988 0
10988 152
10988 0
10988 0
10988 0
10988 0
10988 0
10988 0
10988 0
10988 0
10988 0
10988 0
10988 0
10988 0
10988 0
10988 0
10988 0
10988 0
10988 0
10988 0
10988 0
10999 0
10999 0
10999 0
10999 0
10999 0
10999 0
10999 0
10999 0
10999 0
10999 0
10999 0
10999 158
10999 0
10999 0
10999 0
10999 0
10999 0
10999 0
10999 0
10999 0
10999 0
10999 0
10999 0
10999 0
10999 0
10999 0
10999 0
10999 0
10999 0
10999 0
10999 0
