pt_graph shape
8379 0
8379 0
8379 0
8379 0
8379 0
8379 0
8379 0
8379 0
8379 0
8379 0
8379 1.62
8379 0
8379 0
8379 0
8379 0
8379 0
8379 0
8379 0
8379 0
8379 0
8379 0
8379 0
8379 0
8379 0
8379 43.46
8379 0
8379 0
8379 0
8379 0
8379 0
8379 0
8416 0
8416 0
8416 0
8416 0
8416 0
8416 0
8416 0
8416 0
8416 0
8416 0
8416 1.62
8416 0
8416 0
8416 0
8416 0
8416 0
8416 0
8416 0
8416 0
8416 0
8416 0
8416 0
8416 0
8416 0
8416 43.46
8416 0
8416 0
8416 0
8416 0
8416 0
8416 0
8458 0
8458 0
8458 0
8458 0
8458 0
8458 0
8458 0
8458 0
8458 0
8458 0
8458 1.62
8458 0
8458 0
8458 0
8458 0
8458 0
8458 0
8458 0
8458 0
8458 0
8458 0
8458 0
8458 0
8458 0
8458 43.46
8458 0
8458 0
8458 0
8458 0
8458 0
8458 0
8468 0
8468 0
8468 0
8468 0
8468 0
8468 0
8468 0
8468 0
8468 0
8468 0
8468 1.63
8468 0
8468 0
8468 0
8468 0
8468 0
8468 0
8468 0
8468 0
8468 0
8468 0
8468 0
8468 0
8468 0
8468 29.91
8468 0
8468 0
8468 0
8468 0
8468 0
8468 0
8533 0
8533 0
8533 0
8533 0
8533 0
8533 0
8533 0
8533 0
8533 0
8533 0
8533 1.62
8533 0
8533 0
8533 0
8533 0
8533 0
8533 0
8533 0
8533 0
8533 0
8533 0
8533 0
8533 0
8533 0
8533 43.46
8533 0
8533 0
8533 0
8533 0
8533 0
8533 0
8728 0
8728 0
8728 0
8728 0
8728 0
8728 0
8728 0
8728 0
8728 0
8728 0
8728 1.62
8728 0
8728 0
8728 0
8728 0
8728 0
8728 0
8728 0
8728 0
8728 0
8728 0
8728 0
8728 0
8728 0
8728 43.46
8728 0
8728 0
8728 0
8728 0
8728 0
8728 0
8818 0
8818 0
8818 0
8818 0
8818 0
8818 0
8818 0
8818 0
8818 0
8818 0
8818 1.62
8818 0
8818 0
8818 0
8818 0
8818 0
8818 0
8818 0
8818 0
8818 0
8818 0
8818 0
8818 0
8818 0
8818 43.46
8818 0
8818 0
8818 0
8818 0
8818 0
8818 0
8936 0
8936 0
8936 0
8936 0
8936 0
8936 0
8936 0
8936 0
8936 0
8936 0
8936 1.63
8936 0
8936 0
8936 0
8936 0
8936 0
8936 0
8936 0
8936 0
8936 0
8936 0
8936 0
8936 0
8936 0
8936 29.91
8936 0
8936 0
8936 0
8936 0
8936 0
8936 0
9022 0
9022 0
9022 0
9022 0
9022 0
9022 0
9022 0
9022 0
9022 0
9022 0
9022 1.62
9022 0
9022 0
9022 0
9022 0
9022 0
9022 0
9022 0
9022 0
9022 0
9022 0
9022 0
9022 0
9022 0
9022 43.46
9022 0
9022 0
9022 0
9022 0
9022 0
9022 0
9136 0
9136 0
9136 0
9136 0
9136 0
9136 0
9136 0
9136 0
9136 0
9136 0
9136 1.62
9136 0
9136 0
9136 0
9136 0
9136 0
9136 0
9136 0
9136 0
9136 0
9136 0
9136 0
9136 0
9136 0
9136 43.46
9136 0
9136 0
9136 0
9136 0
9136 0
9136 0
9142 0
9142 0
9142 0
9142 0
9142 0
9142 0
9142 0
9142 0
9142 0
9142 0
9142 1.63
9142 0
9142 0
9142 0
9142 0
9142 0
9142 0
9142 0
9142 0
9142 0
9142 0
9142 0
9142 0
9142 0
9142 29.91
9142 0
9142 0
9142 0
9142 0
9142 0
9142 0
9184 0
9184 0
9184 0
9184 0
9184 0
9184 0
9184 0
9184 0
9184 0
9184 0
9184 1.62
9184 0
9184 0
9184 0
9184 0
9184 0
9184 0
9184 0
9184 0
9184 0
9184 0
9184 0
9184 0
9184 0
9184 43.46
9184 0
9184 0
9184 0
9184 0
9184 0
9184 0
9201 0
9201 0
9201 0
9201 0
9201 0
9201 0
9201 0
9201 0
9201 0
9201 0
9201 1.64
9201 0
9201 0
9201 0
9201 0
9201 0
9201 0
9201 0
9201 0
9201 0
9201 0
9201 0
9201 0
9201 0
9201 30.91
9201 0
9201 0
9201 0
9201 0
9201 0
9201 0
9222 0
9222 0
9222 0
9222 0
9222 0
9222 0
9222 0
9222 0
9222 0
9222 0
9222 0.96
9222 0
9222 0
9222 0
9222 0
9222 0
9222 0
9222 0
9222 0
9222 0
9222 0
9222 0
9222 0
9222 0
9222 29.91
9222 0
9222 0
9222 0
9222 0
9222 0
9222 0
9240 0
9240 0
9240 0
9240 0
9240 0
9240 0
9240 0
9240 0
9240 0
9240 0
9240 1.62
9240 0
9240 0
9240 0
9240 0
9240 0
9240 0
9240 0
9240 0
9240 0
9240 0
9240 0
9240 0
9240 0
9240 43.46
9240 0
9240 0
9240 0
9240 0
9240 0
9240 0
9265 0
9265 0
9265 0
9265 0
9265 0
9265 0
9265 0
9265 0
9265 0
9265 0
9265 1.62
9265 0
9265 0
9265 0
9265 0
9265 0
9265 0
9265 0
9265 0
9265 0
9265 0
9265 0
9265 0
9265 0
9265 43.46
9265 0
9265 0
9265 0
9265 0
9265 0
9265 0
9288 0
9288 0
9288 0
9288 0
9288 0
9288 0
9288 0
9288 0
9288 0
9288 0
9288 1.62
9288 0
9288 0
9288 0
9288 0
9288 0
9288 0
9288 0
9288 0
9288 0
9288 0
9288 0
9288 0
9288 0
9288 43.46
9288 0
9288 0
9288 0
9288 0
9288 0
9288 0
9331 0
9331 0
9331 0
9331 0
9331 0
9331 0
9331 0
9331 0
9331 0
9331 0
9331 1.61
9331 0
9331 0
9331 0
9331 0
9331 0
9331 0
9331 0
9331 0
9331 0
9331 0
9331 0
9331 0
9331 0
9331 42.62
9331 0
9331 0
9331 0
9331 0
9331 0
9331 0
9366 0
9366 0
9366 0
9366 0
9366 0
9366 0
9366 0
9366 0
9366 0
9366 0
9366 1.63
9366 0
9366 0
9366 0
9366 0
9366 0
9366 0
9366 0
9366 0
9366 0
9366 0
9366 0
9366 0
9366 0
9366 29.91
9366 0
9366 0
9366 0
9366 0
9366 0
9366 0
9411 0
9411 0
9411 0
9411 0
9411 0
9411 0
9411 0
9411 0
9411 0
9411 0
9411 1.62
9411 0
9411 0
9411 0
9411 0
9411 0
9411 0
9411 0
9411 0
9411 0
9411 0
9411 0
9411 0
9411 0
9411 43.46
9411 0
9411 0
9411 0
9411 0
9411 0
9411 0
9415 0
9415 0
9415 0
9415 0
9415 0
9415 0
9415 0
9415 0
9415 0
9415 0
9415 1.62
9415 0
9415 0
9415 0
9415 0
9415 0
9415 0
9415 0
9415 0
9415 0
9415 0
9415 0
9415 0
9415 0
9415 43.46
9415 0
9415 0
9415 0
9415 0
9415 0
9415 0
9441 0
9441 0
9441 0
9441 0
9441 0
9441 0
9441 0
9441 0
9441 0
9441 0
9441 2.49
9441 0
9441 0
9441 0
9441 0
9441 0
9441 0
9441 0
9441 0
9441 0
9441 0
9441 0
9441 0
9441 0
9441 45
9441 0
9441 0
9441 0
9441 0
9441 0
9441 0
9470 0
9470 0
9470 0
9470 0
9470 0
9470 0
9470 0
9470 0
9470 0
9470 0
9470 1.63
9470 0
9470 0
9470 0
9470 0
9470 0
9470 0
9470 0
9470 0
9470 0
9470 0
9470 0
9470 0
9470 0
9470 29.91
9470 0
9470 0
9470 0
9470 0
9470 0
9470 0
9477 0
9477 0
9477 0
9477 0
9477 0
9477 0
9477 0
9477 0
9477 0
9477 0
9477 1.62
9477 0
9477 0
9477 0
9477 0
9477 0
9477 0
9477 0
9477 0
9477 0
9477 0
9477 0
9477 0
9477 0
9477 43.46
9477 0
9477 0
9477 0
9477 0
9477 0
9477 0
9510 0
9510 0
9510 0
9510 0
9510 0
9510 0
9510 0
9510 0
9510 0
9510 0
9510 0.96
9510 0
9510 0
9510 0
9510 0
9510 0
9510 0
9510 0
9510 0
9510 0
9510 0
9510 0
9510 0
9510 0
9510 50.31
9510 0
9510 0
9510 0
9510 0
9510 0
9510 0
9544 0
9544 0
9544 0
9544 0
9544 0
9544 0
9544 0
9544 0
9544 0
9544 0
9544 1.62
9544 0
9544 0
9544 0
9544 0
9544 0
9544 0
9544 0
9544 0
9544 0
9544 0
9544 0
9544 0
9544 0
9544 43.46
9544 0
9544 0
9544 0
9544 0
9544 0
9544 0
9575 0
9575 0
9575 0
9575 0
9575 0
9575 0
9575 0
9575 0
9575 0
9575 0
9575 1.62
9575 0
9575 0
9575 0
9575 0
9575 0
9575 0
9575 0
9575 0
9575 0
9575 0
9575 0
9575 0
9575 0
9575 43.46
9575 0
9575 0
9575 0
9575 0
9575 0
9575 0
9626 0
9626 0
9626 0
9626 0
9626 0
9626 0
9626 0
9626 0
9626 0
9626 0
9626 1.62
9626 0
9626 0
9626 0
9626 0
9626 0
9626 0
9626 0
9626 0
9626 0
9626 0
9626 0
9626 0
9626 0
9626 43.46
9626 0
9626 0
9626 0
9626 0
9626 0
9626 0
9641 0
9641 0
9641 0
9641 0
9641 0
9641 0
9641 0
9641 0
9641 0
9641 0
9641 1.61
9641 0
9641 0
9641 0
9641 0
9641 0
9641 0
9641 0
9641 0
9641 0
9641 0
9641 0
9641 0
9641 0
9641 42.62
9641 0
9641 0
9641 0
9641 0
9641 0
9641 0
9644 0
9644 0
9644 0
9644 0
9644 0
9644 0
9644 0
9644 0
9644 0
9644 0
9644 0.96
9644 0
9644 0
9644 0
9644 0
9644 0
9644 0
9644 0
9644 0
9644 0
9644 0
9644 0
9644 0
9644 0
9644 50.31
9644 0
9644 0
9644 0
9644 0
9644 0
9644 0
9670 0
9670 0
9670 0
9670 0
9670 0
9670 0
9670 0
9670 0
9670 0
9670 0
9670 1.62
9670 0
9670 0
9670 0
9670 0
9670 0
9670 0
9670 0
9670 0
9670 0
9670 0
9670 0
9670 0
9670 0
9670 43.46
9670 0
9670 0
9670 0
9670 0
9670 0
9670 0
9693 0
9693 0
9693 0
9693 0
9693 0
9693 0
9693 0
9693 0
9693 0
9693 0
9693 1.62
9693 0
9693 0
9693 0
9693 0
9693 0
9693 0
9693 0
9693 0
9693 0
9693 0
9693 0
9693 0
9693 0
9693 43.46
9693 0
9693 0
9693 0
9693 0
9693 0
9693 0
9698 0
9698 0
9698 0
9698 0
9698 0
9698 0
9698 0
9698 0
9698 0
9698 0
9698 1.63
9698 0
9698 0
9698 0
9698 0
9698 0
9698 0
9698 0
9698 0
9698 0
9698 0
9698 0
9698 0
9698 0
9698 29.91
9698 0
9698 0
9698 0
9698 0
9698 0
9698 0
9725 0
9725 0
9725 0
9725 0
9725 0
9725 0
9725 0
9725 0
9725 0
9725 0
9725 1.62
9725 0
9725 0
9725 0
9725 0
9725 0
9725 0
9725 0
9725 0
9725 0
9725 0
9725 0
9725 0
9725 0
9725 43.46
9725 0
9725 0
9725 0
9725 0
9725 0
9725 0
9726 0
9726 0
9726 0
9726 0
9726 0
9726 0
9726 0
9726 0
9726 0
9726 0
9726 1.62
9726 0
9726 0
9726 0
9726 0
9726 0
9726 0
9726 0
9726 0
9726 0
9726 0
9726 0
9726 0
9726 0
9726 43.46
9726 0
9726 0
9726 0
9726 0
9726 0
9726 0
9737 0
9737 0
9737 0
9737 0
9737 0
9737 0
9737 0
9737 0
9737 0
9737 0
9737 1.63
9737 0
9737 0
9737 0
9737 0
9737 0
9737 0
9737 0
9737 0
9737 0
9737 0
9737 0
9737 0
9737 0
9737 29.91
9737 0
9737 0
9737 0
9737 0
9737 0
9737 0
9741 0
9741 0
9741 0
9741 0
9741 0
9741 0
9741 0
9741 0
9741 0
9741 0
9741 1.62
9741 0
9741 0
9741 0
9741 0
9741 0
9741 0
9741 0
9741 0
9741 0
9741 0
9741 0
9741 0
9741 0
9741 43.46
9741 0
9741 0
9741 0
9741 0
9741 0
9741 0
9749 0
9749 0
9749 0
9749 0
9749 0
9749 0
9749 0
9749 0
9749 0
9749 0
9749 1.62
9749 0
9749 0
9749 0
9749 0
9749 0
9749 0
9749 0
9749 0
9749 0
9749 0
9749 0
9749 0
9749 0
9749 43.46
9749 0
9749 0
9749 0
9749 0
9749 0
9749 0
9764 0
9764 0
9764 0
9764 0
9764 0
9764 0
9764 0
9764 0
9764 0
9764 0
9764 1.62
9764 0
9764 0
9764 0
9764 0
9764 0
9764 0
9764 0
9764 0
9764 0
9764 0
9764 0
9764 0
9764 0
9764 43.46
9764 0
9764 0
9764 0
9764 0
9764 0
9764 0
9813 0
9813 0
9813 0
9813 0
9813 0
9813 0
9813 0
9813 0
9813 0
9813 0
9813 26.79
9813 0
9813 0
9813 0
9813 0
9813 0
9813 0
9813 0
9813 0
9813 0
9813 0
9813 0
9813 0
9813 0
9813 0
9813 0
9813 0
9813 0
9813 0
9813 0
9813 0
9858 0
9858 0
9858 0
9858 0
9858 0
9858 0
9858 0
9858 0
9858 0
9858 0
9858 1.62
9858 0
9858 0
9858 0
9858 0
9858 0
9858 0
9858 0
9858 0
9858 0
9858 0
9858 0
9858 0
9858 0
9858 43.46
9858 0
9858 0
9858 0
9858 0
9858 0
9858 0
9869 0
9869 0
9869 0
9869 0
9869 0
9869 0
9869 0
9869 0
9869 0
9869 0
9869 1.62
9869 0
9869 0
9869 0
9869 0
9869 0
9869 0
9869 0
9869 0
9869 0
9869 0
9869 0
9869 0
9869 0
9869 43.46
9869 0
9869 0
9869 0
9869 0
9869 0
9869 0
9874 0
9874 0
9874 0
9874 0
9874 0
9874 0
9874 0
9874 0
9874 0
9874 0
9874 0.96
9874 0
9874 0
9874 0
9874 0
9874 0
9874 0
9874 0
9874 0
9874 0
9874 0
9874 0
9874 0
9874 0
9874 56.18
9874 0
9874 0
9874 0
9874 0
9874 0
9874 0
9904 0
9904 0
9904 0
9904 0
9904 0
9904 0
9904 0
9904 0
9904 0
9904 0
9904 1.63
9904 0
9904 0
9904 0
9904 0
9904 0
9904 0
9904 0
9904 0
9904 0
9904 0
9904 0
9904 0
9904 0
9904 29.91
9904 0
9904 0
9904 0
9904 0
9904 0
9904 0
9930 0
9930 0
9930 0
9930 0
9930 0
9930 0
9930 0
9930 0
9930 0
9930 0
9930 1.62
9930 0
9930 0
9930 0
9930 0
9930 0
9930 0
9930 0
9930 0
9930 0
9930 0
9930 0
9930 0
9930 0
9930 43.46
9930 0
9930 0
9930 0
9930 0
9930 0
9930 0
9947 0
9947 0
9947 0
9947 0
9947 0
9947 0
9947 0
9947 0
9947 0
9947 0
9947 1.62
9947 0
9947 0
9947 0
9947 0
9947 0
9947 0
9947 0
9947 0
9947 0
9947 0
9947 0
9947 0
9947 0
9947 43.46
9947 0
9947 0
9947 0
9947 0
9947 0
9947 0
10341 0
10341 0
10341 0
10341 0
10341 0
10341 0
10341 0
10341 0
10341 0
10341 0
10341 1.6
10341 0
10341 0
10341 0
10341 0
10341 0
10341 0
10341 0
10341 0
10341 0
10341 0
10341 0
10341 0
10341 0
10341 0
10341 0
10341 0
10341 0
10341 0
10341 0
10341 0
10513 0
10513 0
10513 0
10513 0
10513 0
10513 0
10513 0
10513 0
10513 0
10513 0
10513 1.6
10513 0
10513 0
10513 0
10513 0
10513 0
10513 0
10513 0
10513 0
10513 0
10513 0
10513 0
10513 0
10513 0
10513 0
10513 0
10513 0
10513 0
10513 0
10513 0
10513 0
10579 0
10579 0
10579 0
10579 0
10579 0
10579 0
10579 0
10579 0
10579 0
10579 0
10579 0.94
10579 0
10579 0
10579 0
10579 0
10579 0
10579 0
10579 0
10579 0
10579 0
10579 0
10579 0
10579 0
10579 0
10579 0
10579 0
10579 0
10579 0
10579 0
10579 0
10579 0
10581 0
10581 0
10581 0
10581 0
10581 0
10581 0
10581 0
10581 0
10581 0
10581 0
10581 1.58
10581 0
10581 0
10581 0
10581 0
10581 0
10581 0
10581 0
10581 0
10581 0
10581 0
10581 0
10581 0
10581 0
10581 0
10581 0
10581 0
10581 0
10581 0
10581 0
10581 0
10809 0
10809 0
10809 0
10809 0
10809 0
10809 0
10809 0
10809 0
10809 0
10809 0
10809 1.6
10809 0
10809 0
10809 0
10809 0
10809 0
10809 0
10809 0
10809 0
10809 0
10809 0
10809 0
10809 0
10809 0
10809 0
10809 0
10809 0
10809 0
10809 0
10809 0
10809 0
10847 0
10847 0
10847 0
10847 0
10847 0
10847 0
10847 0
10847 0
10847 0
10847 0
10847 1.6
10847 0
10847 0
10847 0
10847 0
10847 0
10847 0
10847 0
10847 0
10847 0
10847 0
10847 0
10847 0
10847 0
10847 0
10847 0
10847 0
10847 0
10847 0
10847 0
10847 0
10904 0
10904 0
10904 0
10904 0
10904 0
10904 0
10904 0
10904 0
10904 0
10904 0
10904 0
10904 1.56
10904 0
10904 0
10904 0
10904 0
10904 0
10904 0
10904 0
10904 0
10904 0
10904 0
10904 0
10904 0
10904 0
10904 0
10904 0
10904 0
10904 0
10904 0
10904 0
10906 0
10906 0
10906 0
10906 0
10906 0
10906 0
10906 0
10906 0
10906 0
10906 0
10906 0
10906 0.45
10906 0
10906 0
10906 0
10906 0
10906 0
10906 0
10906 0
10906 0
10906 0
10906 0
10906 0
10906 0
10906 0
10906 0
10906 0
10906 0
10906 0
10906 0
10906 0
