pt_graph scale
8379 0
8379 0
8379 0
8379 0
8379 0
8379 0
8379 0
8379 0
8379 0
8379 0
8379 148
8379 0
8379 0
8379 0
8379 0
8379 0
8379 0
8379 0
8379 0
8379 0
8379 0
8379 0
8379 0
8379 0
8379 0
8379 0
8379 0
8379 0
8379 0
8379 0
8379 0
8388 0
8388 0
8388 0
8388 0
8388 0
8388 0
8388 0
8388 0
8388 0
8388 0
8388 145
8388 0
8388 0
8388 0
8388 0
8388 0
8388 0
8388 0
8388 0
8388 0
8388 0
8388 0
8388 0
8388 0
8388 0
8388 0
8388 0
8388 0
8388 0
8388 0
8388 0
8389 0
8389 0
8389 0
8389 0
8389 0
8389 0
8389 0
8389 0
8389 0
8389 0
8389 329
8389 0
8389 0
8389 0
8389 0
8389 0
8389 0
8389 0
8389 0
8389 0
8389 0
8389 0
8389 0
8389 0
8389 0
8389 0
8389 0
8389 0
8389 0
8389 0
8389 0
8411 0
8411 0
8411 0
8411 0
8411 0
8411 0
8411 0
8411 0
8411 0
8411 0
8411 145
8411 0
8411 0
8411 0
8411 0
8411 0
8411 0
8411 0
8411 0
8411 0
8411 0
8411 0
8411 0
8411 0
8411 0
8411 0
8411 0
8411 0
8411 0
8411 0
8411 0
8434 0
8434 0
8434 0
8434 0
8434 0
8434 0
8434 0
8434 0
8434 0
8434 0
8434 148
8434 0
8434 0
8434 0
8434 0
8434 0
8434 0
8434 0
8434 0
8434 0
8434 0
8434 0
8434 0
8434 0
8434 0
8434 0
8434 0
8434 0
8434 0
8434 0
8434 0
8437 0
8437 0
8437 0
8437 0
8437 0
8437 0
8437 0
8437 0
8437 0
8437 0
8437 74
8437 0
8437 0
8437 0
8437 0
8437 0
8437 0
8437 0
8437 0
8437 0
8437 0
8437 0
8437 0
8437 0
8437 0
8437 0
8437 0
8437 0
8437 0
8437 0
8437 0
8449 0
8449 0
8449 0
8449 0
8449 0
8449 0
8449 0
8449 0
8449 0
8449 0
8449 145
8449 0
8449 0
8449 0
8449 0
8449 0
8449 0
8449 0
8449 0
8449 0
8449 0
8449 0
8449 0
8449 0
8449 0
8449 0
8449 0
8449 0
8449 0
8449 0
8449 0
8457 0
8457 0
8457 0
8457 0
8457 0
8457 0
8457 0
8457 0
8457 0
8457 0
8457 329
8457 0
8457 0
8457 0
8457 0
8457 0
8457 0
8457 0
8457 0
8457 0
8457 0
8457 0
8457 0
8457 0
8457 0
8457 0
8457 0
8457 0
8457 0
8457 0
8457 0
8458 0
8458 0
8458 0
8458 0
8458 0
8458 0
8458 0
8458 0
8458 0
8458 0
8458 148
8458 0
8458 0
8458 0
8458 0
8458 0
8458 0
8458 0
8458 0
8458 0
8458 0
8458 0
8458 0
8458 0
8458 0
8458 0
8458 0
8458 0
8458 0
8458 0
8458 0
8470 0
8470 0
8470 0
8470 0
8470 0
8470 0
8470 0
8470 0
8470 0
8470 0
8470 148
8470 0
8470 0
8470 0
8470 0
8470 0
8470 0
8470 0
8470 0
8470 0
8470 0
8470 0
8470 0
8470 0
8470 0
8470 0
8470 0
8470 0
8470 0
8470 0
8470 0
8485 0
8485 0
8485 0
8485 0
8485 0
8485 0
8485 0
8485 0
8485 0
8485 0
8485 148
8485 0
8485 0
8485 0
8485 0
8485 0
8485 0
8485 0
8485 0
8485 0
8485 0
8485 0
8485 0
8485 0
8485 0
8485 0
8485 0
8485 0
8485 0
8485 0
8485 0
8490 0
8490 0
8490 0
8490 0
8490 0
8490 0
8490 0
8490 0
8490 0
8490 0
8490 148
8490 0
8490 0
8490 0
8490 0
8490 0
8490 0
8490 0
8490 0
8490 0
8490 0
8490 0
8490 0
8490 0
8490 0
8490 0
8490 0
8490 0
8490 0
8490 0
8490 0
8499 0
8499 0
8499 0
8499 0
8499 0
8499 0
8499 0
8499 0
8499 0
8499 0
8499 148
8499 0
8499 0
8499 0
8499 0
8499 0
8499 0
8499 0
8499 0
8499 0
8499 0
8499 0
8499 0
8499 0
8499 0
8499 0
8499 0
8499 0
8499 0
8499 0
8499 0
8505 0
8505 0
8505 0
8505 0
8505 0
8505 0
8505 0
8505 0
8505 0
8505 0
8505 145
8505 0
8505 0
8505 0
8505 0
8505 0
8505 0
8505 0
8505 0
8505 0
8505 0
8505 0
8505 0
8505 0
8505 0
8505 0
8505 0
8505 0
8505 0
8505 0
8505 0
8510 0
8510 0
8510 0
8510 0
8510 0
8510 0
8510 0
8510 0
8510 0
8510 0
8510 148
8510 0
8510 0
8510 0
8510 0
8510 0
8510 0
8510 0
8510 0
8510 0
8510 0
8510 0
8510 0
8510 0
8510 0
8510 0
8510 0
8510 0
8510 0
8510 0
8510 0
8512 0
8512 0
8512 0
8512 0
8512 0
8512 0
8512 0
8512 0
8512 0
8512 0
8512 74
8512 0
8512 0
8512 0
8512 0
8512 0
8512 0
8512 0
8512 0
8512 0
8512 0
8512 0
8512 0
8512 0
8512 0
8512 0
8512 0
8512 0
8512 0
8512 0
8512 0
8513 0
8513 0
8513 0
8513 0
8513 0
8513 0
8513 0
8513 0
8513 0
8513 0
8513 148
8513 0
8513 0
8513 0
8513 0
8513 0
8513 0
8513 0
8513 0
8513 0
8513 0
8513 0
8513 0
8513 0
8513 0
8513 0
8513 0
8513 0
8513 0
8513 0
8513 0
8515 0
8515 0
8515 0
8515 0
8515 0
8515 0
8515 0
8515 0
8515 0
8515 0
8515 148
8515 0
8515 0
8515 0
8515 0
8515 0
8515 0
8515 0
8515 0
8515 0
8515 0
8515 0
8515 0
8515 0
8515 0
8515 0
8515 0
8515 0
8515 0
8515 0
8515 0
8525 0
8525 0
8525 0
8525 0
8525 0
8525 0
8525 0
8525 0
8525 0
8525 0
8525 148
8525 0
8525 0
8525 0
8525 0
8525 0
8525 0
8525 0
8525 0
8525 0
8525 0
8525 0
8525 0
8525 0
8525 0
8525 0
8525 0
8525 0
8525 0
8525 0
8525 0
8532 0
8532 0
8532 0
8532 0
8532 0
8532 0
8532 0
8532 0
8532 0
8532 0
8532 148
8532 0
8532 0
8532 0
8532 0
8532 0
8532 0
8532 0
8532 0
8532 0
8532 0
8532 0
8532 0
8532 0
8532 0
8532 0
8532 0
8532 0
8532 0
8532 0
8532 0
8534 0
8534 0
8534 0
8534 0
8534 0
8534 0
8534 0
8534 0
8534 0
8534 0
8534 145
8534 0
8534 0
8534 0
8534 0
8534 0
8534 0
8534 0
8534 0
8534 0
8534 0
8534 0
8534 0
8534 0
8534 0
8534 0
8534 0
8534 0
8534 0
8534 0
8534 0
8560 0
8560 0
8560 0
8560 0
8560 0
8560 0
8560 0
8560 0
8560 0
8560 0
8560 329
8560 0
8560 0
8560 0
8560 0
8560 0
8560 0
8560 0
8560 0
8560 0
8560 0
8560 0
8560 0
8560 0
8560 0
8560 0
8560 0
8560 0
8560 0
8560 0
8560 0
8566 0
8566 0
8566 0
8566 0
8566 0
8566 0
8566 0
8566 0
8566 0
8566 0
8566 148
8566 0
8566 0
8566 0
8566 0
8566 0
8566 0
8566 0
8566 0
8566 0
8566 0
8566 0
8566 0
8566 0
8566 0
8566 0
8566 0
8566 0
8566 0
8566 0
8566 0
8581 0
8581 0
8581 0
8581 0
8581 0
8581 0
8581 0
8581 0
8581 0
8581 0
8581 148
8581 0
8581 0
8581 0
8581 0
8581 0
8581 0
8581 0
8581 0
8581 0
8581 0
8581 0
8581 0
8581 0
8581 0
8581 0
8581 0
8581 0
8581 0
8581 0
8581 0
8611 0
8611 0
8611 0
8611 0
8611 0
8611 0
8611 0
8611 0
8611 0
8611 0
8611 145
8611 0
8611 0
8611 0
8611 0
8611 0
8611 0
8611 0
8611 0
8611 0
8611 0
8611 0
8611 0
8611 0
8611 0
8611 0
8611 0
8611 0
8611 0
8611 0
8611 0
8612 0
8612 0
8612 0
8612 0
8612 0
8612 0
8612 0
8612 0
8612 0
8612 0
8612 148
8612 0
8612 0
8612 0
8612 0
8612 0
8612 0
8612 0
8612 0
8612 0
8612 0
8612 0
8612 0
8612 0
8612 0
8612 0
8612 0
8612 0
8612 0
8612 0
8612 0
8620 0
8620 0
8620 0
8620 0
8620 0
8620 0
8620 0
8620 0
8620 0
8620 0
8620 148
8620 0
8620 0
8620 0
8620 0
8620 0
8620 0
8620 0
8620 0
8620 0
8620 0
8620 0
8620 0
8620 0
8620 0
8620 0
8620 0
8620 0
8620 0
8620 0
8620 0
8623 0
8623 0
8623 0
8623 0
8623 0
8623 0
8623 0
8623 0
8623 0
8623 0
8623 148
8623 0
8623 0
8623 0
8623 0
8623 0
8623 0
8623 0
8623 0
8623 0
8623 0
8623 0
8623 0
8623 0
8623 0
8623 0
8623 0
8623 0
8623 0
8623 0
8623 0
8655 0
8655 0
8655 0
8655 0
8655 0
8655 0
8655 0
8655 0
8655 0
8655 0
8655 145
8655 0
8655 0
8655 0
8655 0
8655 0
8655 0
8655 0
8655 0
8655 0
8655 0
8655 0
8655 0
8655 0
8655 0
8655 0
8655 0
8655 0
8655 0
8655 0
8655 0
8713 0
8713 0
8713 0
8713 0
8713 0
8713 0
8713 0
8713 0
8713 0
8713 0
8713 148
8713 0
8713 0
8713 0
8713 0
8713 0
8713 0
8713 0
8713 0
8713 0
8713 0
8713 0
8713 0
8713 0
8713 0
8713 0
8713 0
8713 0
8713 0
8713 0
8713 0
8728 0
8728 0
8728 0
8728 0
8728 0
8728 0
8728 0
8728 0
8728 0
8728 0
8728 148
8728 0
8728 0
8728 0
8728 0
8728 0
8728 0
8728 0
8728 0
8728 0
8728 0
8728 0
8728 0
8728 0
8728 0
8728 0
8728 0
8728 0
8728 0
8728 0
8728 0
8743 0
8743 0
8743 0
8743 0
8743 0
8743 0
8743 0
8743 0
8743 0
8743 0
8743 74
8743 0
8743 0
8743 0
8743 0
8743 0
8743 0
8743 0
8743 0
8743 0
8743 0
8743 0
8743 0
8743 0
8743 0
8743 0
8743 0
8743 0
8743 0
8743 0
8743 0
8801 0
8801 0
8801 0
8801 0
8801 0
8801 0
8801 0
8801 0
8801 0
8801 0
8801 148
8801 0
8801 0
8801 0
8801 0
8801 0
8801 0
8801 0
8801 0
8801 0
8801 0
8801 0
8801 0
8801 0
8801 0
8801 0
8801 0
8801 0
8801 0
8801 0
8801 0
8818 0
8818 0
8818 0
8818 0
8818 0
8818 0
8818 0
8818 0
8818 0
8818 0
8818 148
8818 0
8818 0
8818 0
8818 0
8818 0
8818 0
8818 0
8818 0
8818 0
8818 0
8818 0
8818 0
8818 0
8818 0
8818 0
8818 0
8818 0
8818 0
8818 0
8818 0
8881 0
8881 0
8881 0
8881 0
8881 0
8881 0
8881 0
8881 0
8881 0
8881 0
8881 145
8881 0
8881 0
8881 0
8881 0
8881 0
8881 0
8881 0
8881 0
8881 0
8881 0
8881 0
8881 0
8881 0
8881 0
8881 0
8881 0
8881 0
8881 0
8881 0
8881 0
8936 0
8936 0
8936 0
8936 0
8936 0
8936 0
8936 0
8936 0
8936 0
8936 0
8936 148
8936 0
8936 0
8936 0
8936 0
8936 0
8936 0
8936 0
8936 0
8936 0
8936 0
8936 0
8936 0
8936 0
8936 0
8936 0
8936 0
8936 0
8936 0
8936 0
8936 0
9012 0
9012 0
9012 0
9012 0
9012 0
9012 0
9012 0
9012 0
9012 0
9012 0
9012 148
9012 0
9012 0
9012 0
9012 0
9012 0
9012 0
9012 0
9012 0
9012 0
9012 0
9012 0
9012 0
9012 0
9012 0
9012 0
9012 0
9012 0
9012 0
9012 0
9012 0
9025 0
9025 0
9025 0
9025 0
9025 0
9025 0
9025 0
9025 0
9025 0
9025 0
9025 148
9025 0
9025 0
9025 0
9025 0
9025 0
9025 0
9025 0
9025 0
9025 0
9025 0
9025 0
9025 0
9025 0
9025 0
9025 0
9025 0
9025 0
9025 0
9025 0
9025 0
9184 0
9184 0
9184 0
9184 0
9184 0
9184 0
9184 0
9184 0
9184 0
9184 0
9184 148
9184 0
9184 0
9184 0
9184 0
9184 0
9184 0
9184 0
9184 0
9184 0
9184 0
9184 0
9184 0
9184 0
9184 0
9184 0
9184 0
9184 0
9184 0
9184 0
9184 0
9394 0
9394 0
9394 0
9394 0
9394 0
9394 0
9394 0
9394 0
9394 0
9394 0
9394 148
9394 0
9394 0
9394 0
9394 0
9394 0
9394 0
9394 0
9394 0
9394 0
9394 0
9394 0
9394 0
9394 0
9394 0
9394 0
9394 0
9394 0
9394 0
9394 0
9394 0
9572 0
9572 0
9572 0
9572 0
9572 0
9572 0
9572 0
9572 0
9572 0
9572 0
9572 148
9572 0
9572 0
9572 0
9572 0
9572 0
9572 0
9572 0
9572 0
9572 0
9572 0
9572 0
9572 0
9572 0
9572 0
9572 0
9572 0
9572 0
9572 0
9572 0
9572 0
10867 0
10867 0
10867 0
10867 0
10867 0
10867 0
10867 0
10867 0
10867 0
10867 0
10867 0
10867 66
10867 0
10867 0
10867 0
10867 0
10867 0
10867 0
10867 0
10867 0
10867 0
10867 0
10867 0
10867 0
10867 0
10867 0
10867 0
10867 0
10867 0
10867 0
10867 0
10868 0
10868 0
10868 0
10868 0
10868 0
10868 0
10868 0
10868 0
10868 0
10868 0
10868 0
10868 66
10868 0
10868 0
10868 0
10868 0
10868 0
10868 0
10868 0
10868 0
10868 0
10868 0
10868 0
10868 0
10868 0
10868 0
10868 0
10868 0
10868 0
10868 0
10868 0
10878 0
10878 0
10878 0
10878 0
10878 0
10878 0
10878 0
10878 0
10878 0
10878 0
10878 0
10878 66
10878 0
10878 0
10878 0
10878 0
10878 0
10878 0
10878 0
10878 0
10878 0
10878 0
10878 0
10878 0
10878 0
10878 0
10878 0
10878 0
10878 0
10878 0
10878 0
10881 0
10881 0
10881 0
10881 0
10881 0
10881 0
10881 0
10881 0
10881 0
10881 0
10881 0
10881 219
10881 0
10881 0
10881 0
10881 0
10881 0
10881 0
10881 0
10881 0
10881 0
10881 0
10881 0
10881 0
10881 0
10881 0
10881 0
10881 0
10881 0
10881 0
10881 0
10889 0
10889 0
10889 0
10889 0
10889 0
10889 0
10889 0
10889 0
10889 0
10889 0
10889 0
10889 144
10889 0
10889 0
10889 0
10889 0
10889 0
10889 0
10889 0
10889 0
10889 0
10889 0
10889 0
10889 0
10889 0
10889 0
10889 0
10889 0
10889 0
10889 0
10889 0
10894 0
10894 0
10894 0
10894 0
10894 0
10894 0
10894 0
10894 0
10894 0
10894 0
10894 0
10894 243
10894 0
10894 0
10894 0
10894 0
10894 0
10894 0
10894 0
10894 0
10894 0
10894 0
10894 0
10894 0
10894 0
10894 0
10894 0
10894 0
10894 0
10894 0
10894 0
10901 0
10901 0
10901 0
10901 0
10901 0
10901 0
10901 0
10901 0
10901 0
10901 0
10901 0
10901 146
10901 0
10901 0
10901 0
10901 0
10901 0
10901 0
10901 0
10901 0
10901 0
10901 0
10901 0
10901 0
10901 0
10901 0
10901 0
10901 0
10901 0
10901 0
10901 0
10906 0
10906 0
10906 0
10906 0
10906 0
10906 0
10906 0
10906 0
10906 0
10906 0
10906 0
10906 332
10906 0
10906 0
10906 0
10906 0
10906 0
10906 0
10906 0
10906 0
10906 0
10906 0
10906 0
10906 0
10906 0
10906 0
10906 0
10906 0
10906 0
10906 0
10906 0
10907 0
10907 0
10907 0
10907 0
10907 0
10907 0
10907 0
10907 0
10907 0
10907 0
10907 0
10907 66
10907 0
10907 0
10907 0
10907 0
10907 0
10907 0
10907 0
10907 0
10907 0
10907 0
10907 0
10907 0
10907 0
10907 0
10907 0
10907 0
10907 0
10907 0
10907 0
10927 0
10927 0
10927 0
10927 0
10927 0
10927 0
10927 0
10927 0
10927 0
10927 0
10927 0
10927 337
10927 0
10927 0
10927 0
10927 0
10927 0
10927 0
10927 0
10927 0
10927 0
10927 0
10927 0
10927 0
10927 0
10927 0
10927 0
10927 0
10927 0
10927 0
10927 0
10929 0
10929 0
10929 0
10929 0
10929 0
10929 0
10929 0
10929 0
10929 0
10929 0
10929 0
10929 66
10929 0
10929 0
10929 0
10929 0
10929 0
10929 0
10929 0
10929 0
10929 0
10929 0
10929 0
10929 0
10929 0
10929 0
10929 0
10929 0
10929 0
10929 0
10929 0
10930 0
10930 0
10930 0
10930 0
10930 0
10930 0
10930 0
10930 0
10930 0
10930 0
10930 0
10930 376
10930 0
10930 0
10930 0
10930 0
10930 0
10930 0
10930 0
10930 0
10930 0
10930 0
10930 0
10930 0
10930 0
10930 0
10930 0
10930 0
10930 0
10930 0
10930 0
10959 0
10959 0
10959 0
10959 0
10959 0
10959 0
10959 0
10959 0
10959 0
10959 0
10959 0
10959 608
10959 0
10959 0
10959 0
10959 0
10959 0
10959 0
10959 0
10959 0
10959 0
10959 0
10959 0
10959 0
10959 0
10959 0
10959 0
10959 0
10959 0
10959 0
10959 0
10963 0
10963 0
10963 0
10963 0
10963 0
10963 0
10963 0
10963 0
10963 0
10963 0
10963 0
10963 2
10963 0
10963 0
10963 0
10963 0
10963 0
10963 0
10963 0
10963 0
10963 0
10963 0
10963 0
10963 0
10963 0
10963 0
10963 0
10963 0
10963 0
10963 0
10963 0
10964 0
10964 0
10964 0
10964 0
10964 0
10964 0
10964 0
10964 0
10964 0
10964 0
10964 0
10964 769
10964 0
10964 0
10964 0
10964 0
10964 0
10964 0
10964 0
10964 0
10964 0
10964 0
10964 0
10964 0
10964 0
10964 0
10964 0
10964 0
10964 0
10964 0
10964 0
10968 0
10968 0
10968 0
10968 0
10968 0
10968 0
10968 0
10968 0
10968 0
10968 0
10968 0
10968 1320
10968 0
10968 0
10968 0
10968 0
10968 0
10968 0
10968 0
10968 0
10968 0
10968 0
10968 0
10968 0
10968 0
10968 0
10968 0
10968 0
10968 0
10968 0
10968 0
10975 0
10975 0
10975 0
10975 0
10975 0
10975 0
10975 0
10975 0
10975 0
10975 0
10975 0
10975 387
10975 0
10975 0
10975 0
10975 0
10975 0
10975 0
10975 0
10975 0
10975 0
10975 0
10975 0
10975 0
10975 0
10975 0
10975 0
10975 0
10975 0
10975 0
10975 0
10983 0
10983 0
10983 0
10983 0
10983 0
10983 0
10983 0
10983 0
10983 0
10983 0
10983 0
10983 387
10983 0
10983 0
10983 0
10983 0
10983 0
10983 0
10983 0
10983 0
10983 0
10983 0
10983 0
10983 0
10983 0
10983 0
10983 0
10983 0
10983 0
10983 0
10983 0
10984 0
10984 0
10984 0
10984 0
10984 0
10984 0
10984 0
10984 0
10984 0
10984 0
10984 0
10984 249
10984 0
10984 0
10984 0
10984 0
10984 0
10984 0
10984 0
10984 0
10984 0
10984 0
10984 0
10984 0
10984 0
10984 0
10984 0
10984 0
10984 0
10984 0
10984 0
10985 0
10985 0
10985 0
10985 0
10985 0
10985 0
10985 0
10985 0
10985 0
10985 0
10985 0
10985 387
10985 0
10985 0
10985 0
10985 0
10985 0
10985 0
10985 0
10985 0
10985 0
10985 0
10985 0
10985 0
10985 0
10985 0
10985 0
10985 0
10985 0
10985 0
10985 0
10986 0
10986 0
10986 0
10986 0
10986 0
10986 0
10986 0
10986 0
10986 0
10986 0
10986 0
10986 2682
10986 0
10986 0
10986 0
10986 0
10986 0
10986 0
10986 0
10986 0
10986 0
10986 0
10986 0
10986 0
10986 0
10986 0
10986 0
10986 0
10986 0
10986 0
10986 0
10988 0
10988 0
10988 0
10988 0
10988 0
10988 0
10988 0
10988 0
10988 0
10988 0
10988 0
10988 1320
10988 0
10988 0
10988 0
10988 0
10988 0
10988 0
10988 0
10988 0
10988 0
10988 0
10988 0
10988 0
10988 0
10988 0
10988 0
10988 0
10988 0
10988 0
10988 0
10989 0
10989 0
10989 0
10989 0
10989 0
10989 0
10989 0
10989 0
10989 0
10989 0
10989 0
10989 66
10989 0
10989 0
10989 0
10989 0
10989 0
10989 0
10989 0
10989 0
10989 0
10989 0
10989 0
10989 0
10989 0
10989 0
10989 0
10989 0
10989 0
10989 0
10989 0
10993 0
10993 0
10993 0
10993 0
10993 0
10993 0
10993 0
10993 0
10993 0
10993 0
10993 0
10993 288
10993 0
10993 0
10993 0
10993 0
10993 0
10993 0
10993 0
10993 0
10993 0
10993 0
10993 0
10993 0
10993 0
10993 0
10993 0
10993 0
10993 0
10993 0
10993 0
10994 0
10994 0
10994 0
10994 0
10994 0
10994 0
10994 0
10994 0
10994 0
10994 0
10994 0
10994 1320
10994 0
10994 0
10994 0
10994 0
10994 0
10994 0
10994 0
10994 0
10994 0
10994 0
10994 0
10994 0
10994 0
10994 0
10994 0
10994 0
10994 0
10994 0
10994 0
10999 0
10999 0
10999 0
10999 0
10999 0
10999 0
10999 0
10999 0
10999 0
10999 0
10999 0
10999 376
10999 0
10999 0
10999 0
10999 0
10999 0
10999 0
10999 0
10999 0
10999 0
10999 0
10999 0
10999 0
10999 0
10999 0
10999 0
10999 0
10999 0
10999 0
10999 0
11001 0
11001 0
11001 0
11001 0
11001 0
11001 0
11001 0
11001 0
11001 0
11001 0
11001 0
11001 387
11001 0
11001 0
11001 0
11001 0
11001 0
11001 0
11001 0
11001 0
11001 0
11001 0
11001 0
11001 0
11001 0
11001 0
11001 0
11001 0
11001 0
11001 0
11001 0
11008 0
11008 0
11008 0
11008 0
11008 0
11008 0
11008 0
11008 0
11008 0
11008 0
11008 0
11008 3869
11008 0
11008 0
11008 0
11008 0
11008 0
11008 0
11008 0
11008 0
11008 0
11008 0
11008 0
11008 0
11008 0
11008 0
11008 0
11008 0
11008 0
11008 0
11008 0
11014 0
11014 0
11014 0
11014 0
11014 0
11014 0
11014 0
11014 0
11014 0
11014 0
11014 0
11014 387
11014 0
11014 0
11014 0
11014 0
11014 0
11014 0
11014 0
11014 0
11014 0
11014 0
11014 0
11014 0
11014 0
11014 0
11014 0
11014 0
11014 0
11014 0
11014 0
11018 0
11018 0
11018 0
11018 0
11018 0
11018 0
11018 0
11018 0
11018 0
11018 0
11018 0
11018 355
11018 0
11018 0
11018 0
11018 0
11018 0
11018 0
11018 0
11018 0
11018 0
11018 0
11018 0
11018 0
11018 0
11018 0
11018 0
11018 0
11018 0
11018 0
11018 0
11019 0
11019 0
11019 0
11019 0
11019 0
11019 0
11019 0
11019 0
11019 0
11019 0
11019 0
11019 376
11019 0
11019 0
11019 0
11019 0
11019 0
11019 0
11019 0
11019 0
11019 0
11019 0
11019 0
11019 0
11019 0
11019 0
11019 0
11019 0
11019 0
11019 0
11019 0
11021 0
11021 0
11021 0
11021 0
11021 0
11021 0
11021 0
11021 0
11021 0
11021 0
11021 0
11021 984
11021 0
11021 0
11021 0
11021 0
11021 0
11021 0
11021 0
11021 0
11021 0
11021 0
11021 0
11021 0
11021 0
11021 0
11021 0
11021 0
11021 0
11021 0
11021 0
11023 0
11023 0
11023 0
11023 0
11023 0
11023 0
11023 0
11023 0
11023 0
11023 0
11023 0
11023 619
11023 0
11023 0
11023 0
11023 0
11023 0
11023 0
11023 0
11023 0
11023 0
11023 0
11023 0
11023 0
11023 0
11023 0
11023 0
11023 0
11023 0
11023 0
11023 0
11028 0
11028 0
11028 0
11028 0
11028 0
11028 0
11028 0
11028 0
11028 0
11028 0
11028 0
11028 222
11028 0
11028 0
11028 0
11028 0
11028 0
11028 0
11028 0
11028 0
11028 0
11028 0
11028 0
11028 0
11028 0
11028 0
11028 0
11028 0
11028 0
11028 0
11028 0
11037 0
11037 0
11037 0
11037 0
11037 0
11037 0
11037 0
11037 0
11037 0
11037 0
11037 0
11037 533
11037 0
11037 0
11037 0
11037 0
11037 0
11037 0
11037 0
11037 0
11037 0
11037 0
11037 0
11037 0
11037 0
11037 0
11037 0
11037 0
11037 0
11037 0
11037 0
11039 0
11039 0
11039 0
11039 0
11039 0
11039 0
11039 0
11039 0
11039 0
11039 0
11039 0
11039 299
11039 0
11039 0
11039 0
11039 0
11039 0
11039 0
11039 0
11039 0
11039 0
11039 0
11039 0
11039 0
11039 0
11039 0
11039 0
11039 0
11039 0
11039 0
11039 0
11045 0
11045 0
11045 0
11045 0
11045 0
11045 0
11045 0
11045 0
11045 0
11045 0
11045 0
11045 67
11045 0
11045 0
11045 0
11045 0
11045 0
11045 0
11045 0
11045 0
11045 0
11045 0
11045 0
11045 0
11045 0
11045 0
11045 0
11045 0
11045 0
11045 0
11045 0
11051 0
11051 0
11051 0
11051 0
11051 0
11051 0
11051 0
11051 0
11051 0
11051 0
11051 0
11051 598
11051 0
11051 0
11051 0
11051 0
11051 0
11051 0
11051 0
11051 0
11051 0
11051 0
11051 0
11051 0
11051 0
11051 0
11051 0
11051 0
11051 0
11051 0
11051 0
11053 0
11053 0
11053 0
11053 0
11053 0
11053 0
11053 0
11053 0
11053 0
11053 0
11053 0
11053 608
11053 0
11053 0
11053 0
11053 0
11053 0
11053 0
11053 0
11053 0
11053 0
11053 0
11053 0
11053 0
11053 0
11053 0
11053 0
11053 0
11053 0
11053 0
11053 0
11056 0
11056 0
11056 0
11056 0
11056 0
11056 0
11056 0
11056 0
11056 0
11056 0
11056 0
11056 309
11056 0
11056 0
11056 0
11056 0
11056 0
11056 0
11056 0
11056 0
11056 0
11056 0
11056 0
11056 0
11056 0
11056 0
11056 0
11056 0
11056 0
11056 0
11056 0
11060 0
11060 0
11060 0
11060 0
11060 0
11060 0
11060 0
11060 0
11060 0
11060 0
11060 0
11060 633
11060 0
11060 0
11060 0
11060 0
11060 0
11060 0
11060 0
11060 0
11060 0
11060 0
11060 0
11060 0
11060 0
11060 0
11060 0
11060 0
11060 0
11060 0
11060 0
11068 0
11068 0
11068 0
11068 0
11068 0
11068 0
11068 0
11068 0
11068 0
11068 0
11068 0
11068 943
11068 0
11068 0
11068 0
11068 0
11068 0
11068 0
11068 0
11068 0
11068 0
11068 0
11068 0
11068 0
11068 0
11068 0
11068 0
11068 0
11068 0
11068 0
11068 0
11075 0
11075 0
11075 0
11075 0
11075 0
11075 0
11075 0
11075 0
11075 0
11075 0
11075 0
11075 299
11075 0
11075 0
11075 0
11075 0
11075 0
11075 0
11075 0
11075 0
11075 0
11075 0
11075 0
11075 0
11075 0
11075 0
11075 0
11075 0
11075 0
11075 0
11075 0
11122 0
11122 0
11122 0
11122 0
11122 0
11122 0
11122 0
11122 0
11122 0
11122 0
11122 0
11122 62
11122 0
11122 0
11122 0
11122 0
11122 0
11122 0
11122 0
11122 0
11122 0
11122 0
11122 0
11122 0
11122 0
11122 0
11122 0
11122 0
11122 0
11122 0
11122 0
11193 0
11193 0
11193 0
11193 0
11193 0
11193 0
11193 0
11193 0
11193 0
11193 0
11193 0
11193 122
11193 0
11193 0
11193 0
11193 0
11193 0
11193 0
11193 0
11193 0
11193 0
11193 0
11193 0
11193 0
11193 0
11193 0
11193 0
11193 0
11193 0
11193 0
11193 0
11204 0
11204 0
11204 0
11204 0
11204 0
11204 0
11204 0
11204 0
11204 0
11204 0
11204 0
11204 1127
11204 0
11204 0
11204 0
11204 0
11204 0
11204 0
11204 0
11204 0
11204 0
11204 0
11204 0
11204 0
11204 0
11204 0
11204 0
11204 0
11204 0
11204 0
11204 0
11220 0
11220 0
11220 0
11220 0
11220 0
11220 0
11220 0
11220 0
11220 0
11220 0
11220 0
11220 953
11220 0
11220 0
11220 0
11220 0
11220 0
11220 0
11220 0
11220 0
11220 0
11220 0
11220 0
11220 0
11220 0
11220 0
11220 0
11220 0
11220 0
11220 0
11220 0
11242 0
11242 0
11242 0
11242 0
11242 0
11242 0
11242 0
11242 0
11242 0
11242 0
11242 0
11242 41
11242 0
11242 0
11242 0
11242 0
11242 0
11242 0
11242 0
11242 0
11242 0
11242 0
11242 0
11242 0
11242 0
11242 0
11242 0
11242 0
11242 0
11242 0
11242 0
12086 0
12086 0
12086 0
12086 0
12086 0
12086 0
12086 0
12086 0
12086 0
12086 0
12086 0
12086 705
12086 0
12086 0
12086 0
12086 0
12086 0
12086 0
12086 0
12086 0
12086 0
12086 0
12086 0
12086 0
12086 0
12086 0
12086 0
12086 0
12086 0
12086 0
12086 0
