pt_graph scale
8379 0
8379 0
8379 0
8379 0
8379 0
8379 0
8379 0
8379 0
8379 0
8379 0
8379 70
8379 0
8379 0
8379 0
8379 0
8379 0
8379 0
8379 0
8379 0
8379 0
8379 0
8379 0
8379 0
8379 0
8379 0
8379 0
8379 0
8379 0
8379 0
8379 0
8379 0
8416 0
8416 0
8416 0
8416 0
8416 0
8416 0
8416 0
8416 0
8416 0
8416 0
8416 70
8416 0
8416 0
8416 0
8416 0
8416 0
8416 0
8416 0
8416 0
8416 0
8416 0
8416 0
8416 0
8416 0
8416 0
8416 0
8416 0
8416 0
8416 0
8416 0
8416 0
8458 0
8458 0
8458 0
8458 0
8458 0
8458 0
8458 0
8458 0
8458 0
8458 0
8458 70
8458 0
8458 0
8458 0
8458 0
8458 0
8458 0
8458 0
8458 0
8458 0
8458 0
8458 0
8458 0
8458 0
8458 0
8458 0
8458 0
8458 0
8458 0
8458 0
8458 0
8468 0
8468 0
8468 0
8468 0
8468 0
8468 0
8468 0
8468 0
8468 0
8468 0
8468 67
8468 0
8468 0
8468 0
8468 0
8468 0
8468 0
8468 0
8468 0
8468 0
8468 0
8468 0
8468 0
8468 0
8468 0
8468 0
8468 0
8468 0
8468 0
8468 0
8468 0
8533 0
8533 0
8533 0
8533 0
8533 0
8533 0
8533 0
8533 0
8533 0
8533 0
8533 70
8533 0
8533 0
8533 0
8533 0
8533 0
8533 0
8533 0
8533 0
8533 0
8533 0
8533 0
8533 0
8533 0
8533 0
8533 0
8533 0
8533 0
8533 0
8533 0
8533 0
8728 0
8728 0
8728 0
8728 0
8728 0
8728 0
8728 0
8728 0
8728 0
8728 0
8728 70
8728 0
8728 0
8728 0
8728 0
8728 0
8728 0
8728 0
8728 0
8728 0
8728 0
8728 0
8728 0
8728 0
8728 0
8728 0
8728 0
8728 0
8728 0
8728 0
8728 0
8818 0
8818 0
8818 0
8818 0
8818 0
8818 0
8818 0
8818 0
8818 0
8818 0
8818 70
8818 0
8818 0
8818 0
8818 0
8818 0
8818 0
8818 0
8818 0
8818 0
8818 0
8818 0
8818 0
8818 0
8818 0
8818 0
8818 0
8818 0
8818 0
8818 0
8818 0
8936 0
8936 0
8936 0
8936 0
8936 0
8936 0
8936 0
8936 0
8936 0
8936 0
8936 67
8936 0
8936 0
8936 0
8936 0
8936 0
8936 0
8936 0
8936 0
8936 0
8936 0
8936 0
8936 0
8936 0
8936 0
8936 0
8936 0
8936 0
8936 0
8936 0
8936 0
9022 0
9022 0
9022 0
9022 0
9022 0
9022 0
9022 0
9022 0
9022 0
9022 0
9022 70
9022 0
9022 0
9022 0
9022 0
9022 0
9022 0
9022 0
9022 0
9022 0
9022 0
9022 0
9022 0
9022 0
9022 0
9022 0
9022 0
9022 0
9022 0
9022 0
9022 0
9136 0
9136 0
9136 0
9136 0
9136 0
9136 0
9136 0
9136 0
9136 0
9136 0
9136 70
9136 0
9136 0
9136 0
9136 0
9136 0
9136 0
9136 0
9136 0
9136 0
9136 0
9136 0
9136 0
9136 0
9136 0
9136 0
9136 0
9136 0
9136 0
9136 0
9136 0
9142 0
9142 0
9142 0
9142 0
9142 0
9142 0
9142 0
9142 0
9142 0
9142 0
9142 67
9142 0
9142 0
9142 0
9142 0
9142 0
9142 0
9142 0
9142 0
9142 0
9142 0
9142 0
9142 0
9142 0
9142 0
9142 0
9142 0
9142 0
9142 0
9142 0
9142 0
9184 0
9184 0
9184 0
9184 0
9184 0
9184 0
9184 0
9184 0
9184 0
9184 0
9184 70
9184 0
9184 0
9184 0
9184 0
9184 0
9184 0
9184 0
9184 0
9184 0
9184 0
9184 0
9184 0
9184 0
9184 0
9184 0
9184 0
9184 0
9184 0
9184 0
9184 0
9201 0
9201 0
9201 0
9201 0
9201 0
9201 0
9201 0
9201 0
9201 0
9201 0
9201 64
9201 0
9201 0
9201 0
9201 0
9201 0
9201 0
9201 0
9201 0
9201 0
9201 0
9201 0
9201 0
9201 0
9201 0
9201 0
9201 0
9201 0
9201 0
9201 0
9201 0
9222 0
9222 0
9222 0
9222 0
9222 0
9222 0
9222 0
9222 0
9222 0
9222 0
9222 50
9222 0
9222 0
9222 0
9222 0
9222 0
9222 0
9222 0
9222 0
9222 0
9222 0
9222 0
9222 0
9222 0
9222 0
9222 0
9222 0
9222 0
9222 0
9222 0
9222 0
9240 0
9240 0
9240 0
9240 0
9240 0
9240 0
9240 0
9240 0
9240 0
9240 0
9240 70
9240 0
9240 0
9240 0
9240 0
9240 0
9240 0
9240 0
9240 0
9240 0
9240 0
9240 0
9240 0
9240 0
9240 0
9240 0
9240 0
9240 0
9240 0
9240 0
9240 0
9265 0
9265 0
9265 0
9265 0
9265 0
9265 0
9265 0
9265 0
9265 0
9265 0
9265 70
9265 0
9265 0
9265 0
9265 0
9265 0
9265 0
9265 0
9265 0
9265 0
9265 0
9265 0
9265 0
9265 0
9265 0
9265 0
9265 0
9265 0
9265 0
9265 0
9265 0
9288 0
9288 0
9288 0
9288 0
9288 0
9288 0
9288 0
9288 0
9288 0
9288 0
9288 70
9288 0
9288 0
9288 0
9288 0
9288 0
9288 0
9288 0
9288 0
9288 0
9288 0
9288 0
9288 0
9288 0
9288 0
9288 0
9288 0
9288 0
9288 0
9288 0
9288 0
9331 0
9331 0
9331 0
9331 0
9331 0
9331 0
9331 0
9331 0
9331 0
9331 0
9331 73
9331 0
9331 0
9331 0
9331 0
9331 0
9331 0
9331 0
9331 0
9331 0
9331 0
9331 0
9331 0
9331 0
9331 0
9331 0
9331 0
9331 0
9331 0
9331 0
9331 0
9366 0
9366 0
9366 0
9366 0
9366 0
9366 0
9366 0
9366 0
9366 0
9366 0
9366 67
9366 0
9366 0
9366 0
9366 0
9366 0
9366 0
9366 0
9366 0
9366 0
9366 0
9366 0
9366 0
9366 0
9366 0
9366 0
9366 0
9366 0
9366 0
9366 0
9366 0
9411 0
9411 0
9411 0
9411 0
9411 0
9411 0
9411 0
9411 0
9411 0
9411 0
9411 70
9411 0
9411 0
9411 0
9411 0
9411 0
9411 0
9411 0
9411 0
9411 0
9411 0
9411 0
9411 0
9411 0
9411 0
9411 0
9411 0
9411 0
9411 0
9411 0
9411 0
9415 0
9415 0
9415 0
9415 0
9415 0
9415 0
9415 0
9415 0
9415 0
9415 0
9415 70
9415 0
9415 0
9415 0
9415 0
9415 0
9415 0
9415 0
9415 0
9415 0
9415 0
9415 0
9415 0
9415 0
9415 0
9415 0
9415 0
9415 0
9415 0
9415 0
9415 0
9441 0
9441 0
9441 0
9441 0
9441 0
9441 0
9441 0
9441 0
9441 0
9441 0
9441 18
9441 0
9441 0
9441 0
9441 0
9441 0
9441 0
9441 0
9441 0
9441 0
9441 0
9441 0
9441 0
9441 0
9441 0
9441 0
9441 0
9441 0
9441 0
9441 0
9441 0
9470 0
9470 0
9470 0
9470 0
9470 0
9470 0
9470 0
9470 0
9470 0
9470 0
9470 67
9470 0
9470 0
9470 0
9470 0
9470 0
9470 0
9470 0
9470 0
9470 0
9470 0
9470 0
9470 0
9470 0
9470 0
9470 0
9470 0
9470 0
9470 0
9470 0
9470 0
9477 0
9477 0
9477 0
9477 0
9477 0
9477 0
9477 0
9477 0
9477 0
9477 0
9477 70
9477 0
9477 0
9477 0
9477 0
9477 0
9477 0
9477 0
9477 0
9477 0
9477 0
9477 0
9477 0
9477 0
9477 0
9477 0
9477 0
9477 0
9477 0
9477 0
9477 0
9510 0
9510 0
9510 0
9510 0
9510 0
9510 0
9510 0
9510 0
9510 0
9510 0
9510 150
9510 0
9510 0
9510 0
9510 0
9510 0
9510 0
9510 0
9510 0
9510 0
9510 0
9510 0
9510 0
9510 0
9510 0
9510 0
9510 0
9510 0
9510 0
9510 0
9510 0
9544 0
9544 0
9544 0
9544 0
9544 0
9544 0
9544 0
9544 0
9544 0
9544 0
9544 70
9544 0
9544 0
9544 0
9544 0
9544 0
9544 0
9544 0
9544 0
9544 0
9544 0
9544 0
9544 0
9544 0
9544 0
9544 0
9544 0
9544 0
9544 0
9544 0
9544 0
9575 0
9575 0
9575 0
9575 0
9575 0
9575 0
9575 0
9575 0
9575 0
9575 0
9575 70
9575 0
9575 0
9575 0
9575 0
9575 0
9575 0
9575 0
9575 0
9575 0
9575 0
9575 0
9575 0
9575 0
9575 0
9575 0
9575 0
9575 0
9575 0
9575 0
9575 0
9626 0
9626 0
9626 0
9626 0
9626 0
9626 0
9626 0
9626 0
9626 0
9626 0
9626 70
9626 0
9626 0
9626 0
9626 0
9626 0
9626 0
9626 0
9626 0
9626 0
9626 0
9626 0
9626 0
9626 0
9626 0
9626 0
9626 0
9626 0
9626 0
9626 0
9626 0
9641 0
9641 0
9641 0
9641 0
9641 0
9641 0
9641 0
9641 0
9641 0
9641 0
9641 73
9641 0
9641 0
9641 0
9641 0
9641 0
9641 0
9641 0
9641 0
9641 0
9641 0
9641 0
9641 0
9641 0
9641 0
9641 0
9641 0
9641 0
9641 0
9641 0
9641 0
9644 0
9644 0
9644 0
9644 0
9644 0
9644 0
9644 0
9644 0
9644 0
9644 0
9644 150
9644 0
9644 0
9644 0
9644 0
9644 0
9644 0
9644 0
9644 0
9644 0
9644 0
9644 0
9644 0
9644 0
9644 0
9644 0
9644 0
9644 0
9644 0
9644 0
9644 0
9670 0
9670 0
9670 0
9670 0
9670 0
9670 0
9670 0
9670 0
9670 0
9670 0
9670 70
9670 0
9670 0
9670 0
9670 0
9670 0
9670 0
9670 0
9670 0
9670 0
9670 0
9670 0
9670 0
9670 0
9670 0
9670 0
9670 0
9670 0
9670 0
9670 0
9670 0
9693 0
9693 0
9693 0
9693 0
9693 0
9693 0
9693 0
9693 0
9693 0
9693 0
9693 70
9693 0
9693 0
9693 0
9693 0
9693 0
9693 0
9693 0
9693 0
9693 0
9693 0
9693 0
9693 0
9693 0
9693 0
9693 0
9693 0
9693 0
9693 0
9693 0
9693 0
9698 0
9698 0
9698 0
9698 0
9698 0
9698 0
9698 0
9698 0
9698 0
9698 0
9698 67
9698 0
9698 0
9698 0
9698 0
9698 0
9698 0
9698 0
9698 0
9698 0
9698 0
9698 0
9698 0
9698 0
9698 0
9698 0
9698 0
9698 0
9698 0
9698 0
9698 0
9725 0
9725 0
9725 0
9725 0
9725 0
9725 0
9725 0
9725 0
9725 0
9725 0
9725 70
9725 0
9725 0
9725 0
9725 0
9725 0
9725 0
9725 0
9725 0
9725 0
9725 0
9725 0
9725 0
9725 0
9725 0
9725 0
9725 0
9725 0
9725 0
9725 0
9725 0
9726 0
9726 0
9726 0
9726 0
9726 0
9726 0
9726 0
9726 0
9726 0
9726 0
9726 70
9726 0
9726 0
9726 0
9726 0
9726 0
9726 0
9726 0
9726 0
9726 0
9726 0
9726 0
9726 0
9726 0
9726 0
9726 0
9726 0
9726 0
9726 0
9726 0
9726 0
9737 0
9737 0
9737 0
9737 0
9737 0
9737 0
9737 0
9737 0
9737 0
9737 0
9737 67
9737 0
9737 0
9737 0
9737 0
9737 0
9737 0
9737 0
9737 0
9737 0
9737 0
9737 0
9737 0
9737 0
9737 0
9737 0
9737 0
9737 0
9737 0
9737 0
9737 0
9741 0
9741 0
9741 0
9741 0
9741 0
9741 0
9741 0
9741 0
9741 0
9741 0
9741 70
9741 0
9741 0
9741 0
9741 0
9741 0
9741 0
9741 0
9741 0
9741 0
9741 0
9741 0
9741 0
9741 0
9741 0
9741 0
9741 0
9741 0
9741 0
9741 0
9741 0
9749 0
9749 0
9749 0
9749 0
9749 0
9749 0
9749 0
9749 0
9749 0
9749 0
9749 70
9749 0
9749 0
9749 0
9749 0
9749 0
9749 0
9749 0
9749 0
9749 0
9749 0
9749 0
9749 0
9749 0
9749 0
9749 0
9749 0
9749 0
9749 0
9749 0
9749 0
9764 0
9764 0
9764 0
9764 0
9764 0
9764 0
9764 0
9764 0
9764 0
9764 0
9764 70
9764 0
9764 0
9764 0
9764 0
9764 0
9764 0
9764 0
9764 0
9764 0
9764 0
9764 0
9764 0
9764 0
9764 0
9764 0
9764 0
9764 0
9764 0
9764 0
9764 0
9813 0
9813 0
9813 0
9813 0
9813 0
9813 0
9813 0
9813 0
9813 0
9813 0
9813 1
9813 0
9813 0
9813 0
9813 0
9813 0
9813 0
9813 0
9813 0
9813 0
9813 0
9813 0
9813 0
9813 0
9813 0
9813 0
9813 0
9813 0
9813 0
9813 0
9813 0
9858 0
9858 0
9858 0
9858 0
9858 0
9858 0
9858 0
9858 0
9858 0
9858 0
9858 70
9858 0
9858 0
9858 0
9858 0
9858 0
9858 0
9858 0
9858 0
9858 0
9858 0
9858 0
9858 0
9858 0
9858 0
9858 0
9858 0
9858 0
9858 0
9858 0
9858 0
9869 0
9869 0
9869 0
9869 0
9869 0
9869 0
9869 0
9869 0
9869 0
9869 0
9869 70
9869 0
9869 0
9869 0
9869 0
9869 0
9869 0
9869 0
9869 0
9869 0
9869 0
9869 0
9869 0
9869 0
9869 0
9869 0
9869 0
9869 0
9869 0
9869 0
9869 0
9874 0
9874 0
9874 0
9874 0
9874 0
9874 0
9874 0
9874 0
9874 0
9874 0
9874 148
9874 0
9874 0
9874 0
9874 0
9874 0
9874 0
9874 0
9874 0
9874 0
9874 0
9874 0
9874 0
9874 0
9874 0
9874 0
9874 0
9874 0
9874 0
9874 0
9874 0
9904 0
9904 0
9904 0
9904 0
9904 0
9904 0
9904 0
9904 0
9904 0
9904 0
9904 67
9904 0
9904 0
9904 0
9904 0
9904 0
9904 0
9904 0
9904 0
9904 0
9904 0
9904 0
9904 0
9904 0
9904 0
9904 0
9904 0
9904 0
9904 0
9904 0
9904 0
9930 0
9930 0
9930 0
9930 0
9930 0
9930 0
9930 0
9930 0
9930 0
9930 0
9930 70
9930 0
9930 0
9930 0
9930 0
9930 0
9930 0
9930 0
9930 0
9930 0
9930 0
9930 0
9930 0
9930 0
9930 0
9930 0
9930 0
9930 0
9930 0
9930 0
9930 0
9947 0
9947 0
9947 0
9947 0
9947 0
9947 0
9947 0
9947 0
9947 0
9947 0
9947 70
9947 0
9947 0
9947 0
9947 0
9947 0
9947 0
9947 0
9947 0
9947 0
9947 0
9947 0
9947 0
9947 0
9947 0
9947 0
9947 0
9947 0
9947 0
9947 0
9947 0
10341 0
10341 0
10341 0
10341 0
10341 0
10341 0
10341 0
10341 0
10341 0
10341 0
10341 146
10341 0
10341 0
10341 0
10341 0
10341 0
10341 0
10341 0
10341 0
10341 0
10341 0
10341 0
10341 0
10341 0
10341 0
10341 0
10341 0
10341 0
10341 0
10341 0
10341 0
10513 0
10513 0
10513 0
10513 0
10513 0
10513 0
10513 0
10513 0
10513 0
10513 0
10513 146
10513 0
10513 0
10513 0
10513 0
10513 0
10513 0
10513 0
10513 0
10513 0
10513 0
10513 0
10513 0
10513 0
10513 0
10513 0
10513 0
10513 0
10513 0
10513 0
10513 0
10579 0
10579 0
10579 0
10579 0
10579 0
10579 0
10579 0
10579 0
10579 0
10579 0
10579 319
10579 0
10579 0
10579 0
10579 0
10579 0
10579 0
10579 0
10579 0
10579 0
10579 0
10579 0
10579 0
10579 0
10579 0
10579 0
10579 0
10579 0
10579 0
10579 0
10579 0
10581 0
10581 0
10581 0
10581 0
10581 0
10581 0
10581 0
10581 0
10581 0
10581 0
10581 143
10581 0
10581 0
10581 0
10581 0
10581 0
10581 0
10581 0
10581 0
10581 0
10581 0
10581 0
10581 0
10581 0
10581 0
10581 0
10581 0
10581 0
10581 0
10581 0
10581 0
10809 0
10809 0
10809 0
10809 0
10809 0
10809 0
10809 0
10809 0
10809 0
10809 0
10809 146
10809 0
10809 0
10809 0
10809 0
10809 0
10809 0
10809 0
10809 0
10809 0
10809 0
10809 0
10809 0
10809 0
10809 0
10809 0
10809 0
10809 0
10809 0
10809 0
10809 0
10847 0
10847 0
10847 0
10847 0
10847 0
10847 0
10847 0
10847 0
10847 0
10847 0
10847 146
10847 0
10847 0
10847 0
10847 0
10847 0
10847 0
10847 0
10847 0
10847 0
10847 0
10847 0
10847 0
10847 0
10847 0
10847 0
10847 0
10847 0
10847 0
10847 0
10847 0
10904 0
10904 0
10904 0
10904 0
10904 0
10904 0
10904 0
10904 0
10904 0
10904 0
10904 0
10904 108
10904 0
10904 0
10904 0
10904 0
10904 0
10904 0
10904 0
10904 0
10904 0
10904 0
10904 0
10904 0
10904 0
10904 0
10904 0
10904 0
10904 0
10904 0
10904 0
10906 0
10906 0
10906 0
10906 0
10906 0
10906 0
10906 0
10906 0
10906 0
10906 0
10906 0
10906 7281
10906 0
10906 0
10906 0
10906 0
10906 0
10906 0
10906 0
10906 0
10906 0
10906 0
10906 0
10906 0
10906 0
10906 0
10906 0
10906 0
10906 0
10906 0
10906 0
