pt_graph scale
1090 0
1090 0
1090 0
1090 0
1090 0
1090 0
1090 0
1090 0
1090 0
1090 0
1090 0
1090 0
1090 0
1090 0
1090 0
1090 0
1090 0
1090 0
1090 0
1090 0
1090 0
1090 0
1090 0
1090 0
1090 0
1090 0
1090 0
1090 0
1090 0
1090 0
1090 0
1092 0
1092 0
1092 0
1092 0
1092 0
1092 0
1092 0
1092 0
1092 0
1092 0
1092 0
1092 0
1092 0
1092 0
1092 0
1092 0
1092 0
1092 0
1092 0
1092 0
1092 0
1092 0
1092 0
1092 0
1092 0
1092 0
1092 0
1092 0
1092 0
1092 0
1092 0
1096 0
1096 0
1096 0
1096 0
1096 0
1096 0
1096 0
1096 0
1096 0
1096 0
1096 0
1096 0
1096 0
1096 0
1096 0
1096 0
1096 0
1096 0
1096 0
1096 0
1096 0
1096 0
1096 0
1096 0
1096 0
1096 0
1096 0
1096 0
1096 0
1096 0
1096 0
1409 0
1409 0
1409 0
1409 0
1409 0
1409 0
1409 0
1409 0
1409 0
1409 0
1409 0
1409 0
1409 0
1409 0
1409 0
1409 0
1409 0
1409 0
1409 0
1409 0
1409 0
1409 0
1409 0
1409 0
1409 0
1409 0
1409 0
1409 0
1409 0
1409 0
1409 0
1411 0
1411 0
1411 0
1411 0
1411 0
1411 0
1411 0
1411 0
1411 0
1411 0
1411 0
1411 0
1411 0
1411 0
1411 0
1411 0
1411 0
1411 0
1411 0
1411 0
1411 0
1411 0
1411 0
1411 0
1411 0
1411 0
1411 0
1411 0
1411 0
1411 0
1411 0
1415 0
1415 0
1415 0
1415 0
1415 0
1415 0
1415 0
1415 0
1415 0
1415 0
1415 0
1415 0
1415 0
1415 0
1415 0
1415 0
1415 0
1415 0
1415 0
1415 0
1415 0
1415 0
1415 0
1415 0
1415 0
1415 0
1415 0
1415 0
1415 0
1415 0
1415 0
5468 0
5468 0
5468 0
5468 0
5468 0
5468 0
5468 0
5468 0
5468 0
5468 0
5468 0
5468 0
5468 0
5468 0
5468 0
5468 0
5468 0
5468 0
5468 0
5468 0
5468 0
5468 0
5468 0
5468 0
5468 0
5468 0
5468 0
5468 0
5468 0
5468 0
5468 0
5474 0
5474 1
5474 0
5474 0
5474 0
5474 0
5474 0
5474 0
5474 0
5474 0
5474 0
5474 0
5474 0
5474 0
5474 0
5474 0
5474 0
5474 0
5474 0
5474 0
5474 0
5474 0
5474 0
5474 0
5474 0
5474 0
5474 0
5474 0
5474 0
5474 0
5474 0
5579 0
5579 1
5579 0
5579 0
5579 0
5579 0
5579 0
5579 0
5579 0
5579 0
5579 0
5579 0
5579 0
5579 0
5579 0
5579 0
5579 0
5579 0
5579 0
5579 0
5579 0
5579 0
5579 0
5579 0
5579 0
5579 0
5579 0
5579 0
5579 0
5579 0
5579 0
5596 0
5596 1
5596 0
5596 0
5596 0
5596 0
5596 0
5596 0
5596 0
5596 0
5596 0
5596 0
5596 0
5596 0
5596 0
5596 0
5596 0
5596 0
5596 0
5596 0
5596 0
5596 0
5596 0
5596 0
5596 0
5596 0
5596 0
5596 0
5596 0
5596 0
5596 0
5611 0
5611 2
5611 0
5611 0
5611 0
5611 0
5611 0
5611 0
5611 0
5611 0
5611 0
5611 0
5611 0
5611 0
5611 0
5611 0
5611 0
5611 0
5611 0
5611 0
5611 0
5611 0
5611 0
5611 0
5611 0
5611 0
5611 0
5611 0
5611 0
5611 0
5611 0
5623 0
5623 2
5623 0
5623 0
5623 0
5623 0
5623 0
5623 0
5623 0
5623 0
5623 0
5623 0
5623 0
5623 0
5623 0
5623 0
5623 0
5623 0
5623 0
5623 0
5623 0
5623 0
5623 0
5623 0
5623 0
5623 0
5623 0
5623 0
5623 0
5623 0
5623 0
5624 0
5624 3
5624 0
5624 0
5624 0
5624 0
5624 0
5624 0
5624 0
5624 0
5624 0
5624 0
5624 0
5624 0
5624 0
5624 0
5624 0
5624 0
5624 0
5624 0
5624 0
5624 0
5624 0
5624 0
5624 0
5624 0
5624 0
5624 0
5624 0
5624 0
5624 0
5680 0
5680 1
5680 0
5680 0
5680 0
5680 0
5680 0
5680 0
5680 0
5680 0
5680 0
5680 0
5680 0
5680 0
5680 0
5680 0
5680 0
5680 0
5680 0
5680 0
5680 0
5680 0
5680 0
5680 0
5680 0
5680 0
5680 0
5680 0
5680 0
5680 0
5680 0
5689 0
5689 3
5689 0
5689 0
5689 0
5689 0
5689 0
5689 0
5689 0
5689 0
5689 0
5689 0
5689 0
5689 0
5689 0
5689 0
5689 0
5689 0
5689 0
5689 0
5689 0
5689 0
5689 0
5689 0
5689 0
5689 0
5689 0
5689 0
5689 0
5689 0
5689 0
5719 0
5719 1
5719 0
5719 0
5719 0
5719 0
5719 0
5719 0
5719 0
5719 0
5719 0
5719 0
5719 0
5719 0
5719 0
5719 0
5719 0
5719 0
5719 0
5719 0
5719 0
5719 0
5719 0
5719 0
5719 0
5719 0
5719 0
5719 0
5719 0
5719 0
5719 0
5741 0
5741 14
5741 0
5741 0
5741 0
5741 0
5741 0
5741 0
5741 0
5741 0
5741 0
5741 0
5741 0
5741 0
5741 0
5741 0
5741 0
5741 0
5741 0
5741 0
5741 0
5741 0
5741 0
5741 0
5741 0
5741 0
5741 0
5741 0
5741 0
5741 0
5741 0
5744 0
5744 0
5744 0
5744 0
5744 0
5744 0
5744 0
5744 0
5744 0
5744 0
5744 0
5744 0
5744 0
5744 0
5744 0
5744 0
5744 0
5744 0
5744 0
5744 0
5744 0
5744 0
5744 0
5744 0
5744 0
5744 0
5744 0
5744 0
5744 0
5744 0
5744 0
5750 0
5750 1
5750 0
5750 0
5750 0
5750 0
5750 0
5750 0
5750 0
5750 0
5750 0
5750 0
5750 0
5750 0
5750 0
5750 0
5750 0
5750 0
5750 0
5750 0
5750 0
5750 0
5750 0
5750 0
5750 0
5750 0
5750 0
5750 0
5750 0
5750 0
5750 0
5822 0
5822 0
5822 0
5822 0
5822 0
5822 0
5822 0
5822 0
5822 0
5822 0
5822 0
5822 0
5822 0
5822 0
5822 0
5822 0
5822 0
5822 0
5822 0
5822 0
5822 0
5822 0
5822 0
5822 0
5822 0
5822 0
5822 0
5822 0
5822 0
5822 0
5822 0
5829 0
5829 0
5829 0
5829 0
5829 0
5829 0
5829 0
5829 0
5829 0
5829 0
5829 0
5829 0
5829 0
5829 0
5829 0
5829 0
5829 0
5829 0
5829 0
5829 0
5829 0
5829 0
5829 0
5829 0
5829 0
5829 0
5829 0
5829 0
5829 0
5829 0
5829 0
5859 0
5859 3
5859 0
5859 0
5859 0
5859 0
5859 0
5859 0
5859 0
5859 0
5859 0
5859 0
5859 0
5859 0
5859 0
5859 0
5859 0
5859 0
5859 0
5859 0
5859 0
5859 0
5859 0
5859 0
5859 0
5859 0
5859 0
5859 0
5859 0
5859 0
5859 0
5870 0
5870 1
5870 0
5870 0
5870 0
5870 0
5870 0
5870 0
5870 0
5870 0
5870 0
5870 0
5870 0
5870 0
5870 0
5870 0
5870 0
5870 0
5870 0
5870 0
5870 0
5870 0
5870 0
5870 0
5870 0
5870 0
5870 0
5870 0
5870 0
5870 0
5870 0
5879 0
5879 1
5879 0
5879 0
5879 0
5879 0
5879 0
5879 0
5879 0
5879 0
5879 0
5879 0
5879 0
5879 0
5879 0
5879 0
5879 0
5879 0
5879 0
5879 0
5879 0
5879 0
5879 0
5879 0
5879 0
5879 0
5879 0
5879 0
5879 0
5879 0
5879 0
5887 0
5887 1
5887 0
5887 0
5887 0
5887 0
5887 0
5887 0
5887 0
5887 0
5887 0
5887 0
5887 0
5887 0
5887 0
5887 0
5887 0
5887 0
5887 0
5887 0
5887 0
5887 0
5887 0
5887 0
5887 0
5887 0
5887 0
5887 0
5887 0
5887 0
5887 0
5890 0
5890 1
5890 0
5890 0
5890 0
5890 0
5890 0
5890 0
5890 0
5890 0
5890 0
5890 0
5890 0
5890 0
5890 0
5890 0
5890 0
5890 0
5890 0
5890 0
5890 0
5890 0
5890 0
5890 0
5890 0
5890 0
5890 0
5890 0
5890 0
5890 0
5890 0
5899 0
5899 1
5899 0
5899 0
5899 0
5899 0
5899 0
5899 0
5899 0
5899 0
5899 0
5899 0
5899 0
5899 0
5899 0
5899 0
5899 0
5899 0
5899 0
5899 0
5899 0
5899 0
5899 0
5899 0
5899 0
5899 0
5899 0
5899 0
5899 0
5899 0
5899 0
5907 0
5907 1
5907 0
5907 0
5907 0
5907 0
5907 0
5907 0
5907 0
5907 0
5907 0
5907 0
5907 0
5907 0
5907 0
5907 0
5907 0
5907 0
5907 0
5907 0
5907 0
5907 0
5907 0
5907 0
5907 0
5907 0
5907 0
5907 0
5907 0
5907 0
5907 0
5923 0
5923 1
5923 0
5923 0
5923 0
5923 0
5923 0
5923 0
5923 0
5923 0
5923 0
5923 0
5923 0
5923 0
5923 0
5923 0
5923 0
5923 0
5923 0
5923 0
5923 0
5923 0
5923 0
5923 0
5923 0
5923 0
5923 0
5923 0
5923 0
5923 0
5923 0
5945 0
5945 0
5945 0
5945 0
5945 0
5945 0
5945 0
5945 0
5945 0
5945 0
5945 0
5945 0
5945 0
5945 0
5945 0
5945 0
5945 0
5945 0
5945 0
5945 0
5945 0
5945 0
5945 0
5945 0
5945 0
5945 0
5945 0
5945 0
5945 0
5945 0
5945 0
5959 0
5959 1
5959 0
5959 0
5959 0
5959 0
5959 0
5959 0
5959 0
5959 0
5959 0
5959 0
5959 0
5959 0
5959 0
5959 0
5959 0
5959 0
5959 0
5959 0
5959 0
5959 0
5959 0
5959 0
5959 0
5959 0
5959 0
5959 0
5959 0
5959 0
5959 0
5971 0
5971 4
5971 0
5971 0
5971 0
5971 0
5971 0
5971 0
5971 0
5971 0
5971 0
5971 0
5971 0
5971 0
5971 0
5971 0
5971 0
5971 0
5971 0
5971 0
5971 0
5971 0
5971 0
5971 3
5971 0
5971 0
5971 0
5971 0
5971 0
5971 0
5971 0
5973 0
5973 1
5973 0
5973 0
5973 0
5973 0
5973 0
5973 0
5973 0
5973 0
5973 0
5973 0
5973 0
5973 0
5973 0
5973 0
5973 0
5973 0
5973 0
5973 0
5973 0
5973 0
5973 0
5973 0
5973 0
5973 0
5973 0
5973 0
5973 0
5973 0
5973 0
5977 0
5977 1
5977 0
5977 0
5977 0
5977 0
5977 0
5977 0
5977 0
5977 0
5977 0
5977 0
5977 0
5977 0
5977 0
5977 0
5977 0
5977 0
5977 0
5977 0
5977 0
5977 0
5977 0
5977 0
5977 0
5977 0
5977 0
5977 0
5977 0
5977 0
5977 0
6002 0
6002 2
6002 0
6002 0
6002 0
6002 0
6002 0
6002 0
6002 0
6002 0
6002 0
6002 0
6002 0
6002 0
6002 0
6002 0
6002 0
6002 0
6002 0
6002 0
6002 0
6002 0
6002 0
6002 0
6002 0
6002 0
6002 0
6002 0
6002 0
6002 0
6002 0
6025 0
6025 1
6025 0
6025 0
6025 0
6025 0
6025 0
6025 0
6025 0
6025 0
6025 0
6025 0
6025 0
6025 0
6025 0
6025 0
6025 0
6025 0
6025 0
6025 0
6025 0
6025 0
6025 0
6025 0
6025 0
6025 0
6025 0
6025 0
6025 0
6025 0
6025 0
6032 0
6032 0
6032 0
6032 0
6032 0
6032 0
6032 0
6032 0
6032 0
6032 0
6032 0
6032 0
6032 0
6032 0
6032 0
6032 0
6032 0
6032 0
6032 0
6032 0
6032 0
6032 0
6032 0
6032 0
6032 0
6032 0
6032 0
6032 0
6032 0
6032 0
6032 0
6036 0
6036 1
6036 0
6036 0
6036 0
6036 0
6036 0
6036 0
6036 0
6036 0
6036 0
6036 0
6036 0
6036 0
6036 0
6036 0
6036 0
6036 0
6036 0
6036 0
6036 0
6036 0
6036 0
6036 0
6036 0
6036 0
6036 0
6036 0
6036 0
6036 0
6036 0
6038 0
6038 1
6038 0
6038 0
6038 0
6038 0
6038 0
6038 0
6038 0
6038 0
6038 0
6038 0
6038 0
6038 0
6038 0
6038 0
6038 0
6038 0
6038 0
6038 0
6038 0
6038 0
6038 0
6038 0
6038 0
6038 0
6038 0
6038 0
6038 0
6038 0
6038 0
6046 0
6046 2
6046 0
6046 0
6046 0
6046 0
6046 0
6046 0
6046 0
6046 0
6046 0
6046 0
6046 0
6046 0
6046 0
6046 0
6046 0
6046 0
6046 0
6046 0
6046 0
6046 0
6046 0
6046 0
6046 0
6046 0
6046 0
6046 0
6046 0
6046 0
6046 0
6050 0
6050 0
6050 0
6050 0
6050 0
6050 0
6050 0
6050 0
6050 0
6050 0
6050 0
6050 0
6050 0
6050 0
6050 0
6050 0
6050 0
6050 0
6050 0
6050 0
6050 0
6050 0
6050 0
6050 0
6050 0
6050 0
6050 0
6050 0
6050 0
6050 0
6050 0
6062 0
6062 2
6062 0
6062 0
6062 0
6062 0
6062 0
6062 0
6062 0
6062 0
6062 0
6062 0
6062 0
6062 0
6062 0
6062 0
6062 0
6062 0
6062 0
6062 0
6062 0
6062 0
6062 0
6062 1
6062 0
6062 0
6062 0
6062 0
6062 0
6062 0
6062 0
6066 0
6066 3
6066 0
6066 0
6066 0
6066 0
6066 0
6066 0
6066 0
6066 0
6066 0
6066 0
6066 0
6066 0
6066 0
6066 0
6066 0
6066 0
6066 0
6066 0
6066 0
6066 0
6066 0
6066 0
6066 0
6066 0
6066 0
6066 0
6066 0
6066 0
6066 0
6067 0
6067 1
6067 0
6067 0
6067 0
6067 0
6067 0
6067 0
6067 0
6067 1
6067 0
6067 0
6067 0
6067 0
6067 0
6067 0
6067 0
6067 0
6067 0
6067 0
6067 0
6067 0
6067 0
6067 0
6067 0
6067 0
6067 0
6067 0
6067 0
6067 0
6067 0
6086 0
6086 1
6086 0
6086 0
6086 0
6086 0
6086 0
6086 0
6086 0
6086 2
6086 0
6086 0
6086 0
6086 0
6086 0
6086 0
6086 0
6086 0
6086 0
6086 0
6086 0
6086 0
6086 0
6086 1
6086 0
6086 0
6086 0
6086 0
6086 0
6086 0
6086 0
6088 0
6088 1
6088 0
6088 0
6088 0
6088 0
6088 0
6088 0
6088 0
6088 0
6088 0
6088 0
6088 0
6088 0
6088 0
6088 0
6088 0
6088 0
6088 0
6088 0
6088 0
6088 0
6088 0
6088 0
6088 0
6088 0
6088 0
6088 0
6088 0
6088 0
6088 0
6093 0
6093 5
6093 0
6093 0
6093 0
6093 0
6093 0
6093 0
6093 0
6093 0
6093 0
6093 0
6093 0
6093 0
6093 0
6093 0
6093 0
6093 0
6093 0
6093 0
6093 0
6093 0
6093 0
6093 1
6093 0
6093 0
6093 0
6093 0
6093 0
6093 0
6093 0
6109 0
6109 0
6109 0
6109 0
6109 0
6109 0
6109 0
6109 0
6109 0
6109 0
6109 0
6109 0
6109 0
6109 0
6109 0
6109 0
6109 0
6109 0
6109 0
6109 0
6109 0
6109 0
6109 0
6109 0
6109 0
6109 0
6109 0
6109 0
6109 0
6109 0
6109 0
6142 0
6142 1
6142 0
6142 0
6142 0
6142 0
6142 0
6142 0
6142 0
6142 0
6142 0
6142 0
6142 0
6142 0
6142 0
6142 0
6142 0
6142 0
6142 0
6142 0
6142 0
6142 0
6142 0
6142 0
6142 0
6142 0
6142 0
6142 0
6142 0
6142 0
6142 0
6143 0
6143 13
6143 0
6143 0
6143 0
6143 0
6143 0
6143 0
6143 0
6143 0
6143 0
6143 0
6143 0
6143 0
6143 0
6143 0
6143 0
6143 0
6143 0
6143 0
6143 0
6143 0
6143 0
6143 0
6143 0
6143 0
6143 0
6143 0
6143 0
6143 0
6143 0
6153 0
6153 8
6153 0
6153 0
6153 0
6153 0
6153 0
6153 0
6153 0
6153 0
6153 0
6153 0
6153 0
6153 0
6153 0
6153 0
6153 0
6153 0
6153 0
6153 0
6153 0
6153 0
6153 0
6153 0
6153 0
6153 0
6153 0
6153 0
6153 0
6153 0
6153 0
6155 0
6155 1
6155 0
6155 0
6155 0
6155 0
6155 0
6155 0
6155 0
6155 0
6155 0
6155 0
6155 0
6155 0
6155 0
6155 0
6155 0
6155 0
6155 0
6155 0
6155 0
6155 0
6155 0
6155 0
6155 0
6155 0
6155 0
6155 0
6155 0
6155 0
6155 0
6157 0
6157 0
6157 0
6157 0
6157 0
6157 0
6157 0
6157 0
6157 0
6157 0
6157 0
6157 0
6157 0
6157 0
6157 0
6157 0
6157 0
6157 0
6157 0
6157 0
6157 0
6157 0
6157 0
6157 0
6157 0
6157 0
6157 0
6157 0
6157 0
6157 0
6157 0
6160 0
6160 3
6160 0
6160 0
6160 0
6160 0
6160 0
6160 0
6160 0
6160 0
6160 0
6160 0
6160 0
6160 0
6160 0
6160 0
6160 0
6160 0
6160 0
6160 0
6160 0
6160 0
6160 0
6160 0
6160 0
6160 0
6160 0
6160 0
6160 0
6160 0
6160 0
6185 0
6185 2
6185 0
6185 0
6185 0
6185 0
6185 0
6185 0
6185 0
6185 2
6185 0
6185 0
6185 0
6185 0
6185 0
6185 0
6185 0
6185 0
6185 0
6185 0
6185 0
6185 0
6185 0
6185 1
6185 0
6185 0
6185 0
6185 0
6185 0
6185 0
6185 0
6200 0
6200 1
6200 0
6200 0
6200 0
6200 0
6200 0
6200 0
6200 0
6200 0
6200 0
6200 0
6200 0
6200 0
6200 0
6200 0
6200 0
6200 0
6200 0
6200 0
6200 0
6200 0
6200 0
6200 0
6200 0
6200 0
6200 0
6200 0
6200 0
6200 0
6200 0
6210 0
6210 0
6210 0
6210 0
6210 0
6210 0
6210 0
6210 0
6210 0
6210 0
6210 0
6210 0
6210 0
6210 0
6210 0
6210 0
6210 0
6210 0
6210 0
6210 0
6210 0
6210 0
6210 0
6210 0
6210 0
6210 0
6210 0
6210 0
6210 0
6210 0
6210 0
6229 0
6229 44
6229 0
6229 0
6229 0
6229 0
6229 0
6229 0
6229 0
6229 0
6229 0
6229 0
6229 0
6229 0
6229 0
6229 0
6229 0
6229 0
6229 0
6229 0
6229 0
6229 0
6229 0
6229 0
6229 0
6229 0
6229 0
6229 0
6229 0
6229 0
6229 0
6263 0
6263 3
6263 0
6263 0
6263 0
6263 0
6263 0
6263 0
6263 0
6263 0
6263 0
6263 0
6263 0
6263 0
6263 0
6263 0
6263 0
6263 0
6263 0
6263 0
6263 0
6263 0
6263 0
6263 0
6263 0
6263 0
6263 0
6263 0
6263 0
6263 0
6263 0
6268 0
6268 0
6268 0
6268 0
6268 0
6268 0
6268 0
6268 0
6268 0
6268 0
6268 0
6268 0
6268 0
6268 0
6268 0
6268 0
6268 0
6268 0
6268 0
6268 0
6268 0
6268 0
6268 0
6268 0
6268 0
6268 0
6268 0
6268 0
6268 0
6268 0
6268 0
6271 0
6271 35
6271 0
6271 0
6271 0
6271 0
6271 0
6271 0
6271 0
6271 0
6271 0
6271 0
6271 0
6271 0
6271 0
6271 0
6271 0
6271 0
6271 0
6271 0
6271 0
6271 0
6271 0
6271 0
6271 0
6271 0
6271 0
6271 0
6271 0
6271 0
6271 0
6273 0
6273 1
6273 0
6273 0
6273 0
6273 0
6273 0
6273 0
6273 0
6273 0
6273 0
6273 0
6273 0
6273 0
6273 0
6273 0
6273 0
6273 0
6273 0
6273 0
6273 0
6273 0
6273 0
6273 0
6273 0
6273 0
6273 0
6273 0
6273 0
6273 0
6273 0
6285 0
6285 1
6285 0
6285 0
6285 0
6285 0
6285 0
6285 0
6285 0
6285 0
6285 0
6285 0
6285 0
6285 0
6285 0
6285 0
6285 0
6285 0
6285 0
6285 0
6285 0
6285 0
6285 0
6285 0
6285 0
6285 0
6285 0
6285 0
6285 0
6285 0
6285 0
6309 0
6309 37
6309 0
6309 0
6309 0
6309 0
6309 0
6309 0
6309 0
6309 0
6309 0
6309 0
6309 0
6309 0
6309 0
6309 0
6309 0
6309 0
6309 0
6309 0
6309 0
6309 0
6309 0
6309 0
6309 0
6309 0
6309 0
6309 0
6309 0
6309 0
6309 0
6312 0
6312 1
6312 0
6312 0
6312 0
6312 0
6312 0
6312 0
6312 0
6312 0
6312 0
6312 0
6312 0
6312 0
6312 0
6312 0
6312 0
6312 0
6312 0
6312 0
6312 0
6312 0
6312 0
6312 0
6312 0
6312 0
6312 0
6312 0
6312 0
6312 0
6312 0
6315 0
6315 1
6315 0
6315 0
6315 0
6315 0
6315 0
6315 0
6315 0
6315 0
6315 0
6315 0
6315 0
6315 0
6315 0
6315 0
6315 0
6315 0
6315 0
6315 0
6315 0
6315 0
6315 0
6315 0
6315 0
6315 0
6315 0
6315 0
6315 0
6315 0
6315 0
6327 0
6327 0
6327 0
6327 0
6327 0
6327 0
6327 0
6327 0
6327 0
6327 0
6327 0
6327 0
6327 0
6327 0
6327 0
6327 0
6327 0
6327 0
6327 0
6327 0
6327 0
6327 0
6327 0
6327 0
6327 0
6327 0
6327 0
6327 0
6327 0
6327 0
6327 0
6331 0
6331 0
6331 0
6331 0
6331 0
6331 0
6331 0
6331 0
6331 0
6331 0
6331 0
6331 0
6331 0
6331 0
6331 0
6331 0
6331 0
6331 0
6331 0
6331 0
6331 0
6331 0
6331 0
6331 0
6331 0
6331 0
6331 0
6331 0
6331 0
6331 0
6331 0
6334 0
6334 4
6334 0
6334 0
6334 0
6334 0
6334 0
6334 0
6334 0
6334 0
6334 0
6334 0
6334 0
6334 0
6334 0
6334 0
6334 0
6334 0
6334 0
6334 0
6334 0
6334 0
6334 0
6334 0
6334 0
6334 0
6334 0
6334 0
6334 0
6334 0
6334 0
6361 0
6361 0
6361 0
6361 0
6361 0
6361 0
6361 0
6361 0
6361 0
6361 0
6361 0
6361 0
6361 0
6361 0
6361 0
6361 0
6361 0
6361 0
6361 0
6361 0
6361 0
6361 0
6361 0
6361 0
6361 0
6361 0
6361 0
6361 0
6361 0
6361 0
6361 0
6367 0
6367 1
6367 0
6367 0
6367 0
6367 0
6367 0
6367 0
6367 0
6367 0
6367 0
6367 0
6367 0
6367 0
6367 0
6367 0
6367 0
6367 0
6367 0
6367 0
6367 0
6367 0
6367 0
6367 0
6367 0
6367 0
6367 0
6367 0
6367 0
6367 0
6367 0
6405 0
6405 1
6405 0
6405 0
6405 0
6405 0
6405 0
6405 0
6405 0
6405 0
6405 0
6405 0
6405 0
6405 0
6405 0
6405 0
6405 0
6405 0
6405 0
6405 0
6405 0
6405 0
6405 0
6405 0
6405 0
6405 0
6405 0
6405 0
6405 0
6405 0
6405 0
6410 0
6410 1
6410 0
6410 0
6410 0
6410 0
6410 0
6410 0
6410 0
6410 0
6410 0
6410 0
6410 0
6410 0
6410 0
6410 0
6410 0
6410 0
6410 0
6410 0
6410 0
6410 0
6410 0
6410 0
6410 0
6410 0
6410 0
6410 0
6410 0
6410 0
6410 0
6426 0
6426 3
6426 0
6426 0
6426 0
6426 0
6426 0
6426 0
6426 0
6426 0
6426 0
6426 0
6426 0
6426 0
6426 0
6426 0
6426 0
6426 0
6426 0
6426 0
6426 0
6426 0
6426 0
6426 0
6426 0
6426 0
6426 0
6426 0
6426 0
6426 0
6426 0
6433 0
6433 0
6433 0
6433 0
6433 0
6433 0
6433 0
6433 0
6433 0
6433 0
6433 0
6433 0
6433 0
6433 0
6433 0
6433 0
6433 0
6433 0
6433 0
6433 0
6433 0
6433 0
6433 0
6433 0
6433 0
6433 0
6433 0
6433 0
6433 0
6433 0
6433 0
6434 0
6434 2
6434 0
6434 0
6434 0
6434 0
6434 0
6434 0
6434 0
6434 0
6434 0
6434 0
6434 0
6434 0
6434 0
6434 0
6434 0
6434 0
6434 0
6434 0
6434 0
6434 0
6434 0
6434 0
6434 0
6434 0
6434 0
6434 0
6434 0
6434 0
6434 0
6439 0
6439 6
6439 0
6439 0
6439 0
6439 0
6439 0
6439 0
6439 0
6439 0
6439 0
6439 0
6439 0
6439 0
6439 0
6439 0
6439 0
6439 0
6439 0
6439 0
6439 0
6439 0
6439 0
6439 0
6439 0
6439 0
6439 0
6439 0
6439 0
6439 0
6439 0
6448 0
6448 1
6448 0
6448 0
6448 0
6448 0
6448 0
6448 0
6448 0
6448 0
6448 0
6448 0
6448 0
6448 0
6448 0
6448 0
6448 0
6448 0
6448 0
6448 0
6448 0
6448 0
6448 0
6448 0
6448 0
6448 0
6448 0
6448 0
6448 0
6448 0
6448 0
6480 0
6480 1
6480 0
6480 0
6480 0
6480 0
6480 0
6480 0
6480 0
6480 0
6480 0
6480 0
6480 0
6480 0
6480 0
6480 0
6480 0
6480 0
6480 0
6480 0
6480 0
6480 0
6480 0
6480 0
6480 0
6480 0
6480 0
6480 0
6480 0
6480 0
6480 0
6481 0
6481 3
6481 0
6481 0
6481 0
6481 0
6481 0
6481 0
6481 0
6481 0
6481 0
6481 0
6481 0
6481 0
6481 0
6481 0
6481 0
6481 0
6481 0
6481 0
6481 0
6481 0
6481 0
6481 0
6481 0
6481 0
6481 0
6481 0
6481 0
6481 0
6481 0
6482 0
6482 1
6482 0
6482 0
6482 0
6482 0
6482 0
6482 0
6482 0
6482 0
6482 0
6482 0
6482 0
6482 0
6482 0
6482 0
6482 0
6482 0
6482 0
6482 0
6482 0
6482 0
6482 0
6482 0
6482 0
6482 0
6482 0
6482 0
6482 0
6482 0
6482 0
6488 0
6488 1
6488 0
6488 0
6488 0
6488 0
6488 0
6488 0
6488 0
6488 0
6488 0
6488 0
6488 0
6488 0
6488 0
6488 0
6488 0
6488 0
6488 0
6488 0
6488 0
6488 0
6488 0
6488 0
6488 0
6488 0
6488 0
6488 0
6488 0
6488 0
6488 0
6497 0
6497 1
6497 0
6497 0
6497 0
6497 0
6497 0
6497 0
6497 0
6497 0
6497 0
6497 0
6497 0
6497 0
6497 0
6497 0
6497 0
6497 0
6497 0
6497 0
6497 0
6497 0
6497 0
6497 0
6497 0
6497 0
6497 0
6497 0
6497 0
6497 0
6497 0
6501 0
6501 24
6501 0
6501 0
6501 0
6501 0
6501 0
6501 0
6501 0
6501 0
6501 0
6501 0
6501 0
6501 0
6501 0
6501 0
6501 0
6501 0
6501 0
6501 0
6501 0
6501 0
6501 0
6501 0
6501 0
6501 0
6501 0
6501 0
6501 0
6501 0
6501 0
6507 0
6507 0
6507 0
6507 0
6507 0
6507 0
6507 0
6507 0
6507 0
6507 0
6507 0
6507 0
6507 0
6507 0
6507 0
6507 0
6507 0
6507 0
6507 0
6507 0
6507 0
6507 0
6507 0
6507 0
6507 0
6507 0
6507 0
6507 0
6507 0
6507 0
6507 0
6511 0
6511 0
6511 0
6511 0
6511 0
6511 0
6511 0
6511 0
6511 0
6511 0
6511 0
6511 0
6511 0
6511 0
6511 0
6511 0
6511 0
6511 0
6511 0
6511 0
6511 0
6511 0
6511 0
6511 0
6511 0
6511 0
6511 0
6511 0
6511 0
6511 0
6511 0
6530 0
6530 1
6530 0
6530 0
6530 0
6530 0
6530 0
6530 0
6530 0
6530 0
6530 0
6530 0
6530 0
6530 0
6530 0
6530 0
6530 0
6530 0
6530 0
6530 0
6530 0
6530 0
6530 0
6530 0
6530 0
6530 0
6530 0
6530 0
6530 0
6530 0
6530 0
6535 0
6535 24
6535 0
6535 0
6535 0
6535 0
6535 0
6535 0
6535 0
6535 0
6535 0
6535 0
6535 0
6535 0
6535 0
6535 0
6535 0
6535 0
6535 0
6535 0
6535 0
6535 0
6535 0
6535 0
6535 0
6535 0
6535 0
6535 0
6535 0
6535 0
6535 0
6542 0
6542 56
6542 0
6542 0
6542 0
6542 0
6542 0
6542 0
6542 0
6542 0
6542 0
6542 0
6542 0
6542 0
6542 0
6542 0
6542 0
6542 0
6542 0
6542 0
6542 0
6542 0
6542 0
6542 0
6542 0
6542 0
6542 0
6542 0
6542 0
6542 0
6542 0
6556 0
6556 3
6556 0
6556 0
6556 0
6556 0
6556 0
6556 0
6556 0
6556 0
6556 0
6556 0
6556 0
6556 0
6556 0
6556 0
6556 0
6556 0
6556 0
6556 0
6556 0
6556 0
6556 0
6556 0
6556 0
6556 0
6556 0
6556 0
6556 0
6556 0
6556 0
6557 0
6557 0
6557 0
6557 0
6557 0
6557 0
6557 0
6557 0
6557 0
6557 0
6557 0
6557 0
6557 0
6557 0
6557 0
6557 0
6557 0
6557 0
6557 0
6557 0
6557 0
6557 0
6557 0
6557 0
6557 0
6557 0
6557 0
6557 0
6557 0
6557 0
6557 0
6571 0
6571 2
6571 0
6571 0
6571 0
6571 0
6571 0
6571 0
6571 0
6571 0
6571 0
6571 0
6571 0
6571 0
6571 0
6571 0
6571 0
6571 0
6571 0
6571 0
6571 0
6571 0
6571 0
6571 0
6571 0
6571 0
6571 0
6571 0
6571 0
6571 0
6571 0
6593 0
6593 5
6593 0
6593 0
6593 0
6593 0
6593 0
6593 0
6593 0
6593 0
6593 0
6593 0
6593 0
6593 0
6593 0
6593 0
6593 0
6593 0
6593 0
6593 0
6593 0
6593 0
6593 0
6593 0
6593 0
6593 0
6593 0
6593 0
6593 0
6593 0
6593 0
6594 0
6594 64
6594 0
6594 0
6594 0
6594 0
6594 0
6594 0
6594 0
6594 0
6594 0
6594 0
6594 0
6594 0
6594 0
6594 0
6594 0
6594 0
6594 0
6594 0
6594 0
6594 0
6594 0
6594 0
6594 0
6594 0
6594 0
6594 0
6594 0
6594 0
6594 0
6613 0
6613 1
6613 0
6613 0
6613 0
6613 0
6613 0
6613 0
6613 0
6613 0
6613 0
6613 0
6613 0
6613 0
6613 0
6613 0
6613 0
6613 0
6613 0
6613 0
6613 0
6613 0
6613 0
6613 0
6613 0
6613 0
6613 0
6613 0
6613 0
6613 0
6613 0
6642 0
6642 4
6642 0
6642 0
6642 0
6642 0
6642 0
6642 0
6642 0
6642 0
6642 0
6642 0
6642 0
6642 0
6642 0
6642 0
6642 0
6642 0
6642 0
6642 0
6642 0
6642 0
6642 0
6642 0
6642 0
6642 0
6642 0
6642 0
6642 0
6642 0
6642 0
6653 0
6653 4
6653 0
6653 0
6653 0
6653 0
6653 0
6653 0
6653 0
6653 0
6653 0
6653 0
6653 0
6653 0
6653 0
6653 0
6653 0
6653 0
6653 0
6653 0
6653 0
6653 0
6653 0
6653 0
6653 0
6653 0
6653 0
6653 0
6653 0
6653 0
6653 0
6657 0
6657 0
6657 0
6657 0
6657 0
6657 0
6657 0
6657 0
6657 0
6657 0
6657 0
6657 0
6657 0
6657 0
6657 0
6657 0
6657 0
6657 0
6657 0
6657 0
6657 0
6657 0
6657 0
6657 0
6657 0
6657 0
6657 0
6657 0
6657 0
6657 0
6657 0
6683 0
6683 1
6683 0
6683 0
6683 0
6683 0
6683 0
6683 0
6683 0
6683 0
6683 0
6683 0
6683 0
6683 0
6683 0
6683 0
6683 0
6683 0
6683 0
6683 0
6683 0
6683 0
6683 0
6683 0
6683 0
6683 0
6683 0
6683 0
6683 0
6683 0
6683 0
6686 0
6686 3
6686 0
6686 0
6686 0
6686 0
6686 0
6686 0
6686 0
6686 0
6686 0
6686 0
6686 0
6686 0
6686 0
6686 0
6686 0
6686 0
6686 0
6686 0
6686 0
6686 0
6686 0
6686 0
6686 0
6686 0
6686 0
6686 0
6686 0
6686 0
6686 0
6746 0
6746 0
6746 0
6746 0
6746 0
6746 0
6746 0
6746 0
6746 0
6746 0
6746 0
6746 0
6746 0
6746 0
6746 0
6746 0
6746 0
6746 0
6746 0
6746 0
6746 0
6746 0
6746 0
6746 0
6746 0
6746 0
6746 0
6746 0
6746 0
6746 0
6746 0
