pt_graph shape
10212 0
10212 0
10212 0
10212 0
10212 0
10212 0
10212 0
10212 0
10212 0
10212 0
10212 0.68
10212 0
10212 0
10212 0
10212 0
10212 0
10212 0
10212 0
10212 0
10212 0
10212 0
10212 0
10212 0
10212 0
10212 0
10212 0
10212 0
10212 0
10212 0
10212 0
10212 0
10316 0
10316 0
10316 0
10316 0
10316 0
10316 0
10316 0
10316 0
10316 0
10316 0
10316 0.9
10316 0
10316 0
10316 0
10316 0
10316 0
10316 0
10316 0
10316 0
10316 0
10316 0
10316 0
10316 0
10316 0
10316 0
10316 0
10316 0
10316 0
10316 0
10316 0
10316 0
10328 0
10328 0
10328 0
10328 0
10328 0
10328 0
10328 0
10328 0
10328 0
10328 0
10328 0
10328 0.7
10328 0
10328 0
10328 0
10328 0
10328 0
10328 0
10328 0
10328 0
10328 0
10328 0
10328 0
10328 0
10328 0
10328 0
10328 0
10328 0
10328 0
10328 0
10328 0
10358 0
10358 0
10358 0
10358 0
10358 0
10358 0
10358 0
10358 0
10358 0
10358 0
10358 0.87
10358 0
10358 0
10358 0
10358 0
10358 0
10358 0
10358 0
10358 0
10358 0
10358 0
10358 0
10358 0
10358 0
10358 0
10358 0
10358 0
10358 0
10358 0
10358 0
10358 0
10400 0
10400 0
10400 0
10400 0
10400 0
10400 0
10400 0
10400 0
10400 0
10400 0
10400 0.96
10400 0
10400 0
10400 0
10400 0
10400 0
10400 0
10400 0
10400 0
10400 0
10400 0
10400 0
10400 0
10400 0
10400 0
10400 0
10400 0
10400 0
10400 0
10400 0
10400 0
10508 0
10508 0
10508 0
10508 0
10508 0
10508 0
10508 0
10508 0
10508 0
10508 0
10508 0.96
10508 0
10508 0
10508 0
10508 0
10508 0
10508 0
10508 0
10508 0
10508 0
10508 0
10508 0
10508 0
10508 0
10508 0
10508 0
10508 0
10508 0
10508 0
10508 0
10508 0
10607 0
10607 0
10607 0
10607 0
10607 0
10607 0
10607 0
10607 0
10607 0
10607 0
10607 0
10607 16.17
10607 0
10607 0
10607 0
10607 0
10607 0
10607 0
10607 0
10607 0
10607 0
10607 0
10607 0
10607 0
10607 0
10607 0
10607 0
10607 0
10607 0
10607 0
10607 0
10959 0
10959 0
10959 0
10959 0
10959 0
10959 0
10959 0
10959 0
10959 0
10959 0
10959 0
10959 47.59
10959 0
10959 0
10959 0
10959 0
10959 0
10959 0
10959 0
10959 0
10959 0
10959 0
10959 0
10959 0
10959 0
10959 0
10959 0
10959 0
10959 0
10959 0
10959 0
11016 0
11016 0
11016 0
11016 0
11016 0
11016 0
11016 0
11016 0
11016 0
11016 0
11016 0
11016 1.58
11016 0
11016 0
11016 0
11016 0
11016 0
11016 0
11016 0
11016 0
11016 0
11016 0
11016 0
11016 0
11016 0
11016 0
11016 0
11016 0
11016 0
11016 0
11016 0
11021 0
11021 0
11021 0
11021 0
11021 0
11021 0
11021 0
11021 0
11021 0
11021 0
11021 0
11021 12.8
11021 0
11021 0
11021 0
11021 0
11021 0
11021 0
11021 0
11021 0
11021 0
11021 0
11021 0
11021 0
11021 0
11021 0
11021 0
11021 0
11021 0
11021 0
11021 0
11023 0
11023 0
11023 0
11023 0
11023 0
11023 0
11023 0
11023 0
11023 0
11023 0
11023 0
11023 0.75
11023 0
11023 0
11023 0
11023 0
11023 0
11023 0
11023 0
11023 0
11023 0
11023 0
11023 0
11023 0
11023 0
11023 0
11023 0
11023 0
11023 0
11023 0
11023 0
11024 0
11024 0
11024 0
11024 0
11024 0
11024 0
11024 0
11024 0
11024 0
11024 0
11024 0
11024 0.67
11024 0
11024 0
11024 0
11024 0
11024 0
11024 0
11024 0
11024 0
11024 0
11024 0
11024 0
11024 0
11024 0
11024 0
11024 0
11024 0
11024 0
11024 0
11024 0
11025 0
11025 0
11025 0
11025 0
11025 0
11025 0
11025 0
11025 0
11025 0
11025 0
11025 0
11025 0.8
11025 0
11025 0
11025 0
11025 0
11025 0
11025 0
11025 0
11025 0
11025 0
11025 0
11025 0
11025 0
11025 0
11025 0
11025 0
11025 0
11025 0
11025 0
11025 0
11028 0
11028 0
11028 0
11028 0
11028 0
11028 0
11028 0
11028 0
11028 0
11028 0
11028 0
11028 17.16
11028 0
11028 0
11028 0
11028 0
11028 0
11028 0
11028 0
11028 0
11028 0
11028 0
11028 0
11028 0
11028 0
11028 0
11028 0
11028 0
11028 0
11028 0
11028 0
11033 0
11033 0
11033 0
11033 0
11033 0
11033 0
11033 0
11033 0
11033 0
11033 0
11033 0
11033 0.67
11033 0
11033 0
11033 0
11033 0
11033 0
11033 0
11033 0
11033 0
11033 0
11033 0
11033 0
11033 0
11033 0
11033 0
11033 0
11033 0
11033 0
11033 0
11033 0
11037 0
11037 0
11037 0
11037 0
11037 0
11037 0
11037 0
11037 0
11037 0
11037 0
11037 0
11037 1.16
11037 0
11037 0
11037 0
11037 0
11037 0
11037 0
11037 0
11037 0
11037 0
11037 0
11037 0
11037 0
11037 0
11037 0
11037 0
11037 0
11037 0
11037 0
11037 0
11039 0
11039 0
11039 0
11039 0
11039 0
11039 0
11039 0
11039 0
11039 0
11039 0
11039 0
11039 1.14
11039 0
11039 0
11039 0
11039 0
11039 0
11039 0
11039 0
11039 0
11039 0
11039 0
11039 0
11039 0
11039 0
11039 0
11039 0
11039 0
11039 0
11039 0
11039 0
11042 0
11042 0
11042 0
11042 0
11042 0
11042 0
11042 0
11042 0
11042 0
11042 0
11042 0
11042 1.58
11042 0
11042 0
11042 0
11042 0
11042 0
11042 0
11042 0
11042 0
11042 0
11042 0
11042 0
11042 0
11042 0
11042 0
11042 0
11042 0
11042 0
11042 0
11042 0
11045 0
11045 0
11045 0
11045 0
11045 0
11045 0
11045 0
11045 0
11045 0
11045 0
11045 0
11045 1.57
11045 0
11045 0
11045 0
11045 0
11045 0
11045 0
11045 0
11045 0
11045 0
11045 0
11045 0
11045 0
11045 0
11045 0
11045 0
11045 0
11045 0
11045 0
11045 0
11056 0
11056 0
11056 0
11056 0
11056 0
11056 0
11056 0
11056 0
11056 0
11056 0
11056 0
11056 23.02
11056 0
11056 0
11056 0
11056 0
11056 0
11056 0
11056 0
11056 0
11056 0
11056 0
11056 0
11056 0
11056 0
11056 0
11056 0
11056 0
11056 0
11056 0
11056 0
11060 0
11060 0
11060 0
11060 0
11060 0
11060 0
11060 0
11060 0
11060 0
11060 0
11060 0
11060 9.18
11060 0
11060 0
11060 0
11060 0
11060 0
11060 0
11060 0
11060 0
11060 0
11060 0
11060 0
11060 0
11060 0
11060 0
11060 0
11060 0
11060 0
11060 0
11060 0
11068 0
11068 0
11068 0
11068 0
11068 0
11068 0
11068 0
11068 0
11068 0
11068 0
11068 0
11068 63.65
11068 0
11068 0
11068 0
11068 0
11068 0
11068 0
11068 0
11068 0
11068 0
11068 0
11068 0
11068 0
11068 0
11068 0
11068 0
11068 0
11068 0
11068 0
11068 0
