pt_graph scale
8389 0
8389 0
8389 0
8389 0
8389 0
8389 0
8389 0
8389 0
8389 0
8389 0
8389 299
8389 0
8389 0
8389 0
8389 96
8389 0
8389 0
8389 0
8389 0
8389 0
8389 0
8389 0
8389 0
8389 0
8389 0
8389 0
8389 0
8389 0
8389 0
8389 0
8389 0
8426 0
8426 0
8426 0
8426 0
8426 0
8426 0
8426 0
8426 0
8426 0
8426 0
8426 288
8426 0
8426 0
8426 0
8426 93
8426 0
8426 0
8426 0
8426 0
8426 0
8426 0
8426 0
8426 0
8426 0
8426 0
8426 0
8426 0
8426 0
8426 0
8426 0
8426 0
8468 0
8468 0
8468 0
8468 0
8468 0
8468 0
8468 0
8468 0
8468 0
8468 0
8468 288
8468 0
8468 0
8468 0
8468 93
8468 0
8468 0
8468 0
8468 0
8468 0
8468 0
8468 0
8468 0
8468 0
8468 0
8468 0
8468 0
8468 0
8468 0
8468 0
8468 0
8485 0
8485 0
8485 0
8485 0
8485 0
8485 0
8485 0
8485 0
8485 0
8485 0
8485 299
8485 0
8485 0
8485 0
8485 96
8485 0
8485 0
8485 0
8485 0
8485 0
8485 0
8485 0
8485 0
8485 0
8485 0
8485 0
8485 0
8485 0
8485 0
8485 0
8485 0
8603 0
8603 0
8603 0
8603 0
8603 0
8603 0
8603 0
8603 0
8603 0
8603 0
8603 299
8603 0
8603 0
8603 0
8603 96
8603 0
8603 0
8603 0
8603 0
8603 0
8603 0
8603 0
8603 0
8603 0
8603 0
8603 0
8603 0
8603 0
8603 0
8603 0
8603 0
8612 0
8612 0
8612 0
8612 0
8612 0
8612 0
8612 0
8612 0
8612 0
8612 0
8612 299
8612 0
8612 0
8612 0
8612 96
8612 0
8612 0
8612 0
8612 0
8612 0
8612 0
8612 0
8612 0
8612 0
8612 0
8612 0
8612 0
8612 0
8612 0
8612 0
8612 0
8641 0
8641 0
8641 0
8641 0
8641 0
8641 0
8641 0
8641 0
8641 0
8641 0
8641 385
8641 0
8641 0
8641 0
8641 245
8641 0
8641 0
8641 0
8641 0
8641 0
8641 0
8641 0
8641 0
8641 0
8641 0
8641 0
8641 0
8641 0
8641 0
8641 0
8641 0
8684 0
8684 0
8684 0
8684 0
8684 0
8684 0
8684 0
8684 0
8684 0
8684 0
8684 385
8684 0
8684 0
8684 0
8684 245
8684 0
8684 0
8684 0
8684 0
8684 0
8684 0
8684 0
8684 0
8684 0
8684 0
8684 0
8684 0
8684 0
8684 0
8684 0
8684 0
8685 0
8685 0
8685 0
8685 0
8685 0
8685 0
8685 0
8685 0
8685 0
8685 0
8685 299
8685 0
8685 0
8685 0
8685 96
8685 0
8685 0
8685 0
8685 0
8685 0
8685 0
8685 0
8685 0
8685 0
8685 0
8685 0
8685 0
8685 0
8685 0
8685 0
8685 0
8731 0
8731 0
8731 0
8731 0
8731 0
8731 0
8731 0
8731 0
8731 0
8731 0
8731 592
8731 0
8731 0
8731 0
8731 232
8731 0
8731 0
8731 0
8731 0
8731 0
8731 0
8731 0
8731 0
8731 0
8731 0
8731 0
8731 0
8731 0
8731 0
8731 0
8731 0
8765 0
8765 0
8765 0
8765 0
8765 0
8765 0
8765 0
8765 0
8765 0
8765 0
8765 299
8765 0
8765 0
8765 0
8765 96
8765 0
8765 0
8765 0
8765 0
8765 0
8765 0
8765 0
8765 0
8765 0
8765 0
8765 0
8765 0
8765 0
8765 0
8765 0
8765 0
8813 0
8813 0
8813 0
8813 0
8813 0
8813 0
8813 0
8813 0
8813 0
8813 0
8813 299
8813 0
8813 0
8813 0
8813 96
8813 0
8813 0
8813 0
8813 0
8813 0
8813 0
8813 0
8813 0
8813 0
8813 0
8813 0
8813 0
8813 0
8813 0
8813 0
8813 0
8825 0
8825 0
8825 0
8825 0
8825 0
8825 0
8825 0
8825 0
8825 0
8825 0
8825 592
8825 0
8825 0
8825 0
8825 232
8825 0
8825 0
8825 0
8825 0
8825 0
8825 0
8825 0
8825 0
8825 0
8825 0
8825 0
8825 0
8825 0
8825 0
8825 0
8825 0
8869 0
8869 0
8869 0
8869 0
8869 0
8869 0
8869 0
8869 0
8869 0
8869 0
8869 385
8869 0
8869 0
8869 0
8869 245
8869 0
8869 0
8869 0
8869 0
8869 0
8869 0
8869 0
8869 0
8869 0
8869 0
8869 0
8869 0
8869 0
8869 0
8869 0
8869 0
8881 0
8881 0
8881 0
8881 0
8881 0
8881 0
8881 0
8881 0
8881 0
8881 0
8881 288
8881 0
8881 0
8881 0
8881 93
8881 0
8881 0
8881 0
8881 0
8881 0
8881 0
8881 0
8881 0
8881 0
8881 0
8881 0
8881 0
8881 0
8881 0
8881 0
8881 0
8916 0
8916 0
8916 0
8916 0
8916 0
8916 0
8916 0
8916 0
8916 0
8916 0
8916 385
8916 0
8916 0
8916 0
8916 245
8916 0
8916 0
8916 0
8916 0
8916 0
8916 0
8916 0
8916 0
8916 0
8916 0
8916 0
8916 0
8916 0
8916 0
8916 0
8916 0
8980 0
8980 0
8980 0
8980 0
8980 0
8980 0
8980 0
8980 0
8980 0
8980 0
8980 299
8980 0
8980 0
8980 0
8980 96
8980 0
8980 0
8980 0
8980 0
8980 0
8980 0
8980 0
8980 0
8980 0
8980 0
8980 0
8980 0
8980 0
8980 0
8980 0
8980 0
8988 0
8988 0
8988 0
8988 0
8988 0
8988 0
8988 0
8988 0
8988 0
8988 0
8988 385
8988 0
8988 0
8988 0
8988 245
8988 0
8988 0
8988 0
8988 0
8988 0
8988 0
8988 0
8988 0
8988 0
8988 0
8988 0
8988 0
8988 0
8988 0
8988 0
8988 0
8997 0
8997 0
8997 0
8997 0
8997 0
8997 0
8997 0
8997 0
8997 0
8997 0
8997 529
8997 0
8997 0
8997 0
8997 41
8997 0
8997 0
8997 0
8997 0
8997 0
8997 0
8997 0
8997 0
8997 0
8997 0
8997 0
8997 0
8997 0
8997 0
8997 0
8997 0
9012 0
9012 0
9012 0
9012 0
9012 0
9012 0
9012 0
9012 0
9012 0
9012 0
9012 512
9012 0
9012 0
9012 0
9012 39
9012 0
9012 0
9012 0
9012 0
9012 0
9012 0
9012 0
9012 0
9012 0
9012 0
9012 0
9012 0
9012 0
9012 0
9012 0
9012 0
9032 0
9032 0
9032 0
9032 0
9032 0
9032 0
9032 0
9032 0
9032 0
9032 0
9032 385
9032 0
9032 0
9032 0
9032 245
9032 0
9032 0
9032 0
9032 0
9032 0
9032 0
9032 0
9032 0
9032 0
9032 0
9032 0
9032 0
9032 0
9032 0
9032 0
9032 0
9087 0
9087 0
9087 0
9087 0
9087 0
9087 0
9087 0
9087 0
9087 0
9087 0
9087 529
9087 0
9087 0
9087 0
9087 41
9087 0
9087 0
9087 0
9087 0
9087 0
9087 0
9087 0
9087 0
9087 0
9087 0
9087 0
9087 0
9087 0
9087 0
9087 0
9087 0
9090 0
9090 0
9090 0
9090 0
9090 0
9090 0
9090 0
9090 0
9090 0
9090 0
9090 529
9090 0
9090 0
9090 0
9090 41
9090 0
9090 0
9090 0
9090 0
9090 0
9090 0
9090 0
9090 0
9090 0
9090 0
9090 0
9090 0
9090 0
9090 0
9090 0
9090 0
9122 0
9122 0
9122 0
9122 0
9122 0
9122 0
9122 0
9122 0
9122 0
9122 0
9122 385
9122 0
9122 0
9122 0
9122 245
9122 0
9122 0
9122 0
9122 0
9122 0
9122 0
9122 0
9122 0
9122 0
9122 0
9122 0
9122 0
9122 0
9122 0
9122 0
9122 0
9142 0
9142 0
9142 0
9142 0
9142 0
9142 0
9142 0
9142 0
9142 0
9142 0
9142 385
9142 0
9142 0
9142 0
9142 245
9142 0
9142 0
9142 0
9142 0
9142 0
9142 0
9142 0
9142 0
9142 0
9142 0
9142 0
9142 0
9142 0
9142 0
9142 0
9142 0
9167 0
9167 0
9167 0
9167 0
9167 0
9167 0
9167 0
9167 0
9167 0
9167 0
9167 512
9167 0
9167 0
9167 0
9167 39
9167 0
9167 0
9167 0
9167 0
9167 0
9167 0
9167 0
9167 0
9167 0
9167 0
9167 0
9167 0
9167 0
9167 0
9167 0
9167 0
9174 0
9174 0
9174 0
9174 0
9174 0
9174 0
9174 0
9174 0
9174 0
9174 0
9174 529
9174 0
9174 0
9174 0
9174 41
9174 0
9174 0
9174 0
9174 0
9174 0
9174 0
9174 0
9174 0
9174 0
9174 0
9174 0
9174 0
9174 0
9174 0
9174 0
9174 0
9183 0
9183 0
9183 0
9183 0
9183 0
9183 0
9183 0
9183 0
9183 0
9183 0
9183 299
9183 0
9183 0
9183 0
9183 96
9183 0
9183 0
9183 0
9183 0
9183 0
9183 0
9183 0
9183 0
9183 0
9183 0
9183 0
9183 0
9183 0
9183 0
9183 0
9183 0
9191 0
9191 0
9191 0
9191 0
9191 0
9191 0
9191 0
9191 0
9191 0
9191 0
9191 385
9191 0
9191 0
9191 0
9191 245
9191 0
9191 0
9191 0
9191 0
9191 0
9191 0
9191 0
9191 0
9191 0
9191 0
9191 0
9191 0
9191 0
9191 0
9191 0
9191 0
9205 0
9205 0
9205 0
9205 0
9205 0
9205 0
9205 0
9205 0
9205 0
9205 0
9205 1262
9205 0
9205 0
9205 0
9205 522
9205 0
9205 0
9205 0
9205 0
9205 0
9205 0
9205 0
9205 0
9205 0
9205 0
9205 0
9205 0
9205 0
9205 0
9205 0
9205 0
9235 0
9235 0
9235 0
9235 0
9235 0
9235 0
9235 0
9235 0
9235 0
9235 0
9235 529
9235 0
9235 0
9235 0
9235 41
9235 0
9235 0
9235 0
9235 0
9235 0
9235 0
9235 0
9235 0
9235 0
9235 0
9235 0
9235 0
9235 0
9235 0
9235 0
9235 0
9298 0
9298 0
9298 0
9298 0
9298 0
9298 0
9298 0
9298 0
9298 0
9298 0
9298 1071
9298 0
9298 0
9298 0
9298 101
9298 0
9298 0
9298 0
9298 0
9298 0
9298 0
9298 0
9298 0
9298 0
9298 0
9298 0
9298 0
9298 0
9298 0
9298 0
9298 0
9304 0
9304 0
9304 0
9304 0
9304 0
9304 0
9304 0
9304 0
9304 0
9304 0
9304 529
9304 0
9304 0
9304 0
9304 41
9304 0
9304 0
9304 0
9304 0
9304 0
9304 0
9304 0
9304 0
9304 0
9304 0
9304 0
9304 0
9304 0
9304 0
9304 0
9304 0
9307 0
9307 0
9307 0
9307 0
9307 0
9307 0
9307 0
9307 0
9307 0
9307 0
9307 385
9307 0
9307 0
9307 0
9307 245
9307 0
9307 0
9307 0
9307 0
9307 0
9307 0
9307 0
9307 0
9307 0
9307 0
9307 0
9307 0
9307 0
9307 0
9307 0
9307 0
9354 0
9354 0
9354 0
9354 0
9354 0
9354 0
9354 0
9354 0
9354 0
9354 0
9354 529
9354 0
9354 0
9354 0
9354 41
9354 0
9354 0
9354 0
9354 0
9354 0
9354 0
9354 0
9354 0
9354 0
9354 0
9354 0
9354 0
9354 0
9354 0
9354 0
9354 0
9365 0
9365 0
9365 0
9365 0
9365 0
9365 0
9365 0
9365 0
9365 0
9365 0
9365 385
9365 0
9365 0
9365 0
9365 245
9365 0
9365 0
9365 0
9365 0
9365 0
9365 0
9365 0
9365 0
9365 0
9365 0
9365 0
9365 0
9365 0
9365 0
9365 0
9365 0
9366 0
9366 0
9366 0
9366 0
9366 0
9366 0
9366 0
9366 0
9366 0
9366 0
9366 299
9366 0
9366 0
9366 0
9366 96
9366 0
9366 0
9366 0
9366 0
9366 0
9366 0
9366 0
9366 0
9366 0
9366 0
9366 0
9366 0
9366 0
9366 0
9366 0
9366 0
9435 0
9435 0
9435 0
9435 0
9435 0
9435 0
9435 0
9435 0
9435 0
9435 0
9435 1242
9435 0
9435 0
9435 0
9435 513
9435 0
9435 0
9435 0
9435 0
9435 0
9435 0
9435 0
9435 0
9435 0
9435 0
9435 0
9435 0
9435 0
9435 0
9435 0
9435 0
9471 0
9471 0
9471 0
9471 0
9471 0
9471 0
9471 0
9471 0
9471 0
9471 0
9471 592
9471 0
9471 0
9471 0
9471 232
9471 0
9471 0
9471 0
9471 0
9471 0
9471 0
9471 0
9471 0
9471 0
9471 0
9471 0
9471 0
9471 0
9471 0
9471 0
9471 0
9524 0
9524 0
9524 0
9524 0
9524 0
9524 0
9524 0
9524 0
9524 0
9524 0
9524 299
9524 0
9524 0
9524 0
9524 96
9524 0
9524 0
9524 0
9524 0
9524 0
9524 0
9524 0
9524 0
9524 0
9524 0
9524 0
9524 0
9524 0
9524 0
9524 0
9524 0
9526 0
9526 0
9526 0
9526 0
9526 0
9526 0
9526 0
9526 0
9526 0
9526 0
9526 592
9526 0
9526 0
9526 0
9526 232
9526 0
9526 0
9526 0
9526 0
9526 0
9526 0
9526 0
9526 0
9526 0
9526 0
9526 0
9526 0
9526 0
9526 0
9526 0
9526 0
9556 0
9556 0
9556 0
9556 0
9556 0
9556 0
9556 0
9556 0
9556 0
9556 0
9556 512
9556 0
9556 0
9556 0
9556 39
9556 0
9556 0
9556 0
9556 0
9556 0
9556 0
9556 0
9556 0
9556 0
9556 0
9556 0
9556 0
9556 0
9556 0
9556 0
9556 0
9614 0
9614 0
9614 0
9614 0
9614 0
9614 0
9614 0
9614 0
9614 0
9614 0
9614 529
9614 0
9614 0
9614 0
9614 41
9614 0
9614 0
9614 0
9614 0
9614 0
9614 0
9614 0
9614 0
9614 0
9614 0
9614 0
9614 0
9614 0
9614 0
9614 0
9614 0
9620 0
9620 0
9620 0
9620 0
9620 0
9620 0
9620 0
9620 0
9620 0
9620 0
9620 371
9620 0
9620 0
9620 0
9620 1
9620 0
9620 0
9620 0
9620 0
9620 0
9620 0
9620 0
9620 0
9620 0
9620 0
9620 0
9620 0
9620 0
9620 0
9620 0
9620 0
9641 0
9641 0
9641 0
9641 0
9641 0
9641 0
9641 0
9641 0
9641 0
9641 0
9641 371
9641 0
9641 0
9641 0
9641 1
9641 0
9641 0
9641 0
9641 0
9641 0
9641 0
9641 0
9641 0
9641 0
9641 0
9641 0
9641 0
9641 0
9641 0
9641 0
9641 0
9656 0
9656 0
9656 0
9656 0
9656 0
9656 0
9656 0
9656 0
9656 0
9656 0
9656 839
9656 0
9656 0
9656 0
9656 154
9656 0
9656 0
9656 0
9656 0
9656 0
9656 0
9656 0
9656 0
9656 0
9656 0
9656 0
9656 0
9656 0
9656 0
9656 0
9656 0
9682 0
9682 0
9682 0
9682 0
9682 0
9682 0
9682 0
9682 0
9682 0
9682 0
9682 385
9682 0
9682 0
9682 0
9682 245
9682 0
9682 0
9682 0
9682 0
9682 0
9682 0
9682 0
9682 0
9682 0
9682 0
9682 0
9682 0
9682 0
9682 0
9682 0
9682 0
9741 0
9741 0
9741 0
9741 0
9741 0
9741 0
9741 0
9741 0
9741 0
9741 0
9741 359
9741 0
9741 0
9741 0
9741 1
9741 0
9741 0
9741 0
9741 0
9741 0
9741 0
9741 0
9741 0
9741 0
9741 0
9741 0
9741 0
9741 0
9741 0
9741 0
9741 0
9766 0
9766 0
9766 0
9766 0
9766 0
9766 0
9766 0
9766 0
9766 0
9766 0
9766 909
9766 0
9766 0
9766 0
9766 62
9766 0
9766 0
9766 0
9766 0
9766 0
9766 0
9766 0
9766 0
9766 0
9766 0
9766 0
9766 0
9766 0
9766 0
9766 0
9766 0
9799 0
9799 0
9799 0
9799 0
9799 0
9799 0
9799 0
9799 0
9799 0
9799 0
9799 359
9799 0
9799 0
9799 0
9799 1
9799 0
9799 0
9799 0
9799 0
9799 0
9799 0
9799 0
9799 0
9799 0
9799 0
9799 0
9799 0
9799 0
9799 0
9799 0
9799 0
9858 0
9858 0
9858 0
9858 0
9858 0
9858 0
9858 0
9858 0
9858 0
9858 0
9858 529
9858 0
9858 0
9858 0
9858 41
9858 0
9858 0
9858 0
9858 0
9858 0
9858 0
9858 0
9858 0
9858 0
9858 0
9858 0
9858 0
9858 0
9858 0
9858 0
9858 0
9914 0
9914 0
9914 0
9914 0
9914 0
9914 0
9914 0
9914 0
9914 0
9914 0
9914 371
9914 0
9914 0
9914 0
9914 1
9914 0
9914 0
9914 0
9914 0
9914 0
9914 0
9914 0
9914 0
9914 0
9914 0
9914 0
9914 0
9914 0
9914 0
9914 0
9914 0
9975 0
9975 0
9975 0
9975 0
9975 0
9975 0
9975 0
9975 0
9975 0
9975 0
9975 909
9975 0
9975 0
9975 0
9975 62
9975 0
9975 0
9975 0
9975 0
9975 0
9975 0
9975 0
9975 0
9975 0
9975 0
9975 0
9975 0
9975 0
9975 0
9975 0
9975 0
10093 0
10093 0
10093 0
10093 0
10093 0
10093 0
10093 0
10093 0
10093 0
10093 0
10093 371
10093 0
10093 0
10093 0
10093 1
10093 0
10093 0
10093 0
10093 0
10093 0
10093 0
10093 0
10093 0
10093 0
10093 0
10093 0
10093 0
10093 0
10093 0
10093 0
10093 0
10116 0
10116 0
10116 0
10116 0
10116 0
10116 0
10116 0
10116 0
10116 0
10116 0
10116 371
10116 0
10116 0
10116 0
10116 1
10116 0
10116 0
10116 0
10116 0
10116 0
10116 0
10116 0
10116 0
10116 0
10116 0
10116 0
10116 0
10116 0
10116 0
10116 0
10116 0
10242 0
10242 0
10242 0
10242 0
10242 0
10242 0
10242 0
10242 0
10242 0
10242 0
10242 529
10242 0
10242 0
10242 0
10242 41
10242 0
10242 0
10242 0
10242 0
10242 0
10242 0
10242 0
10242 0
10242 0
10242 0
10242 0
10242 0
10242 0
10242 0
10242 0
10242 0
10254 0
10254 0
10254 0
10254 0
10254 0
10254 0
10254 0
10254 0
10254 0
10254 0
10254 359
10254 0
10254 0
10254 0
10254 1
10254 0
10254 0
10254 0
10254 0
10254 0
10254 0
10254 0
10254 0
10254 0
10254 0
10254 0
10254 0
10254 0
10254 0
10254 0
10254 0
10276 0
10276 0
10276 0
10276 0
10276 0
10276 0
10276 0
10276 0
10276 0
10276 0
10276 1053
10276 0
10276 0
10276 0
10276 99
10276 0
10276 0
10276 0
10276 0
10276 0
10276 0
10276 0
10276 0
10276 0
10276 0
10276 0
10276 0
10276 0
10276 0
10276 0
10276 0
10349 0
10349 0
10349 0
10349 0
10349 0
10349 0
10349 0
10349 0
10349 0
10349 0
10349 371
10349 0
10349 0
10349 0
10349 1
10349 0
10349 0
10349 0
10349 0
10349 0
10349 0
10349 0
10349 0
10349 0
10349 0
10349 0
10349 0
10349 0
10349 0
10349 0
10349 0
10883 0
10883 0
10883 0
10883 0
10883 0
10883 0
10883 0
10883 0
10883 0
10883 0
10883 0
10883 859
10883 0
10883 0
10883 0
10883 0
10883 0
10883 0
10883 0
10883 0
10883 0
10883 0
10883 0
10883 0
10883 0
10883 0
10883 0
10883 0
10883 0
10883 0
10883 0
10909 0
10909 0
10909 0
10909 0
10909 0
10909 0
10909 0
10909 0
10909 0
10909 0
10909 0
10909 1708
10909 0
10909 0
10909 0
10909 0
10909 0
10909 0
10909 0
10909 0
10909 0
10909 0
10909 0
10909 0
10909 0
10909 0
10909 0
10909 0
10909 0
10909 0
10909 0
10913 0
10913 0
10913 0
10913 0
10913 0
10913 0
10913 0
10913 0
10913 0
10913 0
10913 0
10913 590
10913 0
10913 0
10913 0
10913 0
10913 0
10913 0
10913 0
10913 0
10913 0
10913 0
10913 0
10913 0
10913 0
10913 0
10913 0
10913 0
10913 0
10913 0
10913 0
10916 0
10916 0
10916 0
10916 0
10916 0
10916 0
10916 0
10916 0
10916 0
10916 0
10916 0
10916 590
10916 0
10916 0
10916 0
10916 0
10916 0
10916 0
10916 0
10916 0
10916 0
10916 0
10916 0
10916 0
10916 0
10916 0
10916 0
10916 0
10916 0
10916 0
10916 0
10918 0
10918 0
10918 0
10918 0
10918 0
10918 0
10918 0
10918 0
10918 0
10918 0
10918 0
10918 1188
10918 0
10918 0
10918 0
10918 0
10918 0
10918 0
10918 0
10918 0
10918 0
10918 0
10918 0
10918 0
10918 0
10918 0
10918 0
10918 0
10918 0
10918 0
10918 0
10926 0
10926 0
10926 0
10926 0
10926 0
10926 0
10926 0
10926 0
10926 0
10926 0
10926 0
10926 3443
10926 0
10926 0
10926 0
10926 0
10926 0
10926 0
10926 0
10926 0
10926 0
10926 0
10926 0
10926 0
10926 0
10926 0
10926 0
10926 0
10926 0
10926 0
10926 0
10930 0
10930 0
10930 0
10930 0
10930 0
10930 0
10930 0
10930 0
10930 0
10930 0
10930 0
10930 590
10930 0
10930 0
10930 0
10930 0
10930 0
10930 0
10930 0
10930 0
10930 0
10930 0
10930 0
10930 0
10930 0
10930 0
10930 0
10930 0
10930 0
10930 0
10930 0
10939 0
10939 0
10939 0
10939 0
10939 0
10939 0
10939 0
10939 0
10939 0
10939 0
10939 0
10939 590
10939 0
10939 0
10939 0
10939 0
10939 0
10939 0
10939 0
10939 0
10939 0
10939 0
10939 0
10939 0
10939 0
10939 0
10939 0
10939 0
10939 0
10939 0
10939 0
10949 0
10949 0
10949 0
10949 0
10949 0
10949 0
10949 0
10949 0
10949 0
10949 0
10949 0
10949 590
10949 0
10949 0
10949 0
10949 0
10949 0
10949 0
10949 0
10949 0
10949 0
10949 0
10949 0
10949 0
10949 0
10949 0
10949 0
10949 0
10949 0
10949 0
10949 0
10953 0
10953 0
10953 0
10953 0
10953 0
10953 0
10953 0
10953 0
10953 0
10953 0
10953 0
10953 2494
10953 0
10953 0
10953 0
10953 0
10953 0
10953 0
10953 0
10953 0
10953 0
10953 0
10953 0
10953 0
10953 0
10953 0
10953 0
10953 0
10953 0
10953 0
10953 0
10959 0
10959 0
10959 0
10959 0
10959 0
10959 0
10959 0
10959 0
10959 0
10959 0
10959 0
10959 891
10959 0
10959 0
10959 0
10959 0
10959 0
10959 0
10959 0
10959 0
10959 0
10959 0
10959 0
10959 0
10959 0
10959 0
10959 0
10959 0
10959 0
10959 0
10959 0
10961 0
10961 0
10961 0
10961 0
10961 0
10961 0
10961 0
10961 0
10961 0
10961 0
10961 0
10961 280
10961 0
10961 0
10961 0
10961 0
10961 0
10961 0
10961 0
10961 0
10961 0
10961 0
10961 0
10961 0
10961 0
10961 0
10961 0
10961 0
10961 0
10961 0
10961 0
10962 0
10962 0
10962 0
10962 0
10962 0
10962 0
10962 0
10962 0
10962 0
10962 0
10962 0
10962 3029
10962 0
10962 0
10962 0
10962 0
10962 0
10962 0
10962 0
10962 0
10962 0
10962 0
10962 0
10962 0
10962 0
10962 0
10962 0
10962 0
10962 0
10962 0
10962 0
10963 0
10963 0
10963 0
10963 0
10963 0
10963 0
10963 0
10963 0
10963 0
10963 0
10963 0
10963 5027
10963 0
10963 0
10963 0
10963 0
10963 0
10963 0
10963 0
10963 0
10963 0
10963 0
10963 0
10963 0
10963 0
10963 0
10963 0
10963 0
10963 0
10963 0
10963 0
10968 0
10968 0
10968 0
10968 0
10968 0
10968 0
10968 0
10968 0
10968 0
10968 0
10968 0
10968 1180
10968 0
10968 0
10968 0
10968 0
10968 0
10968 0
10968 0
10968 0
10968 0
10968 0
10968 0
10968 0
10968 0
10968 0
10968 0
10968 0
10968 0
10968 0
10968 0
10969 0
10969 0
10969 0
10969 0
10969 0
10969 0
10969 0
10969 0
10969 0
10969 0
10969 0
10969 575
10969 0
10969 0
10969 0
10969 0
10969 0
10969 0
10969 0
10969 0
10969 0
10969 0
10969 0
10969 0
10969 0
10969 0
10969 0
10969 0
10969 0
10969 0
10969 0
10970 0
10970 0
10970 0
10970 0
10970 0
10970 0
10970 0
10970 0
10970 0
10970 0
10970 0
10970 590
10970 0
10970 0
10970 0
10970 0
10970 0
10970 0
10970 0
10970 0
10970 0
10970 0
10970 0
10970 0
10970 0
10970 0
10970 0
10970 0
10970 0
10970 0
10970 0
10971 0
10971 0
10971 0
10971 0
10971 0
10971 0
10971 0
10971 0
10971 0
10971 0
10971 0
10971 575
10971 0
10971 0
10971 0
10971 0
10971 0
10971 0
10971 0
10971 0
10971 0
10971 0
10971 0
10971 0
10971 0
10971 0
10971 0
10971 0
10971 0
10971 0
10971 0
10975 0
10975 0
10975 0
10975 0
10975 0
10975 0
10975 0
10975 0
10975 0
10975 0
10975 0
10975 575
10975 0
10975 0
10975 0
10975 0
10975 0
10975 0
10975 0
10975 0
10975 0
10975 0
10975 0
10975 0
10975 0
10975 0
10975 0
10975 0
10975 0
10975 0
10975 0
10976 0
10976 0
10976 0
10976 0
10976 0
10976 0
10976 0
10976 0
10976 0
10976 0
10976 0
10976 575
10976 0
10976 0
10976 0
10976 0
10976 0
10976 0
10976 0
10976 0
10976 0
10976 0
10976 0
10976 0
10976 0
10976 0
10976 0
10976 0
10976 0
10976 0
10976 0
10978 0
10978 0
10978 0
10978 0
10978 0
10978 0
10978 0
10978 0
10978 0
10978 0
10978 0
10978 590
10978 0
10978 0
10978 0
10978 0
10978 0
10978 0
10978 0
10978 0
10978 0
10978 0
10978 0
10978 0
10978 0
10978 0
10978 0
10978 0
10978 0
10978 0
10978 0
10984 0
10984 0
10984 0
10984 0
10984 0
10984 0
10984 0
10984 0
10984 0
10984 0
10984 0
10984 4874
10984 0
10984 0
10984 0
10984 0
10984 0
10984 0
10984 0
10984 0
10984 0
10984 0
10984 0
10984 0
10984 0
10984 0
10984 0
10984 0
10984 0
10984 0
10984 0
10986 0
10986 0
10986 0
10986 0
10986 0
10986 0
10986 0
10986 0
10986 0
10986 0
10986 0
10986 3334
10986 0
10986 0
10986 0
10986 0
10986 0
10986 0
10986 0
10986 0
10986 0
10986 0
10986 0
10986 0
10986 0
10986 0
10986 0
10986 0
10986 0
10986 0
10986 0
10988 0
10988 0
10988 0
10988 0
10988 0
10988 0
10988 0
10988 0
10988 0
10988 0
10988 0
10988 1149
10988 0
10988 0
10988 0
10988 0
10988 0
10988 0
10988 0
10988 0
10988 0
10988 0
10988 0
10988 0
10988 0
10988 0
10988 0
10988 0
10988 0
10988 0
10988 0
10989 0
10989 0
10989 0
10989 0
10989 0
10989 0
10989 0
10989 0
10989 0
10989 0
10989 0
10989 2287
10989 0
10989 0
10989 0
10989 0
10989 0
10989 0
10989 0
10989 0
10989 0
10989 0
10989 0
10989 0
10989 0
10989 0
10989 0
10989 0
10989 0
10989 0
10989 0
10993 0
10993 0
10993 0
10993 0
10993 0
10993 0
10993 0
10993 0
10993 0
10993 0
10993 0
10993 1110
10993 0
10993 0
10993 0
10993 0
10993 0
10993 0
10993 0
10993 0
10993 0
10993 0
10993 0
10993 0
10993 0
10993 0
10993 0
10993 0
10993 0
10993 0
10993 0
10994 0
10994 0
10994 0
10994 0
10994 0
10994 0
10994 0
10994 0
10994 0
10994 0
10994 0
10994 2100
10994 0
10994 0
10994 0
10994 0
10994 0
10994 0
10994 0
10994 0
10994 0
10994 0
10994 0
10994 0
10994 0
10994 0
10994 0
10994 0
10994 0
10994 0
10994 0
10999 0
10999 0
10999 0
10999 0
10999 0
10999 0
10999 0
10999 0
10999 0
10999 0
10999 0
10999 590
10999 0
10999 0
10999 0
10999 0
10999 0
10999 0
10999 0
10999 0
10999 0
10999 0
10999 0
10999 0
10999 0
10999 0
10999 0
10999 0
10999 0
10999 0
10999 0
11000 0
11000 0
11000 0
11000 0
11000 0
11000 0
11000 0
11000 0
11000 0
11000 0
11000 0
11000 590
11000 0
11000 0
11000 0
11000 0
11000 0
11000 0
11000 0
11000 0
11000 0
11000 0
11000 0
11000 0
11000 0
11000 0
11000 0
11000 0
11000 0
11000 0
11000 0
11001 0
11001 0
11001 0
11001 0
11001 0
11001 0
11001 0
11001 0
11001 0
11001 0
11001 0
11001 98
11001 0
11001 0
11001 0
11001 0
11001 0
11001 0
11001 0
11001 0
11001 0
11001 0
11001 0
11001 0
11001 0
11001 0
11001 0
11001 0
11001 0
11001 0
11001 0
11002 0
11002 0
11002 0
11002 0
11002 0
11002 0
11002 0
11002 0
11002 0
11002 0
11002 0
11002 1207
11002 0
11002 0
11002 0
11002 0
11002 0
11002 0
11002 0
11002 0
11002 0
11002 0
11002 0
11002 0
11002 0
11002 0
11002 0
11002 0
11002 0
11002 0
11002 0
11006 0
11006 0
11006 0
11006 0
11006 0
11006 0
11006 0
11006 0
11006 0
11006 0
11006 0
11006 590
11006 0
11006 0
11006 0
11006 0
11006 0
11006 0
11006 0
11006 0
11006 0
11006 0
11006 0
11006 0
11006 0
11006 0
11006 0
11006 0
11006 0
11006 0
11006 0
11008 0
11008 0
11008 0
11008 0
11008 0
11008 0
11008 0
11008 0
11008 0
11008 0
11008 0
11008 1807
11008 0
11008 0
11008 0
11008 0
11008 0
11008 0
11008 0
11008 0
11008 0
11008 0
11008 0
11008 0
11008 0
11008 0
11008 0
11008 0
11008 0
11008 0
11008 0
11010 0
11010 0
11010 0
11010 0
11010 0
11010 0
11010 0
11010 0
11010 0
11010 0
11010 0
11010 1143
11010 0
11010 0
11010 0
11010 0
11010 0
11010 0
11010 0
11010 0
11010 0
11010 0
11010 0
11010 0
11010 0
11010 0
11010 0
11010 0
11010 0
11010 0
11010 0
11011 0
11011 0
11011 0
11011 0
11011 0
11011 0
11011 0
11011 0
11011 0
11011 0
11011 0
11011 1188
11011 0
11011 0
11011 0
11011 0
11011 0
11011 0
11011 0
11011 0
11011 0
11011 0
11011 0
11011 0
11011 0
11011 0
11011 0
11011 0
11011 0
11011 0
11011 0
11016 0
11016 0
11016 0
11016 0
11016 0
11016 0
11016 0
11016 0
11016 0
11016 0
11016 0
11016 936
11016 0
11016 0
11016 0
11016 0
11016 0
11016 0
11016 0
11016 0
11016 0
11016 0
11016 0
11016 0
11016 0
11016 0
11016 0
11016 0
11016 0
11016 0
11016 0
11018 0
11018 0
11018 0
11018 0
11018 0
11018 0
11018 0
11018 0
11018 0
11018 0
11018 0
11018 1271
11018 0
11018 0
11018 0
11018 0
11018 0
11018 0
11018 0
11018 0
11018 0
11018 0
11018 0
11018 0
11018 0
11018 0
11018 0
11018 0
11018 0
11018 0
11018 0
11021 0
11021 0
11021 0
11021 0
11021 0
11021 0
11021 0
11021 0
11021 0
11021 0
11021 0
11021 950
11021 0
11021 0
11021 0
11021 0
11021 0
11021 0
11021 0
11021 0
11021 0
11021 0
11021 0
11021 0
11021 0
11021 0
11021 0
11021 0
11021 0
11021 0
11021 0
11023 0
11023 0
11023 0
11023 0
11023 0
11023 0
11023 0
11023 0
11023 0
11023 0
11023 0
11023 2571
11023 0
11023 0
11023 0
11023 0
11023 0
11023 0
11023 0
11023 0
11023 0
11023 0
11023 0
11023 0
11023 0
11023 0
11023 0
11023 0
11023 0
11023 0
11023 0
11037 0
11037 0
11037 0
11037 0
11037 0
11037 0
11037 0
11037 0
11037 0
11037 0
11037 0
11037 1239
11037 0
11037 0
11037 0
11037 0
11037 0
11037 0
11037 0
11037 0
11037 0
11037 0
11037 0
11037 0
11037 0
11037 0
11037 0
11037 0
11037 0
11037 0
11037 0
11045 0
11045 0
11045 0
11045 0
11045 0
11045 0
11045 0
11045 0
11045 0
11045 0
11045 0
11045 35
11045 0
11045 0
11045 0
11045 0
11045 0
11045 0
11045 0
11045 0
11045 0
11045 0
11045 0
11045 0
11045 0
11045 0
11045 0
11045 0
11045 0
11045 0
11045 0
11051 0
11051 0
11051 0
11051 0
11051 0
11051 0
11051 0
11051 0
11051 0
11051 0
11051 0
11051 27
11051 0
11051 0
11051 0
11051 0
11051 0
11051 0
11051 0
11051 0
11051 0
11051 0
11051 0
11051 0
11051 0
11051 0
11051 0
11051 0
11051 0
11051 0
11051 0
11056 0
11056 0
11056 0
11056 0
11056 0
11056 0
11056 0
11056 0
11056 0
11056 0
11056 0
11056 2851
11056 0
11056 0
11056 0
11056 0
11056 0
11056 0
11056 0
11056 0
11056 0
11056 0
11056 0
11056 0
11056 0
11056 0
11056 0
11056 0
11056 0
11056 0
11056 0
11060 0
11060 0
11060 0
11060 0
11060 0
11060 0
11060 0
11060 0
11060 0
11060 0
11060 0
11060 3510
11060 0
11060 0
11060 0
11060 0
11060 0
11060 0
11060 0
11060 0
11060 0
11060 0
11060 0
11060 0
11060 0
11060 0
11060 0
11060 0
11060 0
11060 0
11060 0
11068 0
11068 0
11068 0
11068 0
11068 0
11068 0
11068 0
11068 0
11068 0
11068 0
11068 0
11068 1044
11068 0
11068 0
11068 0
11068 0
11068 0
11068 0
11068 0
11068 0
11068 0
11068 0
11068 0
11068 0
11068 0
11068 0
11068 0
11068 0
11068 0
11068 0
11068 0
11075 0
11075 0
11075 0
11075 0
11075 0
11075 0
11075 0
11075 0
11075 0
11075 0
11075 0
11075 516
11075 0
11075 0
11075 0
11075 0
11075 0
11075 0
11075 0
11075 0
11075 0
11075 0
11075 0
11075 0
11075 0
11075 0
11075 0
11075 0
11075 0
11075 0
11075 0
11122 0
11122 0
11122 0
11122 0
11122 0
11122 0
11122 0
11122 0
11122 0
11122 0
11122 0
11122 1881
11122 0
11122 0
11122 0
11122 0
11122 0
11122 0
11122 0
11122 0
11122 0
11122 0
11122 0
11122 0
11122 0
11122 0
11122 0
11122 0
11122 0
11122 0
11122 0
12086 0
12086 0
12086 0
12086 0
12086 0
12086 0
12086 0
12086 0
12086 0
12086 0
12086 0
12086 1775
12086 0
12086 0
12086 0
12086 0
12086 0
12086 0
12086 0
12086 0
12086 0
12086 0
12086 0
12086 0
12086 0
12086 0
12086 0
12086 0
12086 0
12086 0
12086 0
