pt_graph cpue_kghour
5329 0
5329 22
5329 0
5329 0
5329 0
5329 0
5329 0
5329 0
5329 0
5329 0
5329 0
5329 0
5329 0
5329 0
5329 0
5329 0
5329 0
5329 0
5329 0
5329 0
5329 0
5329 0
5329 0
5329 0
5329 0
5329 0
5329 0
5329 0
5329 0
5329 0
5329 0
5348 0
5348 15
5348 0
5348 0
5348 0
5348 0
5348 0
5348 0
5348 0
5348 0
5348 0
5348 0
5348 0
5348 0
5348 0
5348 0
5348 0
5348 0
5348 0
5348 0
5348 0
5348 0
5348 0
5348 0
5348 0
5348 0
5348 0
5348 0
5348 0
5348 0
5348 0
5449 0
5449 26
5449 0
5449 0
5449 0
5449 0
5449 0
5449 0
5449 0
5449 5
5449 0
5449 0
5449 0
5449 0
5449 0
5449 0
5449 0
5449 0
5449 0
5449 0
5449 0
5449 0
5449 0
5449 1
5449 0
5449 0
5449 0
5449 0
5449 0
5449 0
5449 0
5474 0
5474 20
5474 0
5474 0
5474 0
5474 0
5474 0
5474 0
5474 0
5474 2
5474 0
5474 0
5474 0
5474 0
5474 0
5474 0
5474 0
5474 0
5474 0
5474 0
5474 0
5474 0
5474 0
5474 0
5474 0
5474 0
5474 0
5474 0
5474 0
5474 0
5474 0
5489 0
5489 24
5489 0
5489 0
5489 0
5489 0
5489 0
5489 0
5489 0
5489 6
5489 0
5489 0
5489 0
5489 0
5489 0
5489 0
5489 0
5489 0
5489 0
5489 0
5489 0
5489 0
5489 0
5489 1
5489 0
5489 0
5489 0
5489 0
5489 0
5489 0
5489 0
5506 0
5506 21
5506 0
5506 0
5506 0
5506 0
5506 0
5506 0
5506 0
5506 5
5506 0
5506 0
5506 0
5506 0
5506 0
5506 0
5506 0
5506 0
5506 0
5506 0
5506 0
5506 0
5506 0
5506 1
5506 0
5506 0
5506 0
5506 0
5506 0
5506 0
5506 0
5536 0
5536 22
5536 0
5536 0
5536 0
5536 0
5536 0
5536 0
5536 0
5536 0
5536 0
5536 0
5536 0
5536 0
5536 0
5536 0
5536 0
5536 0
5536 0
5536 0
5536 0
5536 0
5536 0
5536 0
5536 0
5536 0
5536 0
5536 0
5536 0
5536 0
5536 0
5562 0
5562 22
5562 0
5562 0
5562 0
5562 0
5562 0
5562 0
5562 0
5562 0
5562 0
5562 0
5562 0
5562 0
5562 0
5562 0
5562 0
5562 0
5562 0
5562 0
5562 0
5562 0
5562 0
5562 0
5562 0
5562 0
5562 0
5562 0
5562 0
5562 0
5562 0
5579 0
5579 17
5579 0
5579 0
5579 0
5579 0
5579 0
5579 0
5579 0
5579 0
5579 0
5579 0
5579 0
5579 0
5579 0
5579 0
5579 0
5579 0
5579 0
5579 0
5579 0
5579 0
5579 0
5579 0
5579 0
5579 0
5579 0
5579 0
5579 0
5579 0
5579 0
5596 0
5596 21
5596 0
5596 0
5596 0
5596 0
5596 0
5596 0
5596 0
5596 4
5596 0
5596 0
5596 0
5596 0
5596 0
5596 0
5596 0
5596 0
5596 0
5596 0
5596 0
5596 0
5596 0
5596 1
5596 0
5596 0
5596 0
5596 0
5596 0
5596 0
5596 0
5600 0
5600 27
5600 0
5600 0
5600 0
5600 0
5600 0
5600 0
5600 0
5600 7
5600 0
5600 0
5600 0
5600 0
5600 0
5600 0
5600 0
5600 0
5600 0
5600 0
5600 0
5600 0
5600 0
5600 2
5600 0
5600 0
5600 0
5600 0
5600 0
5600 0
5600 0
5611 0
5611 26
5611 0
5611 0
5611 0
5611 0
5611 0
5611 0
5611 0
5611 5
5611 0
5611 0
5611 0
5611 0
5611 0
5611 0
5611 0
5611 0
5611 0
5611 0
5611 0
5611 0
5611 0
5611 1
5611 0
5611 0
5611 0
5611 0
5611 0
5611 0
5611 0
5612 0
5612 22
5612 0
5612 0
5612 0
5612 0
5612 0
5612 0
5612 0
5612 0
5612 0
5612 0
5612 0
5612 0
5612 0
5612 0
5612 0
5612 0
5612 0
5612 0
5612 0
5612 0
5612 0
5612 0
5612 0
5612 0
5612 0
5612 0
5612 0
5612 0
5612 0
5623 0
5623 17
5623 0
5623 0
5623 0
5623 0
5623 0
5623 0
5623 0
5623 0
5623 0
5623 0
5623 0
5623 0
5623 0
5623 0
5623 0
5623 0
5623 0
5623 0
5623 0
5623 0
5623 0
5623 0
5623 0
5623 0
5623 0
5623 0
5623 0
5623 0
5623 0
5624 0
5624 11
5624 0
5624 0
5624 0
5624 0
5624 0
5624 0
5624 0
5624 0
5624 0
5624 0
5624 0
5624 0
5624 0
5624 0
5624 0
5624 0
5624 0
5624 0
5624 0
5624 0
5624 0
5624 0
5624 0
5624 0
5624 0
5624 0
5624 0
5624 0
5624 0
5654 0
5654 22
5654 0
5654 0
5654 0
5654 0
5654 0
5654 0
5654 0
5654 5
5654 0
5654 0
5654 0
5654 0
5654 0
5654 0
5654 0
5654 0
5654 0
5654 0
5654 0
5654 0
5654 0
5654 1
5654 0
5654 0
5654 0
5654 0
5654 0
5654 0
5654 0
5680 0
5680 28
5680 0
5680 0
5680 0
5680 0
5680 0
5680 0
5680 0
5680 7
5680 0
5680 0
5680 0
5680 0
5680 0
5680 0
5680 0
5680 0
5680 0
5680 0
5680 0
5680 0
5680 0
5680 1
5680 0
5680 0
5680 0
5680 0
5680 0
5680 0
5680 0
5689 0
5689 21
5689 0
5689 0
5689 0
5689 0
5689 0
5689 0
5689 0
5689 0
5689 0
5689 0
5689 0
5689 0
5689 0
5689 0
5689 0
5689 0
5689 0
5689 0
5689 0
5689 0
5689 0
5689 0
5689 0
5689 0
5689 0
5689 0
5689 0
5689 0
5689 0
5710 0
5710 10
5710 0
5710 0
5710 0
5710 0
5710 0
5710 0
5710 0
5710 0
5710 0
5710 0
5710 0
5710 0
5710 0
5710 0
5710 0
5710 0
5710 0
5710 0
5710 0
5710 0
5710 0
5710 0
5710 0
5710 0
5710 0
5710 0
5710 0
5710 0
5710 0
5719 0
5719 9
5719 0
5719 0
5719 0
5719 0
5719 0
5719 0
5719 0
5719 0
5719 0
5719 0
5719 0
5719 0
5719 0
5719 0
5719 0
5719 0
5719 0
5719 0
5719 0
5719 0
5719 0
5719 0
5719 0
5719 0
5719 0
5719 0
5719 0
5719 0
5719 0
5740 0
5740 14
5740 0
5740 0
5740 0
5740 0
5740 0
5740 0
5740 0
5740 0
5740 0
5740 0
5740 0
5740 0
5740 0
5740 0
5740 0
5740 0
5740 0
5740 0
5740 0
5740 0
5740 0
5740 0
5740 0
5740 0
5740 0
5740 0
5740 0
5740 0
5740 0
5741 0
5741 12
5741 0
5741 0
5741 0
5741 0
5741 0
5741 0
5741 0
5741 0
5741 0
5741 0
5741 0
5741 0
5741 0
5741 0
5741 0
5741 0
5741 0
5741 0
5741 0
5741 0
5741 0
5741 0
5741 0
5741 0
5741 0
5741 0
5741 0
5741 0
5741 0
5744 0
5744 14
5744 0
5744 0
5744 0
5744 0
5744 0
5744 0
5744 0
5744 0
5744 0
5744 0
5744 0
5744 0
5744 0
5744 0
5744 0
5744 0
5744 0
5744 0
5744 0
5744 0
5744 0
5744 0
5744 0
5744 0
5744 0
5744 0
5744 0
5744 0
5744 0
5770 0
5770 22
5770 0
5770 0
5770 0
5770 0
5770 0
5770 0
5770 0
5770 0
5770 0
5770 0
5770 0
5770 0
5770 0
5770 0
5770 0
5770 0
5770 0
5770 0
5770 0
5770 0
5770 0
5770 0
5770 0
5770 0
5770 0
5770 0
5770 0
5770 0
5770 0
5822 0
5822 14
5822 0
5822 0
5822 0
5822 0
5822 0
5822 0
5822 0
5822 0
5822 0
5822 0
5822 0
5822 0
5822 0
5822 0
5822 0
5822 0
5822 0
5822 0
5822 0
5822 0
5822 0
5822 0
5822 0
5822 0
5822 0
5822 0
5822 0
5822 0
5822 0
5829 0
5829 26
5829 0
5829 0
5829 0
5829 0
5829 0
5829 0
5829 0
5829 6
5829 0
5829 0
5829 0
5829 0
5829 0
5829 0
5829 0
5829 0
5829 0
5829 0
5829 0
5829 0
5829 0
5829 1
5829 0
5829 0
5829 0
5829 0
5829 0
5829 0
5829 0
5859 0
5859 20
5859 0
5859 0
5859 0
5859 0
5859 0
5859 0
5859 0
5859 0
5859 0
5859 0
5859 0
5859 0
5859 0
5859 0
5859 0
5859 0
5859 0
5859 0
5859 0
5859 0
5859 0
5859 0
5859 0
5859 0
5859 0
5859 0
5859 0
5859 0
5859 0
5866 0
5866 16
5866 0
5866 0
5866 0
5866 0
5866 0
5866 0
5866 0
5866 0
5866 0
5866 0
5866 0
5866 0
5866 0
5866 0
5866 0
5866 0
5866 0
5866 0
5866 0
5866 0
5866 0
5866 0
5866 0
5866 0
5866 0
5866 0
5866 0
5866 0
5866 0
5870 0
5870 22
5870 0
5870 0
5870 0
5870 0
5870 0
5870 0
5870 0
5870 0
5870 0
5870 0
5870 0
5870 0
5870 0
5870 0
5870 0
5870 0
5870 0
5870 0
5870 0
5870 0
5870 0
5870 0
5870 0
5870 0
5870 0
5870 0
5870 0
5870 0
5870 0
5879 0
5879 12
5879 0
5879 0
5879 0
5879 0
5879 0
5879 0
5879 0
5879 0
5879 0
5879 0
5879 0
5879 0
5879 0
5879 0
5879 0
5879 0
5879 0
5879 0
5879 0
5879 0
5879 0
5879 0
5879 0
5879 0
5879 0
5879 0
5879 0
5879 0
5879 0
5887 0
5887 17
5887 0
5887 0
5887 0
5887 0
5887 0
5887 0
5887 0
5887 0
5887 0
5887 0
5887 0
5887 0
5887 0
5887 0
5887 0
5887 0
5887 0
5887 0
5887 0
5887 0
5887 0
5887 0
5887 0
5887 0
5887 0
5887 0
5887 0
5887 0
5887 0
5890 0
5890 21
5890 0
5890 0
5890 0
5890 0
5890 0
5890 0
5890 0
5890 0
5890 0
5890 0
5890 0
5890 0
5890 0
5890 0
5890 0
5890 0
5890 0
5890 0
5890 0
5890 0
5890 0
5890 0
5890 0
5890 0
5890 0
5890 0
5890 0
5890 0
5890 0
5897 0
5897 22
5897 0
5897 0
5897 0
5897 0
5897 0
5897 0
5897 0
5897 0
5897 0
5897 0
5897 0
5897 0
5897 0
5897 0
5897 0
5897 0
5897 0
5897 0
5897 0
5897 0
5897 0
5897 0
5897 0
5897 0
5897 0
5897 0
5897 0
5897 0
5897 0
5899 0
5899 20
5899 0
5899 0
5899 0
5899 0
5899 0
5899 0
5899 0
5899 0
5899 0
5899 0
5899 0
5899 0
5899 0
5899 0
5899 0
5899 0
5899 0
5899 0
5899 0
5899 0
5899 0
5899 0
5899 0
5899 0
5899 0
5899 0
5899 0
5899 0
5899 0
5902 0
5902 27
5902 0
5902 0
5902 0
5902 0
5902 0
5902 0
5902 0
5902 0
5902 0
5902 0
5902 0
5902 0
5902 0
5902 0
5902 0
5902 0
5902 0
5902 0
5902 0
5902 0
5902 0
5902 0
5902 0
5902 0
5902 0
5902 0
5902 0
5902 0
5902 0
5907 0
5907 13
5907 0
5907 0
5907 0
5907 0
5907 0
5907 0
5907 0
5907 0
5907 0
5907 0
5907 0
5907 0
5907 0
5907 0
5907 0
5907 0
5907 0
5907 0
5907 0
5907 0
5907 0
5907 0
5907 0
5907 0
5907 0
5907 0
5907 0
5907 0
5907 0
5915 0
5915 22
5915 0
5915 0
5915 0
5915 0
5915 0
5915 0
5915 0
5915 0
5915 0
5915 0
5915 0
5915 0
5915 0
5915 0
5915 0
5915 0
5915 0
5915 0
5915 0
5915 0
5915 0
5915 0
5915 0
5915 0
5915 0
5915 0
5915 0
5915 0
5915 0
5919 0
5919 22
5919 0
5919 0
5919 0
5919 0
5919 0
5919 0
5919 0
5919 0
5919 0
5919 0
5919 0
5919 0
5919 0
5919 0
5919 0
5919 0
5919 0
5919 0
5919 0
5919 0
5919 0
5919 0
5919 0
5919 0
5919 0
5919 0
5919 0
5919 0
5919 0
5920 0
5920 3
5920 0
5920 0
5920 0
5920 0
5920 0
5920 0
5920 0
5920 0
5920 0
5920 0
5920 0
5920 0
5920 0
5920 0
5920 0
5920 0
5920 0
5920 0
5920 0
5920 0
5920 0
5920 0
5920 0
5920 0
5920 0
5920 0
5920 0
5920 0
5920 0
5923 0
5923 23
5923 0
5923 0
5923 0
5923 0
5923 0
5923 0
5923 0
5923 1
5923 0
5923 0
5923 0
5923 0
5923 0
5923 0
5923 0
5923 0
5923 0
5923 0
5923 0
5923 0
5923 0
5923 1
5923 0
5923 0
5923 0
5923 0
5923 0
5923 0
5923 0
5945 0
5945 14
5945 0
5945 0
5945 0
5945 0
5945 0
5945 0
5945 0
5945 0
5945 0
5945 0
5945 0
5945 0
5945 0
5945 0
5945 0
5945 0
5945 0
5945 0
5945 0
5945 0
5945 0
5945 0
5945 0
5945 0
5945 0
5945 0
5945 0
5945 0
5945 0
5950 0
5950 4
5950 0
5950 0
5950 0
5950 0
5950 0
5950 0
5950 0
5950 0
5950 0
5950 0
5950 0
5950 0
5950 0
5950 0
5950 0
5950 0
5950 0
5950 0
5950 0
5950 0
5950 0
5950 0
5950 0
5950 0
5950 0
5950 0
5950 0
5950 0
5950 0
5959 0
5959 21
5959 0
5959 0
5959 0
5959 0
5959 0
5959 0
5959 0
5959 0
5959 0
5959 0
5959 0
5959 0
5959 0
5959 0
5959 0
5959 0
5959 0
5959 0
5959 0
5959 0
5959 0
5959 0
5959 0
5959 0
5959 0
5959 0
5959 0
5959 0
5959 0
5971 0
5971 23
5971 0
5971 0
5971 0
5971 0
5971 0
5971 0
5971 0
5971 2
5971 0
5971 0
5971 0
5971 0
5971 0
5971 0
5971 0
5971 0
5971 0
5971 0
5971 0
5971 0
5971 0
5971 2
5971 0
5971 0
5971 0
5971 0
5971 0
5971 0
5971 0
5973 0
5973 26
5973 0
5973 0
5973 0
5973 0
5973 0
5973 0
5973 0
5973 0
5973 0
5973 0
5973 0
5973 0
5973 0
5973 0
5973 0
5973 0
5973 0
5973 0
5973 0
5973 0
5973 0
5973 0
5973 0
5973 0
5973 0
5973 0
5973 0
5973 0
5973 0
5977 0
5977 12
5977 0
5977 0
5977 0
5977 0
5977 0
5977 0
5977 0
5977 4
5977 0
5977 0
5977 0
5977 0
5977 0
5977 0
5977 0
5977 0
5977 0
5977 0
5977 0
5977 0
5977 0
5977 0
5977 0
5977 0
5977 0
5977 0
5977 0
5977 0
5977 0
5996 0
5996 4
5996 0
5996 0
5996 0
5996 0
5996 0
5996 0
5996 0
5996 0
5996 0
5996 0
5996 0
5996 0
5996 0
5996 0
5996 0
5996 0
5996 0
5996 0
5996 0
5996 0
5996 0
5996 0
5996 0
5996 0
5996 0
5996 0
5996 0
5996 0
5996 0
6003 0
6003 28
6003 0
6003 0
6003 0
6003 0
6003 0
6003 0
6003 0
6003 0
6003 0
6003 0
6003 0
6003 0
6003 0
6003 0
6003 0
6003 0
6003 0
6003 0
6003 0
6003 0
6003 0
6003 0
6003 0
6003 0
6003 0
6003 0
6003 0
6003 0
6003 0
6036 0
6036 33
6036 0
6036 0
6036 0
6036 0
6036 0
6036 0
6036 0
6036 0
6036 0
6036 0
6036 0
6036 0
6036 0
6036 0
6036 0
6036 0
6036 0
6036 0
6036 0
6036 0
6036 0
6036 0
6036 0
6036 0
6036 0
6036 0
6036 0
6036 0
6036 0
6038 0
6038 12
6038 0
6038 0
6038 0
6038 0
6038 0
6038 0
6038 0
6038 3
6038 0
6038 0
6038 0
6038 0
6038 0
6038 0
6038 0
6038 0
6038 0
6038 0
6038 0
6038 0
6038 0
6038 0
6038 0
6038 0
6038 0
6038 0
6038 0
6038 0
6038 0
6046 0
6046 15
6046 0
6046 0
6046 0
6046 0
6046 0
6046 0
6046 0
6046 0
6046 0
6046 0
6046 0
6046 0
6046 0
6046 0
6046 0
6046 0
6046 0
6046 0
6046 0
6046 0
6046 0
6046 0
6046 0
6046 0
6046 0
6046 0
6046 0
6046 0
6046 0
6050 0
6050 11
6050 0
6050 0
6050 0
6050 0
6050 0
6050 0
6050 0
6050 0
6050 0
6050 0
6050 0
6050 0
6050 0
6050 0
6050 0
6050 0
6050 0
6050 0
6050 0
6050 0
6050 0
6050 0
6050 0
6050 0
6050 0
6050 0
6050 0
6050 0
6050 0
6051 0
6051 30
6051 0
6051 0
6051 0
6051 0
6051 0
6051 0
6051 0
6051 0
6051 0
6051 0
6051 0
6051 0
6051 0
6051 0
6051 0
6051 0
6051 0
6051 0
6051 0
6051 0
6051 0
6051 1
6051 0
6051 0
6051 0
6051 0
6051 0
6051 0
6051 0
6062 0
6062 16
6062 0
6062 0
6062 0
6062 0
6062 0
6062 0
6062 0
6062 3
6062 0
6062 0
6062 0
6062 0
6062 0
6062 0
6062 0
6062 0
6062 0
6062 0
6062 0
6062 0
6062 0
6062 2
6062 0
6062 0
6062 0
6062 0
6062 0
6062 0
6062 0
6063 0
6063 23
6063 0
6063 0
6063 0
6063 0
6063 0
6063 0
6063 0
6063 0
6063 0
6063 0
6063 0
6063 0
6063 0
6063 0
6063 0
6063 0
6063 0
6063 0
6063 0
6063 0
6063 0
6063 0
6063 0
6063 0
6063 0
6063 0
6063 0
6063 0
6063 0
6066 0
6066 24
6066 0
6066 0
6066 0
6066 0
6066 0
6066 0
6066 0
6066 0
6066 0
6066 0
6066 0
6066 0
6066 0
6066 0
6066 0
6066 0
6066 0
6066 0
6066 0
6066 0
6066 0
6066 1
6066 0
6066 0
6066 0
6066 0
6066 0
6066 0
6066 0
6067 0
6067 16
6067 0
6067 0
6067 0
6067 0
6067 0
6067 0
6067 0
6067 4
6067 0
6067 0
6067 0
6067 0
6067 0
6067 0
6067 0
6067 0
6067 0
6067 0
6067 0
6067 0
6067 0
6067 1
6067 0
6067 0
6067 0
6067 0
6067 0
6067 0
6067 0
6086 0
6086 13
6086 0
6086 0
6086 0
6086 0
6086 0
6086 0
6086 0
6086 5
6086 0
6086 0
6086 0
6086 0
6086 0
6086 0
6086 0
6086 0
6086 0
6086 0
6086 0
6086 0
6086 0
6086 1
6086 0
6086 0
6086 0
6086 0
6086 0
6086 0
6086 0
6087 0
6087 35
6087 0
6087 0
6087 0
6087 0
6087 0
6087 0
6087 0
6087 0
6087 0
6087 0
6087 0
6087 0
6087 0
6087 0
6087 0
6087 0
6087 0
6087 0
6087 0
6087 0
6087 0
6087 1
6087 0
6087 0
6087 0
6087 0
6087 0
6087 0
6087 0
6093 0
6093 20
6093 0
6093 0
6093 0
6093 0
6093 0
6093 0
6093 0
6093 3
6093 0
6093 0
6093 0
6093 0
6093 0
6093 0
6093 0
6093 0
6093 0
6093 0
6093 0
6093 0
6093 0
6093 3
6093 0
6093 0
6093 0
6093 0
6093 0
6093 0
6093 0
6109 0
6109 14
6109 0
6109 0
6109 0
6109 0
6109 0
6109 0
6109 0
6109 0
6109 0
6109 0
6109 0
6109 0
6109 0
6109 0
6109 0
6109 0
6109 0
6109 0
6109 0
6109 0
6109 0
6109 0
6109 0
6109 0
6109 0
6109 0
6109 0
6109 0
6109 0
6112 0
6112 14
6112 0
6112 0
6112 0
6112 0
6112 0
6112 0
6112 0
6112 0
6112 0
6112 0
6112 0
6112 0
6112 0
6112 0
6112 0
6112 0
6112 0
6112 0
6112 0
6112 0
6112 0
6112 0
6112 0
6112 0
6112 0
6112 0
6112 0
6112 0
6112 0
6126 0
6126 14
6126 0
6126 0
6126 0
6126 0
6126 0
6126 0
6126 0
6126 0
6126 0
6126 0
6126 0
6126 0
6126 0
6126 0
6126 0
6126 0
6126 0
6126 0
6126 0
6126 0
6126 0
6126 0
6126 0
6126 0
6126 0
6126 0
6126 0
6126 0
6126 0
6130 0
6130 13
6130 0
6130 0
6130 0
6130 0
6130 0
6130 0
6130 0
6130 8
6130 0
6130 0
6130 0
6130 0
6130 0
6130 0
6130 0
6130 0
6130 0
6130 0
6130 0
6130 0
6130 0
6130 3
6130 0
6130 0
6130 0
6130 0
6130 0
6130 0
6130 0
6132 0
6132 51
6132 0
6132 0
6132 0
6132 0
6132 0
6132 0
6132 0
6132 1
6132 0
6132 0
6132 0
6132 0
6132 0
6132 0
6132 0
6132 0
6132 0
6132 0
6132 0
6132 0
6132 0
6132 3
6132 0
6132 0
6132 0
6132 0
6132 0
6132 0
6132 0
6142 0
6142 22
6142 0
6142 0
6142 0
6142 0
6142 0
6142 0
6142 0
6142 0
6142 0
6142 0
6142 0
6142 0
6142 0
6142 0
6142 0
6142 0
6142 0
6142 0
6142 0
6142 0
6142 0
6142 0
6142 0
6142 0
6142 0
6142 0
6142 0
6142 0
6142 0
6143 0
6143 17
6143 0
6143 0
6143 0
6143 0
6143 0
6143 0
6143 0
6143 4
6143 0
6143 0
6143 0
6143 0
6143 0
6143 0
6143 0
6143 0
6143 0
6143 0
6143 0
6143 0
6143 0
6143 0
6143 0
6143 0
6143 0
6143 0
6143 0
6143 0
6143 0
6151 0
6151 3
6151 0
6151 0
6151 0
6151 0
6151 0
6151 0
6151 0
6151 0
6151 0
6151 0
6151 0
6151 0
6151 0
6151 0
6151 0
6151 0
6151 0
6151 0
6151 0
6151 0
6151 0
6151 0
6151 0
6151 0
6151 0
6151 0
6151 0
6151 0
6151 0
6153 0
6153 12
6153 0
6153 0
6153 0
6153 0
6153 0
6153 0
6153 0
6153 0
6153 0
6153 0
6153 0
6153 0
6153 0
6153 0
6153 0
6153 0
6153 0
6153 0
6153 0
6153 0
6153 0
6153 0
6153 0
6153 0
6153 0
6153 0
6153 0
6153 0
6153 0
6155 0
6155 14
6155 0
6155 0
6155 0
6155 0
6155 0
6155 0
6155 0
6155 6
6155 0
6155 0
6155 0
6155 0
6155 0
6155 0
6155 0
6155 0
6155 0
6155 0
6155 0
6155 0
6155 0
6155 2
6155 0
6155 0
6155 0
6155 0
6155 0
6155 0
6155 0
6157 0
6157 14
6157 0
6157 0
6157 0
6157 0
6157 0
6157 0
6157 0
6157 8
6157 0
6157 0
6157 0
6157 0
6157 0
6157 0
6157 0
6157 0
6157 0
6157 0
6157 0
6157 0
6157 0
6157 3
6157 0
6157 0
6157 0
6157 0
6157 0
6157 0
6157 0
6160 0
6160 60
6160 0
6160 0
6160 0
6160 0
6160 0
6160 0
6160 0
6160 0
6160 0
6160 0
6160 0
6160 0
6160 0
6160 0
6160 0
6160 0
6160 0
6160 0
6160 0
6160 0
6160 0
6160 0
6160 0
6160 0
6160 0
6160 0
6160 0
6160 0
6160 0
6185 0
6185 19
6185 0
6185 0
6185 0
6185 0
6185 0
6185 0
6185 0
6185 4
6185 0
6185 0
6185 0
6185 0
6185 0
6185 0
6185 0
6185 0
6185 0
6185 0
6185 0
6185 0
6185 0
6185 3
6185 0
6185 0
6185 0
6185 0
6185 0
6185 0
6185 0
6196 0
6196 8
6196 0
6196 0
6196 0
6196 0
6196 0
6196 0
6196 0
6196 1
6196 0
6196 0
6196 0
6196 0
6196 0
6196 0
6196 0
6196 0
6196 0
6196 0
6196 0
6196 0
6196 0
6196 0
6196 0
6196 0
6196 0
6196 0
6196 0
6196 0
6196 0
6207 0
6207 9
6207 0
6207 0
6207 0
6207 0
6207 0
6207 0
6207 0
6207 2
6207 0
6207 0
6207 0
6207 0
6207 0
6207 0
6207 0
6207 0
6207 0
6207 0
6207 0
6207 0
6207 0
6207 0
6207 0
6207 0
6207 0
6207 0
6207 0
6207 0
6207 0
6209 0
6209 3
6209 0
6209 0
6209 0
6209 0
6209 0
6209 0
6209 0
6209 0
6209 0
6209 0
6209 0
6209 0
6209 0
6209 0
6209 0
6209 0
6209 0
6209 0
6209 0
6209 0
6209 0
6209 0
6209 0
6209 0
6209 0
6209 0
6209 0
6209 0
6209 0
6210 0
6210 6
6210 0
6210 0
6210 0
6210 0
6210 0
6210 0
6210 0
6210 6
6210 0
6210 0
6210 0
6210 0
6210 0
6210 0
6210 0
6210 0
6210 0
6210 0
6210 1
6210 0
6210 0
6210 3
6210 0
6210 0
6210 0
6210 0
6210 0
6210 0
6210 0
6213 0
6213 29
6213 0
6213 0
6213 0
6213 0
6213 0
6213 0
6213 0
6213 2
6213 0
6213 0
6213 0
6213 0
6213 0
6213 0
6213 0
6213 0
6213 0
6213 0
6213 0
6213 0
6213 0
6213 1
6213 0
6213 0
6213 0
6213 0
6213 0
6213 0
6213 0
6219 0
6219 15
6219 0
6219 0
6219 0
6219 0
6219 0
6219 0
6219 0
6219 0
6219 0
6219 0
6219 0
6219 0
6219 0
6219 0
6219 0
6219 0
6219 0
6219 0
6219 0
6219 0
6219 0
6219 0
6219 0
6219 0
6219 0
6219 0
6219 0
6219 0
6219 0
6229 0
6229 7
6229 0
6229 0
6229 0
6229 0
6229 0
6229 0
6229 0
6229 1
6229 0
6229 0
6229 0
6229 0
6229 0
6229 0
6229 0
6229 0
6229 0
6229 0
6229 0
6229 0
6229 0
6229 0
6229 0
6229 0
6229 0
6229 0
6229 0
6229 0
6229 0
6243 0
6243 12
6243 0
6243 0
6243 0
6243 0
6243 0
6243 0
6243 0
6243 4
6243 0
6243 0
6243 0
6243 0
6243 0
6243 0
6243 0
6243 0
6243 0
6243 0
6243 0
6243 0
6243 0
6243 1
6243 0
6243 0
6243 0
6243 0
6243 0
6243 0
6243 0
6246 0
6246 12
6246 0
6246 0
6246 0
6246 0
6246 0
6246 0
6246 0
6246 4
6246 0
6246 0
6246 0
6246 0
6246 0
6246 0
6246 0
6246 0
6246 0
6246 0
6246 0
6246 0
6246 0
6246 0
6246 0
6246 0
6246 0
6246 0
6246 0
6246 0
6246 0
6263 0
6263 4
6263 0
6263 0
6263 0
6263 0
6263 0
6263 0
6263 0
6263 0
6263 0
6263 0
6263 0
6263 0
6263 0
6263 0
6263 0
6263 0
6263 0
6263 0
6263 0
6263 0
6263 0
6263 0
6263 0
6263 0
6263 0
6263 0
6263 0
6263 0
6263 0
6271 0
6271 16
6271 0
6271 0
6271 0
6271 0
6271 0
6271 0
6271 0
6271 0
6271 0
6271 0
6271 0
6271 0
6271 0
6271 0
6271 0
6271 0
6271 0
6271 0
6271 0
6271 0
6271 0
6271 0
6271 0
6271 0
6271 0
6271 0
6271 0
6271 0
6271 0
6273 0
6273 20
6273 0
6273 0
6273 0
6273 0
6273 0
6273 0
6273 0
6273 3
6273 0
6273 0
6273 0
6273 0
6273 0
6273 0
6273 0
6273 0
6273 0
6273 0
6273 0
6273 0
6273 0
6273 1
6273 0
6273 0
6273 0
6273 0
6273 0
6273 0
6273 0
6284 0
6284 18
6284 0
6284 0
6284 0
6284 0
6284 0
6284 0
6284 0
6284 0
6284 0
6284 0
6284 0
6284 0
6284 0
6284 0
6284 0
6284 0
6284 0
6284 0
6284 0
6284 0
6284 0
6284 0
6284 0
6284 0
6284 0
6284 0
6284 0
6284 0
6284 0
6285 0
6285 18
6285 0
6285 0
6285 0
6285 0
6285 0
6285 0
6285 0
6285 0
6285 0
6285 0
6285 0
6285 0
6285 0
6285 0
6285 0
6285 0
6285 0
6285 0
6285 0
6285 0
6285 0
6285 0
6285 0
6285 0
6285 0
6285 0
6285 0
6285 0
6285 0
6296 0
6296 6
6296 0
6296 0
6296 0
6296 0
6296 0
6296 0
6296 0
6296 0
6296 0
6296 0
6296 0
6296 0
6296 0
6296 0
6296 0
6296 0
6296 0
6296 0
6296 0
6296 0
6296 0
6296 0
6296 0
6296 0
6296 0
6296 0
6296 0
6296 0
6296 0
6304 0
6304 88
6304 0
6304 0
6304 0
6304 0
6304 0
6304 0
6304 0
6304 1
6304 0
6304 0
6304 0
6304 0
6304 0
6304 0
6304 0
6304 0
6304 0
6304 0
6304 1
6304 0
6304 0
6304 5
6304 0
6304 0
6304 0
6304 0
6304 0
6304 0
6304 0
6312 0
6312 24
6312 0
6312 0
6312 0
6312 0
6312 0
6312 0
6312 0
6312 0
6312 0
6312 0
6312 0
6312 0
6312 0
6312 0
6312 0
6312 0
6312 0
6312 0
6312 0
6312 0
6312 0
6312 0
6312 0
6312 0
6312 0
6312 0
6312 0
6312 0
6312 0
6315 0
6315 10
6315 0
6315 0
6315 0
6315 0
6315 0
6315 0
6315 0
6315 0
6315 0
6315 0
6315 0
6315 0
6315 0
6315 0
6315 0
6315 0
6315 0
6315 0
6315 0
6315 0
6315 0
6315 0
6315 0
6315 0
6315 0
6315 0
6315 0
6315 0
6315 0
6317 0
6317 14
6317 0
6317 0
6317 0
6317 0
6317 0
6317 0
6317 0
6317 1
6317 0
6317 0
6317 0
6317 0
6317 0
6317 0
6317 0
6317 0
6317 0
6317 0
6317 0
6317 0
6317 0
6317 0
6317 0
6317 0
6317 0
6317 0
6317 0
6317 0
6317 0
6327 0
6327 25
6327 0
6327 0
6327 0
6327 0
6327 0
6327 0
6327 0
6327 0
6327 0
6327 0
6327 0
6327 0
6327 0
6327 0
6327 0
6327 0
6327 0
6327 0
6327 0
6327 0
6327 0
6327 0
6327 0
6327 0
6327 0
6327 0
6327 0
6327 0
6327 0
6338 0
6338 16
6338 0
6338 0
6338 0
6338 0
6338 0
6338 0
6338 0
6338 0
6338 0
6338 0
6338 0
6338 0
6338 0
6338 0
6338 0
6338 0
6338 0
6338 0
6338 0
6338 0
6338 0
6338 0
6338 0
6338 0
6338 0
6338 0
6338 0
6338 0
6338 0
6349 0
6349 25
6349 0
6349 0
6349 0
6349 0
6349 0
6349 0
6349 0
6349 0
6349 0
6349 0
6349 0
6349 0
6349 0
6349 0
6349 0
6349 0
6349 0
6349 0
6349 0
6349 0
6349 0
6349 0
6349 0
6349 0
6349 0
6349 0
6349 0
6349 0
6349 0
6355 0
6355 9
6355 0
6355 0
6355 0
6355 0
6355 0
6355 0
6355 0
6355 4
6355 0
6355 0
6355 0
6355 0
6355 0
6355 0
6355 0
6355 0
6355 0
6355 0
6355 0
6355 0
6355 0
6355 1
6355 0
6355 0
6355 0
6355 0
6355 0
6355 0
6355 0
6356 0
6356 23
6356 0
6356 0
6356 0
6356 0
6356 0
6356 0
6356 0
6356 0
6356 0
6356 0
6356 0
6356 0
6356 0
6356 0
6356 0
6356 0
6356 0
6356 0
6356 0
6356 0
6356 0
6356 0
6356 0
6356 0
6356 0
6356 0
6356 0
6356 0
6356 0
6359 0
6359 18
6359 0
6359 0
6359 0
6359 0
6359 0
6359 0
6359 0
6359 0
6359 0
6359 0
6359 0
6359 0
6359 0
6359 0
6359 0
6359 0
6359 0
6359 0
6359 0
6359 0
6359 0
6359 0
6359 0
6359 0
6359 0
6359 0
6359 0
6359 0
6359 0
6365 0
6365 20
6365 0
6365 0
6365 0
6365 0
6365 0
6365 0
6365 0
6365 0
6365 0
6365 0
6365 0
6365 0
6365 0
6365 0
6365 0
6365 0
6365 0
6365 0
6365 0
6365 0
6365 0
6365 0
6365 0
6365 0
6365 0
6365 0
6365 0
6365 0
6365 0
6367 0
6367 25
6367 0
6367 0
6367 0
6367 0
6367 0
6367 0
6367 0
6367 0
6367 0
6367 0
6367 0
6367 0
6367 0
6367 0
6367 0
6367 0
6367 0
6367 0
6367 0
6367 0
6367 0
6367 0
6367 0
6367 0
6367 0
6367 0
6367 0
6367 0
6367 0
6392 0
6392 17
6392 0
6392 0
6392 0
6392 0
6392 0
6392 0
6392 0
6392 0
6392 0
6392 0
6392 0
6392 0
6392 0
6392 0
6392 0
6392 0
6392 0
6392 0
6392 0
6392 0
6392 0
6392 0
6392 0
6392 0
6392 0
6392 0
6392 0
6392 0
6392 0
6398 0
6398 13
6398 0
6398 0
6398 0
6398 0
6398 0
6398 0
6398 0
6398 0
6398 0
6398 0
6398 0
6398 0
6398 0
6398 0
6398 0
6398 0
6398 0
6398 0
6398 0
6398 0
6398 0
6398 0
6398 0
6398 0
6398 0
6398 0
6398 0
6398 0
6398 0
6405 0
6405 7
6405 0
6405 0
6405 0
6405 0
6405 0
6405 0
6405 0
6405 6
6405 0
6405 0
6405 0
6405 0
6405 0
6405 0
6405 0
6405 0
6405 0
6405 0
6405 1
6405 0
6405 0
6405 3
6405 0
6405 0
6405 0
6405 0
6405 0
6405 0
6405 0
6410 0
6410 14
6410 0
6410 0
6410 0
6410 0
6410 0
6410 0
6410 0
6410 0
6410 0
6410 0
6410 0
6410 0
6410 0
6410 0
6410 0
6410 0
6410 0
6410 0
6410 0
6410 0
6410 0
6410 0
6410 0
6410 0
6410 0
6410 0
6410 0
6410 0
6410 0
6413 0
6413 12
6413 0
6413 0
6413 0
6413 0
6413 0
6413 0
6413 0
6413 0
6413 0
6413 0
6413 0
6413 0
6413 0
6413 0
6413 0
6413 0
6413 0
6413 0
6413 0
6413 0
6413 0
6413 0
6413 0
6413 0
6413 0
6413 0
6413 0
6413 0
6413 0
6420 0
6420 17
6420 0
6420 0
6420 0
6420 0
6420 0
6420 0
6420 0
6420 0
6420 0
6420 0
6420 0
6420 0
6420 0
6420 0
6420 0
6420 0
6420 0
6420 0
6420 0
6420 0
6420 0
6420 0
6420 0
6420 0
6420 0
6420 0
6420 0
6420 0
6420 0
6428 0
6428 19
6428 0
6428 0
6428 0
6428 0
6428 0
6428 0
6428 0
6428 0
6428 0
6428 0
6428 0
6428 0
6428 0
6428 0
6428 0
6428 0
6428 0
6428 0
6428 0
6428 0
6428 0
6428 0
6428 0
6428 0
6428 0
6428 0
6428 0
6428 0
6428 0
6433 0
6433 10
6433 0
6433 0
6433 0
6433 0
6433 0
6433 0
6433 0
6433 0
6433 0
6433 0
6433 0
6433 0
6433 0
6433 0
6433 0
6433 0
6433 0
6433 0
6433 0
6433 0
6433 0
6433 0
6433 0
6433 0
6433 0
6433 0
6433 0
6433 0
6433 0
6434 0
6434 17
6434 0
6434 0
6434 0
6434 0
6434 0
6434 0
6434 0
6434 0
6434 0
6434 0
6434 0
6434 0
6434 0
6434 0
6434 0
6434 0
6434 0
6434 0
6434 0
6434 0
6434 0
6434 0
6434 0
6434 0
6434 0
6434 0
6434 0
6434 0
6434 0
6437 0
6437 14
6437 0
6437 0
6437 0
6437 0
6437 0
6437 0
6437 0
6437 0
6437 0
6437 0
6437 0
6437 0
6437 0
6437 0
6437 0
6437 0
6437 0
6437 0
6437 0
6437 0
6437 0
6437 0
6437 0
6437 0
6437 0
6437 0
6437 0
6437 0
6437 0
6448 0
6448 30
6448 0
6448 0
6448 0
6448 0
6448 0
6448 0
6448 0
6448 0
6448 0
6448 0
6448 0
6448 0
6448 0
6448 0
6448 0
6448 0
6448 0
6448 0
6448 0
6448 0
6448 0
6448 0
6448 0
6448 0
6448 0
6448 0
6448 0
6448 0
6448 0
6459 0
6459 19
6459 0
6459 0
6459 0
6459 0
6459 0
6459 0
6459 0
6459 0
6459 0
6459 0
6459 0
6459 0
6459 0
6459 0
6459 0
6459 0
6459 0
6459 0
6459 0
6459 0
6459 0
6459 0
6459 0
6459 0
6459 0
6459 0
6459 0
6459 0
6459 0
6468 0
6468 20
6468 0
6468 0
6468 0
6468 0
6468 0
6468 0
6468 0
6468 0
6468 0
6468 0
6468 0
6468 0
6468 0
6468 0
6468 0
6468 0
6468 0
6468 0
6468 0
6468 0
6468 0
6468 0
6468 0
6468 0
6468 0
6468 0
6468 0
6468 0
6468 0
6471 0
6471 23
6471 0
6471 0
6471 0
6471 0
6471 0
6471 0
6471 0
6471 0
6471 0
6471 0
6471 0
6471 0
6471 0
6471 0
6471 0
6471 0
6471 0
6471 0
6471 0
6471 0
6471 0
6471 0
6471 0
6471 0
6471 0
6471 0
6471 0
6471 0
6471 0
6480 0
6480 23
6480 0
6480 0
6480 0
6480 0
6480 0
6480 0
6480 0
6480 0
6480 0
6480 0
6480 0
6480 0
6480 0
6480 0
6480 0
6480 0
6480 0
6480 0
6480 0
6480 0
6480 0
6480 0
6480 0
6480 0
6480 0
6480 0
6480 0
6480 0
6480 0
6482 0
6482 16
6482 0
6482 0
6482 0
6482 0
6482 0
6482 0
6482 0
6482 0
6482 0
6482 0
6482 0
6482 0
6482 0
6482 0
6482 0
6482 0
6482 0
6482 0
6482 0
6482 0
6482 0
6482 0
6482 0
6482 0
6482 0
6482 0
6482 0
6482 0
6482 0
6483 0
6483 17
6483 0
6483 0
6483 0
6483 0
6483 0
6483 0
6483 0
6483 0
6483 0
6483 0
6483 0
6483 0
6483 0
6483 0
6483 0
6483 0
6483 0
6483 0
6483 0
6483 0
6483 0
6483 0
6483 0
6483 0
6483 0
6483 0
6483 0
6483 0
6483 0
6488 0
6488 19
6488 0
6488 0
6488 0
6488 0
6488 0
6488 0
6488 0
6488 0
6488 0
6488 0
6488 0
6488 0
6488 0
6488 0
6488 0
6488 0
6488 0
6488 0
6488 0
6488 0
6488 0
6488 0
6488 0
6488 0
6488 0
6488 0
6488 0
6488 0
6488 0
6497 0
6497 15
6497 0
6497 0
6497 0
6497 0
6497 0
6497 0
6497 0
6497 0
6497 0
6497 0
6497 0
6497 0
6497 0
6497 0
6497 0
6497 0
6497 0
6497 0
6497 0
6497 0
6497 0
6497 0
6497 0
6497 0
6497 0
6497 0
6497 0
6497 0
6497 0
6501 0
6501 15
6501 0
6501 0
6501 0
6501 0
6501 0
6501 0
6501 0
6501 0
6501 0
6501 0
6501 0
6501 0
6501 0
6501 0
6501 0
6501 0
6501 0
6501 0
6501 0
6501 0
6501 0
6501 0
6501 0
6501 0
6501 0
6501 0
6501 0
6501 0
6501 0
6503 0
6503 15
6503 0
6503 0
6503 0
6503 0
6503 0
6503 0
6503 0
6503 0
6503 0
6503 0
6503 0
6503 0
6503 0
6503 0
6503 0
6503 0
6503 0
6503 0
6503 0
6503 0
6503 0
6503 0
6503 0
6503 0
6503 0
6503 0
6503 0
6503 0
6503 0
6507 0
6507 24
6507 0
6507 0
6507 0
6507 0
6507 0
6507 0
6507 0
6507 0
6507 0
6507 0
6507 0
6507 0
6507 0
6507 0
6507 0
6507 0
6507 0
6507 0
6507 0
6507 0
6507 0
6507 0
6507 0
6507 0
6507 0
6507 0
6507 0
6507 0
6507 0
6520 0
6520 23
6520 0
6520 0
6520 0
6520 0
6520 0
6520 0
6520 0
6520 0
6520 0
6520 0
6520 0
6520 0
6520 0
6520 0
6520 0
6520 0
6520 0
6520 0
6520 0
6520 0
6520 0
6520 0
6520 0
6520 0
6520 0
6520 0
6520 0
6520 0
6520 0
6521 0
6521 14
6521 0
6521 0
6521 0
6521 0
6521 0
6521 0
6521 0
6521 0
6521 0
6521 0
6521 0
6521 0
6521 0
6521 0
6521 0
6521 0
6521 0
6521 0
6521 0
6521 0
6521 0
6521 0
6521 0
6521 0
6521 0
6521 0
6521 0
6521 0
6521 0
6530 0
6530 4
6530 0
6530 0
6530 0
6530 0
6530 0
6530 0
6530 0
6530 0
6530 0
6530 0
6530 0
6530 0
6530 0
6530 0
6530 0
6530 0
6530 0
6530 0
6530 0
6530 0
6530 0
6530 0
6530 0
6530 0
6530 0
6530 0
6530 0
6530 0
6530 0
6535 0
6535 17
6535 0
6535 0
6535 0
6535 0
6535 0
6535 0
6535 0
6535 0
6535 0
6535 0
6535 0
6535 0
6535 0
6535 0
6535 0
6535 0
6535 0
6535 0
6535 0
6535 0
6535 0
6535 0
6535 0
6535 0
6535 0
6535 0
6535 0
6535 0
6535 0
6540 0
6540 21
6540 0
6540 0
6540 0
6540 0
6540 0
6540 0
6540 0
6540 0
6540 0
6540 0
6540 0
6540 0
6540 0
6540 0
6540 0
6540 0
6540 0
6540 0
6540 0
6540 0
6540 0
6540 0
6540 0
6540 0
6540 0
6540 0
6540 0
6540 0
6540 0
6542 0
6542 19
6542 0
6542 0
6542 0
6542 0
6542 0
6542 0
6542 0
6542 0
6542 0
6542 0
6542 0
6542 0
6542 0
6542 0
6542 0
6542 0
6542 0
6542 0
6542 0
6542 0
6542 0
6542 0
6542 0
6542 0
6542 0
6542 0
6542 0
6542 0
6542 0
6547 0
6547 90
6547 0
6547 0
6547 0
6547 0
6547 0
6547 0
6547 0
6547 0
6547 0
6547 0
6547 0
6547 0
6547 0
6547 0
6547 0
6547 0
6547 0
6547 0
6547 0
6547 0
6547 0
6547 0
6547 0
6547 0
6547 0
6547 0
6547 0
6547 0
6547 0
6551 0
6551 19
6551 0
6551 0
6551 0
6551 0
6551 0
6551 0
6551 0
6551 0
6551 0
6551 0
6551 0
6551 0
6551 0
6551 0
6551 0
6551 0
6551 0
6551 0
6551 0
6551 0
6551 0
6551 0
6551 0
6551 0
6551 0
6551 0
6551 0
6551 0
6551 0
6553 0
6553 24
6553 0
6553 0
6553 0
6553 0
6553 0
6553 0
6553 0
6553 0
6553 0
6553 0
6553 0
6553 0
6553 0
6553 0
6553 0
6553 0
6553 0
6553 0
6553 0
6553 0
6553 0
6553 0
6553 0
6553 0
6553 0
6553 0
6553 0
6553 0
6553 0
6557 0
6557 17
6557 0
6557 0
6557 0
6557 0
6557 0
6557 0
6557 0
6557 0
6557 0
6557 0
6557 0
6557 0
6557 0
6557 0
6557 0
6557 0
6557 0
6557 0
6557 0
6557 0
6557 0
6557 0
6557 0
6557 0
6557 0
6557 0
6557 0
6557 0
6557 0
6570 0
6570 19
6570 0
6570 0
6570 0
6570 0
6570 0
6570 0
6570 0
6570 0
6570 0
6570 0
6570 0
6570 0
6570 0
6570 0
6570 0
6570 0
6570 0
6570 0
6570 0
6570 0
6570 0
6570 0
6570 0
6570 0
6570 0
6570 0
6570 0
6570 0
6570 0
6571 0
6571 15
6571 0
6571 0
6571 0
6571 0
6571 0
6571 0
6571 0
6571 0
6571 0
6571 0
6571 0
6571 0
6571 0
6571 0
6571 0
6571 0
6571 0
6571 0
6571 0
6571 0
6571 0
6571 0
6571 0
6571 0
6571 0
6571 0
6571 0
6571 0
6571 0
6578 0
6578 10
6578 0
6578 0
6578 0
6578 0
6578 0
6578 0
6578 0
6578 0
6578 0
6578 0
6578 0
6578 0
6578 0
6578 0
6578 0
6578 0
6578 0
6578 0
6578 0
6578 0
6578 0
6578 0
6578 0
6578 0
6578 0
6578 0
6578 0
6578 0
6578 0
6593 0
6593 25
6593 0
6593 0
6593 0
6593 0
6593 0
6593 0
6593 0
6593 0
6593 0
6593 0
6593 0
6593 0
6593 0
6593 0
6593 0
6593 0
6593 0
6593 0
6593 0
6593 0
6593 0
6593 0
6593 0
6593 0
6593 0
6593 0
6593 0
6593 0
6593 0
6594 0
6594 14
6594 0
6594 0
6594 0
6594 0
6594 0
6594 0
6594 0
6594 0
6594 0
6594 0
6594 0
6594 0
6594 0
6594 0
6594 0
6594 0
6594 0
6594 0
6594 0
6594 0
6594 0
6594 0
6594 0
6594 0
6594 0
6594 0
6594 0
6594 0
6594 0
6603 0
6603 39
6603 0
6603 0
6603 0
6603 0
6603 0
6603 0
6603 0
6603 0
6603 0
6603 0
6603 0
6603 0
6603 0
6603 0
6603 0
6603 0
6603 0
6603 0
6603 0
6603 0
6603 0
6603 0
6603 0
6603 0
6603 0
6603 0
6603 0
6603 0
6603 0
6613 0
6613 22
6613 0
6613 0
6613 0
6613 0
6613 0
6613 0
6613 0
6613 0
6613 0
6613 0
6613 0
6613 0
6613 0
6613 0
6613 0
6613 0
6613 0
6613 0
6613 0
6613 0
6613 0
6613 0
6613 0
6613 0
6613 0
6613 0
6613 0
6613 0
6613 0
6618 0
6618 18
6618 0
6618 0
6618 0
6618 0
6618 0
6618 0
6618 0
6618 0
6618 0
6618 0
6618 0
6618 0
6618 0
6618 0
6618 0
6618 0
6618 0
6618 0
6618 0
6618 0
6618 0
6618 0
6618 0
6618 0
6618 0
6618 0
6618 0
6618 0
6618 0
6621 0
6621 28
6621 0
6621 0
6621 0
6621 0
6621 0
6621 0
6621 0
6621 0
6621 0
6621 0
6621 0
6621 0
6621 0
6621 0
6621 0
6621 0
6621 0
6621 0
6621 0
6621 0
6621 0
6621 0
6621 0
6621 0
6621 0
6621 0
6621 0
6621 0
6621 0
6627 0
6627 15
6627 0
6627 0
6627 0
6627 0
6627 0
6627 0
6627 0
6627 0
6627 0
6627 0
6627 0
6627 0
6627 0
6627 0
6627 0
6627 0
6627 0
6627 0
6627 0
6627 0
6627 0
6627 0
6627 0
6627 0
6627 0
6627 0
6627 0
6627 0
6627 0
6632 0
6632 19
6632 0
6632 0
6632 0
6632 0
6632 0
6632 0
6632 0
6632 0
6632 0
6632 0
6632 0
6632 0
6632 0
6632 0
6632 0
6632 0
6632 0
6632 0
6632 0
6632 0
6632 0
6632 0
6632 0
6632 0
6632 0
6632 0
6632 0
6632 0
6632 0
6642 0
6642 21
6642 0
6642 0
6642 0
6642 0
6642 0
6642 0
6642 0
6642 0
6642 0
6642 0
6642 0
6642 0
6642 0
6642 0
6642 0
6642 0
6642 0
6642 0
6642 0
6642 0
6642 0
6642 0
6642 0
6642 0
6642 0
6642 0
6642 0
6642 0
6642 0
6653 0
6653 19
6653 0
6653 0
6653 0
6653 0
6653 0
6653 0
6653 0
6653 0
6653 0
6653 0
6653 0
6653 0
6653 0
6653 0
6653 0
6653 0
6653 0
6653 0
6653 0
6653 0
6653 0
6653 0
6653 0
6653 0
6653 0
6653 0
6653 0
6653 0
6653 0
6654 0
6654 23
6654 0
6654 0
6654 0
6654 0
6654 0
6654 0
6654 0
6654 0
6654 0
6654 0
6654 0
6654 0
6654 0
6654 0
6654 0
6654 0
6654 0
6654 0
6654 0
6654 0
6654 0
6654 0
6654 0
6654 0
6654 0
6654 0
6654 0
6654 0
6654 0
6657 0
6657 23
6657 0
6657 0
6657 0
6657 0
6657 0
6657 0
6657 0
6657 0
6657 0
6657 0
6657 0
6657 0
6657 0
6657 0
6657 0
6657 0
6657 0
6657 0
6657 0
6657 0
6657 0
6657 0
6657 0
6657 0
6657 0
6657 0
6657 0
6657 0
6657 0
6659 0
6659 32
6659 0
6659 0
6659 0
6659 0
6659 0
6659 0
6659 0
6659 0
6659 0
6659 0
6659 0
6659 0
6659 0
6659 0
6659 0
6659 0
6659 0
6659 0
6659 0
6659 0
6659 0
6659 0
6659 0
6659 0
6659 0
6659 0
6659 0
6659 0
6659 0
6663 0
6663 22
6663 0
6663 0
6663 0
6663 0
6663 0
6663 0
6663 0
6663 0
6663 0
6663 0
6663 0
6663 0
6663 0
6663 0
6663 0
6663 0
6663 0
6663 0
6663 0
6663 0
6663 0
6663 0
6663 0
6663 0
6663 0
6663 0
6663 0
6663 0
6663 0
6675 0
6675 21
6675 0
6675 0
6675 0
6675 0
6675 0
6675 0
6675 0
6675 0
6675 0
6675 0
6675 0
6675 0
6675 0
6675 0
6675 0
6675 0
6675 0
6675 0
6675 0
6675 0
6675 0
6675 0
6675 0
6675 0
6675 0
6675 0
6675 0
6675 0
6675 0
6681 0
6681 19
6681 0
6681 0
6681 0
6681 0
6681 0
6681 0
6681 0
6681 0
6681 0
6681 0
6681 0
6681 0
6681 0
6681 0
6681 0
6681 0
6681 0
6681 0
6681 0
6681 0
6681 0
6681 0
6681 0
6681 0
6681 0
6681 0
6681 0
6681 0
6681 0
6683 0
6683 16
6683 0
6683 0
6683 0
6683 0
6683 0
6683 0
6683 0
6683 0
6683 0
6683 0
6683 0
6683 0
6683 0
6683 0
6683 0
6683 0
6683 0
6683 0
6683 0
6683 0
6683 0
6683 0
6683 0
6683 0
6683 0
6683 0
6683 0
6683 0
6683 0
6686 0
6686 18
6686 0
6686 0
6686 0
6686 0
6686 0
6686 0
6686 0
6686 0
6686 0
6686 0
6686 0
6686 0
6686 0
6686 0
6686 0
6686 0
6686 0
6686 0
6686 0
6686 0
6686 0
6686 0
6686 0
6686 0
6686 0
6686 0
6686 0
6686 0
6686 0
6707 0
6707 22
6707 0
6707 0
6707 0
6707 0
6707 0
6707 0
6707 0
6707 0
6707 0
6707 0
6707 0
6707 0
6707 0
6707 0
6707 0
6707 0
6707 0
6707 0
6707 0
6707 0
6707 0
6707 0
6707 0
6707 0
6707 0
6707 0
6707 0
6707 0
6707 0
6710 0
6710 16
6710 0
6710 0
6710 0
6710 0
6710 0
6710 0
6710 0
6710 0
6710 0
6710 0
6710 0
6710 0
6710 0
6710 0
6710 0
6710 0
6710 0
6710 0
6710 0
6710 0
6710 0
6710 0
6710 0
6710 0
6710 0
6710 0
6710 0
6710 0
6710 0
6716 0
6716 15
6716 0
6716 0
6716 0
6716 0
6716 0
6716 0
6716 0
6716 0
6716 0
6716 0
6716 0
6716 0
6716 0
6716 0
6716 0
6716 0
6716 0
6716 0
6716 0
6716 0
6716 0
6716 0
6716 0
6716 0
6716 0
6716 0
6716 0
6716 0
6716 0
6734 0
6734 13
6734 0
6734 0
6734 0
6734 0
6734 0
6734 0
6734 0
6734 0
6734 0
6734 0
6734 0
6734 0
6734 0
6734 0
6734 0
6734 0
6734 0
6734 0
6734 0
6734 0
6734 0
6734 0
6734 0
6734 0
6734 0
6734 0
6734 0
6734 0
6734 0
6746 0
6746 23
6746 0
6746 0
6746 0
6746 0
6746 0
6746 0
6746 0
6746 0
6746 0
6746 0
6746 0
6746 0
6746 0
6746 0
6746 0
6746 0
6746 0
6746 0
6746 0
6746 0
6746 0
6746 0
6746 0
6746 0
6746 0
6746 0
6746 0
6746 0
6746 0
6752 0
6752 35
6752 0
6752 0
6752 0
6752 0
6752 0
6752 0
6752 0
6752 0
6752 0
6752 0
6752 0
6752 0
6752 0
6752 0
6752 0
6752 0
6752 0
6752 0
6752 0
6752 0
6752 0
6752 0
6752 0
6752 0
6752 0
6752 0
6752 0
6752 0
6752 0
6756 0
6756 19
6756 0
6756 0
6756 0
6756 0
6756 0
6756 0
6756 0
6756 0
6756 0
6756 0
6756 0
6756 0
6756 0
6756 0
6756 0
6756 0
6756 0
6756 0
6756 0
6756 0
6756 0
6756 0
6756 0
6756 0
6756 0
6756 0
6756 0
6756 0
6756 0
6761 0
6761 21
6761 0
6761 0
6761 0
6761 0
6761 0
6761 0
6761 0
6761 0
6761 0
6761 0
6761 0
6761 0
6761 0
6761 0
6761 0
6761 0
6761 0
6761 0
6761 0
6761 0
6761 0
6761 0
6761 0
6761 0
6761 0
6761 0
6761 0
6761 0
6761 0
6766 0
6766 12
6766 0
6766 0
6766 0
6766 0
6766 0
6766 0
6766 0
6766 0
6766 0
6766 0
6766 0
6766 0
6766 0
6766 0
6766 0
6766 0
6766 0
6766 0
6766 0
6766 0
6766 0
6766 0
6766 0
6766 0
6766 0
6766 0
6766 0
6766 0
6766 0
6768 0
6768 22
6768 0
6768 0
6768 0
6768 0
6768 0
6768 0
6768 0
6768 0
6768 0
6768 0
6768 0
6768 0
6768 0
6768 0
6768 0
6768 0
6768 0
6768 0
6768 0
6768 0
6768 0
6768 0
6768 0
6768 0
6768 0
6768 0
6768 0
6768 0
6768 0
6789 0
6789 4
6789 0
6789 0
6789 0
6789 0
6789 0
6789 0
6789 0
6789 0
6789 0
6789 0
6789 0
6789 0
6789 0
6789 0
6789 0
6789 0
6789 0
6789 0
6789 0
6789 0
6789 0
6789 0
6789 0
6789 0
6789 0
6789 0
6789 0
6789 0
6789 0
6794 0
6794 19
6794 0
6794 0
6794 0
6794 0
6794 0
6794 0
6794 0
6794 0
6794 0
6794 0
6794 0
6794 0
6794 0
6794 0
6794 0
6794 0
6794 0
6794 0
6794 0
6794 0
6794 0
6794 0
6794 0
6794 0
6794 0
6794 0
6794 0
6794 0
6794 0
