pt_graph shape
8388 0
8388 0
8388 0
8388 0
8388 0
8388 0
8388 0
8388 0
8388 0
8388 0
8388 1.62
8388 0
8388 0
8388 0
8388 40.4
8388 0
8388 0
8388 0
8388 0
8388 0
8388 0
8388 0
8388 0
8388 0
8388 0
8388 0
8388 0
8388 0
8388 0
8388 0
8388 0
8437 0
8437 0
8437 0
8437 0
8437 0
8437 0
8437 0
8437 0
8437 0
8437 0
8437 1.62
8437 0
8437 0
8437 0
8437 40.4
8437 0
8437 0
8437 0
8437 0
8437 0
8437 0
8437 0
8437 0
8437 0
8437 0
8437 0
8437 0
8437 0
8437 0
8437 0
8437 0
8489 0
8489 0
8489 0
8489 0
8489 0
8489 0
8489 0
8489 0
8489 0
8489 0
8489 1.65
8489 0
8489 0
8489 0
8489 30.28
8489 0
8489 0
8489 0
8489 0
8489 0
8489 0
8489 0
8489 0
8489 0
8489 0
8489 0
8489 0
8489 0
8489 0
8489 0
8489 0
8525 0
8525 0
8525 0
8525 0
8525 0
8525 0
8525 0
8525 0
8525 0
8525 0
8525 1.62
8525 0
8525 0
8525 0
8525 40.4
8525 0
8525 0
8525 0
8525 0
8525 0
8525 0
8525 0
8525 0
8525 0
8525 0
8525 0
8525 0
8525 0
8525 0
8525 0
8525 0
8578 0
8578 0
8578 0
8578 0
8578 0
8578 0
8578 0
8578 0
8578 0
8578 0
8578 1.62
8578 0
8578 0
8578 0
8578 40.4
8578 0
8578 0
8578 0
8578 0
8578 0
8578 0
8578 0
8578 0
8578 0
8578 0
8578 0
8578 0
8578 0
8578 0
8578 0
8578 0
8631 0
8631 0
8631 0
8631 0
8631 0
8631 0
8631 0
8631 0
8631 0
8631 0
8631 1.65
8631 0
8631 0
8631 0
8631 30.28
8631 0
8631 0
8631 0
8631 0
8631 0
8631 0
8631 0
8631 0
8631 0
8631 0
8631 0
8631 0
8631 0
8631 0
8631 0
8631 0
8682 0
8682 0
8682 0
8682 0
8682 0
8682 0
8682 0
8682 0
8682 0
8682 0
8682 1.62
8682 0
8682 0
8682 0
8682 40.4
8682 0
8682 0
8682 0
8682 0
8682 0
8682 0
8682 0
8682 0
8682 0
8682 0
8682 0
8682 0
8682 0
8682 0
8682 0
8682 0
8708 0
8708 0
8708 0
8708 0
8708 0
8708 0
8708 0
8708 0
8708 0
8708 0
8708 1.62
8708 0
8708 0
8708 0
8708 40.4
8708 0
8708 0
8708 0
8708 0
8708 0
8708 0
8708 0
8708 0
8708 0
8708 0
8708 0
8708 0
8708 0
8708 0
8708 0
8708 0
8771 0
8771 0
8771 0
8771 0
8771 0
8771 0
8771 0
8771 0
8771 0
8771 0
8771 1.65
8771 0
8771 0
8771 0
8771 51.09
8771 0
8771 0
8771 0
8771 0
8771 0
8771 0
8771 0
8771 0
8771 0
8771 0
8771 0
8771 0
8771 0
8771 0
8771 0
8771 0
8821 0
8821 0
8821 0
8821 0
8821 0
8821 0
8821 0
8821 0
8821 0
8821 0
8821 1.65
8821 0
8821 0
8821 0
8821 51.09
8821 0
8821 0
8821 0
8821 0
8821 0
8821 0
8821 0
8821 0
8821 0
8821 0
8821 0
8821 0
8821 0
8821 0
8821 0
8821 0
8833 0
8833 0
8833 0
8833 0
8833 0
8833 0
8833 0
8833 0
8833 0
8833 0
8833 1.62
8833 0
8833 0
8833 0
8833 40.4
8833 0
8833 0
8833 0
8833 0
8833 0
8833 0
8833 0
8833 0
8833 0
8833 0
8833 0
8833 0
8833 0
8833 0
8833 0
8833 0
8841 0
8841 0
8841 0
8841 0
8841 0
8841 0
8841 0
8841 0
8841 0
8841 0
8841 1.62
8841 0
8841 0
8841 0
8841 40.4
8841 0
8841 0
8841 0
8841 0
8841 0
8841 0
8841 0
8841 0
8841 0
8841 0
8841 0
8841 0
8841 0
8841 0
8841 0
8841 0
8863 0
8863 0
8863 0
8863 0
8863 0
8863 0
8863 0
8863 0
8863 0
8863 0
8863 1.63
8863 0
8863 0
8863 0
8863 30.9
8863 0
8863 0
8863 0
8863 0
8863 0
8863 0
8863 0
8863 0
8863 0
8863 0
8863 0
8863 0
8863 0
8863 0
8863 0
8863 0
8914 0
8914 0
8914 0
8914 0
8914 0
8914 0
8914 0
8914 0
8914 0
8914 0
8914 0.74
8914 0
8914 0
8914 0
8914 21.97
8914 0
8914 0
8914 0
8914 0
8914 0
8914 0
8914 0
8914 0
8914 0
8914 0
8914 0
8914 0
8914 0
8914 0
8914 0
8914 0
8936 0
8936 0
8936 0
8936 0
8936 0
8936 0
8936 0
8936 0
8936 0
8936 0
8936 1.62
8936 0
8936 0
8936 0
8936 40.4
8936 0
8936 0
8936 0
8936 0
8936 0
8936 0
8936 0
8936 0
8936 0
8936 0
8936 0
8936 0
8936 0
8936 0
8936 0
8936 0
8969 0
8969 0
8969 0
8969 0
8969 0
8969 0
8969 0
8969 0
8969 0
8969 0
8969 0.72
8969 0
8969 0
8969 0
8969 6.18
8969 0
8969 0
8969 0
8969 0
8969 0
8969 0
8969 0
8969 0
8969 0
8969 34
8969 0
8969 0
8969 0
8969 0
8969 0
8969 0
8982 0
8982 0
8982 0
8982 0
8982 0
8982 0
8982 0
8982 0
8982 0
8982 0
8982 0.94
8982 0
8982 0
8982 0
8982 20.02
8982 0
8982 0
8982 0
8982 0
8982 0
8982 0
8982 0
8982 0
8982 0
8982 0
8982 0
8982 0
8982 0
8982 0
8982 0
8982 0
9001 0
9001 0
9001 0
9001 0
9001 0
9001 0
9001 0
9001 0
9001 0
9001 0
9001 0.74
9001 0
9001 0
9001 0
9001 23.58
9001 0
9001 0
9001 0
9001 0
9001 0
9001 0
9001 0
9001 0
9001 0
9001 0
9001 0
9001 0
9001 0
9001 0
9001 0
9001 0
9060 0
9060 0
9060 0
9060 0
9060 0
9060 0
9060 0
9060 0
9060 0
9060 0
9060 0.65
9060 0
9060 0
9060 0
9060 25.93
9060 0
9060 0
9060 0
9060 0
9060 0
9060 0
9060 0
9060 0
9060 0
9060 0
9060 0
9060 0
9060 0
9060 0
9060 0
9060 0
9061 0
9061 0
9061 0
9061 0
9061 0
9061 0
9061 0
9061 0
9061 0
9061 0
9061 1.65
9061 0
9061 0
9061 0
9061 51.09
9061 0
9061 0
9061 0
9061 0
9061 0
9061 0
9061 0
9061 0
9061 0
9061 0
9061 0
9061 0
9061 0
9061 0
9061 0
9061 0
9070 0
9070 0
9070 0
9070 0
9070 0
9070 0
9070 0
9070 0
9070 0
9070 0
9070 1.85
9070 0
9070 0
9070 0
9070 0
9070 0
9070 0
9070 0
9070 0
9070 0
9070 0
9070 0
9070 0
9070 0
9070 0
9070 0
9070 0
9070 0
9070 0
9070 0
9070 0
9081 0
9081 0
9081 0
9081 0
9081 0
9081 0
9081 0
9081 0
9081 0
9081 0
9081 0.74
9081 0
9081 0
9081 0
9081 21.42
9081 0
9081 0
9081 0
9081 0
9081 0
9081 0
9081 0
9081 0
9081 0
9081 0
9081 0
9081 0
9081 0
9081 0
9081 0
9081 0
9120 0
9120 0
9120 0
9120 0
9120 0
9120 0
9120 0
9120 0
9120 0
9120 0
9120 1.65
9120 0
9120 0
9120 0
9120 51.09
9120 0
9120 0
9120 0
9120 0
9120 0
9120 0
9120 0
9120 0
9120 0
9120 0
9120 0
9120 0
9120 0
9120 0
9120 0
9120 0
9128 0
9128 0
9128 0
9128 0
9128 0
9128 0
9128 0
9128 0
9128 0
9128 0
9128 1.65
9128 0
9128 0
9128 0
9128 51.09
9128 0
9128 0
9128 0
9128 0
9128 0
9128 0
9128 0
9128 0
9128 0
9128 0
9128 0
9128 0
9128 0
9128 0
9128 0
9128 0
9136 0
9136 0
9136 0
9136 0
9136 0
9136 0
9136 0
9136 0
9136 0
9136 0
9136 0.64
9136 0
9136 0
9136 0
9136 28.38
9136 0
9136 0
9136 0
9136 0
9136 0
9136 0
9136 0
9136 0
9136 0
9136 0
9136 0
9136 0
9136 0
9136 0
9136 0
9136 0
9141 0
9141 0
9141 0
9141 0
9141 0
9141 0
9141 0
9141 0
9141 0
9141 0
9141 0.94
9141 0
9141 0
9141 0
9141 19.98
9141 0
9141 0
9141 0
9141 0
9141 0
9141 0
9141 0
9141 0
9141 0
9141 0
9141 0
9141 0
9141 0
9141 0
9141 0
9141 0
9158 0
9158 0
9158 0
9158 0
9158 0
9158 0
9158 0
9158 0
9158 0
9158 0
9158 0.74
9158 0
9158 0
9158 0
9158 21.97
9158 0
9158 0
9158 0
9158 0
9158 0
9158 0
9158 0
9158 0
9158 0
9158 0
9158 0
9158 0
9158 0
9158 0
9158 0
9158 0
9198 0
9198 0
9198 0
9198 0
9198 0
9198 0
9198 0
9198 0
9198 0
9198 0
9198 0.91
9198 0
9198 0
9198 0
9198 9.05
9198 0
9198 0
9198 0
9198 0
9198 0
9198 0
9198 0
9198 0
9198 0
9198 0
9198 0
9198 0
9198 0
9198 0
9198 0
9198 0
9217 0
9217 0
9217 0
9217 0
9217 0
9217 0
9217 0
9217 0
9217 0
9217 0
9217 1.62
9217 0
9217 0
9217 0
9217 40.4
9217 0
9217 0
9217 0
9217 0
9217 0
9217 0
9217 0
9217 0
9217 0
9217 0
9217 0
9217 0
9217 0
9217 0
9217 0
9217 0
9233 0
9233 0
9233 0
9233 0
9233 0
9233 0
9233 0
9233 0
9233 0
9233 0
9233 0.94
9233 0
9233 0
9233 0
9233 48.43
9233 0
9233 0
9233 0
9233 0
9233 0
9233 0
9233 0
9233 0
9233 0
9233 0
9233 0
9233 0
9233 0
9233 0
9233 0
9233 0
9285 0
9285 0
9285 0
9285 0
9285 0
9285 0
9285 0
9285 0
9285 0
9285 0
9285 0.59
9285 0
9285 0
9285 0
9285 21.45
9285 0
9285 0
9285 0
9285 0
9285 0
9285 0
9285 0
9285 0
9285 0
9285 0
9285 0
9285 0
9285 0
9285 0
9285 0
9285 0
9304 0
9304 0
9304 0
9304 0
9304 0
9304 0
9304 0
9304 0
9304 0
9304 0
9304 1.62
9304 0
9304 0
9304 0
9304 40.4
9304 0
9304 0
9304 0
9304 0
9304 0
9304 0
9304 0
9304 0
9304 0
9304 0
9304 0
9304 0
9304 0
9304 0
9304 0
9304 0
9345 0
9345 0
9345 0
9345 0
9345 0
9345 0
9345 0
9345 0
9345 0
9345 0
9345 1.63
9345 0
9345 0
9345 0
9345 30.9
9345 0
9345 0
9345 0
9345 0
9345 0
9345 0
9345 0
9345 0
9345 0
9345 0
9345 0
9345 0
9345 0
9345 0
9345 0
9345 0
9375 0
9375 0
9375 0
9375 0
9375 0
9375 0
9375 0
9375 0
9375 0
9375 0
9375 0.64
9375 0
9375 0
9375 0
9375 28.38
9375 0
9375 0
9375 0
9375 0
9375 0
9375 0
9375 0
9375 0
9375 0
9375 0
9375 0
9375 0
9375 0
9375 0
9375 0
9375 0
9382 0
9382 0
9382 0
9382 0
9382 0
9382 0
9382 0
9382 0
9382 0
9382 0
9382 0.75
9382 0
9382 0
9382 0
9382 58.08
9382 0
9382 0
9382 0
9382 0
9382 0
9382 0
9382 0
9382 0
9382 0
9382 0
9382 0
9382 0
9382 0
9382 0
9382 0
9382 0
9392 0
9392 0
9392 0
9392 0
9392 0
9392 0
9392 0
9392 0
9392 0
9392 0
9392 0.94
9392 0
9392 0
9392 0
9392 56.42
9392 0
9392 0
9392 0
9392 0
9392 0
9392 0
9392 0
9392 0
9392 0
9392 0
9392 0
9392 0
9392 0
9392 0
9392 0
9392 0
9418 0
9418 0
9418 0
9418 0
9418 0
9418 0
9418 0
9418 0
9418 0
9418 0
9418 0.74
9418 0
9418 0
9418 0
9418 19.9
9418 0
9418 0
9418 0
9418 0
9418 0
9418 0
9418 0
9418 0
9418 0
9418 0
9418 0
9418 0
9418 0
9418 0
9418 0
9418 0
9470 0
9470 0
9470 0
9470 0
9470 0
9470 0
9470 0
9470 0
9470 0
9470 0
9470 0.94
9470 0
9470 0
9470 0
9470 43.81
9470 0
9470 0
9470 0
9470 0
9470 0
9470 0
9470 0
9470 0
9470 0
9470 0
9470 0
9470 0
9470 0
9470 0
9470 0
9470 0
9493 0
9493 0
9493 0
9493 0
9493 0
9493 0
9493 0
9493 0
9493 0
9493 0
9493 1.62
9493 0
9493 0
9493 0
9493 40.4
9493 0
9493 0
9493 0
9493 0
9493 0
9493 0
9493 0
9493 0
9493 0
9493 0
9493 0
9493 0
9493 0
9493 0
9493 0
9493 0
9502 0
9502 0
9502 0
9502 0
9502 0
9502 0
9502 0
9502 0
9502 0
9502 0
9502 0.94
9502 0
9502 0
9502 0
9502 43.36
9502 0
9502 0
9502 0
9502 0
9502 0
9502 0
9502 0
9502 0
9502 0
9502 0
9502 0
9502 0
9502 0
9502 0
9502 0
9502 0
9520 0
9520 0
9520 0
9520 0
9520 0
9520 0
9520 0
9520 0
9520 0
9520 0
9520 1.62
9520 0
9520 0
9520 0
9520 40.4
9520 0
9520 0
9520 0
9520 0
9520 0
9520 0
9520 0
9520 0
9520 0
9520 0
9520 0
9520 0
9520 0
9520 0
9520 0
9520 0
9526 0
9526 0
9526 0
9526 0
9526 0
9526 0
9526 0
9526 0
9526 0
9526 0
9526 1.62
9526 0
9526 0
9526 0
9526 40.4
9526 0
9526 0
9526 0
9526 0
9526 0
9526 0
9526 0
9526 0
9526 0
9526 0
9526 0
9526 0
9526 0
9526 0
9526 0
9526 0
9554 0
9554 0
9554 0
9554 0
9554 0
9554 0
9554 0
9554 0
9554 0
9554 0
9554 1.65
9554 0
9554 0
9554 0
9554 30.28
9554 0
9554 0
9554 0
9554 0
9554 0
9554 0
9554 0
9554 0
9554 0
9554 0
9554 0
9554 0
9554 0
9554 0
9554 0
9554 0
9580 0
9580 0
9580 0
9580 0
9580 0
9580 0
9580 0
9580 0
9580 0
9580 0
9580 1.65
9580 0
9580 0
9580 0
9580 51.09
9580 0
9580 0
9580 0
9580 0
9580 0
9580 0
9580 0
9580 0
9580 0
9580 0
9580 0
9580 0
9580 0
9580 0
9580 0
9580 0
9643 0
9643 0
9643 0
9643 0
9643 0
9643 0
9643 0
9643 0
9643 0
9643 0
9643 1.63
9643 0
9643 0
9643 0
9643 30.9
9643 0
9643 0
9643 0
9643 0
9643 0
9643 0
9643 0
9643 0
9643 0
9643 0
9643 0
9643 0
9643 0
9643 0
9643 0
9643 0
9682 0
9682 0
9682 0
9682 0
9682 0
9682 0
9682 0
9682 0
9682 0
9682 0
9682 1.65
9682 0
9682 0
9682 0
9682 30.28
9682 0
9682 0
9682 0
9682 0
9682 0
9682 0
9682 0
9682 0
9682 0
9682 0
9682 0
9682 0
9682 0
9682 0
9682 0
9682 0
9693 0
9693 0
9693 0
9693 0
9693 0
9693 0
9693 0
9693 0
9693 0
9693 0
9693 1.65
9693 0
9693 0
9693 0
9693 51.09
9693 0
9693 0
9693 0
9693 0
9693 0
9693 0
9693 0
9693 0
9693 0
9693 0
9693 0
9693 0
9693 0
9693 0
9693 0
9693 0
10995 0
10995 0
10995 0
10995 0
10995 0
10995 0
10995 0
10995 0
10995 0
10995 0
10995 0
10995 0.94
10995 0
10995 0
10995 0
10995 0
10995 0
10995 0
10995 0
10995 0
10995 0
10995 0
10995 0
10995 0
10995 0
10995 0
10995 0
10995 0
10995 0
10995 0
10995 0
11019 0
11019 0
11019 0
11019 0
11019 0
11019 0
11019 0
11019 0
11019 0
11019 0
11019 0
11019 1.61
11019 0
11019 0
11019 0
11019 0
11019 0
11019 0
11019 0
11019 0
11019 0
11019 0
11019 0
11019 0
11019 0
11019 0
11019 0
11019 0
11019 0
11019 0
11019 0
11027 0
11027 0
11027 0
11027 0
11027 0
11027 0
11027 0
11027 0
11027 0
11027 0
11027 0
11027 1.61
11027 0
11027 0
11027 0
11027 0
11027 0
11027 0
11027 0
11027 0
11027 0
11027 0
11027 0
11027 0
11027 0
11027 0
11027 0
11027 0
11027 0
11027 0
11027 0
11037 0
11037 0
11037 0
11037 0
11037 0
11037 0
11037 0
11037 0
11037 0
11037 0
11037 0
11037 0.94
11037 0
11037 0
11037 0
11037 0
11037 0
11037 0
11037 0
11037 0
11037 0
11037 0
11037 0
11037 0
11037 0
11037 0
11037 0
11037 0
11037 0
11037 0
11037 0
11041 0
11041 0
11041 0
11041 0
11041 0
11041 0
11041 0
11041 0
11041 0
11041 0
11041 0
11041 1.61
11041 0
11041 0
11041 0
11041 0
11041 0
11041 0
11041 0
11041 0
11041 0
11041 0
11041 0
11041 0
11041 0
11041 0
11041 0
11041 0
11041 0
11041 0
11041 0
11045 0
11045 0
11045 0
11045 0
11045 0
11045 0
11045 0
11045 0
11045 0
11045 0
11045 0
11045 1.64
11045 0
11045 0
11045 0
11045 0
11045 0
11045 0
11045 0
11045 0
11045 0
11045 0
11045 0
11045 0
11045 0
11045 0
11045 0
11045 0
11045 0
11045 0
11045 0
11046 0
11046 0
11046 0
11046 0
11046 0
11046 0
11046 0
11046 0
11046 0
11046 0
11046 0
11046 1.64
11046 0
11046 0
11046 0
11046 0
11046 0
11046 0
11046 0
11046 0
11046 0
11046 0
11046 0
11046 0
11046 0
11046 0
11046 0
11046 0
11046 0
11046 0
11046 0
11051 0
11051 0
11051 0
11051 0
11051 0
11051 0
11051 0
11051 0
11051 0
11051 0
11051 0
11051 0.94
11051 0
11051 0
11051 0
11051 0
11051 0
11051 0
11051 0
11051 0
11051 0
11051 0
11051 0
11051 0
11051 0
11051 0
11051 0
11051 0
11051 0
11051 0
11051 0
11056 0
11056 0
11056 0
11056 0
11056 0
11056 0
11056 0
11056 0
11056 0
11056 0
11056 0
11056 0.94
11056 0
11056 0
11056 0
11056 0
11056 0
11056 0
11056 0
11056 0
11056 0
11056 0
11056 0
11056 0
11056 0
11056 0
11056 0
11056 0
11056 0
11056 0
11056 0
11060 0
11060 0
11060 0
11060 0
11060 0
11060 0
11060 0
11060 0
11060 0
11060 0
11060 0
11060 0.94
11060 0
11060 0
11060 0
11060 0
11060 0
11060 0
11060 0
11060 0
11060 0
11060 0
11060 0
11060 0
11060 0
11060 0
11060 0
11060 0
11060 0
11060 0
11060 0
11068 0
11068 0
11068 0
11068 0
11068 0
11068 0
11068 0
11068 0
11068 0
11068 0
11068 0
11068 0.94
11068 0
11068 0
11068 0
11068 0
11068 0
11068 0
11068 0
11068 0
11068 0
11068 0
11068 0
11068 0
11068 0
11068 0
11068 0
11068 0
11068 0
11068 0
11068 0
11122 0
11122 0
11122 0
11122 0
11122 0
11122 0
11122 0
11122 0
11122 0
11122 0
11122 0
11122 0.76
11122 0
11122 0
11122 0
11122 0
11122 0
11122 0
11122 0
11122 0
11122 0
11122 0
11122 0
11122 0
11122 0
11122 0
11122 0
11122 0
11122 0
11122 0
11122 0
11220 0
11220 0
11220 0
11220 0
11220 0
11220 0
11220 0
11220 0
11220 0
11220 0
11220 0
11220 1.56
11220 0
11220 0
11220 0
11220 0
11220 0
11220 0
11220 0
11220 0
11220 0
11220 0
11220 0
11220 0
11220 0
11220 0
11220 0
11220 0
11220 0
11220 0
11220 0
11242 0
11242 0
11242 0
11242 0
11242 0
11242 0
11242 0
11242 0
11242 0
11242 0
11242 0
11242 1.58
11242 0
11242 0
11242 0
11242 0
11242 0
11242 0
11242 0
11242 0
11242 0
11242 0
11242 0
11242 0
11242 0
11242 0
11242 0
11242 0
11242 0
11242 0
11242 0
12086 0
12086 0
12086 0
12086 0
12086 0
12086 0
12086 0
12086 0
12086 0
12086 0
12086 0
12086 0.75
12086 0
12086 0
12086 0
12086 0
12086 0
12086 0
12086 0
12086 0
12086 0
12086 0
12086 0
12086 0
12086 0
12086 0
12086 0
12086 0
12086 0
12086 0
12086 0
