pt_graph scale
8374 0
8374 0
8374 0
8374 0
8374 0
8374 0
8374 0
8374 0
8374 0
8374 0
8374 50
8374 0
8374 0
8374 0
8374 0
8374 0
8374 0
8374 0
8374 0
8374 0
8374 0
8374 0
8374 0
8374 0
8374 0
8374 0
8374 0
8374 0
8374 0
8374 0
8374 0
8385 0
8385 0
8385 0
8385 0
8385 0
8385 0
8385 0
8385 0
8385 0
8385 0
8385 50
8385 0
8385 0
8385 0
8385 0
8385 0
8385 0
8385 0
8385 0
8385 0
8385 0
8385 0
8385 0
8385 0
8385 0
8385 0
8385 0
8385 0
8385 0
8385 0
8385 0
8447 0
8447 0
8447 0
8447 0
8447 0
8447 0
8447 0
8447 0
8447 0
8447 0
8447 50
8447 0
8447 0
8447 0
8447 0
8447 0
8447 0
8447 0
8447 0
8447 0
8447 0
8447 0
8447 0
8447 0
8447 0
8447 0
8447 0
8447 0
8447 0
8447 0
8447 0
8483 0
8483 0
8483 0
8483 0
8483 0
8483 0
8483 0
8483 0
8483 0
8483 0
8483 2
8483 0
8483 0
8483 0
8483 0
8483 0
8483 0
8483 0
8483 0
8483 0
8483 0
8483 0
8483 0
8483 0
8483 0
8483 0
8483 0
8483 0
8483 0
8483 0
8483 0
8512 0
8512 0
8512 0
8512 0
8512 0
8512 0
8512 0
8512 0
8512 0
8512 0
8512 50
8512 0
8512 0
8512 0
8512 0
8512 0
8512 0
8512 0
8512 0
8512 0
8512 0
8512 0
8512 0
8512 0
8512 0
8512 0
8512 0
8512 0
8512 0
8512 0
8512 0
8569 0
8569 0
8569 0
8569 0
8569 0
8569 0
8569 0
8569 0
8569 0
8569 0
8569 1
8569 0
8569 0
8569 0
8569 0
8569 0
8569 0
8569 0
8569 0
8569 0
8569 0
8569 0
8569 0
8569 0
8569 0
8569 0
8569 0
8569 0
8569 0
8569 0
8569 0
8629 0
8629 0
8629 0
8629 0
8629 0
8629 0
8629 0
8629 0
8629 0
8629 0
8629 2
8629 0
8629 0
8629 0
8629 0
8629 0
8629 0
8629 0
8629 0
8629 0
8629 0
8629 0
8629 0
8629 0
8629 0
8629 0
8629 0
8629 0
8629 0
8629 0
8629 0
8732 0
8732 0
8732 0
8732 0
8732 0
8732 0
8732 0
8732 0
8732 0
8732 0
8732 50
8732 0
8732 0
8732 0
8732 0
8732 0
8732 0
8732 0
8732 0
8732 0
8732 0
8732 0
8732 0
8732 0
8732 0
8732 0
8732 0
8732 0
8732 0
8732 0
8732 0
8832 0
8832 0
8832 0
8832 0
8832 0
8832 0
8832 0
8832 0
8832 0
8832 0
8832 50
8832 0
8832 0
8832 0
8832 0
8832 0
8832 0
8832 0
8832 0
8832 0
8832 0
8832 0
8832 0
8832 0
8832 0
8832 0
8832 0
8832 0
8832 0
8832 0
8832 0
8994 0
8994 0
8994 0
8994 0
8994 0
8994 0
8994 0
8994 0
8994 0
8994 0
8994 50
8994 0
8994 0
8994 0
8994 0
8994 0
8994 0
8994 0
8994 0
8994 0
8994 0
8994 0
8994 0
8994 0
8994 0
8994 0
8994 0
8994 0
8994 0
8994 0
8994 0
9777 0
9777 0
9777 0
9777 0
9777 0
9777 0
9777 0
9777 0
9777 0
9777 0
9777 589
9777 0
9777 0
9777 0
9777 0
9777 0
9777 0
9777 0
9777 0
9777 0
9777 0
9777 1
9777 0
9777 0
9777 138
9777 0
9777 0
9777 0
9777 0
9777 0
9777 0
9801 0
9801 0
9801 0
9801 0
9801 0
9801 0
9801 0
9801 0
9801 0
9801 0
9801 80
9801 0
9801 0
9801 0
9801 0
9801 0
9801 0
9801 0
9801 0
9801 0
9801 0
9801 0
9801 0
9801 0
9801 1
9801 0
9801 0
9801 0
9801 0
9801 0
9801 0
9821 0
9821 0
9821 0
9821 0
9821 0
9821 0
9821 0
9821 0
9821 0
9821 0
9821 107
9821 0
9821 0
9821 0
9821 0
9821 0
9821 0
9821 0
9821 0
9821 0
9821 0
9821 0
9821 0
9821 0
9821 1
9821 0
9821 0
9821 0
9821 0
9821 0
9821 0
9822 0
9822 0
9822 0
9822 0
9822 0
9822 0
9822 0
9822 0
9822 0
9822 0
9822 2137
9822 0
9822 0
9822 0
9822 0
9822 0
9822 0
9822 0
9822 0
9822 0
9822 0
9822 34
9822 0
9822 0
9822 558
9822 0
9822 0
9822 0
9822 0
9822 0
9822 0
9916 0
9916 0
9916 0
9916 0
9916 0
9916 0
9916 0
9916 0
9916 0
9916 0
9916 476
9916 0
9916 0
9916 0
9916 0
9916 0
9916 0
9916 0
9916 0
9916 0
9916 0
9916 1
9916 0
9916 0
9916 87
9916 0
9916 0
9916 0
9916 0
9916 0
9916 0
9929 0
9929 0
9929 0
9929 0
9929 0
9929 0
9929 0
9929 0
9929 0
9929 0
9929 4815
9929 0
9929 0
9929 0
9929 0
9929 0
9929 0
9929 0
9929 0
9929 0
9929 0
9929 43
9929 0
9929 0
9929 1107
9929 0
9929 0
9929 0
9929 0
9929 0
9929 0
9961 0
9961 0
9961 0
9961 0
9961 0
9961 0
9961 0
9961 0
9961 0
9961 0
9961 189
9961 0
9961 0
9961 0
9961 0
9961 0
9961 0
9961 0
9961 0
9961 0
9961 0
9961 0
9961 0
9961 0
9961 32
9961 0
9961 0
9961 0
9961 0
9961 0
9961 0
9966 0
9966 0
9966 0
9966 0
9966 0
9966 0
9966 0
9966 0
9966 0
9966 0
9966 34
9966 0
9966 0
9966 0
9966 0
9966 0
9966 0
9966 0
9966 0
9966 0
9966 0
9966 0
9966 0
9966 0
9966 0
9966 0
9966 0
9966 0
9966 0
9966 0
9966 0
10015 0
10015 0
10015 0
10015 0
10015 0
10015 0
10015 0
10015 0
10015 0
10015 0
10015 0
10015 307
10015 0
10015 0
10015 0
10015 0
10015 0
10015 0
10015 0
10015 0
10015 0
10015 0
10015 0
10015 0
10015 0
10015 0
10015 0
10015 0
10015 0
10015 0
10015 0
10016 0
10016 0
10016 0
10016 0
10016 0
10016 0
10016 0
10016 0
10016 0
10016 0
10016 0
10016 375
10016 0
10016 0
10016 0
10016 0
10016 0
10016 0
10016 0
10016 0
10016 0
10016 0
10016 0
10016 0
10016 2
10016 0
10016 0
10016 0
10016 0
10016 0
10016 0
10017 0
10017 0
10017 0
10017 0
10017 0
10017 0
10017 0
10017 0
10017 0
10017 0
10017 0
10017 1521
10017 0
10017 0
10017 0
10017 0
10017 0
10017 0
10017 0
10017 0
10017 0
10017 9
10017 0
10017 0
10017 20
10017 0
10017 0
10017 0
10017 0
10017 0
10017 0
10055 0
10055 0
10055 0
10055 0
10055 0
10055 0
10055 0
10055 0
10055 0
10055 0
10055 2010
10055 0
10055 0
10055 0
10055 0
10055 0
10055 0
10055 0
10055 0
10055 0
10055 0
10055 4
10055 0
10055 0
10055 9
10055 0
10055 0
10055 0
10055 0
10055 0
10055 0
10085 0
10085 0
10085 0
10085 0
10085 0
10085 0
10085 0
10085 0
10085 0
10085 0
10085 1339
10085 0
10085 0
10085 0
10085 0
10085 0
10085 0
10085 0
10085 0
10085 0
10085 0
10085 0
10085 0
10085 0
10085 0
10085 0
10085 0
10085 0
10085 0
10085 0
10085 0
10176 0
10176 0
10176 0
10176 0
10176 0
10176 0
10176 0
10176 0
10176 0
10176 0
10176 1684
10176 0
10176 0
10176 0
10176 0
10176 0
10176 0
10176 0
10176 0
10176 0
10176 0
10176 14
10176 0
10176 0
10176 12
10176 0
10176 0
10176 0
10176 0
10176 0
10176 0
10212 0
10212 0
10212 0
10212 0
10212 0
10212 0
10212 0
10212 0
10212 0
10212 0
10212 1087
10212 0
10212 0
10212 0
10212 0
10212 0
10212 0
10212 0
10212 0
10212 0
10212 0
10212 1
10212 0
10212 0
10212 12
10212 0
10212 0
10212 0
10212 0
10212 0
10212 0
10327 0
10327 0
10327 0
10327 0
10327 0
10327 0
10327 0
10327 0
10327 0
10327 0
10327 0
10327 554
10327 0
10327 0
10327 0
10327 0
10327 0
10327 0
10327 0
10327 0
10327 0
10327 1
10327 0
10327 0
10327 2
10327 0
10327 0
10327 0
10327 0
10327 0
10327 0
10328 0
10328 0
10328 0
10328 0
10328 0
10328 0
10328 0
10328 0
10328 0
10328 0
10328 0
10328 3470
10328 0
10328 0
10328 0
10328 0
10328 0
10328 0
10328 0
10328 0
10328 0
10328 14
10328 0
10328 0
10328 16
10328 0
10328 0
10328 0
10328 0
10328 0
10328 0
10330 0
10330 0
10330 0
10330 0
10330 0
10330 0
10330 0
10330 0
10330 0
10330 0
10330 0
10330 1568
10330 0
10330 0
10330 0
10330 0
10330 0
10330 0
10330 0
10330 0
10330 0
10330 2
10330 0
10330 0
10330 6
10330 0
10330 0
10330 0
10330 0
10330 0
10330 0
10603 0
10603 0
10603 0
10603 0
10603 0
10603 0
10603 0
10603 0
10603 0
10603 0
10603 0
10603 740
10603 0
10603 0
10603 0
10603 0
10603 0
10603 0
10603 0
10603 0
10603 0
10603 1
10603 0
10603 0
10603 3
10603 0
10603 0
10603 0
10603 0
10603 0
10603 0
10607 0
10607 0
10607 0
10607 0
10607 0
10607 0
10607 0
10607 0
10607 0
10607 0
10607 0
10607 452
10607 0
10607 0
10607 0
10607 0
10607 0
10607 0
10607 0
10607 0
10607 0
10607 0
10607 0
10607 0
10607 0
10607 0
10607 0
10607 0
10607 0
10607 0
10607 0
10609 0
10609 0
10609 0
10609 0
10609 0
10609 0
10609 0
10609 0
10609 0
10609 0
10609 0
10609 160
10609 0
10609 0
10609 0
10609 0
10609 0
10609 0
10609 0
10609 0
10609 0
10609 0
10609 0
10609 0
10609 1
10609 0
10609 0
10609 0
10609 0
10609 0
10609 0
10867 0
10867 0
10867 0
10867 0
10867 0
10867 0
10867 0
10867 0
10867 0
10867 0
10867 0
10867 1480
10867 0
10867 0
10867 0
10867 0
10867 0
10867 0
10867 0
10867 0
10867 0
10867 204
10867 0
10867 0
10867 49
10867 0
10867 0
10867 0
10867 0
10867 0
10867 0
10871 0
10871 0
10871 0
10871 0
10871 0
10871 0
10871 0
10871 0
10871 0
10871 0
10871 0
10871 90
10871 0
10871 0
10871 0
10871 0
10871 0
10871 0
10871 0
10871 0
10871 0
10871 0
10871 0
10871 0
10871 0
10871 0
10871 0
10871 0
10871 0
10871 0
10871 0
10873 0
10873 0
10873 0
10873 0
10873 0
10873 0
10873 0
10873 0
10873 0
10873 0
10873 0
10873 68
10873 0
10873 0
10873 0
10873 0
10873 0
10873 0
10873 0
10873 0
10873 0
10873 0
10873 0
10873 0
10873 0
10873 0
10873 0
10873 0
10873 0
10873 0
10873 0
10879 0
10879 0
10879 0
10879 0
10879 0
10879 0
10879 0
10879 0
10879 0
10879 0
10879 0
10879 74
10879 0
10879 0
10879 0
10879 0
10879 0
10879 0
10879 0
10879 0
10879 0
10879 0
10879 0
10879 0
10879 0
10879 0
10879 0
10879 0
10879 0
10879 0
10879 0
10889 0
10889 0
10889 0
10889 0
10889 0
10889 0
10889 0
10889 0
10889 0
10889 0
10889 0
10889 266
10889 0
10889 0
10889 0
10889 0
10889 0
10889 0
10889 0
10889 0
10889 0
10889 0
10889 0
10889 0
10889 0
10889 0
10889 0
10889 0
10889 0
10889 0
10889 0
10906 0
10906 0
10906 0
10906 0
10906 0
10906 0
10906 0
10906 0
10906 0
10906 0
10906 0
10906 63
10906 0
10906 0
10906 0
10906 0
10906 0
10906 0
10906 0
10906 0
10906 0
10906 0
10906 0
10906 0
10906 0
10906 0
10906 0
10906 0
10906 0
10906 0
10906 0
10946 0
10946 0
10946 0
10946 0
10946 0
10946 0
10946 0
10946 0
10946 0
10946 0
10946 0
10946 147
10946 0
10946 0
10946 0
10946 0
10946 0
10946 0
10946 0
10946 0
10946 0
10946 0
10946 0
10946 0
10946 0
10946 0
10946 0
10946 0
10946 0
10946 0
10946 0
11023 0
11023 0
11023 0
11023 0
11023 0
11023 0
11023 0
11023 0
11023 0
11023 0
11023 0
11023 99
11023 0
11023 0
11023 0
11023 0
11023 0
11023 0
11023 0
11023 0
11023 0
11023 0
11023 0
11023 0
11023 0
11023 0
11023 0
11023 0
11023 0
11023 0
11023 0
11028 0
11028 0
11028 0
11028 0
11028 0
11028 0
11028 0
11028 0
11028 0
11028 0
11028 0
11028 153
11028 0
11028 0
11028 0
11028 0
11028 0
11028 0
11028 0
11028 0
11028 0
11028 0
11028 0
11028 0
11028 0
11028 0
11028 0
11028 0
11028 0
11028 0
11028 0
11037 0
11037 0
11037 0
11037 0
11037 0
11037 0
11037 0
11037 0
11037 0
11037 0
11037 0
11037 1395
11037 0
11037 0
11037 0
11037 0
11037 0
11037 0
11037 0
11037 0
11037 0
11037 5
11037 0
11037 0
11037 7
11037 0
11037 0
11037 0
11037 0
11037 0
11037 0
11039 0
11039 0
11039 0
11039 0
11039 0
11039 0
11039 0
11039 0
11039 0
11039 0
11039 0
11039 287
11039 0
11039 0
11039 0
11039 0
11039 0
11039 0
11039 0
11039 0
11039 0
11039 0
11039 0
11039 0
11039 0
11039 0
11039 0
11039 0
11039 0
11039 0
11039 0
11045 0
11045 0
11045 0
11045 0
11045 0
11045 0
11045 0
11045 0
11045 0
11045 0
11045 0
11045 82
11045 0
11045 0
11045 0
11045 0
11045 0
11045 0
11045 0
11045 0
11045 0
11045 0
11045 0
11045 0
11045 0
11045 0
11045 0
11045 0
11045 0
11045 0
11045 0
11051 0
11051 0
11051 0
11051 0
11051 0
11051 0
11051 0
11051 0
11051 0
11051 0
11051 0
11051 449
11051 0
11051 0
11051 0
11051 0
11051 0
11051 0
11051 0
11051 0
11051 0
11051 0
11051 0
11051 0
11051 0
11051 0
11051 0
11051 0
11051 0
11051 0
11051 0
11056 0
11056 0
11056 0
11056 0
11056 0
11056 0
11056 0
11056 0
11056 0
11056 0
11056 0
11056 392
11056 0
11056 0
11056 0
11056 0
11056 0
11056 0
11056 0
11056 0
11056 0
11056 0
11056 0
11056 0
11056 0
11056 0
11056 0
11056 0
11056 0
11056 0
11056 0
11060 0
11060 0
11060 0
11060 0
11060 0
11060 0
11060 0
11060 0
11060 0
11060 0
11060 0
11060 422
11060 0
11060 0
11060 0
11060 0
11060 0
11060 0
11060 0
11060 0
11060 0
11060 0
11060 0
11060 0
11060 0
11060 0
11060 0
11060 0
11060 0
11060 0
11060 0
11068 0
11068 0
11068 0
11068 0
11068 0
11068 0
11068 0
11068 0
11068 0
11068 0
11068 0
11068 146
11068 0
11068 0
11068 0
11068 0
11068 0
11068 0
11068 0
11068 0
11068 0
11068 0
11068 0
11068 0
11068 0
11068 0
11068 0
11068 0
11068 0
11068 0
11068 0
11122 0
11122 0
11122 0
11122 0
11122 0
11122 0
11122 0
11122 0
11122 0
11122 0
11122 0
11122 763
11122 0
11122 0
11122 0
11122 0
11122 0
11122 0
11122 0
11122 0
11122 0
11122 0
11122 0
11122 0
11122 0
11122 0
11122 0
11122 0
11122 0
11122 0
11122 0
11204 0
11204 0
11204 0
11204 0
11204 0
11204 0
11204 0
11204 0
11204 0
11204 0
11204 0
11204 144
11204 0
11204 0
11204 0
11204 0
11204 0
11204 0
11204 0
11204 0
11204 0
11204 0
11204 0
11204 0
11204 0
11204 0
11204 0
11204 0
11204 0
11204 0
11204 0
12086 0
12086 0
12086 0
12086 0
12086 0
12086 0
12086 0
12086 0
12086 0
12086 0
12086 0
12086 412
12086 0
12086 0
12086 0
12086 0
12086 0
12086 0
12086 0
12086 0
12086 0
12086 0
12086 0
12086 0
12086 2
12086 0
12086 0
12086 0
12086 0
12086 0
12086 0
