pt_graph scale
8188 0
8188 0
8188 0
8188 0
8188 0
8188 0
8188 0
8188 0
8188 0
8188 0
8188 7
8188 0
8188 0
8188 0
8188 0
8188 0
8188 0
8188 0
8188 0
8188 0
8188 0
8188 0
8188 0
8188 0
8188 0
8188 0
8188 0
8188 0
8188 0
8188 0
8188 0
8235 0
8235 0
8235 0
8235 0
8235 0
8235 0
8235 0
8235 0
8235 0
8235 0
8235 2
8235 0
8235 0
8235 0
8235 0
8235 0
8235 0
8235 0
8235 0
8235 0
8235 0
8235 0
8235 0
8235 0
8235 0
8235 0
8235 0
8235 0
8235 0
8235 0
8235 0
8284 0
8284 0
8284 0
8284 0
8284 0
8284 0
8284 0
8284 0
8284 0
8284 0
8284 4
8284 0
8284 0
8284 0
8284 0
8284 0
8284 0
8284 0
8284 0
8284 0
8284 0
8284 0
8284 0
8284 0
8284 0
8284 0
8284 0
8284 0
8284 0
8284 0
8284 0
8338 0
8338 0
8338 0
8338 0
8338 0
8338 0
8338 0
8338 0
8338 0
8338 0
8338 5
8338 0
8338 0
8338 0
8338 0
8338 0
8338 0
8338 0
8338 0
8338 0
8338 0
8338 0
8338 0
8338 0
8338 0
8338 0
8338 0
8338 0
8338 0
8338 0
8338 0
8345 0
8345 0
8345 0
8345 0
8345 0
8345 0
8345 0
8345 0
8345 0
8345 0
8345 4
8345 0
8345 0
8345 0
8345 0
8345 0
8345 0
8345 0
8345 0
8345 0
8345 0
8345 0
8345 0
8345 0
8345 0
8345 0
8345 0
8345 0
8345 0
8345 0
8345 0
8374 0
8374 0
8374 0
8374 0
8374 0
8374 0
8374 0
8374 0
8374 0
8374 0
8374 4
8374 0
8374 0
8374 0
8374 0
8374 0
8374 0
8374 0
8374 0
8374 0
8374 0
8374 0
8374 0
8374 0
8374 0
8374 0
8374 0
8374 0
8374 0
8374 0
8374 0
8378 0
8378 0
8378 0
8378 0
8378 0
8378 0
8378 0
8378 0
8378 0
8378 0
8378 1
8378 0
8378 0
8378 0
8378 0
8378 0
8378 0
8378 0
8378 0
8378 0
8378 0
8378 0
8378 0
8378 0
8378 0
8378 0
8378 0
8378 0
8378 0
8378 0
8378 0
8417 0
8417 0
8417 0
8417 0
8417 0
8417 0
8417 0
8417 0
8417 0
8417 0
8417 4
8417 0
8417 0
8417 0
8417 0
8417 0
8417 0
8417 0
8417 0
8417 0
8417 0
8417 0
8417 0
8417 0
8417 0
8417 0
8417 0
8417 0
8417 0
8417 0
8417 0
8459 0
8459 0
8459 0
8459 0
8459 0
8459 0
8459 0
8459 0
8459 0
8459 0
8459 4
8459 0
8459 0
8459 0
8459 0
8459 0
8459 0
8459 0
8459 0
8459 0
8459 0
8459 0
8459 0
8459 0
8459 0
8459 0
8459 0
8459 0
8459 0
8459 0
8459 0
8483 0
8483 0
8483 0
8483 0
8483 0
8483 0
8483 0
8483 0
8483 0
8483 0
8483 4
8483 0
8483 0
8483 0
8483 0
8483 0
8483 0
8483 0
8483 0
8483 0
8483 0
8483 0
8483 0
8483 0
8483 0
8483 0
8483 0
8483 0
8483 0
8483 0
8483 0
8498 0
8498 0
8498 0
8498 0
8498 0
8498 0
8498 0
8498 0
8498 0
8498 0
8498 7
8498 0
8498 0
8498 0
8498 0
8498 0
8498 0
8498 0
8498 0
8498 0
8498 0
8498 0
8498 0
8498 0
8498 0
8498 0
8498 0
8498 0
8498 0
8498 0
8498 0
8527 0
8527 0
8527 0
8527 0
8527 0
8527 0
8527 0
8527 0
8527 0
8527 0
8527 3
8527 0
8527 0
8527 0
8527 0
8527 0
8527 0
8527 0
8527 0
8527 0
8527 0
8527 0
8527 0
8527 0
8527 0
8527 0
8527 0
8527 0
8527 0
8527 0
8527 0
8537 0
8537 0
8537 0
8537 0
8537 0
8537 0
8537 0
8537 0
8537 0
8537 0
8537 15
8537 0
8537 0
8537 0
8537 0
8537 0
8537 0
8537 0
8537 0
8537 0
8537 0
8537 0
8537 0
8537 0
8537 0
8537 0
8537 0
8537 0
8537 0
8537 0
8537 0
8606 0
8606 0
8606 0
8606 0
8606 0
8606 0
8606 0
8606 0
8606 0
8606 0
8606 0
8606 0
8606 0
8606 0
8606 0
8606 0
8606 0
8606 0
8606 0
8606 0
8606 0
8606 0
8606 0
8606 0
8606 0
8606 0
8606 0
8606 0
8606 0
8606 0
8606 0
8632 0
8632 0
8632 0
8632 0
8632 0
8632 0
8632 0
8632 0
8632 0
8632 0
8632 22
8632 0
8632 0
8632 0
8632 0
8632 0
8632 0
8632 0
8632 0
8632 0
8632 0
8632 0
8632 0
8632 0
8632 0
8632 0
8632 0
8632 0
8632 0
8632 0
8632 0
10017 0
10017 0
10017 0
10017 0
10017 0
10017 0
10017 0
10017 0
10017 0
10017 0
10017 0
10017 83
10017 0
10017 0
10017 0
10017 0
10017 0
10017 0
10017 0
10017 0
10017 0
10017 0
10017 0
10017 0
10017 0
10017 0
10017 0
10017 0
10017 0
10017 0
10017 0
10085 0
10085 0
10085 0
10085 0
10085 0
10085 0
10085 0
10085 0
10085 0
10085 0
10085 90
10085 0
10085 0
10085 0
10085 0
10085 0
10085 0
10085 0
10085 0
10085 0
10085 0
10085 0
10085 0
10085 0
10085 0
10085 0
10085 0
10085 0
10085 0
10085 0
10085 0
10176 0
10176 0
10176 0
10176 0
10176 0
10176 0
10176 0
10176 0
10176 0
10176 0
10176 173
10176 0
10176 0
10176 0
10176 0
10176 0
10176 0
10176 0
10176 0
10176 0
10176 0
10176 0
10176 0
10176 0
10176 0
10176 0
10176 0
10176 0
10176 0
10176 0
10176 0
10327 0
10327 0
10327 0
10327 0
10327 0
10327 0
10327 0
10327 0
10327 0
10327 0
10327 0
10327 360
10327 0
10327 0
10327 0
10327 0
10327 0
10327 0
10327 0
10327 0
10327 0
10327 0
10327 0
10327 0
10327 0
10327 0
10327 0
10327 0
10327 0
10327 0
10327 0
10328 0
10328 0
10328 0
10328 0
10328 0
10328 0
10328 0
10328 0
10328 0
10328 0
10328 0
10328 876
10328 0
10328 0
10328 0
10328 0
10328 0
10328 0
10328 0
10328 0
10328 0
10328 0
10328 0
10328 0
10328 0
10328 0
10328 0
10328 0
10328 0
10328 0
10328 0
10399 0
10399 0
10399 0
10399 0
10399 0
10399 0
10399 0
10399 0
10399 0
10399 0
10399 1
10399 0
10399 0
10399 0
10399 0
10399 0
10399 0
10399 0
10399 0
10399 0
10399 0
10399 0
10399 0
10399 0
10399 0
10399 0
10399 0
10399 0
10399 0
10399 0
10399 0
10400 0
10400 0
10400 0
10400 0
10400 0
10400 0
10400 0
10400 0
10400 0
10400 0
10400 138
10400 0
10400 0
10400 0
10400 0
10400 0
10400 0
10400 0
10400 0
10400 0
10400 0
10400 0
10400 0
10400 0
10400 0
10400 0
10400 0
10400 0
10400 0
10400 0
10400 0
10422 0
10422 0
10422 0
10422 0
10422 0
10422 0
10422 0
10422 0
10422 0
10422 0
10422 1
10422 0
10422 0
10422 0
10422 0
10422 0
10422 0
10422 0
10422 0
10422 0
10422 0
10422 0
10422 0
10422 0
10422 0
10422 0
10422 0
10422 0
10422 0
10422 0
10422 0
10603 0
10603 0
10603 0
10603 0
10603 0
10603 0
10603 0
10603 0
10603 0
10603 0
10603 0
10603 81
10603 0
10603 0
10603 0
10603 0
10603 0
10603 0
10603 0
10603 0
10603 0
10603 0
10603 0
10603 0
10603 0
10603 0
10603 0
10603 0
10603 0
10603 0
10603 0
10607 0
10607 0
10607 0
10607 0
10607 0
10607 0
10607 0
10607 0
10607 0
10607 0
10607 0
10607 374
10607 0
10607 0
10607 0
10607 0
10607 0
10607 0
10607 0
10607 0
10607 0
10607 0
10607 0
10607 0
10607 0
10607 0
10607 0
10607 0
10607 0
10607 0
10607 0
10608 0
10608 0
10608 0
10608 0
10608 0
10608 0
10608 0
10608 0
10608 0
10608 0
10608 0
10608 582
10608 0
10608 0
10608 0
10608 0
10608 0
10608 0
10608 0
10608 0
10608 0
10608 0
10608 0
10608 0
10608 0
10608 0
10608 0
10608 0
10608 0
10608 0
10608 0
10609 0
10609 0
10609 0
10609 0
10609 0
10609 0
10609 0
10609 0
10609 0
10609 0
10609 0
10609 599
10609 0
10609 0
10609 0
10609 0
10609 0
10609 0
10609 0
10609 0
10609 0
10609 0
10609 0
10609 0
10609 1
10609 0
10609 0
10609 0
10609 0
10609 0
10609 0
10809 0
10809 0
10809 0
10809 0
10809 0
10809 0
10809 0
10809 0
10809 0
10809 0
10809 26
10809 0
10809 0
10809 0
10809 0
10809 0
10809 0
10809 0
10809 0
10809 0
10809 0
10809 0
10809 0
10809 0
10809 0
10809 0
10809 0
10809 0
10809 0
10809 0
10809 0
10832 0
10832 0
10832 0
10832 0
10832 0
10832 0
10832 0
10832 0
10832 0
10832 0
10832 709
10832 0
10832 0
10832 0
10832 0
10832 0
10832 0
10832 0
10832 0
10832 0
10832 0
10832 0
10832 0
10832 0
10832 0
10832 0
10832 0
10832 0
10832 0
10832 0
10832 0
10840 0
10840 0
10840 0
10840 0
10840 0
10840 0
10840 0
10840 0
10840 0
10840 0
10840 1291
10840 0
10840 0
10840 0
10840 0
10840 0
10840 0
10840 0
10840 0
10840 0
10840 0
10840 0
10840 0
10840 0
10840 1
10840 0
10840 0
10840 0
10840 0
10840 0
10840 0
10842 0
10842 0
10842 0
10842 0
10842 0
10842 0
10842 0
10842 0
10842 0
10842 0
10842 448
10842 0
10842 0
10842 0
10842 0
10842 0
10842 0
10842 0
10842 0
10842 0
10842 0
10842 0
10842 0
10842 0
10842 0
10842 0
10842 0
10842 0
10842 0
10842 0
10842 0
10844 0
10844 0
10844 0
10844 0
10844 0
10844 0
10844 0
10844 0
10844 0
10844 0
10844 3767
10844 0
10844 0
10844 0
10844 0
10844 0
10844 0
10844 0
10844 0
10844 0
10844 0
10844 0
10844 0
10844 0
10844 0
10844 0
10844 0
10844 0
10844 0
10844 0
10844 0
10847 0
10847 0
10847 0
10847 0
10847 0
10847 0
10847 0
10847 0
10847 0
10847 0
10847 2594
10847 0
10847 0
10847 0
10847 0
10847 0
10847 0
10847 0
10847 0
10847 0
10847 0
10847 0
10847 0
10847 0
10847 0
10847 0
10847 0
10847 0
10847 0
10847 0
10847 0
10854 0
10854 0
10854 0
10854 0
10854 0
10854 0
10854 0
10854 0
10854 0
10854 0
10854 2068
10854 0
10854 0
10854 0
10854 0
10854 0
10854 0
10854 0
10854 0
10854 0
10854 0
10854 0
10854 0
10854 0
10854 0
10854 0
10854 0
10854 0
10854 0
10854 0
10854 0
10867 0
10867 0
10867 0
10867 0
10867 0
10867 0
10867 0
10867 0
10867 0
10867 0
10867 0
10867 395
10867 0
10867 0
10867 0
10867 0
10867 0
10867 0
10867 0
10867 0
10867 0
10867 0
10867 0
10867 0
10867 1
10867 0
10867 0
10867 0
10867 0
10867 0
10867 0
10868 0
10868 0
10868 0
10868 0
10868 0
10868 0
10868 0
10868 0
10868 0
10868 0
10868 0
10868 275
10868 0
10868 0
10868 0
10868 0
10868 0
10868 0
10868 0
10868 0
10868 0
10868 0
10868 0
10868 0
10868 0
10868 0
10868 0
10868 0
10868 0
10868 0
10868 0
10873 0
10873 0
10873 0
10873 0
10873 0
10873 0
10873 0
10873 0
10873 0
10873 0
10873 0
10873 335
10873 0
10873 0
10873 0
10873 0
10873 0
10873 0
10873 0
10873 0
10873 0
10873 0
10873 0
10873 0
10873 0
10873 0
10873 0
10873 0
10873 0
10873 0
10873 0
10881 0
10881 0
10881 0
10881 0
10881 0
10881 0
10881 0
10881 0
10881 0
10881 0
10881 0
10881 916
10881 0
10881 0
10881 0
10881 0
10881 0
10881 0
10881 0
10881 0
10881 0
10881 0
10881 0
10881 0
10881 1
10881 0
10881 0
10881 0
10881 0
10881 0
10881 0
10883 0
10883 0
10883 0
10883 0
10883 0
10883 0
10883 0
10883 0
10883 0
10883 0
10883 0
10883 2167
10883 0
10883 0
10883 0
10883 0
10883 0
10883 0
10883 0
10883 0
10883 0
10883 0
10883 0
10883 0
10883 1
10883 0
10883 0
10883 0
10883 0
10883 0
10883 0
10887 0
10887 0
10887 0
10887 0
10887 0
10887 0
10887 0
10887 0
10887 0
10887 0
10887 0
10887 1487
10887 0
10887 0
10887 0
10887 0
10887 0
10887 0
10887 0
10887 0
10887 0
10887 0
10887 0
10887 0
10887 0
10887 0
10887 0
10887 0
10887 0
10887 0
10887 0
10889 0
10889 0
10889 0
10889 0
10889 0
10889 0
10889 0
10889 0
10889 0
10889 0
10889 0
10889 867
10889 0
10889 0
10889 0
10889 0
10889 0
10889 0
10889 0
10889 0
10889 0
10889 0
10889 0
10889 0
10889 0
10889 0
10889 0
10889 0
10889 0
10889 0
10889 0
10894 0
10894 0
10894 0
10894 0
10894 0
10894 0
10894 0
10894 0
10894 0
10894 0
10894 0
10894 274
10894 0
10894 0
10894 0
10894 0
10894 0
10894 0
10894 0
10894 0
10894 0
10894 0
10894 0
10894 0
10894 0
10894 0
10894 0
10894 0
10894 0
10894 0
10894 0
10907 0
10907 0
10907 0
10907 0
10907 0
10907 0
10907 0
10907 0
10907 0
10907 0
10907 0
10907 145
10907 0
10907 0
10907 0
10907 0
10907 0
10907 0
10907 0
10907 0
10907 0
10907 0
10907 0
10907 0
10907 0
10907 0
10907 0
10907 0
10907 0
10907 0
10907 0
10920 0
10920 0
10920 0
10920 0
10920 0
10920 0
10920 0
10920 0
10920 0
10920 0
10920 0
10920 1209
10920 0
10920 0
10920 0
10920 0
10920 0
10920 0
10920 0
10920 0
10920 0
10920 0
10920 0
10920 0
10920 0
10920 0
10920 0
10920 0
10920 0
10920 0
10920 0
10926 0
10926 0
10926 0
10926 0
10926 0
10926 0
10926 0
10926 0
10926 0
10926 0
10926 0
10926 1570
10926 0
10926 0
10926 0
10926 0
10926 0
10926 0
10926 0
10926 0
10926 0
10926 0
10926 0
10926 0
10926 0
10926 0
10926 0
10926 0
10926 0
10926 0
10926 0
10955 0
10955 0
10955 0
10955 0
10955 0
10955 0
10955 0
10955 0
10955 0
10955 0
10955 0
10955 908
10955 0
10955 0
10955 0
10955 0
10955 0
10955 0
10955 0
10955 0
10955 0
10955 0
10955 0
10955 0
10955 0
10955 0
10955 0
10955 0
10955 0
10955 0
10955 0
11037 0
11037 0
11037 0
11037 0
11037 0
11037 0
11037 0
11037 0
11037 0
11037 0
11037 0
11037 179
11037 0
11037 0
11037 0
11037 0
11037 0
11037 0
11037 0
11037 0
11037 0
11037 0
11037 0
11037 0
11037 0
11037 0
11037 0
11037 0
11037 0
11037 0
11037 0
11045 0
11045 0
11045 0
11045 0
11045 0
11045 0
11045 0
11045 0
11045 0
11045 0
11045 0
11045 589
11045 0
11045 0
11045 0
11045 0
11045 0
11045 0
11045 0
11045 0
11045 0
11045 0
11045 0
11045 0
11045 0
11045 0
11045 0
11045 0
11045 0
11045 0
11045 0
11051 0
11051 0
11051 0
11051 0
11051 0
11051 0
11051 0
11051 0
11051 0
11051 0
11051 0
11051 2068
11051 0
11051 0
11051 0
11051 0
11051 0
11051 0
11051 0
11051 0
11051 0
11051 0
11051 0
11051 0
11051 0
11051 0
11051 0
11051 0
11051 0
11051 0
11051 0
11056 0
11056 0
11056 0
11056 0
11056 0
11056 0
11056 0
11056 0
11056 0
11056 0
11056 0
11056 946
11056 0
11056 0
11056 0
11056 0
11056 0
11056 0
11056 0
11056 0
11056 0
11056 0
11056 0
11056 0
11056 0
11056 0
11056 0
11056 0
11056 0
11056 0
11056 0
11060 0
11060 0
11060 0
11060 0
11060 0
11060 0
11060 0
11060 0
11060 0
11060 0
11060 0
11060 1714
11060 0
11060 0
11060 0
11060 0
11060 0
11060 0
11060 0
11060 0
11060 0
11060 0
11060 0
11060 0
11060 0
11060 0
11060 0
11060 0
11060 0
11060 0
11060 0
11068 0
11068 0
11068 0
11068 0
11068 0
11068 0
11068 0
11068 0
11068 0
11068 0
11068 0
11068 1867
11068 0
11068 0
11068 0
11068 0
11068 0
11068 0
11068 0
11068 0
11068 0
11068 0
11068 0
11068 0
11068 0
11068 0
11068 0
11068 0
11068 0
11068 0
11068 0
11122 0
11122 0
11122 0
11122 0
11122 0
11122 0
11122 0
11122 0
11122 0
11122 0
11122 0
11122 1151
11122 0
11122 0
11122 0
11122 0
11122 0
11122 0
11122 0
11122 0
11122 0
11122 0
11122 0
11122 0
11122 0
11122 0
11122 0
11122 0
11122 0
11122 0
11122 0
11204 0
11204 0
11204 0
11204 0
11204 0
11204 0
11204 0
11204 0
11204 0
11204 0
11204 0
11204 806
11204 0
11204 0
11204 0
11204 0
11204 0
11204 0
11204 0
11204 0
11204 0
11204 0
11204 0
11204 0
11204 0
11204 0
11204 0
11204 0
11204 0
11204 0
11204 0
11242 0
11242 0
11242 0
11242 0
11242 0
11242 0
11242 0
11242 0
11242 0
11242 0
11242 0
11242 108
11242 0
11242 0
11242 0
11242 0
11242 0
11242 0
11242 0
11242 0
11242 0
11242 0
11242 0
11242 0
11242 0
11242 0
11242 0
11242 0
11242 0
11242 0
11242 0
12086 0
12086 0
12086 0
12086 0
12086 0
12086 0
12086 0
12086 0
12086 0
12086 0
12086 0
12086 959
12086 0
12086 0
12086 0
12086 0
12086 0
12086 0
12086 0
12086 0
12086 0
12086 0
12086 0
12086 0
12086 0
12086 0
12086 0
12086 0
12086 0
12086 0
12086 0
