pt_graph scale
8483 0
8483 0
8483 0
8483 0
8483 0
8483 0
8483 0
8483 0
8483 0
8483 0
8483 166
8483 0
8483 0
8483 0
8483 0
8483 0
8483 0
8483 0
8483 0
8483 0
8483 0
8483 0
8483 0
8483 0
8483 0
8483 0
8483 0
8483 0
8483 0
8483 0
8483 0
8537 0
8537 0
8537 0
8537 0
8537 0
8537 0
8537 0
8537 0
8537 0
8537 0
8537 77
8537 0
8537 0
8537 0
8537 0
8537 0
8537 0
8537 0
8537 0
8537 0
8537 0
8537 0
8537 0
8537 0
8537 0
8537 0
8537 0
8537 0
8537 0
8537 0
8537 0
8592 0
8592 0
8592 0
8592 0
8592 0
8592 0
8592 0
8592 0
8592 0
8592 0
8592 74
8592 0
8592 0
8592 0
8592 0
8592 0
8592 0
8592 0
8592 0
8592 0
8592 0
8592 0
8592 0
8592 0
8592 0
8592 0
8592 0
8592 0
8592 0
8592 0
8592 0
8664 0
8664 0
8664 0
8664 0
8664 0
8664 0
8664 0
8664 0
8664 0
8664 0
8664 74
8664 0
8664 0
8664 0
8664 0
8664 0
8664 0
8664 0
8664 0
8664 0
8664 0
8664 0
8664 0
8664 0
8664 0
8664 0
8664 0
8664 0
8664 0
8664 0
8664 0
8689 0
8689 0
8689 0
8689 0
8689 0
8689 0
8689 0
8689 0
8689 0
8689 0
8689 77
8689 0
8689 0
8689 0
8689 0
8689 0
8689 0
8689 0
8689 0
8689 0
8689 0
8689 0
8689 0
8689 0
8689 0
8689 0
8689 0
8689 0
8689 0
8689 0
8689 0
8779 0
8779 0
8779 0
8779 0
8779 0
8779 0
8779 0
8779 0
8779 0
8779 0
8779 77
8779 0
8779 0
8779 0
8779 0
8779 0
8779 0
8779 0
8779 0
8779 0
8779 0
8779 0
8779 0
8779 0
8779 0
8779 0
8779 0
8779 0
8779 0
8779 0
8779 0
8789 0
8789 0
8789 0
8789 0
8789 0
8789 0
8789 0
8789 0
8789 0
8789 0
8789 77
8789 0
8789 0
8789 0
8789 0
8789 0
8789 0
8789 0
8789 0
8789 0
8789 0
8789 0
8789 0
8789 0
8789 0
8789 0
8789 0
8789 0
8789 0
8789 0
8789 0
8945 0
8945 0
8945 0
8945 0
8945 0
8945 0
8945 0
8945 0
8945 0
8945 0
8945 77
8945 0
8945 0
8945 0
8945 0
8945 0
8945 0
8945 0
8945 0
8945 0
8945 0
8945 0
8945 0
8945 0
8945 0
8945 0
8945 0
8945 0
8945 0
8945 0
8945 0
8956 0
8956 0
8956 0
8956 0
8956 0
8956 0
8956 0
8956 0
8956 0
8956 0
8956 77
8956 0
8956 0
8956 0
8956 0
8956 0
8956 0
8956 0
8956 0
8956 0
8956 0
8956 0
8956 0
8956 0
8956 0
8956 0
8956 0
8956 0
8956 0
8956 0
8956 0
9042 0
9042 0
9042 0
9042 0
9042 0
9042 0
9042 0
9042 0
9042 0
9042 0
9042 77
9042 0
9042 0
9042 0
9042 0
9042 0
9042 0
9042 0
9042 0
9042 0
9042 0
9042 0
9042 0
9042 0
9042 0
9042 0
9042 0
9042 0
9042 0
9042 0
9042 0
9190 0
9190 0
9190 0
9190 0
9190 0
9190 0
9190 0
9190 0
9190 0
9190 0
9190 74
9190 0
9190 0
9190 0
9190 0
9190 0
9190 0
9190 0
9190 0
9190 0
9190 0
9190 0
9190 0
9190 0
9190 0
9190 0
9190 0
9190 0
9190 0
9190 0
9190 0
9365 0
9365 0
9365 0
9365 0
9365 0
9365 0
9365 0
9365 0
9365 0
9365 0
9365 77
9365 0
9365 0
9365 0
9365 0
9365 0
9365 0
9365 0
9365 0
9365 0
9365 0
9365 0
9365 0
9365 0
9365 0
9365 0
9365 0
9365 0
9365 0
9365 0
9365 0
9445 0
9445 0
9445 0
9445 0
9445 0
9445 0
9445 0
9445 0
9445 0
9445 0
9445 77
9445 0
9445 0
9445 0
9445 0
9445 0
9445 0
9445 0
9445 0
9445 0
9445 0
9445 0
9445 0
9445 0
9445 0
9445 0
9445 0
9445 0
9445 0
9445 0
9445 0
9521 0
9521 0
9521 0
9521 0
9521 0
9521 0
9521 0
9521 0
9521 0
9521 0
9521 273
9521 0
9521 0
9521 0
9521 0
9521 0
9521 0
9521 0
9521 0
9521 0
9521 0
9521 0
9521 0
9521 0
9521 0
9521 0
9521 0
9521 0
9521 0
9521 0
9521 0
9599 0
9599 0
9599 0
9599 0
9599 0
9599 0
9599 0
9599 0
9599 0
9599 0
9599 273
9599 0
9599 0
9599 0
9599 0
9599 0
9599 0
9599 0
9599 0
9599 0
9599 0
9599 0
9599 0
9599 0
9599 0
9599 0
9599 0
9599 0
9599 0
9599 0
9599 0
9666 0
9666 0
9666 0
9666 0
9666 0
9666 0
9666 0
9666 0
9666 0
9666 0
9666 74
9666 0
9666 0
9666 0
9666 0
9666 0
9666 0
9666 0
9666 0
9666 0
9666 0
9666 0
9666 0
9666 0
9666 0
9666 0
9666 0
9666 0
9666 0
9666 0
9666 0
9670 0
9670 0
9670 0
9670 0
9670 0
9670 0
9670 0
9670 0
9670 0
9670 0
9670 77
9670 0
9670 0
9670 0
9670 0
9670 0
9670 0
9670 0
9670 0
9670 0
9670 0
9670 0
9670 0
9670 0
9670 0
9670 0
9670 0
9670 0
9670 0
9670 0
9670 0
9685 0
9685 0
9685 0
9685 0
9685 0
9685 0
9685 0
9685 0
9685 0
9685 0
9685 442
9685 0
9685 0
9685 0
9685 0
9685 0
9685 0
9685 0
9685 0
9685 0
9685 0
9685 0
9685 0
9685 0
9685 1
9685 0
9685 0
9685 0
9685 0
9685 0
9685 0
9717 0
9717 0
9717 0
9717 0
9717 0
9717 0
9717 0
9717 0
9717 0
9717 0
9717 166
9717 0
9717 0
9717 0
9717 0
9717 0
9717 0
9717 0
9717 0
9717 0
9717 0
9717 0
9717 0
9717 0
9717 0
9717 0
9717 0
9717 0
9717 0
9717 0
9717 0
9741 0
9741 0
9741 0
9741 0
9741 0
9741 0
9741 0
9741 0
9741 0
9741 0
9741 74
9741 0
9741 0
9741 0
9741 0
9741 0
9741 0
9741 0
9741 0
9741 0
9741 0
9741 0
9741 0
9741 0
9741 0
9741 0
9741 0
9741 0
9741 0
9741 0
9741 0
9748 0
9748 0
9748 0
9748 0
9748 0
9748 0
9748 0
9748 0
9748 0
9748 0
9748 166
9748 0
9748 0
9748 0
9748 0
9748 0
9748 0
9748 0
9748 0
9748 0
9748 0
9748 0
9748 0
9748 0
9748 0
9748 0
9748 0
9748 0
9748 0
9748 0
9748 0
9766 0
9766 0
9766 0
9766 0
9766 0
9766 0
9766 0
9766 0
9766 0
9766 0
9766 359
9766 0
9766 0
9766 0
9766 0
9766 0
9766 0
9766 0
9766 0
9766 0
9766 0
9766 0
9766 0
9766 0
9766 2
9766 0
9766 0
9766 0
9766 0
9766 0
9766 0
9874 0
9874 0
9874 0
9874 0
9874 0
9874 0
9874 0
9874 0
9874 0
9874 0
9874 776
9874 0
9874 0
9874 0
9874 0
9874 0
9874 0
9874 0
9874 0
9874 0
9874 0
9874 0
9874 0
9874 0
9874 2
9874 0
9874 0
9874 0
9874 0
9874 0
9874 0
9896 0
9896 0
9896 0
9896 0
9896 0
9896 0
9896 0
9896 0
9896 0
9896 0
9896 77
9896 0
9896 0
9896 0
9896 0
9896 0
9896 0
9896 0
9896 0
9896 0
9896 0
9896 0
9896 0
9896 0
9896 0
9896 0
9896 0
9896 0
9896 0
9896 0
9896 0
9914 0
9914 0
9914 0
9914 0
9914 0
9914 0
9914 0
9914 0
9914 0
9914 0
9914 77
9914 0
9914 0
9914 0
9914 0
9914 0
9914 0
9914 0
9914 0
9914 0
9914 0
9914 0
9914 0
9914 0
9914 0
9914 0
9914 0
9914 0
9914 0
9914 0
9914 0
9922 0
9922 0
9922 0
9922 0
9922 0
9922 0
9922 0
9922 0
9922 0
9922 0
9922 77
9922 0
9922 0
9922 0
9922 0
9922 0
9922 0
9922 0
9922 0
9922 0
9922 0
9922 0
9922 0
9922 0
9922 0
9922 0
9922 0
9922 0
9922 0
9922 0
9922 0
9947 0
9947 0
9947 0
9947 0
9947 0
9947 0
9947 0
9947 0
9947 0
9947 0
9947 273
9947 0
9947 0
9947 0
9947 0
9947 0
9947 0
9947 0
9947 0
9947 0
9947 0
9947 0
9947 0
9947 0
9947 0
9947 0
9947 0
9947 0
9947 0
9947 0
9947 0
9956 0
9956 0
9956 0
9956 0
9956 0
9956 0
9956 0
9956 0
9956 0
9956 0
9956 273
9956 0
9956 0
9956 0
9956 0
9956 0
9956 0
9956 0
9956 0
9956 0
9956 0
9956 0
9956 0
9956 0
9956 0
9956 0
9956 0
9956 0
9956 0
9956 0
9956 0
9971 0
9971 0
9971 0
9971 0
9971 0
9971 0
9971 0
9971 0
9971 0
9971 0
9971 639
9971 0
9971 0
9971 0
9971 0
9971 0
9971 0
9971 0
9971 0
9971 0
9971 0
9971 0
9971 0
9971 0
9971 1
9971 0
9971 0
9971 0
9971 0
9971 0
9971 0
9989 0
9989 0
9989 0
9989 0
9989 0
9989 0
9989 0
9989 0
9989 0
9989 0
9989 77
9989 0
9989 0
9989 0
9989 0
9989 0
9989 0
9989 0
9989 0
9989 0
9989 0
9989 0
9989 0
9989 0
9989 0
9989 0
9989 0
9989 0
9989 0
9989 0
9989 0
9998 0
9998 0
9998 0
9998 0
9998 0
9998 0
9998 0
9998 0
9998 0
9998 0
9998 77
9998 0
9998 0
9998 0
9998 0
9998 0
9998 0
9998 0
9998 0
9998 0
9998 0
9998 0
9998 0
9998 0
9998 0
9998 0
9998 0
9998 0
9998 0
9998 0
9998 0
10017 0
10017 0
10017 0
10017 0
10017 0
10017 0
10017 0
10017 0
10017 0
10017 0
10017 0
10017 77
10017 0
10017 0
10017 0
10017 0
10017 0
10017 0
10017 0
10017 0
10017 0
10017 0
10017 0
10017 0
10017 0
10017 0
10017 0
10017 0
10017 0
10017 0
10017 0
10056 0
10056 0
10056 0
10056 0
10056 0
10056 0
10056 0
10056 0
10056 0
10056 0
10056 261
10056 0
10056 0
10056 0
10056 0
10056 0
10056 0
10056 0
10056 0
10056 0
10056 0
10056 0
10056 0
10056 0
10056 0
10056 0
10056 0
10056 0
10056 0
10056 0
10056 0
10058 0
10058 0
10058 0
10058 0
10058 0
10058 0
10058 0
10058 0
10058 0
10058 0
10058 301
10058 0
10058 0
10058 0
10058 0
10058 0
10058 0
10058 0
10058 0
10058 0
10058 0
10058 0
10058 0
10058 0
10058 3
10058 0
10058 0
10058 0
10058 0
10058 0
10058 0
10068 0
10068 0
10068 0
10068 0
10068 0
10068 0
10068 0
10068 0
10068 0
10068 0
10068 74
10068 0
10068 0
10068 0
10068 0
10068 0
10068 0
10068 0
10068 0
10068 0
10068 0
10068 0
10068 0
10068 0
10068 0
10068 0
10068 0
10068 0
10068 0
10068 0
10068 0
10093 0
10093 0
10093 0
10093 0
10093 0
10093 0
10093 0
10093 0
10093 0
10093 0
10093 77
10093 0
10093 0
10093 0
10093 0
10093 0
10093 0
10093 0
10093 0
10093 0
10093 0
10093 0
10093 0
10093 0
10093 0
10093 0
10093 0
10093 0
10093 0
10093 0
10093 0
10098 0
10098 0
10098 0
10098 0
10098 0
10098 0
10098 0
10098 0
10098 0
10098 0
10098 261
10098 0
10098 0
10098 0
10098 0
10098 0
10098 0
10098 0
10098 0
10098 0
10098 0
10098 0
10098 0
10098 0
10098 0
10098 0
10098 0
10098 0
10098 0
10098 0
10098 0
10112 0
10112 0
10112 0
10112 0
10112 0
10112 0
10112 0
10112 0
10112 0
10112 0
10112 77
10112 0
10112 0
10112 0
10112 0
10112 0
10112 0
10112 0
10112 0
10112 0
10112 0
10112 0
10112 0
10112 0
10112 0
10112 0
10112 0
10112 0
10112 0
10112 0
10112 0
10182 0
10182 0
10182 0
10182 0
10182 0
10182 0
10182 0
10182 0
10182 0
10182 0
10182 563
10182 0
10182 0
10182 0
10182 0
10182 0
10182 0
10182 0
10182 0
10182 0
10182 0
10182 0
10182 0
10182 0
10182 0
10182 0
10182 0
10182 0
10182 0
10182 0
10182 0
10226 0
10226 0
10226 0
10226 0
10226 0
10226 0
10226 0
10226 0
10226 0
10226 0
10226 273
10226 0
10226 0
10226 0
10226 0
10226 0
10226 0
10226 0
10226 0
10226 0
10226 0
10226 0
10226 0
10226 0
10226 0
10226 0
10226 0
10226 0
10226 0
10226 0
10226 0
10238 0
10238 0
10238 0
10238 0
10238 0
10238 0
10238 0
10238 0
10238 0
10238 0
10238 261
10238 0
10238 0
10238 0
10238 0
10238 0
10238 0
10238 0
10238 0
10238 0
10238 0
10238 0
10238 0
10238 0
10238 0
10238 0
10238 0
10238 0
10238 0
10238 0
10238 0
10242 0
10242 0
10242 0
10242 0
10242 0
10242 0
10242 0
10242 0
10242 0
10242 0
10242 563
10242 0
10242 0
10242 0
10242 0
10242 0
10242 0
10242 0
10242 0
10242 0
10242 0
10242 0
10242 0
10242 0
10242 0
10242 0
10242 0
10242 0
10242 0
10242 0
10242 0
10260 0
10260 0
10260 0
10260 0
10260 0
10260 0
10260 0
10260 0
10260 0
10260 0
10260 273
10260 0
10260 0
10260 0
10260 0
10260 0
10260 0
10260 0
10260 0
10260 0
10260 0
10260 0
10260 0
10260 0
10260 0
10260 0
10260 0
10260 0
10260 0
10260 0
10260 0
10276 0
10276 0
10276 0
10276 0
10276 0
10276 0
10276 0
10276 0
10276 0
10276 0
10276 554
10276 0
10276 0
10276 0
10276 0
10276 0
10276 0
10276 0
10276 0
10276 0
10276 0
10276 0
10276 0
10276 0
10276 0
10276 0
10276 0
10276 0
10276 0
10276 0
10276 0
10298 0
10298 0
10298 0
10298 0
10298 0
10298 0
10298 0
10298 0
10298 0
10298 0
10298 273
10298 0
10298 0
10298 0
10298 0
10298 0
10298 0
10298 0
10298 0
10298 0
10298 0
10298 0
10298 0
10298 0
10298 0
10298 0
10298 0
10298 0
10298 0
10298 0
10298 0
10304 0
10304 0
10304 0
10304 0
10304 0
10304 0
10304 0
10304 0
10304 0
10304 0
10304 273
10304 0
10304 0
10304 0
10304 0
10304 0
10304 0
10304 0
10304 0
10304 0
10304 0
10304 0
10304 0
10304 0
10304 0
10304 0
10304 0
10304 0
10304 0
10304 0
10304 0
10307 0
10307 0
10307 0
10307 0
10307 0
10307 0
10307 0
10307 0
10307 0
10307 0
10307 554
10307 0
10307 0
10307 0
10307 0
10307 0
10307 0
10307 0
10307 0
10307 0
10307 0
10307 0
10307 0
10307 0
10307 0
10307 0
10307 0
10307 0
10307 0
10307 0
10307 0
10321 0
10321 0
10321 0
10321 0
10321 0
10321 0
10321 0
10321 0
10321 0
10321 0
10321 1057
10321 0
10321 0
10321 0
10321 0
10321 0
10321 0
10321 0
10321 0
10321 0
10321 0
10321 0
10321 0
10321 0
10321 0
10321 0
10321 0
10321 0
10321 0
10321 0
10321 0
10327 0
10327 0
10327 0
10327 0
10327 0
10327 0
10327 0
10327 0
10327 0
10327 0
10327 0
10327 74
10327 0
10327 0
10327 0
10327 0
10327 0
10327 0
10327 0
10327 0
10327 0
10327 0
10327 0
10327 0
10327 0
10327 0
10327 0
10327 0
10327 0
10327 0
10327 0
10328 0
10328 0
10328 0
10328 0
10328 0
10328 0
10328 0
10328 0
10328 0
10328 0
10328 0
10328 77
10328 0
10328 0
10328 0
10328 0
10328 0
10328 0
10328 0
10328 0
10328 0
10328 0
10328 0
10328 0
10328 0
10328 0
10328 0
10328 0
10328 0
10328 0
10328 0
10346 0
10346 0
10346 0
10346 0
10346 0
10346 0
10346 0
10346 0
10346 0
10346 0
10346 273
10346 0
10346 0
10346 0
10346 0
10346 0
10346 0
10346 0
10346 0
10346 0
10346 0
10346 0
10346 0
10346 0
10346 0
10346 0
10346 0
10346 0
10346 0
10346 0
10346 0
10374 0
10374 0
10374 0
10374 0
10374 0
10374 0
10374 0
10374 0
10374 0
10374 0
10374 273
10374 0
10374 0
10374 0
10374 0
10374 0
10374 0
10374 0
10374 0
10374 0
10374 0
10374 0
10374 0
10374 0
10374 0
10374 0
10374 0
10374 0
10374 0
10374 0
10374 0
10377 0
10377 0
10377 0
10377 0
10377 0
10377 0
10377 0
10377 0
10377 0
10377 0
10377 273
10377 0
10377 0
10377 0
10377 0
10377 0
10377 0
10377 0
10377 0
10377 0
10377 0
10377 0
10377 0
10377 0
10377 0
10377 0
10377 0
10377 0
10377 0
10377 0
10377 0
10402 0
10402 0
10402 0
10402 0
10402 0
10402 0
10402 0
10402 0
10402 0
10402 0
10402 261
10402 0
10402 0
10402 0
10402 0
10402 0
10402 0
10402 0
10402 0
10402 0
10402 0
10402 0
10402 0
10402 0
10402 0
10402 0
10402 0
10402 0
10402 0
10402 0
10402 0
11037 0
11037 0
11037 0
11037 0
11037 0
11037 0
11037 0
11037 0
11037 0
11037 0
11037 0
11037 156
11037 0
11037 0
11037 0
11037 0
11037 0
11037 0
11037 0
11037 0
11037 0
11037 0
11037 0
11037 0
11037 0
11037 0
11037 0
11037 0
11037 0
11037 0
11037 0
11045 0
11045 0
11045 0
11045 0
11045 0
11045 0
11045 0
11045 0
11045 0
11045 0
11045 0
11045 711
11045 0
11045 0
11045 0
11045 0
11045 0
11045 0
11045 0
11045 0
11045 0
11045 0
11045 0
11045 0
11045 0
11045 0
11045 0
11045 0
11045 0
11045 0
11045 0
11051 0
11051 0
11051 0
11051 0
11051 0
11051 0
11051 0
11051 0
11051 0
11051 0
11051 0
11051 408
11051 0
11051 0
11051 0
11051 0
11051 0
11051 0
11051 0
11051 0
11051 0
11051 0
11051 0
11051 0
11051 0
11051 0
11051 0
11051 0
11051 0
11051 0
11051 0
11056 0
11056 0
11056 0
11056 0
11056 0
11056 0
11056 0
11056 0
11056 0
11056 0
11056 0
11056 419
11056 0
11056 0
11056 0
11056 0
11056 0
11056 0
11056 0
11056 0
11056 0
11056 0
11056 0
11056 0
11056 0
11056 0
11056 0
11056 0
11056 0
11056 0
11056 0
11060 0
11060 0
11060 0
11060 0
11060 0
11060 0
11060 0
11060 0
11060 0
11060 0
11060 0
11060 448
11060 0
11060 0
11060 0
11060 0
11060 0
11060 0
11060 0
11060 0
11060 0
11060 0
11060 0
11060 0
11060 0
11060 0
11060 0
11060 0
11060 0
11060 0
11060 0
11068 0
11068 0
11068 0
11068 0
11068 0
11068 0
11068 0
11068 0
11068 0
11068 0
11068 0
11068 762
11068 0
11068 0
11068 0
11068 0
11068 0
11068 0
11068 0
11068 0
11068 0
11068 0
11068 0
11068 0
11068 0
11068 0
11068 0
11068 0
11068 0
11068 0
11068 0
11075 0
11075 0
11075 0
11075 0
11075 0
11075 0
11075 0
11075 0
11075 0
11075 0
11075 0
11075 133
11075 0
11075 0
11075 0
11075 0
11075 0
11075 0
11075 0
11075 0
11075 0
11075 0
11075 0
11075 0
11075 0
11075 0
11075 0
11075 0
11075 0
11075 0
11075 0
11122 0
11122 0
11122 0
11122 0
11122 0
11122 0
11122 0
11122 0
11122 0
11122 0
11122 0
11122 89
11122 0
11122 0
11122 0
11122 0
11122 0
11122 0
11122 0
11122 0
11122 0
11122 0
11122 0
11122 0
11122 0
11122 0
11122 0
11122 0
11122 0
11122 0
11122 0
11193 0
11193 0
11193 0
11193 0
11193 0
11193 0
11193 0
11193 0
11193 0
11193 0
11193 0
11193 995
11193 0
11193 0
11193 0
11193 0
11193 0
11193 0
11193 0
11193 0
11193 0
11193 0
11193 0
11193 0
11193 0
11193 0
11193 0
11193 0
11193 0
11193 0
11193 0
11204 0
11204 0
11204 0
11204 0
11204 0
11204 0
11204 0
11204 0
11204 0
11204 0
11204 0
11204 284
11204 0
11204 0
11204 0
11204 0
11204 0
11204 0
11204 0
11204 0
11204 0
11204 0
11204 0
11204 0
11204 0
11204 0
11204 0
11204 0
11204 0
11204 0
11204 0
11220 0
11220 0
11220 0
11220 0
11220 0
11220 0
11220 0
11220 0
11220 0
11220 0
11220 0
11220 279
11220 0
11220 0
11220 0
11220 0
11220 0
11220 0
11220 0
11220 0
11220 0
11220 0
11220 0
11220 0
11220 0
11220 0
11220 0
11220 0
11220 0
11220 0
11220 0
12086 0
12086 0
12086 0
12086 0
12086 0
12086 0
12086 0
12086 0
12086 0
12086 0
12086 0
12086 405
12086 0
12086 0
12086 0
12086 0
12086 0
12086 0
12086 0
12086 0
12086 0
12086 0
12086 0
12086 0
12086 0
12086 0
12086 0
12086 0
12086 0
12086 0
12086 0
