pt_graph cpue_kghour
10958 0
10958 0
10958 0
10958 0
10958 0
10958 0
10958 0
10958 0
10958 0
10958 0
10958 0
10958 297
10958 0
10958 0
10958 0
10958 0
10958 0
10958 0
10958 0
10958 0
10958 0
10958 0
10958 0
10958 0
10958 0
10958 0
10958 0
10958 0
10958 0
10958 0
10958 0
10971 0
10971 0
10971 0
10971 0
10971 0
10971 0
10971 0
10971 0
10971 0
10971 0
10971 0
10971 297
10971 0
10971 0
10971 0
10971 0
10971 0
10971 0
10971 0
10971 0
10971 0
10971 0
10971 0
10971 0
10971 0
10971 0
10971 0
10971 0
10971 0
10971 0
10971 0
10978 0
10978 0
10978 0
10978 0
10978 0
10978 0
10978 0
10978 0
10978 0
10978 0
10978 0
10978 287
10978 0
10978 0
10978 0
10978 0
10978 0
10978 0
10978 0
10978 0
10978 0
10978 0
10978 0
10978 0
10978 0
10978 0
10978 0
10978 0
10978 0
10978 0
10978 0
10985 0
10985 0
10985 0
10985 0
10985 0
10985 0
10985 0
10985 0
10985 0
10985 0
10985 0
10985 297
10985 0
10985 0
10985 0
10985 0
10985 0
10985 0
10985 0
10985 0
10985 0
10985 0
10985 0
10985 0
10985 0
10985 0
10985 0
10985 0
10985 0
10985 0
10985 0
10986 0
10986 0
10986 0
10986 0
10986 0
10986 0
10986 0
10986 0
10986 0
10986 0
10986 0
10986 297
10986 0
10986 0
10986 0
10986 0
10986 0
10986 0
10986 0
10986 0
10986 0
10986 0
10986 0
10986 0
10986 0
10986 0
10986 0
10986 0
10986 0
10986 0
10986 0
10988 0
10988 0
10988 0
10988 0
10988 0
10988 0
10988 0
10988 0
10988 0
10988 0
10988 0
10988 297
10988 0
10988 0
10988 0
10988 0
10988 0
10988 0
10988 0
10988 0
10988 0
10988 0
10988 0
10988 0
10988 0
10988 0
10988 0
10988 0
10988 0
10988 0
10988 0
11000 0
11000 0
11000 0
11000 0
11000 0
11000 0
11000 0
11000 0
11000 0
11000 0
11000 0
11000 287
11000 0
11000 0
11000 0
11000 0
11000 0
11000 0
11000 0
11000 0
11000 0
11000 0
11000 0
11000 0
11000 0
11000 0
11000 0
11000 0
11000 0
11000 0
11000 0
11006 0
11006 0
11006 0
11006 0
11006 0
11006 0
11006 0
11006 0
11006 0
11006 0
11006 0
11006 297
11006 0
11006 0
11006 0
11006 0
11006 0
11006 0
11006 0
11006 0
11006 0
11006 0
11006 0
11006 0
11006 0
11006 0
11006 0
11006 0
11006 0
11006 0
11006 0
11008 0
11008 0
11008 0
11008 0
11008 0
11008 0
11008 0
11008 0
11008 0
11008 0
11008 0
11008 297
11008 0
11008 0
11008 0
11008 0
11008 0
11008 0
11008 0
11008 0
11008 0
11008 0
11008 0
11008 0
11008 0
11008 0
11008 0
11008 0
11008 0
11008 0
11008 0
11011 0
11011 0
11011 0
11011 0
11011 0
11011 0
11011 0
11011 0
11011 0
11011 0
11011 0
11011 297
11011 0
11011 0
11011 0
11011 0
11011 0
11011 0
11011 0
11011 0
11011 0
11011 0
11011 0
11011 0
11011 0
11011 0
11011 0
11011 0
11011 0
11011 0
11011 0
11013 0
11013 0
11013 0
11013 0
11013 0
11013 0
11013 0
11013 0
11013 0
11013 0
11013 0
11013 297
11013 0
11013 0
11013 0
11013 0
11013 0
11013 0
11013 0
11013 0
11013 0
11013 0
11013 0
11013 0
11013 0
11013 0
11013 0
11013 0
11013 0
11013 0
11013 0
11018 0
11018 0
11018 0
11018 0
11018 0
11018 0
11018 0
11018 0
11018 0
11018 0
11018 0
11018 293
11018 0
11018 0
11018 0
11018 0
11018 0
11018 0
11018 0
11018 0
11018 0
11018 0
11018 0
11018 0
11018 0
11018 0
11018 0
11018 0
11018 0
11018 0
11018 0
11023 0
11023 0
11023 0
11023 0
11023 0
11023 0
11023 0
11023 0
11023 0
11023 0
11023 0
11023 292
11023 0
11023 0
11023 0
11023 0
11023 0
11023 0
11023 0
11023 0
11023 0
11023 0
11023 0
11023 0
11023 0
11023 0
11023 0
11023 0
11023 0
11023 0
11023 0
11028 0
11028 0
11028 0
11028 0
11028 0
11028 0
11028 0
11028 0
11028 0
11028 0
11028 0
11028 297
11028 0
11028 0
11028 0
11028 0
11028 0
11028 0
11028 0
11028 0
11028 0
11028 0
11028 0
11028 0
11028 0
11028 0
11028 0
11028 0
11028 0
11028 0
11028 0
11037 0
11037 0
11037 0
11037 0
11037 0
11037 0
11037 0
11037 0
11037 0
11037 0
11037 0
11037 157
11037 0
11037 0
11037 0
11037 0
11037 0
11037 0
11037 0
11037 0
11037 0
11037 0
11037 0
11037 0
11037 0
11037 0
11037 0
11037 0
11037 0
11037 0
11037 0
11045 0
11045 0
11045 0
11045 0
11045 0
11045 0
11045 0
11045 0
11045 0
11045 0
11045 0
11045 158
11045 0
11045 0
11045 0
11045 0
11045 0
11045 0
11045 0
11045 0
11045 0
11045 0
11045 0
11045 0
11045 0
11045 0
11045 0
11045 0
11045 0
11045 0
11045 0
11051 0
11051 0
11051 0
11051 0
11051 0
11051 0
11051 0
11051 0
11051 0
11051 0
11051 0
11051 160
11051 0
11051 0
11051 0
11051 0
11051 0
11051 0
11051 0
11051 0
11051 0
11051 0
11051 0
11051 0
11051 0
11051 0
11051 0
11051 0
11051 0
11051 0
11051 0
11056 0
11056 0
11056 0
11056 0
11056 0
11056 0
11056 0
11056 0
11056 0
11056 0
11056 0
11056 157
11056 0
11056 0
11056 0
11056 0
11056 0
11056 0
11056 0
11056 0
11056 0
11056 0
11056 0
11056 0
11056 0
11056 0
11056 0
11056 0
11056 0
11056 0
11056 0
11060 0
11060 0
11060 0
11060 0
11060 0
11060 0
11060 0
11060 0
11060 0
11060 0
11060 0
11060 160
11060 0
11060 0
11060 0
11060 0
11060 0
11060 0
11060 0
11060 0
11060 0
11060 0
11060 0
11060 0
11060 0
11060 0
11060 0
11060 0
11060 0
11060 0
11060 0
11068 0
11068 0
11068 0
11068 0
11068 0
11068 0
11068 0
11068 0
11068 0
11068 0
11068 0
11068 159
11068 0
11068 0
11068 0
11068 0
11068 0
11068 0
11068 0
11068 0
11068 0
11068 0
11068 0
11068 0
11068 0
11068 0
11068 0
11068 0
11068 0
11068 0
11068 0
11122 0
11122 0
11122 0
11122 0
11122 0
11122 0
11122 0
11122 0
11122 0
11122 0
11122 0
11122 367
11122 0
11122 0
11122 0
11122 0
11122 0
11122 0
11122 0
11122 0
11122 0
11122 0
11122 0
11122 0
11122 0
11122 0
11122 0
11122 0
11122 0
11122 0
11122 0
11143 0
11143 0
11143 0
11143 0
11143 0
11143 0
11143 0
11143 0
11143 0
11143 0
11143 0
11143 454
11143 0
11143 0
11143 0
11143 0
11143 0
11143 0
11143 0
11143 0
11143 0
11143 0
11143 0
11143 0
11143 0
11143 0
11143 0
11143 0
11143 0
11143 0
11143 0
11146 0
11146 0
11146 0
11146 0
11146 0
11146 0
11146 0
11146 0
11146 0
11146 0
11146 0
11146 439
11146 0
11146 0
11146 0
11146 0
11146 0
11146 0
11146 0
11146 0
11146 0
11146 0
11146 0
11146 0
11146 0
11146 0
11146 0
11146 0
11146 0
11146 0
11146 0
11150 0
11150 0
11150 0
11150 0
11150 0
11150 0
11150 0
11150 0
11150 0
11150 0
11150 0
11150 454
11150 0
11150 0
11150 0
11150 0
11150 0
11150 0
11150 0
11150 0
11150 0
11150 0
11150 0
11150 0
11150 0
11150 0
11150 0
11150 0
11150 0
11150 0
11150 0
11162 0
11162 0
11162 0
11162 0
11162 0
11162 0
11162 0
11162 0
11162 0
11162 0
11162 0
11162 449
11162 0
11162 0
11162 0
11162 0
11162 0
11162 0
11162 0
11162 0
11162 0
11162 0
11162 0
11162 0
11162 0
11162 0
11162 0
11162 0
11162 0
11162 0
11162 0
11169 0
11169 0
11169 0
11169 0
11169 0
11169 0
11169 0
11169 0
11169 0
11169 0
11169 0
11169 385
11169 0
11169 0
11169 0
11169 0
11169 0
11169 0
11169 0
11169 0
11169 0
11169 0
11169 0
11169 0
11169 0
11169 0
11169 0
11169 0
11169 0
11169 0
11169 0
11172 0
11172 0
11172 0
11172 0
11172 0
11172 0
11172 0
11172 0
11172 0
11172 0
11172 0
11172 454
11172 0
11172 0
11172 0
11172 0
11172 0
11172 0
11172 0
11172 0
11172 0
11172 0
11172 0
11172 0
11172 0
11172 0
11172 0
11172 0
11172 0
11172 0
11172 0
11204 0
11204 0
11204 0
11204 0
11204 0
11204 0
11204 0
11204 0
11204 0
11204 0
11204 0
11204 160
11204 0
11204 0
11204 0
11204 0
11204 0
11204 0
11204 0
11204 0
11204 0
11204 0
11204 0
11204 0
11204 0
11204 0
11204 0
11204 0
11204 0
11204 0
11204 0
11242 0
11242 0
11242 0
11242 0
11242 0
11242 0
11242 0
11242 0
11242 0
11242 0
11242 0
11242 155
11242 0
11242 0
11242 0
11242 0
11242 0
11242 0
11242 0
11242 0
11242 0
11242 0
11242 0
11242 0
11242 0
11242 0
11242 0
11242 0
11242 0
11242 0
11242 0
12086 0
12086 0
12086 0
12086 0
12086 0
12086 0
12086 0
12086 0
12086 0
12086 0
12086 0
12086 611
12086 0
12086 0
12086 0
12086 0
12086 0
12086 0
12086 0
12086 0
12086 0
12086 0
12086 0
12086 0
12086 0
12086 0
12086 0
12086 0
12086 0
12086 0
12086 0
