pt_graph shape
10330 0
10330 0
10330 0
10330 0
10330 0
10330 0
10330 0
10330 0
10330 0
10330 0
10330 0
10330 0.94
10330 0
10330 0
10330 0
10330 0
10330 0
10330 0
10330 0
10330 0
10330 0
10330 0
10330 0
10330 0
10330 54.22
10330 0
10330 0
10330 0
10330 0
10330 0
10330 0
10609 0
10609 0
10609 0
10609 0
10609 0
10609 0
10609 0
10609 0
10609 0
10609 0
10609 0
10609 0.56
10609 0
10609 0
10609 0
10609 0
10609 0
10609 0
10609 0
10609 0
10609 0
10609 0
10609 0
10609 0
10609 6.65
10609 0
10609 0
10609 0
10609 0
10609 0
10609 0
10960 0
10960 0
10960 0
10960 0
10960 0
10960 0
10960 0
10960 0
10960 0
10960 0
10960 0
10960 0.95
10960 0
10960 0
10960 0
10960 0
10960 0
10960 0
10960 0
10960 0
10960 0
10960 0
10960 0
10960 0
10960 0
10960 0
10960 0
10960 0
10960 0
10960 0
10960 0
10992 0
10992 0
10992 0
10992 0
10992 0
10992 0
10992 0
10992 0
10992 0
10992 0
10992 0
10992 6.01
10992 0
10992 0
10992 0
10992 0
10992 0
10992 0
10992 0
10992 0
10992 0
10992 0
10992 0
10992 0
10992 0
10992 0
10992 0
10992 0
10992 0
10992 0
10992 0
10995 0
10995 0
10995 0
10995 0
10995 0
10995 0
10995 0
10995 0
10995 0
10995 0
10995 0
10995 0.94
10995 0
10995 0
10995 0
10995 0
10995 0
10995 0
10995 0
10995 0
10995 0
10995 0
10995 0
10995 0
10995 0
10995 0
10995 0
10995 0
10995 0
10995 0
10995 0
11008 0
11008 0
11008 0
11008 0
11008 0
11008 0
11008 0
11008 0
11008 0
11008 0
11008 0
11008 0.57
11008 0
11008 0
11008 0
11008 0
11008 0
11008 0
11008 0
11008 0
11008 0
11008 0
11008 0
11008 0
11008 64.32
11008 0
11008 0
11008 0
11008 0
11008 0
11008 0
11010 0
11010 0
11010 0
11010 0
11010 0
11010 0
11010 0
11010 0
11010 0
11010 0
11010 0
11010 29.38
11010 0
11010 0
11010 0
11010 0
11010 0
11010 0
11010 0
11010 0
11010 0
11010 0
11010 0
11010 0
11010 0
11010 0
11010 0
11010 0
11010 0
11010 0
11010 0
11023 0
11023 0
11023 0
11023 0
11023 0
11023 0
11023 0
11023 0
11023 0
11023 0
11023 0
11023 0.95
11023 0
11023 0
11023 0
11023 0
11023 0
11023 0
11023 0
11023 0
11023 0
11023 0
11023 0
11023 0
11023 0
11023 0
11023 0
11023 0
11023 0
11023 0
11023 0
11027 0
11027 0
11027 0
11027 0
11027 0
11027 0
11027 0
11027 0
11027 0
11027 0
11027 0
11027 12.44
11027 0
11027 0
11027 0
11027 0
11027 0
11027 0
11027 0
11027 0
11027 0
11027 0
11027 0
11027 0
11027 0
11027 0
11027 0
11027 0
11027 0
11027 0
11027 0
11028 0
11028 0
11028 0
11028 0
11028 0
11028 0
11028 0
11028 0
11028 0
11028 0
11028 0
11028 1.01
11028 0
11028 0
11028 0
11028 0
11028 0
11028 0
11028 0
11028 0
11028 0
11028 0
11028 0
11028 0
11028 64.32
11028 0
11028 0
11028 0
11028 0
11028 0
11028 0
11031 0
11031 0
11031 0
11031 0
11031 0
11031 0
11031 0
11031 0
11031 0
11031 0
11031 0
11031 0.87
11031 0
11031 0
11031 0
11031 0
11031 0
11031 0
11031 0
11031 0
11031 0
11031 0
11031 0
11031 0
11031 0
11031 0
11031 0
11031 0
11031 0
11031 0
11031 0
11037 0
11037 0
11037 0
11037 0
11037 0
11037 0
11037 0
11037 0
11037 0
11037 0
11037 0
11037 0.4
11037 0
11037 0
11037 0
11037 0
11037 0
11037 0
11037 0
11037 0
11037 0
11037 0
11037 0
11037 0
11037 0.89
11037 0
11037 0
11037 0
11037 0
11037 0
11037 0
11039 0
11039 0
11039 0
11039 0
11039 0
11039 0
11039 0
11039 0
11039 0
11039 0
11039 0
11039 34.03
11039 0
11039 0
11039 0
11039 0
11039 0
11039 0
11039 0
11039 0
11039 0
11039 0
11039 0
11039 0
11039 0
11039 0
11039 0
11039 0
11039 0
11039 0
11039 0
11041 0
11041 0
11041 0
11041 0
11041 0
11041 0
11041 0
11041 0
11041 0
11041 0
11041 0
11041 0.71
11041 0
11041 0
11041 0
11041 0
11041 0
11041 0
11041 0
11041 0
11041 0
11041 0
11041 0
11041 0
11041 0
11041 0
11041 0
11041 0
11041 0
11041 0
11041 0
11043 0
11043 0
11043 0
11043 0
11043 0
11043 0
11043 0
11043 0
11043 0
11043 0
11043 0
11043 1.68
11043 0
11043 0
11043 0
11043 0
11043 0
11043 0
11043 0
11043 0
11043 0
11043 0
11043 0
11043 0
11043 0
11043 0
11043 0
11043 0
11043 0
11043 0
11043 0
11045 0
11045 0
11045 0
11045 0
11045 0
11045 0
11045 0
11045 0
11045 0
11045 0
11045 0
11045 3.36
11045 0
11045 0
11045 0
11045 0
11045 0
11045 0
11045 0
11045 0
11045 0
11045 0
11045 0
11045 0
11045 48.36
11045 0
11045 0
11045 0
11045 0
11045 0
11045 0
11046 0
11046 0
11046 0
11046 0
11046 0
11046 0
11046 0
11046 0
11046 0
11046 0
11046 0
11046 0.74
11046 0
11046 0
11046 0
11046 0
11046 0
11046 0
11046 0
11046 0
11046 0
11046 0
11046 0
11046 0
11046 0
11046 0
11046 0
11046 0
11046 0
11046 0
11046 0
11049 0
11049 0
11049 0
11049 0
11049 0
11049 0
11049 0
11049 0
11049 0
11049 0
11049 0
11049 0.67
11049 0
11049 0
11049 0
11049 0
11049 0
11049 0
11049 0
11049 0
11049 0
11049 0
11049 0
11049 0
11049 0
11049 0
11049 0
11049 0
11049 0
11049 0
11049 0
11051 0
11051 0
11051 0
11051 0
11051 0
11051 0
11051 0
11051 0
11051 0
11051 0
11051 0
11051 0.58
11051 0
11051 0
11051 0
11051 0
11051 0
11051 0
11051 0
11051 0
11051 0
11051 0
11051 0
11051 0
11051 64.24
11051 0
11051 0
11051 0
11051 0
11051 0
11051 0
11052 0
11052 0
11052 0
11052 0
11052 0
11052 0
11052 0
11052 0
11052 0
11052 0
11052 0
11052 1.61
11052 0
11052 0
11052 0
11052 0
11052 0
11052 0
11052 0
11052 0
11052 0
11052 0
11052 0
11052 0
11052 0
11052 0
11052 0
11052 0
11052 0
11052 0
11052 0
11053 0
11053 0
11053 0
11053 0
11053 0
11053 0
11053 0
11053 0
11053 0
11053 0
11053 0
11053 0.74
11053 0
11053 0
11053 0
11053 0
11053 0
11053 0
11053 0
11053 0
11053 0
11053 0
11053 0
11053 0
11053 0
11053 0
11053 0
11053 0
11053 0
11053 0
11053 0
11054 0
11054 0
11054 0
11054 0
11054 0
11054 0
11054 0
11054 0
11054 0
11054 0
11054 0
11054 0.58
11054 0
11054 0
11054 0
11054 0
11054 0
11054 0
11054 0
11054 0
11054 0
11054 0
11054 0
11054 0
11054 0
11054 0
11054 0
11054 0
11054 0
11054 0
11054 0
11056 0
11056 0
11056 0
11056 0
11056 0
11056 0
11056 0
11056 0
11056 0
11056 0
11056 0
11056 6.23
11056 0
11056 0
11056 0
11056 0
11056 0
11056 0
11056 0
11056 0
11056 0
11056 0
11056 0
11056 0
11056 64.32
11056 0
11056 0
11056 0
11056 0
11056 0
11056 0
11058 0
11058 0
11058 0
11058 0
11058 0
11058 0
11058 0
11058 0
11058 0
11058 0
11058 0
11058 1.6
11058 0
11058 0
11058 0
11058 0
11058 0
11058 0
11058 0
11058 0
11058 0
11058 0
11058 0
11058 0
11058 0
11058 0
11058 0
11058 0
11058 0
11058 0
11058 0
11059 0
11059 0
11059 0
11059 0
11059 0
11059 0
11059 0
11059 0
11059 0
11059 0
11059 0
11059 0.93
11059 0
11059 0
11059 0
11059 0
11059 0
11059 0
11059 0
11059 0
11059 0
11059 0
11059 0
11059 0
11059 0
11059 0
11059 0
11059 0
11059 0
11059 0
11059 0
11060 0
11060 0
11060 0
11060 0
11060 0
11060 0
11060 0
11060 0
11060 0
11060 0
11060 0
11060 0.86
11060 0
11060 0
11060 0
11060 0
11060 0
11060 0
11060 0
11060 0
11060 0
11060 0
11060 0
11060 0
11060 63.79
11060 0
11060 0
11060 0
11060 0
11060 0
11060 0
11068 0
11068 0
11068 0
11068 0
11068 0
11068 0
11068 0
11068 0
11068 0
11068 0
11068 0
11068 0.64
11068 0
11068 0
11068 0
11068 0
11068 0
11068 0
11068 0
11068 0
11068 0
11068 0
11068 0
11068 0
11068 66.68
11068 0
11068 0
11068 0
11068 0
11068 0
11068 0
11075 0
11075 0
11075 0
11075 0
11075 0
11075 0
11075 0
11075 0
11075 0
11075 0
11075 0
11075 1.57
11075 0
11075 0
11075 0
11075 0
11075 0
11075 0
11075 0
11075 0
11075 0
11075 0
11075 0
11075 0
11075 0
11075 0
11075 0
11075 0
11075 0
11075 0
11075 0
11122 0
11122 0
11122 0
11122 0
11122 0
11122 0
11122 0
11122 0
11122 0
11122 0
11122 0
11122 0.62
11122 0
11122 0
11122 0
11122 0
11122 0
11122 0
11122 0
11122 0
11122 0
11122 0
11122 0
11122 0
11122 94.76
11122 0
11122 0
11122 0
11122 0
11122 0
11122 0
11204 0
11204 0
11204 0
11204 0
11204 0
11204 0
11204 0
11204 0
11204 0
11204 0
11204 0
11204 1.58
11204 0
11204 0
11204 0
11204 0
11204 0
11204 0
11204 0
11204 0
11204 0
11204 0
11204 0
11204 0
11204 0
11204 0
11204 0
11204 0
11204 0
11204 0
11204 0
11220 0
11220 0
11220 0
11220 0
11220 0
11220 0
11220 0
11220 0
11220 0
11220 0
11220 0
11220 0.91
11220 0
11220 0
11220 0
11220 0
11220 0
11220 0
11220 0
11220 0
11220 0
11220 0
11220 0
11220 0
11220 0
11220 0
11220 0
11220 0
11220 0
11220 0
11220 0
11242 0
11242 0
11242 0
11242 0
11242 0
11242 0
11242 0
11242 0
11242 0
11242 0
11242 0
11242 0.88
11242 0
11242 0
11242 0
11242 0
11242 0
11242 0
11242 0
11242 0
11242 0
11242 0
11242 0
11242 0
11242 0
11242 0
11242 0
11242 0
11242 0
11242 0
11242 0
11437 0
11437 0
11437 0
11437 0
11437 0
11437 0
11437 0
11437 0
11437 0
11437 0
11437 0
11437 0.94
11437 0
11437 0
11437 0
11437 0
11437 0
11437 0
11437 0
11437 0
11437 0
11437 0
11437 0
11437 0
11437 0
11437 0
11437 0
11437 0
11437 0
11437 0
11437 0
11507 0
11507 0
11507 0
11507 0
11507 0
11507 0
11507 0
11507 0
11507 0
11507 0
11507 0
11507 1.68
11507 0
11507 0
11507 0
11507 0
11507 0
11507 0
11507 0
11507 0
11507 0
11507 0
11507 0
11507 0
11507 0
11507 0
11507 0
11507 0
11507 0
11507 0
11507 0
12086 0
12086 0
12086 0
12086 0
12086 0
12086 0
12086 0
12086 0
12086 0
12086 0
12086 0
12086 1.98
12086 0
12086 0
12086 0
12086 0
12086 0
12086 0
12086 0
12086 0
12086 0
12086 0
12086 0
12086 0
12086 0
12086 0
12086 0
12086 0
12086 0
12086 0
12086 0
