pt_graph scale
259 0
259 0
259 0
259 0
259 0
259 0
259 0
259 0
259 6
259 0
259 0
259 0
259 2
259 0
259 0
259 453
259 0
259 0
259 0
259 0
259 0
259 0
259 0
259 0
259 0
259 0
259 0
259 0
259 0
259 0
259 0
279 0
279 0
279 0
279 0
279 0
279 0
279 0
279 0
279 28
279 0
279 0
279 0
279 41
279 0
279 0
279 107
279 0
279 0
279 0
279 0
279 0
279 0
279 0
279 0
279 0
279 0
279 0
279 0
279 0
279 0
279 0
284 0
284 0
284 0
284 0
284 0
284 0
284 0
284 0
284 7
284 0
284 0
284 0
284 18
284 0
284 0
284 381
284 0
284 0
284 0
284 0
284 0
284 0
284 0
284 0
284 0
284 0
284 0
284 0
284 0
284 0
284 0
289 0
289 0
289 0
289 0
289 0
289 0
289 0
289 0
289 0
289 0
289 0
289 0
289 0
289 0
289 0
289 2
289 0
289 0
289 0
289 0
289 0
289 0
289 0
289 0
289 0
289 0
289 0
289 0
289 0
289 0
289 0
318 0
318 0
318 0
318 0
318 0
318 0
318 0
318 0
318 71
318 0
318 0
318 0
318 117
318 0
318 0
318 543
318 0
318 0
318 0
318 0
318 0
318 0
318 2
318 0
318 0
318 0
318 0
318 0
318 0
318 0
318 0
340 0
340 0
340 0
340 0
340 0
340 0
340 0
340 0
340 2
340 0
340 0
340 0
340 23
340 0
340 0
340 183
340 0
340 0
340 0
340 0
340 0
340 0
340 0
340 0
340 0
340 0
340 0
340 0
340 0
340 0
340 0
369 0
369 0
369 0
369 0
369 0
369 0
369 0
369 0
369 28
369 0
369 0
369 0
369 41
369 0
369 0
369 107
369 0
369 0
369 0
369 0
369 0
369 0
369 0
369 0
369 0
369 0
369 0
369 0
369 0
369 0
369 0
452 0
452 0
452 0
452 0
452 0
452 0
452 0
452 0
452 1
452 0
452 0
452 0
452 0
452 0
452 0
452 0
452 0
452 0
452 0
452 0
452 0
452 0
452 0
452 0
452 0
452 0
452 0
452 0
452 0
452 0
452 0
485 0
485 0
485 0
485 0
485 0
485 0
485 0
485 0
485 1
485 0
485 0
485 0
485 0
485 0
485 0
485 0
485 0
485 0
485 0
485 0
485 0
485 0
485 0
485 0
485 0
485 0
485 0
485 0
485 0
485 0
485 0
529 0
529 0
529 0
529 0
529 0
529 0
529 0
529 0
529 0
529 0
529 0
529 0
529 0
529 0
529 0
529 0
529 0
529 0
529 0
529 0
529 0
529 0
529 0
529 0
529 0
529 0
529 0
529 0
529 0
529 0
529 0
548 0
548 0
548 0
548 0
548 0
548 0
548 0
548 0
548 1
548 0
548 0
548 0
548 0
548 0
548 0
548 0
548 0
548 0
548 0
548 0
548 0
548 0
548 0
548 0
548 0
548 0
548 0
548 0
548 0
548 0
548 0
551 0
551 0
551 0
551 0
551 0
551 0
551 0
551 0
551 1
551 0
551 0
551 0
551 23
551 0
551 0
551 0
551 0
551 0
551 0
551 0
551 0
551 0
551 0
551 0
551 0
551 0
551 0
551 0
551 0
551 0
551 0
576 0
576 0
576 0
576 0
576 0
576 0
576 0
576 0
576 331
576 0
576 0
576 0
576 378
576 0
576 0
576 0
576 0
576 0
576 0
576 0
576 1
576 0
576 0
576 16
576 0
576 0
576 0
576 0
576 0
576 0
576 0
590 0
590 0
590 0
590 0
590 0
590 0
590 0
590 0
590 1
590 0
590 0
590 0
590 30
590 0
590 0
590 0
590 0
590 0
590 0
590 0
590 0
590 0
590 0
590 0
590 0
590 0
590 0
590 0
590 0
590 0
590 0
596 0
596 0
596 0
596 0
596 0
596 0
596 0
596 0
596 64
596 0
596 0
596 0
596 34
596 0
596 0
596 0
596 0
596 0
596 0
596 0
596 0
596 0
596 0
596 0
596 0
596 0
596 0
596 0
596 0
596 0
596 0
606 0
606 0
606 0
606 0
606 0
606 0
606 0
606 0
606 179
606 0
606 0
606 0
606 1083
606 0
606 0
606 0
606 0
606 0
606 0
606 0
606 0
606 0
606 0
606 5
606 0
606 0
606 0
606 0
606 0
606 0
606 0
10986 0
10986 0
10986 0
10986 0
10986 0
10986 0
10986 0
10986 0
10986 0
10986 0
10986 0
10986 294
10986 0
10986 0
10986 0
10986 0
10986 0
10986 0
10986 0
10986 0
10986 0
10986 0
10986 0
10986 0
10986 0
10986 0
10986 0
10986 0
10986 0
10986 0
10986 0
10988 0
10988 0
10988 0
10988 0
10988 0
10988 0
10988 0
10988 0
10988 0
10988 0
10988 0
10988 619
10988 0
10988 0
10988 0
10988 0
10988 0
10988 0
10988 0
10988 0
10988 0
10988 0
10988 0
10988 0
10988 0
10988 0
10988 0
10988 0
10988 0
10988 0
10988 0
10993 0
10993 0
10993 0
10993 0
10993 0
10993 0
10993 0
10993 0
10993 0
10993 0
10993 0
10993 609
10993 0
10993 0
10993 0
10993 0
10993 0
10993 0
10993 0
10993 0
10993 0
10993 0
10993 0
10993 0
10993 0
10993 0
10993 0
10993 0
10993 0
10993 0
10993 0
11008 0
11008 0
11008 0
11008 0
11008 0
11008 0
11008 0
11008 0
11008 0
11008 0
11008 0
11008 546
11008 0
11008 0
11008 0
11008 0
11008 0
11008 0
11008 0
11008 0
11008 0
11008 0
11008 0
11008 0
11008 0
11008 0
11008 0
11008 0
11008 0
11008 0
11008 0
11023 0
11023 0
11023 0
11023 0
11023 0
11023 0
11023 0
11023 0
11023 0
11023 0
11023 0
11023 305
11023 0
11023 0
11023 0
11023 0
11023 0
11023 0
11023 0
11023 0
11023 0
11023 0
11023 0
11023 0
11023 0
11023 0
11023 0
11023 0
11023 0
11023 0
11023 0
11037 0
11037 0
11037 0
11037 0
11037 0
11037 0
11037 0
11037 0
11037 0
11037 0
11037 0
11037 609
11037 0
11037 0
11037 0
11037 0
11037 0
11037 0
11037 0
11037 0
11037 0
11037 0
11037 0
11037 0
11037 0
11037 0
11037 0
11037 0
11037 0
11037 0
11037 0
11045 0
11045 0
11045 0
11045 0
11045 0
11045 0
11045 0
11045 0
11045 0
11045 0
11045 0
11045 1732
11045 0
11045 0
11045 0
11045 0
11045 0
11045 0
11045 0
11045 0
11045 0
11045 0
11045 0
11045 0
11045 0
11045 0
11045 0
11045 0
11045 0
11045 0
11045 0
11051 0
11051 0
11051 0
11051 0
11051 0
11051 0
11051 0
11051 0
11051 0
11051 0
11051 0
11051 3035
11051 0
11051 0
11051 0
11051 0
11051 0
11051 0
11051 0
11051 0
11051 0
11051 0
11051 0
11051 0
11051 0
11051 0
11051 0
11051 0
11051 0
11051 0
11051 0
11056 0
11056 0
11056 0
11056 0
11056 0
11056 0
11056 0
11056 0
11056 0
11056 0
11056 0
11056 1786
11056 0
11056 0
11056 0
11056 0
11056 0
11056 0
11056 0
11056 0
11056 0
11056 0
11056 0
11056 0
11056 0
11056 0
11056 0
11056 0
11056 0
11056 0
11056 0
11060 0
11060 0
11060 0
11060 0
11060 0
11060 0
11060 0
11060 0
11060 0
11060 0
11060 0
11060 664
11060 0
11060 0
11060 0
11060 0
11060 0
11060 0
11060 0
11060 0
11060 0
11060 0
11060 0
11060 0
11060 0
11060 0
11060 0
11060 0
11060 0
11060 0
11060 0
11068 0
11068 0
11068 0
11068 0
11068 0
11068 0
11068 0
11068 0
11068 0
11068 0
11068 0
11068 742
11068 0
11068 0
11068 0
11068 0
11068 0
11068 0
11068 0
11068 0
11068 0
11068 0
11068 0
11068 0
11068 0
11068 0
11068 0
11068 0
11068 0
11068 0
11068 0
11122 0
11122 0
11122 0
11122 0
11122 0
11122 0
11122 0
11122 0
11122 0
11122 0
11122 0
11122 1011
11122 0
11122 0
11122 0
11122 0
11122 0
11122 0
11122 0
11122 0
11122 0
11122 0
11122 0
11122 0
11122 0
11122 0
11122 0
11122 0
11122 0
11122 0
11122 0
11204 0
11204 0
11204 0
11204 0
11204 0
11204 0
11204 0
11204 0
11204 0
11204 0
11204 0
11204 338
11204 0
11204 0
11204 0
11204 0
11204 0
11204 0
11204 0
11204 0
11204 0
11204 0
11204 0
11204 0
11204 0
11204 0
11204 0
11204 0
11204 0
11204 0
11204 0
11242 0
11242 0
11242 0
11242 0
11242 0
11242 0
11242 0
11242 0
11242 0
11242 0
11242 0
11242 2023
11242 0
11242 0
11242 0
11242 0
11242 0
11242 0
11242 0
11242 0
11242 0
11242 0
11242 0
11242 0
11242 0
11242 0
11242 0
11242 0
11242 0
11242 0
11242 0
11381 0
11381 0
11381 0
11381 0
11381 0
11381 0
11381 0
11381 0
11381 0
11381 0
11381 0
11381 682
11381 0
11381 0
11381 0
11381 0
11381 0
11381 0
11381 0
11381 0
11381 0
11381 0
11381 0
11381 0
11381 0
11381 0
11381 0
11381 0
11381 0
11381 0
11381 0
11437 0
11437 0
11437 0
11437 0
11437 0
11437 0
11437 0
11437 0
11437 0
11437 0
11437 0
11437 1157
11437 0
11437 0
11437 0
11437 0
11437 0
11437 0
11437 0
11437 0
11437 0
11437 0
11437 0
11437 0
11437 0
11437 0
11437 0
11437 0
11437 0
11437 0
11437 0
11492 0
11492 0
11492 0
11492 0
11492 0
11492 0
11492 0
11492 0
11492 0
11492 0
11492 0
11492 467
11492 0
11492 0
11492 0
11492 0
11492 0
11492 0
11492 0
11492 0
11492 0
11492 0
11492 0
11492 0
11492 0
11492 0
11492 0
11492 0
11492 0
11492 0
11492 0
11507 0
11507 0
11507 0
11507 0
11507 0
11507 0
11507 0
11507 0
11507 0
11507 0
11507 0
11507 1302
11507 0
11507 0
11507 0
11507 0
11507 0
11507 0
11507 0
11507 0
11507 0
11507 0
11507 0
11507 0
11507 0
11507 0
11507 0
11507 0
11507 0
11507 0
11507 0
11582 0
11582 0
11582 0
11582 0
11582 0
11582 0
11582 0
11582 0
11582 0
11582 0
11582 0
11582 1936
11582 0
11582 0
11582 0
11582 0
11582 0
11582 0
11582 0
11582 0
11582 0
11582 0
11582 0
11582 0
11582 0
11582 0
11582 0
11582 0
11582 0
11582 0
11582 0
11635 0
11635 0
11635 0
11635 0
11635 0
11635 0
11635 0
11635 0
11635 0
11635 0
11635 0
11635 1464
11635 0
11635 0
11635 0
11635 0
11635 0
11635 0
11635 0
11635 0
11635 0
11635 0
11635 0
11635 0
11635 0
11635 0
11635 0
11635 0
11635 0
11635 0
11635 0
12086 0
12086 0
12086 0
12086 0
12086 0
12086 0
12086 0
12086 0
12086 0
12086 0
12086 0
12086 915
12086 0
12086 0
12086 0
12086 0
12086 0
12086 0
12086 0
12086 0
12086 0
12086 0
12086 0
12086 0
12086 0
12086 0
12086 0
12086 0
12086 0
12086 0
12086 0
12087 0
12087 0
12087 0
12087 0
12087 0
12087 0
12087 0
12087 0
12087 0
12087 0
12087 0
12087 2424
12087 0
12087 0
12087 0
12087 0
12087 0
12087 0
12087 0
12087 0
12087 0
12087 0
12087 0
12087 0
12087 0
12087 0
12087 0
12087 0
12087 0
12087 0
12087 0
